# aggregated from 2 replicates
# x  mean  std
0.000000  84.769000  0.000000
0.100000  86.838000  0.379009
0.200000  84.987000  0.807516
0.300000  86.387500  1.289056
0.400000  86.144000  2.412648
0.500000  87.274500  0.331633
0.600000  85.477500  0.764382
0.700000  84.611000  2.418305
0.800000  85.737500  2.096572
0.900000  85.847500  2.068287
1.000000  85.645000  1.892218
1.100000  85.254000  0.787717
1.200000  84.928500  2.584475
1.300000  86.153500  1.468661
1.400000  85.223500  0.364160
1.500000  86.561000  1.040861
1.600000  85.966500  1.666651
1.700000  84.926000  1.081873
1.800000  85.629000  1.240265
1.900000  86.709000  0.384666
2.000000  85.660000  1.632002
2.100000  86.350500  1.921209
2.200000  85.015000  1.093187
2.300000  85.549000  1.326532
2.400000  84.551500  1.413506
2.500000  85.928500  0.140714
2.600000  85.447000  1.097430
2.700000  86.659000  0.765090
2.800000  86.005500  0.720542
2.900000  86.588500  0.344361
3.000000  85.977500  2.245064
3.100000  86.421000  0.240416
3.200000  87.111000  0.407294
3.300000  85.703000  0.824487
3.400000  86.116500  0.184555
3.500000  85.402500  0.161927
3.600000  87.393500  0.468812
3.700000  85.814500  1.055710
3.800000  86.579000  1.344917
3.900000  86.671500  0.610233
4.000000  85.302000  0.995606
4.100000  85.184500  0.601748
4.200000  86.913000  0.288500
4.300000  85.626000  2.571040
4.400000  85.961000  0.309713
4.500000  86.681000  2.670035
4.600000  87.193000  0.777817
4.700000  85.271000  1.517451
4.800000  84.794500  0.153442
4.900000  84.375500  1.703420
5.000000  84.122500  0.297692
5.100000  84.179000  0.319612
5.200000  84.852500  0.477297
5.300000  85.704500  0.139300
5.400000  86.711000  0.381838
5.500000  85.288000  0.144250
5.600000  86.120000  0.659024
5.700000  84.857500  1.158948
5.800000  86.240000  0.530330
5.900000  85.535500  0.604576
6.000000  84.594500  0.460327
6.100000  85.209000  0.459619
6.200000  86.159000  0.271529
6.300000  85.563000  1.842720
6.400000  86.519500  1.328654
6.500000  86.033000  0.197990
6.600000  86.235500  0.545179
6.700000  85.588000  0.452548
6.800000  86.940500  0.253851
6.900000  85.481000  0.541644
7.000000  86.744500  0.400930
7.100000  86.541000  0.328098
7.200000  86.033000  1.982727
7.300000  84.564000  1.606547
7.400000  85.253500  1.505430
7.500000  85.278000  1.310976
7.600000  85.769000  0.220617
7.700000  85.897000  0.374767
7.800000  86.237000  2.573869
7.900000  85.833000  2.401335
8.000000  85.673500  2.457196
8.100000  85.764500  2.457196
8.200000  85.236000  2.257085
8.300000  84.697000  1.749382
8.400000  84.935500  1.054296
8.500000  85.894500  1.064196
8.600000  87.116500  0.968029
8.700000  86.614000  1.940301
8.800000  86.545000  1.524522
8.900000  86.198500  1.214102
9.000000  86.253000  0.920653
9.100000  84.926000  2.786001
9.200000  85.856500  0.659731
9.300000  84.610500  1.129250
9.400000  86.091000  0.292742
9.500000  86.919000  1.619275
9.600000  85.598500  2.394971
9.700000  87.013000  1.237437
9.800000  86.531000  0.674580
9.900000  86.622500  0.897319
10.000000  85.845500  0.532451
10.100000  84.790500  0.622961
10.200000  85.211000  0.181019
10.300000  84.683000  0.255973
10.400000  85.514000  0.931967
10.500000  87.419500  0.596091
10.600000  85.378500  0.958130
10.700000  84.827500  1.310269
10.800000  85.742000  1.043690
10.900000  84.828500  1.955150
11.000000  85.714500  0.693672
11.100000  86.575500  0.316077
11.200000  86.381000  1.831407
11.300000  85.182500  1.663822
11.400000  85.316000  1.033790
11.500000  85.841500  0.741755
11.600000  85.869000  0.360624
11.700000  85.848000  0.759433
11.800000  86.441000  0.168291
11.900000  86.717000  0.852771
12.000000  85.092500  2.906916
12.100000  86.144500  2.861661
12.200000  85.893000  2.572454
12.300000  87.418000  2.672864
12.400000  85.932000  3.515735
12.500000  86.556500  1.526644
12.600000  86.280500  2.781051
12.700000  84.992500  2.352544
12.800000  86.090500  3.827569
12.900000  85.307500  2.953585
13.000000  85.249500  2.013133
13.100000  85.573000  0.489318
13.200000  86.619000  1.787566
13.300000  86.611000  1.460883
13.400000  85.766000  1.979899
13.500000  84.996500  2.040003
13.600000  85.455500  1.997577
13.700000  86.814500  1.525229
13.800000  85.113000  0.564271
13.900000  86.339000  0.673166
14.000000  86.327500  0.222739
14.100000  87.238500  0.857721
14.200000  85.239000  1.527351
14.300000  85.720000  0.804688
14.400000  85.128500  1.491288
14.500000  84.726500  0.079903
14.600000  85.494500  0.497096
14.700000  86.349500  0.307591
14.800000  84.086000  2.104350
14.900000  85.846500  1.059953
15.000000  86.844500  0.297692
15.100000  87.342500  3.117634
15.200000  85.596500  1.502602
15.300000  85.804500  1.147634
15.400000  84.860000  0.898026
15.500000  86.194500  0.552250
15.600000  86.760000  1.172383
15.700000  85.228500  0.152028
15.800000  84.556500  0.432042
15.900000  87.505500  0.408001
16.000000  86.538500  0.943988
16.100000  86.617500  2.649529
16.200000  85.587000  0.254558
16.300000  84.434000  1.127128
16.400000  86.136000  0.639225
16.500000  85.894500  0.832265
16.600000  85.397500  0.719128
16.700000  86.375000  2.104350
16.800000  85.991500  0.307591
16.900000  87.715500  0.658316
17.000000  86.913500  2.508108
17.100000  87.000000  0.533159
17.200000  85.925500  1.041568
17.300000  87.470500  0.679530
17.400000  85.627000  1.634831
17.500000  87.035500  3.177031
17.600000  86.093500  0.823779
17.700000  84.846500  1.450276
17.800000  86.610000  2.551241
17.900000  85.589500  0.792667
18.000000  86.591500  0.331633
18.100000  86.261000  2.203345
18.200000  87.236500  1.775545
18.300000  88.386000  1.718269
18.400000  85.533000  1.028133
18.500000  86.723000  2.788829
18.600000  86.591000  0.489318
18.700000  86.770500  0.717713
18.800000  85.615000  1.788980
18.900000  85.040500  0.985000
19.000000  84.893500  0.939745
19.100000  85.260500  1.806658
19.200000  86.537500  1.245215
19.300000  87.802000  0.412950
19.400000  86.183000  1.746554
19.500000  86.465000  1.267135
19.600000  84.967000  1.739483
19.700000  86.721000  1.422699
19.800000  86.642500  1.547857
19.900000  85.871500  2.566091
20.000000  87.810500  0.891662
20.100000  85.738000  0.053740
20.200000  85.572500  1.255115
20.300000  85.446000  1.289763
20.400000  85.614500  0.924189
20.500000  86.231500  1.560585
20.600000  85.841500  2.058388
20.700000  87.509500  0.579120
20.800000  85.564500  0.542351
20.900000  86.451500  0.535280
21.000000  86.385000  2.135462
21.100000  85.186500  0.143543
21.200000  85.883500  0.324562
21.300000  85.048000  2.070409
21.400000  85.241500  0.736098
21.500000  85.270000  1.139856
21.600000  86.968000  0.128693
21.700000  86.911500  1.874540
21.800000  86.398000  1.994041
21.900000  86.781500  1.429063
22.000000  86.825000  1.948786
22.100000  86.324500  1.706249
22.200000  86.232000  1.846963
22.300000  87.803500  3.189759
22.400000  87.652000  1.203496
22.500000  87.447500  0.334462
22.600000  87.826500  0.794081
22.700000  86.680500  1.669479
22.800000  88.644000  1.804537
22.900000  87.546000  2.440933
23.000000  86.459000  0.332340
23.100000  85.993500  3.158646
23.200000  85.907000  0.644881
23.300000  86.520500  0.758726
23.400000  86.235500  0.545179
23.500000  85.623500  1.003385
23.600000  86.160500  0.144957
23.700000  86.362000  1.346331
23.800000  86.108500  0.672459
23.900000  86.855500  1.612911
24.000000  85.657000  1.972828
24.100000  86.697000  0.871156
24.200000  86.051500  0.050205
24.300000  86.442500  0.881762
24.400000  86.462500  0.006364
24.500000  86.342500  0.374059
24.600000  85.462500  1.300369
24.700000  85.215500  1.042983
24.800000  85.413500  0.258094
24.900000  85.355500  0.342947
25.000000  85.569000  0.739634
25.100000  85.625500  0.789838
25.200000  86.387500  0.828022
25.300000  85.593000  0.956008
25.400000  86.605500  0.521138
25.500000  85.747500  1.410678
25.600000  85.184500  0.495682
25.700000  85.607500  0.163342
25.800000  85.837000  1.067731
25.900000  86.183000  2.487602
26.000000  86.158500  0.983586
26.100000  84.252000  1.425527
26.200000  85.112000  0.131522
26.300000  86.241500  1.407850
26.400000  85.255500  0.392444
26.500000  86.011000  1.323704
26.600000  85.400000  1.131371
26.700000  85.634000  0.776403
26.800000  86.029000  0.046669
26.900000  85.959000  1.322290
27.000000  86.802000  0.492146
27.100000  84.958500  0.310420
27.200000  86.196500  0.215668
27.300000  86.111000  0.593970
27.400000  85.808500  0.904390
27.500000  84.813500  0.106773
27.600000  85.162000  0.222032
27.700000  84.437500  0.351432
27.800000  85.528500  0.193040
27.900000  86.232500  0.357089
28.000000  85.970500  0.911461
28.100000  85.049000  0.612354
28.200000  84.198500  0.556493
28.300000  85.203000  0.048083
28.400000  85.154000  0.159806
28.500000  84.894000  1.159655
28.600000  85.969000  0.214960
28.700000  85.084000  0.295571
28.800000  85.431500  0.907218
28.900000  84.580000  2.035053
29.000000  85.413000  1.272792
29.100000  83.427000  2.110007
29.200000  84.416000  0.800445
29.300000  83.977500  0.450427
29.400000  84.129500  1.071267
29.500000  83.839000  0.233345
29.600000  84.691000  0.647710
29.700000  84.055500  0.985000
29.800000  85.540000  0.258801
29.900000  85.113000  0.722663
30.000000  84.697000  0.800445
30.100000  86.083500  0.857721
30.200000  84.955500  0.028991
30.300000  84.625500  0.126572
30.400000  83.266500  0.062933
30.500000  85.020500  0.358503
30.600000  84.928500  0.924189
30.700000  85.831500  1.672308
30.800000  85.560500  0.357089
30.900000  84.433500  2.520836
31.000000  85.181500  0.767211
31.100000  86.053500  0.514067
31.200000  84.591500  0.219910
31.300000  85.619500  1.578969
31.400000  85.619000  0.944695
31.500000  85.821000  1.429770
31.600000  85.499000  0.161220
31.700000  84.478000  0.410122
31.800000  85.060500  1.259357
31.900000  84.416500  0.581949
32.000000  85.027500  1.304612
32.100000  85.834500  1.351281
32.200000  83.232000  0.291328
32.300000  86.013000  2.846812
32.400000  85.234000  0.335169
32.500000  84.876500  0.276479
32.600000  84.762500  1.970707
32.700000  84.092000  1.863933
32.800000  85.661500  0.248194
32.900000  84.877500  0.457498
33.000000  85.571000  0.452548
33.100000  84.850000  2.459317
33.200000  85.101000  0.011314
33.300000  84.903500  1.600183
33.400000  86.435000  0.084853
33.500000  84.900000  1.251579
33.600000  85.495500  0.798324
33.700000  85.891500  0.604576
33.800000  85.524000  2.757716
33.900000  86.009000  0.217789
34.000000  84.960000  0.373352
34.100000  84.521500  0.577706
34.200000  84.995500  1.617153
34.300000  85.276000  1.897875
34.400000  86.625500  1.668065
34.500000  85.369000  1.292591
34.600000  84.041500  0.825194
34.700000  83.826000  0.811759
34.800000  85.466000  3.341787
34.900000  85.361500  1.959393
35.000000  85.306000  1.648973
35.100000  84.347500  1.734533
35.200000  83.710000  0.241831
35.300000  85.565000  0.210718
35.400000  85.715000  0.107480
35.500000  85.829000  1.938887
35.600000  85.190500  1.516744
35.700000  84.529500  1.074095
35.800000  84.974500  0.689429
35.900000  84.679500  0.323148
36.000000  86.845500  0.886005
36.100000  86.594000  0.084853
36.200000  86.784500  1.673722
36.300000  85.912000  1.609375
36.400000  85.455000  0.956008
36.500000  84.614000  2.576697
36.600000  84.709000  1.046518
36.700000  85.446500  0.581949
36.800000  85.225000  1.360473
36.900000  84.616000  2.122735
37.000000  83.955500  1.860398
37.100000  84.825000  0.309713
37.200000  86.001000  0.569928
37.300000  85.721500  1.349867
37.400000  84.147500  0.422143
37.500000  84.268000  0.016971
37.600000  84.071500  1.925452
37.700000  85.482500  1.878783
37.800000  84.149500  0.977929
37.900000  84.374500  0.050205
38.000000  85.820500  0.761554
38.100000  86.097500  2.380829
38.200000  85.056000  1.332189
38.300000  87.265500  2.428912
38.400000  84.255500  0.156271
38.500000  86.079500  2.223851
38.600000  83.619500  1.154705
38.700000  86.176000  5.026115
38.800000  85.163000  2.938736
38.900000  84.804500  3.305724
39.000000  85.493500  2.431740
39.100000  85.178000  3.863631
39.200000  86.153000  2.027982
39.300000  85.827500  2.335574
39.400000  85.638500  0.491439
39.500000  84.929000  1.807365
39.600000  86.217000  1.040861
39.700000  85.118500  2.570333
39.800000  85.490000  2.108592
39.900000  85.014000  0.782060
40.000000  85.553000  1.151170
40.100000  85.824500  0.072832
40.200000  86.246000  0.272943
40.300000  85.077500  0.997728
40.400000  86.372000  2.378707
40.500000  84.904000  2.286783
40.600000  86.681500  0.070004
40.700000  86.347000  0.041012
40.800000  85.798500  0.818123
40.900000  85.800000  0.346482
41.000000  85.441500  0.286378
41.100000  86.310500  1.888682
41.200000  87.023000  0.476590
41.300000  87.332500  1.191475
41.400000  86.713000  0.265872
41.500000  86.643500  2.680642
41.600000  86.008500  0.576292
41.700000  87.695000  1.513209
41.800000  86.854000  2.289612
41.900000  86.712000  0.026870
42.000000  85.769000  0.128693
42.100000  86.292500  1.096723
42.200000  87.080500  3.353807
42.300000  85.184500  1.140563
42.400000  86.510500  1.153291
42.500000  85.763000  0.584070
42.600000  84.902000  1.289763
42.700000  84.657000  1.129957
42.800000  86.285000  0.834386
42.900000  86.233000  0.271529
43.000000  87.082500  1.453104
43.100000  87.555500  1.209860
43.200000  86.580000  1.299662
43.300000  85.708000  0.531744
43.400000  83.929500  0.521138
43.500000  84.856000  0.381838
43.600000  85.969500  0.471640
43.700000  86.842000  0.940452
43.800000  85.938500  0.572049
43.900000  85.609500  1.676550
44.000000  86.315500  0.672459
44.100000  85.770000  2.077480
44.200000  85.121500  3.219457
44.300000  84.973500  1.888682
44.400000  86.184500  1.805244
44.500000  85.277000  0.086267
44.600000  84.919500  0.275065
44.700000  85.447500  0.546594
44.800000  86.249500  1.389465
44.900000  86.888000  2.414063
45.000000  85.519000  1.189354
45.100000  84.689000  0.342240
45.200000  86.622500  0.484368
45.300000  86.107000  0.725492
45.400000  84.849500  0.160513
45.500000  85.367500  0.818123
45.600000  85.152000  0.830143
45.700000  85.500500  0.427800
45.800000  85.836500  0.733270
45.900000  86.666000  0.147078
46.000000  84.091500  0.976514
46.100000  85.497000  1.104501
46.200000  84.992000  0.732563
46.300000  84.755000  0.890955
46.400000  86.819000  1.308148
46.500000  85.763500  0.481540
46.600000  85.049000  0.883883
46.700000  86.192500  1.320168
46.800000  86.087500  1.441791
46.900000  84.247500  1.020355
47.000000  85.535000  0.340825
47.100000  85.121500  0.704985
47.200000  86.517000  0.981464
47.300000  85.214500  0.518309
47.400000  84.559000  0.393151
47.500000  85.396000  1.606547
47.600000  85.967000  0.677408
47.700000  85.461500  0.884591
47.800000  86.080500  0.174655
47.900000  84.862500  1.211274
48.000000  85.016000  0.066468
48.100000  86.375000  0.719835
48.200000  84.551500  0.235467
48.300000  85.385500  1.670893
48.400000  86.534000  0.619426
48.500000  86.185000  0.596798
48.600000  86.189000  0.038184
48.700000  87.181000  0.164049
48.800000  86.070500  0.580535
48.900000  85.748000  0.910754
49.000000  85.850500  0.433456
49.100000  85.589000  0.791960
49.200000  85.294000  0.035355
49.300000  85.857500  1.950908
49.400000  85.710500  0.949644
49.500000  85.607500  0.229810
49.600000  86.039000  0.946109
49.700000  85.508000  0.362039
49.800000  86.273000  0.519016
49.900000  85.880500  0.030406
50.000000  85.278500  1.017527
50.100000  85.905500  0.876105
50.200000  85.040000  1.777666
50.300000  84.840000  1.623517
50.400000  85.887500  0.465983
50.500000  83.527500  0.154856
50.600000  85.656500  0.320319
50.700000  85.173000  0.753776
50.800000  85.054000  1.398657
50.900000  84.764500  1.089652
51.000000  85.976500  0.488611
51.100000  85.015000  0.882469
51.200000  84.361500  2.263449
51.300000  84.811500  0.977929
51.400000  85.495500  0.163342
51.500000  84.976500  1.314512
51.600000  85.781000  2.077480
51.700000  85.607500  0.932674
51.800000  84.180000  0.533159
51.900000  84.184500  0.071418
52.000000  85.315000  0.135765
52.100000  85.392500  0.468812
52.200000  83.342000  1.223295
52.300000  83.896000  2.556898
52.400000  83.690000  1.711198
52.500000  85.838500  0.649831
52.600000  84.254000  1.671600
52.700000  85.867000  1.221881
52.800000  84.088500  0.392444
52.900000  84.745500  0.529623
53.000000  84.151000  2.063338
53.100000  84.624500  1.180161
53.200000  84.295000  1.479267
53.300000  84.139000  0.346482
53.400000  83.882500  0.477297
53.500000  83.339000  1.637659
53.600000  84.573000  1.309562
53.700000  83.835000  0.141421
53.800000  83.740500  0.734684
53.900000  84.386000  1.803122
54.000000  82.962000  0.079196
54.100000  83.100000  1.769181
54.200000  83.537500  0.262337
54.300000  84.287500  0.389616
54.400000  84.437000  1.234608
54.500000  84.775500  2.830548
54.600000  84.847000  0.005657
54.700000  84.350500  0.248194
54.800000  84.431000  1.117229
54.900000  84.438500  0.685186
55.000000  85.122000  1.551392
55.100000  84.644000  0.780646
55.200000  85.060500  0.446184
55.300000  85.034000  0.872570
55.400000  84.308500  1.344210
55.500000  84.215500  1.335725
55.600000  85.308500  0.894490
55.700000  85.642500  0.512652
55.800000  87.286000  0.683065
55.900000  85.096500  0.557907
56.000000  86.200500  0.021920
56.100000  85.964500  1.321583
56.200000  85.268000  1.975656
56.300000  86.178000  2.974091
56.400000  83.817500  0.358503
56.500000  85.277500  1.808072
56.600000  85.484000  2.778930
56.700000  85.341500  0.058690
56.800000  84.471000  1.906360
56.900000  85.486500  1.740190
57.000000  85.182500  1.044397
57.100000  85.067500  1.397950
57.200000  84.762500  0.173241
57.300000  84.253500  0.902975
57.400000  84.383500  0.106773
57.500000  84.188000  0.411536
57.600000  84.610000  1.168140
57.700000  85.672500  1.892925
57.800000  85.313500  0.036062
57.900000  85.988500  0.745998
58.000000  84.430500  0.490025
58.100000  85.611500  1.256529
58.200000  83.614000  1.514623
58.300000  84.461000  1.842720
58.400000  84.085500  0.589020
58.500000  84.321000  0.229103
58.600000  83.954500  1.563413
58.700000  83.637500  0.433456
58.800000  84.028500  2.219608
58.900000  83.642000  0.890955
59.000000  84.805000  0.451134
59.100000  85.193000  1.432598
59.200000  85.249000  0.298399
59.300000  84.108500  0.902975
59.400000  85.417500  0.734684
59.500000  83.498500  1.116522
59.600000  85.560500  1.320168
59.700000  84.242000  0.019799
59.800000  85.392500  2.905502
59.900000  85.116000  2.036468
60.000000  84.856000  0.796202
60.100000  83.328500  0.757311
60.200000  86.257500  1.233901
60.300000  84.996500  1.198546
60.400000  85.289500  1.232487
60.500000  84.584000  1.192182
60.600000  86.208500  1.004799
60.700000  84.121500  0.293449
60.800000  83.895500  1.854741
60.900000  86.473500  0.229810
61.000000  86.354500  1.610082
61.100000  84.704500  1.976363
61.200000  85.235500  0.255266
61.300000  86.109500  0.085560
61.400000  86.667000  0.762261
61.500000  85.331500  0.352846
61.600000  85.287000  0.722663
61.700000  83.931500  0.154856
61.800000  85.123500  0.301935
61.900000  86.486500  0.324562
62.000000  86.279500  1.707663
62.100000  85.143500  0.630032
62.200000  84.480500  0.413657
62.300000  85.545000  0.753776
62.400000  84.710000  0.654781
62.500000  84.076000  2.496087
62.600000  85.697000  0.864084
62.700000  85.320000  0.731148
62.800000  85.204000  0.060811
62.900000  85.429000  2.572454
63.000000  84.615000  1.871005
63.100000  83.027000  1.262893
63.200000  83.106000  2.703976
63.300000  84.542000  0.472347
63.400000  84.980000  0.845700
63.500000  84.355000  1.574020
63.600000  84.678500  1.905653
63.700000  85.506500  1.444619
63.800000  84.846000  2.176475
63.900000  84.799000  3.237135
64.000000  85.657500  2.038589
64.100000  84.158000  0.752362
64.200000  84.686500  1.093894
64.300000  84.435500  1.798173
64.400000  85.406500  1.768474
64.500000  84.734000  0.711349
64.600000  84.592500  1.041568
64.700000  85.220500  1.530886
64.800000  85.623500  1.088237
64.900000  84.859500  1.362595
65.000000  83.967500  0.727613
65.100000  84.531000  1.750796
65.200000  86.089000  2.163747
65.300000  83.536500  1.573313
65.400000  85.797500  1.754332
65.500000  85.620500  1.660994
65.600000  84.756000  1.991213
65.700000  85.249000  1.199253
65.800000  84.877500  0.429214
65.900000  84.352500  2.264863
66.000000  83.908000  2.364565
66.100000  86.223000  0.480833
66.200000  85.026500  0.652660
66.300000  84.281000  0.544472
66.400000  84.197000  0.705693
66.500000  84.857000  1.417042
66.600000  85.810000  1.742311
66.700000  84.764500  1.224002
66.800000  86.783500  1.801001
66.900000  85.730500  2.475581
67.000000  85.361000  0.582656
67.100000  85.614000  1.598061
67.200000  84.414000  0.619426
67.300000  84.895000  0.384666
67.400000  84.342000  1.381687
67.500000  85.589000  0.048083
67.600000  83.979000  1.189354
67.700000  85.252000  1.964343
67.800000  85.590000  0.405879
67.900000  85.814000  0.100409
68.000000  84.551500  0.680944
68.100000  83.819000  2.282541
68.200000  85.445000  1.193596
68.300000  86.526500  1.307440
68.400000  84.536000  2.565383
68.500000  85.106000  0.510531
68.600000  85.326000  0.251730
68.700000  84.109500  1.383808
68.800000  84.817500  1.306026
68.900000  84.341500  0.089803
69.000000  85.068500  0.574878
69.100000  84.915000  0.370524
69.200000  84.427000  0.462448
69.300000  85.214500  2.513765
69.400000  84.158500  0.963787
69.500000  83.955000  0.422850
69.600000  85.300000  0.651952
69.700000  85.214000  1.272792
69.800000  85.271000  1.849791
69.900000  85.493000  0.612354
70.000000  84.605000  0.004243
70.100000  85.805000  0.640639
70.200000  85.539500  1.403607
70.300000  84.957000  0.435578
70.400000  83.677000  2.165161
70.500000  84.401500  0.379716
70.600000  85.261500  0.765797
70.700000  84.921500  0.741755
70.800000  84.622500  0.191626
70.900000  85.689000  0.726906
71.000000  84.202500  1.170262
71.100000  84.006500  0.741755
71.200000  85.067000  0.183848
71.300000  84.722500  0.300520
71.400000  85.700000  0.237588
71.500000  84.734500  1.051468
71.600000  85.035500  0.231224
71.700000  83.745000  0.487904
71.800000  84.267500  0.210011
71.900000  84.100000  0.148492
72.000000  84.045500  1.833528
72.100000  84.846500  0.928431
72.200000  83.736000  2.863782
72.300000  84.624000  1.637659
72.400000  84.820000  0.035355
72.500000  86.171000  0.458205
72.600000  85.588000  1.615032
72.700000  85.441000  0.386080
72.800000  85.316500  1.645437
72.900000  85.910500  0.464569
73.000000  84.497500  0.917117
73.100000  85.388500  2.071116
73.200000  84.789500  0.860549
73.300000  85.357000  2.064752
73.400000  85.785500  1.423406
73.500000  85.300000  3.190466
73.600000  85.839500  1.344210
73.700000  84.646000  1.470782
73.800000  85.428000  2.507401
73.900000  83.719500  2.037175
74.000000  85.961500  2.100814
74.100000  85.347500  0.748826
74.200000  84.697500  1.976363
74.300000  85.291000  2.580940
74.400000  83.841500  0.716299
74.500000  84.066500  1.489874
74.600000  84.840000  0.862670
74.700000  84.870500  1.211274
74.800000  84.223500  0.092631
74.900000  84.360500  0.736098
75.000000  84.636500  3.181273
75.100000  84.391000  1.022476
75.200000  85.039500  2.697612
75.300000  84.449500  2.945100
75.400000  85.223000  0.159806
75.500000  83.746000  3.559576
75.600000  84.320000  1.890804
75.700000  84.780000  3.648671
75.800000  83.609000  2.703976
75.900000  84.454000  1.865348
76.000000  84.261000  2.054852
76.100000  83.464000  2.689834
76.200000  83.766000  1.117229
76.300000  83.884500  0.819537
76.400000  83.400500  1.256529
76.500000  84.461500  1.265014
76.600000  84.495000  2.627609
76.700000  86.509500  0.219910
76.800000  85.501000  0.070711
76.900000  84.765500  3.092178
77.000000  83.039000  2.160918
77.100000  84.592500  0.480126
77.200000  85.781000  1.752211
77.300000  84.005500  1.024598
77.400000  84.749000  0.755190
77.500000  83.923500  0.787010
77.600000  83.446500  0.628618
77.700000  84.563000  1.786152
77.800000  84.380000  0.171120
77.900000  84.632000  2.026568
78.000000  84.311500  1.198546
78.100000  85.773000  0.972979
78.200000  84.533000  1.009748
78.300000  84.304500  2.020204
78.400000  84.793000  2.044953
78.500000  86.157500  2.764080
78.600000  83.552000  0.080610
78.700000  84.300500  1.539371
78.800000  83.953000  1.463711
78.900000  85.804500  2.028689
79.000000  83.820000  1.986970
79.100000  84.185500  2.068287
79.200000  84.110500  1.270671
79.300000  84.211000  2.911866
79.400000  84.660000  2.464974
79.500000  85.902000  0.196576
79.600000  84.937500  1.335725
79.700000  85.169500  1.256529
79.800000  85.429000  3.227235
79.900000  85.464500  3.042680
80.000000  85.186500  3.447146
80.100000  84.996000  3.476137
80.200000  86.025000  3.743423
80.300000  84.987500  3.489572
80.400000  85.222500  1.762817
80.500000  84.417500  1.580384
80.600000  84.403500  0.382545
80.700000  84.459500  2.387900
80.800000  84.308500  1.549271
80.900000  86.445000  0.774989
81.000000  86.379500  0.515481
81.100000  86.358500  1.081166
81.200000  85.660000  1.784738
81.300000  85.025500  1.711906
81.400000  85.157500  0.214253
81.500000  85.419500  1.106622
81.600000  86.941500  0.383959
81.700000  85.516000  0.049497
81.800000  84.652500  0.307591
81.900000  85.514500  0.122329
82.000000  83.287000  2.216073
82.100000  84.890500  2.245064
82.200000  85.489500  0.535280
82.300000  84.689500  0.226981
82.400000  85.394000  1.187939
82.500000  84.583500  0.676701
82.600000  85.999000  1.981313
82.700000  84.834500  0.067175
82.800000  83.706000  0.145664
82.900000  84.561500  0.839336
83.000000  85.056000  1.329361
83.100000  85.024500  1.438962
83.200000  85.611500  0.430628
83.300000  85.205500  1.615739
83.400000  85.121000  1.192182
83.500000  85.452500  1.308855
83.600000  85.090500  0.716299
83.700000  85.093000  1.381687
83.800000  84.365500  0.876105
83.900000  85.814000  1.030962
84.000000  85.839000  0.281428
84.100000  85.991000  1.196425
84.200000  84.752000  0.666095
84.300000  84.031000  0.661852
84.400000  85.026000  0.890955
84.500000  84.879500  0.651245
84.600000  85.018500  1.006213
84.700000  84.096000  0.393151
84.800000  85.383000  0.275772
84.900000  85.316000  1.557049
85.000000  85.165000  1.100258
85.100000  84.852000  0.574171
85.200000  83.926000  0.323855
85.300000  84.989500  0.365574
85.400000  85.792000  0.108894
85.500000  84.351500  0.269408
85.600000  84.342500  1.081166
85.700000  85.189500  0.580535
85.800000  84.868000  1.521694
85.900000  85.040000  0.182434
86.000000  85.522000  0.470933
86.100000  84.690500  1.010456
86.200000  84.847500  0.078489
86.300000  83.139500  0.403758
86.400000  83.480500  0.292035
86.500000  83.492500  0.468812
86.600000  84.423500  0.144957
86.700000  83.553000  0.241831
86.800000  85.599500  0.255266
86.900000  84.112500  0.852064
87.000000  84.978000  0.661852
87.100000  84.332500  1.660994
87.200000  84.325500  0.379716
87.300000  86.273500  0.574878
87.400000  84.807000  0.227688
87.500000  85.176500  0.570635
87.600000  85.478000  1.006920
87.700000  84.713500  2.428912
87.800000  84.641500  0.690843
87.900000  85.020500  1.858984
88.000000  83.789500  1.180161
88.100000  83.853500  0.601748
88.200000  84.362000  0.503460
88.300000  84.191500  0.704985
88.400000  83.455000  0.606698
88.500000  86.040500  0.774282
88.600000  84.545500  0.552250
88.700000  84.856000  0.101823
88.800000  84.845000  0.350725
88.900000  84.665500  0.210011
89.000000  84.845000  0.647710
89.100000  85.972500  0.368403
89.200000  85.796000  0.301227
89.300000  84.093500  0.122329
89.400000  84.585500  0.464569
89.500000  84.529500  1.434720
89.600000  83.757000  0.364867
89.700000  85.825000  1.152584
89.800000  83.214000  0.084853
89.900000  85.375000  1.708370
90.000000  84.464000  0.333754
90.100000  85.425500  0.266579
90.200000  85.392500  0.183141
90.300000  84.434000  0.138593
90.400000  83.271000  1.165312
90.500000  85.227500  1.584626
90.600000  85.516500  0.267993
90.700000  85.467500  0.067175
90.800000  85.086500  0.088388
90.900000  85.863000  0.827315
91.000000  85.487000  0.161220
91.100000  84.290000  1.755039
91.200000  84.588000  1.049346
91.300000  86.335500  0.433456
91.400000  84.426000  1.015405
91.500000  84.650000  1.005506
91.600000  83.833500  1.042983
91.700000  84.193500  0.422143
91.800000  84.542500  1.762817
91.900000  85.246500  1.501188
92.000000  85.336500  1.427649
92.100000  85.088000  0.376181
92.200000  85.882500  0.887419
92.300000  85.652500  0.320319
92.400000  85.518000  1.364716
92.500000  85.746500  0.119501
92.600000  84.907500  1.212688
92.700000  85.762500  0.564978
92.800000  85.618500  0.112430
92.900000  86.571500  1.987677
93.000000  85.334000  1.805951
93.100000  84.323000  0.091924
93.200000  84.913500  0.055861
93.300000  84.522000  0.302642
93.400000  83.150500  1.509673
93.500000  85.517500  1.130664
93.600000  84.673000  0.806102
93.700000  84.585500  0.699329
93.800000  85.085000  0.541644
93.900000  85.765000  1.356231
94.000000  85.933000  0.451134
94.100000  85.620000  1.646145
94.200000  86.486000  2.153847
94.300000  84.077000  0.356382
94.400000  85.410000  2.135462
94.500000  84.557000  0.756604
94.600000  83.808500  0.487197
94.700000  84.163500  0.055861
94.800000  85.530000  0.294156
94.900000  86.015500  0.088388
95.000000  86.393000  0.673166
95.100000  84.752500  0.887419
95.200000  84.668500  1.256529
95.300000  87.162500  0.866206
95.400000  84.636000  1.333603
95.500000  85.368000  0.651952
95.600000  86.018500  1.566242
95.700000  86.166000  1.593819
95.800000  87.603000  0.296985
95.900000  85.845500  1.436134
96.000000  86.266000  0.517602
96.100000  86.353500  0.202940
96.200000  84.741000  1.571191
96.300000  87.506000  0.380423
96.400000  85.241000  1.469368
96.500000  84.828000  1.598061
96.600000  84.913000  3.034902
96.700000  85.054000  0.675994
96.800000  85.563000  1.807365
96.900000  84.175500  0.433456
97.000000  83.665500  0.535280
97.100000  83.103500  0.010607
97.200000  84.435500  0.007778
97.300000  85.241000  1.602304
97.400000  84.757500  0.560736
97.500000  84.723500  0.030406
97.600000  85.481000  1.726755
97.700000  86.606500  0.006364
97.800000  85.085500  1.535129
97.900000  84.779000  0.625082
98.000000  86.155500  0.188798
98.100000  85.033000  0.304056
98.200000  84.676000  0.287085
98.300000  84.101500  1.052882
98.400000  84.330000  1.105915
98.500000  84.473000  0.154149
98.600000  85.185500  0.627204
98.700000  85.358500  0.625790
98.800000  86.014500  2.800850
98.900000  84.995000  2.122735
99.000000  85.772000  1.149756
99.100000  85.877000  0.407294
99.200000  86.451000  1.989798
99.300000  86.993500  0.111016
99.400000  85.663000  1.680086
99.500000  86.213000  0.503460
99.600000  85.873500  0.744583
99.700000  84.312000  0.489318
99.800000  85.538500  2.071116
99.900000  85.125000  0.753776
100.000000  86.030000  0.052326
100.100000  85.885500  2.177182
100.200000  84.833000  1.599476
100.300000  85.133500  0.936916
100.400000  85.169000  1.421285
100.500000  85.442500  1.001970
100.600000  85.559500  1.827871
100.700000  85.903500  0.478711
100.800000  85.287000  1.108743
100.900000  86.832500  1.088237
101.000000  85.152000  0.725492
101.100000  85.522000  0.581242
101.200000  85.806500  0.970858
101.300000  85.571000  1.531593
101.400000  86.857500  0.604576
101.500000  84.808000  0.660438
101.600000  86.770500  0.023335
101.700000  85.543000  0.510531
101.800000  85.267000  0.135765
101.900000  86.260000  0.684479
102.000000  85.802000  0.420021
102.100000  86.302000  0.760847
102.200000  86.211500  0.439113
102.300000  86.261000  0.560029
102.400000  85.768000  0.421436
102.500000  85.276500  1.799587
102.600000  86.208000  0.226274
102.700000  84.609000  0.289914
102.800000  86.562000  0.287085
102.900000  85.112000  0.731148
103.000000  85.607000  1.943129
103.100000  86.113500  0.316077
103.200000  85.266500  1.027426
103.300000  86.243000  1.718269
103.400000  86.213000  2.128391
103.500000  85.898500  0.497096
103.600000  85.164000  1.895046
103.700000  86.001500  0.680944
103.800000  85.171000  0.854185
103.900000  85.667500  0.955301
104.000000  85.557000  1.134199
104.100000  85.526000  0.736805
104.200000  85.422000  0.328098
104.300000  85.078000  0.626497
104.400000  86.448500  1.161776
104.500000  85.493500  0.306177
104.600000  84.736500  1.427649
104.700000  84.061000  1.904946
104.800000  86.193000  0.801859
104.900000  84.375500  0.630032
105.000000  83.944000  0.644881
105.100000  85.260000  1.330775
105.200000  84.697000  0.485075
105.300000  84.397500  1.482803
105.400000  85.009500  0.307591
105.500000  86.457000  1.378858
105.600000  85.381000  0.120208
105.700000  84.796500  0.150614
105.800000  86.223500  0.396687
105.900000  85.639500  0.410829
106.000000  84.619500  0.484368
106.100000  85.139500  0.600334
106.200000  84.307000  0.750947
106.300000  86.008500  0.211425
106.400000  85.052500  0.922774
106.500000  85.324000  1.170969
106.600000  86.113000  0.637810
106.700000  85.383500  1.648266
106.800000  85.329500  1.072681
106.900000  85.316000  1.220466
107.000000  84.506000  0.924896
107.100000  86.130500  1.682207
107.200000  85.860000  0.453963
107.300000  85.513500  1.267842
107.400000  83.903000  1.706956
107.500000  84.965500  0.577706
107.600000  84.592000  0.417193
107.700000  84.877500  0.106773
107.800000  84.934000  1.784738
107.900000  85.331000  0.147078
108.000000  85.208500  0.157685
108.100000  84.041000  1.784738
108.200000  85.228500  1.274914
108.300000  85.586000  0.185262
108.400000  83.917000  1.808779
108.500000  84.191500  1.796758
108.600000  85.446500  1.352695
108.700000  84.833000  0.106066
108.800000  84.783000  1.057832
108.900000  85.496500  0.392444
109.000000  83.271500  0.908632
109.100000  84.549500  2.672157
109.200000  84.114000  0.159806
109.300000  84.113000  1.404314
109.400000  83.971500  3.929392
109.500000  84.443000  1.791809
109.600000  84.558500  0.526795
109.700000  83.526500  1.791101
109.800000  83.914000  1.112986
109.900000  84.300000  0.470933
110.000000  83.774000  1.176626
110.100000  82.898000  0.841457
110.200000  83.525500  2.160211
110.300000  84.629500  2.803678
110.400000  84.385000  1.370373
110.500000  84.934000  1.516037
110.600000  83.131000  0.009899
110.700000  83.713000  1.814436
110.800000  83.037500  0.785596
110.900000  84.322000  0.995606
111.000000  83.237000  0.985707
111.100000  83.946500  2.260620
111.200000  83.508000  2.991062
111.300000  84.172500  2.223851
111.400000  84.247000  0.998435
111.500000  84.494000  2.063338
111.600000  82.919500  1.079752
111.700000  84.246000  1.361888
111.800000  85.164000  0.998435
111.900000  84.280000  1.682914
112.000000  83.526500  1.342796
112.100000  84.149000  2.235872
112.200000  83.783500  2.344059
112.300000  84.329000  0.393151
112.400000  83.411500  0.720542
112.500000  83.516000  2.807214
112.600000  84.133000  1.267135
112.700000  83.802000  0.360624
112.800000  84.942500  0.474469
112.900000  83.787500  1.085409
113.000000  84.000000  0.427092
113.100000  84.050500  1.351281
113.200000  85.905000  1.043690
113.300000  86.225000  1.936058
113.400000  84.349500  1.866055
113.500000  84.228500  1.103794
113.600000  83.923500  0.441942
113.700000  83.916500  0.556493
113.800000  84.985000  2.015254
113.900000  84.087500  0.624375
114.000000  84.737000  1.458054
114.100000  84.852500  0.740341
114.200000  85.742500  0.736098
114.300000  84.500000  0.169706
114.400000  84.842000  1.173797
114.500000  86.200500  1.635538
114.600000  85.298500  0.819537
114.700000  84.691500  0.785596
114.800000  85.811500  0.416486
114.900000  85.368500  0.144957
115.000000  85.106000  2.165161
115.100000  85.622500  0.795495
115.200000  85.037500  1.221173
115.300000  86.572500  0.662559
115.400000  85.866000  0.236174
115.500000  84.544000  0.779232
115.600000  85.439000  0.091924
115.700000  86.446000  0.328098
115.800000  85.418000  1.086116
115.900000  84.979000  0.606698
116.000000  84.665000  0.291328
116.100000  85.655500  1.249458
116.200000  85.655500  1.677964
116.300000  84.746500  1.465832
116.400000  84.690500  2.814992
116.500000  85.415500  2.147483
116.600000  84.494500  0.193040
116.700000  86.185000  0.717006
116.800000  85.507000  1.088944
116.900000  85.311500  1.361181
117.000000  85.434500  0.235467
117.100000  85.000000  0.089095
117.200000  84.790500  1.765646
117.300000  85.231000  0.933381
117.400000  86.405000  0.148492
117.500000  84.047500  0.557907
117.600000  84.309500  0.071418
117.700000  86.284500  0.115258
117.800000  85.067500  2.269106
117.900000  85.421000  0.605283
118.000000  85.261000  2.121320
118.100000  85.408500  1.774131
118.200000  85.780000  1.564120
118.300000  83.837000  0.554372
118.400000  85.777500  0.921360
118.500000  84.537000  0.704278
118.600000  84.930000  0.101823
118.700000  85.616500  2.246478
118.800000  85.168500  0.202940
118.900000  85.695000  3.350272
119.000000  85.208000  0.241831
119.100000  85.826000  1.045104
119.200000  85.130500  2.140412
119.300000  84.417000  2.165161
119.400000  84.331500  2.923887
119.500000  84.395500  3.455631
119.600000  84.320500  1.735947
119.700000  83.837500  2.438811
119.800000  84.973000  2.604981
119.900000  83.422500  3.042680
120.000000  85.812000  3.118341
120.100000  84.016500  2.410527
120.200000  84.624000  2.479116
120.300000  84.984000  0.816001
120.400000  84.746500  2.312946
120.500000  84.594000  2.221730
120.600000  84.388500  1.509673
120.700000  83.627000  2.620538
120.800000  83.867500  2.259206
120.900000  85.264500  3.543312
121.000000  84.319500  1.164605
121.100000  84.655500  1.864641
121.200000  84.298000  2.613467
121.300000  83.092000  1.750796
121.400000  85.298500  3.089350
121.500000  84.588000  0.814587
121.600000  85.829500  0.878934
121.700000  83.191000  2.493259
121.800000  82.582000  2.061923
121.900000  82.594000  2.163747
122.000000  84.419000  2.255671
122.100000  84.186500  3.868581
122.200000  83.584500  2.738625
122.300000  84.535000  1.937473
122.400000  84.422000  3.225821
122.500000  83.840000  1.343503
122.600000  84.808000  1.487753
122.700000  83.681000  2.259913
122.800000  82.890500  0.143543
122.900000  82.477500  1.830699
123.000000  84.626000  2.965606
123.100000  83.224500  0.852064
123.200000  85.334500  2.040003
123.300000  84.136000  1.145513
123.400000  83.875500  3.186930
123.500000  83.844500  1.248043
123.600000  84.665000  1.654630
123.700000  83.201000  3.637357
123.800000  84.165000  1.251579
123.900000  84.450000  2.281126
124.000000  83.931000  2.278298
124.100000  83.683500  1.457347
124.200000  83.229000  1.541493
124.300000  82.515000  2.940150
124.400000  84.168000  2.546999
124.500000  83.476500  3.490986
124.600000  83.781500  2.860247
124.700000  84.793500  2.065459
124.800000  83.474000  1.185111
124.900000  85.040500  2.226679
125.000000  85.331500  1.067024
125.100000  83.217500  1.116522
125.200000  83.920000  1.480682
125.300000  83.436500  3.454217
125.400000  84.069500  2.276177
125.500000  84.668000  0.016971
125.600000  84.688500  0.180312
125.700000  83.927500  1.911310
125.800000  84.599000  0.509117
125.900000  83.741000  0.616597
126.000000  83.137500  0.403758
126.100000  84.701500  2.423255
126.200000  85.308500  2.932372
126.300000  84.397500  0.328805
126.400000  84.721000  0.074953
126.500000  83.765500  2.626902
126.600000  84.778500  3.073793
126.700000  83.643500  2.295976
126.800000  83.087000  1.938887
126.900000  84.549000  2.951464
127.000000  85.200000  2.507401
127.100000  85.453000  2.507401
127.200000  83.087500  1.209860
127.300000  85.058000  1.015405
127.400000  84.339500  1.294713
127.500000  84.739500  2.549120
127.600000  85.728500  1.181575
127.700000  84.442000  0.336583
127.800000  83.621000  3.372899
127.900000  85.154500  2.677813
128.000000  83.750500  0.283550
128.100000  83.677000  1.788980
128.200000  84.870000  0.114551
128.300000  83.863000  1.665944
128.400000  84.526500  1.621396
128.500000  85.135500  2.298804
128.600000  84.350000  1.558463
128.700000  82.911500  2.298804
128.800000  84.728000  1.452397
128.900000  84.978000  1.574020
129.000000  84.446500  1.494117
129.100000  84.771500  0.924189
129.200000  82.070500  2.370929
129.300000  85.783000  2.272641
129.400000  85.326000  1.957272
129.500000  83.806000  2.746403
129.600000  85.180000  0.667509
129.700000  84.797000  3.792921
129.800000  84.114000  2.448004
129.900000  85.236000  2.563969
130.000000  85.193500  2.013133
130.100000  84.136500  2.997426
130.200000  84.260000  3.020760
130.300000  83.196000  3.488865
130.400000  84.661000  2.162333
130.500000  83.671000  1.571191
130.600000  84.630500  2.413355
130.700000  84.209500  2.645286
130.800000  84.440500  0.828022
130.900000  85.616000  1.989798
131.000000  83.954500  1.167433
131.100000  85.022500  1.344210
131.200000  83.363500  0.105359
131.300000  83.189000  2.288198
131.400000  84.078000  1.565534
131.500000  85.067000  0.205061
131.600000  83.924000  1.108743
131.700000  83.450000  3.186223
131.800000  84.382500  1.185818
131.900000  83.994000  1.268550
132.000000  83.858000  0.350725
132.100000  85.324000  0.086267
132.200000  83.222000  0.987121
132.300000  85.255000  2.073237
132.400000  84.405000  1.689985
132.500000  83.895500  1.078338
132.600000  83.199000  0.946109
132.700000  84.392500  0.761554
132.800000  84.226500  0.115258
132.900000  84.293000  1.151170
133.000000  83.532000  1.384515
133.100000  84.029500  0.456084
133.200000  85.287500  0.880348
133.300000  84.642500  2.180010
133.400000  83.989000  2.257085
133.500000  84.797500  0.070004
133.600000  85.310000  0.879641
133.700000  84.906000  0.562857
133.800000  83.556000  1.257236
133.900000  84.682000  1.219052
134.000000  85.094500  2.317189
134.100000  83.002000  1.760696
134.200000  83.797000  2.950049
134.300000  84.596000  0.684479
134.400000  84.669500  3.062479
134.500000  84.177000  1.350574
134.600000  85.915000  1.671600
134.700000  85.354000  2.388607
134.800000  84.602500  1.116522
134.900000  83.833000  1.933230
135.000000  82.945000  1.398657
135.100000  85.031000  2.160918
135.200000  85.591500  1.607254
135.300000  84.478000  1.214809
135.400000  83.337000  3.429468
135.500000  85.257000  3.123998
135.600000  84.467500  3.096421
135.700000  84.242500  2.308704
135.800000  84.624500  4.776506
135.900000  84.262500  1.061367
136.000000  84.163000  2.801557
136.100000  84.845000  3.788678
136.200000  84.769000  2.291026
136.300000  84.816000  0.224860
136.400000  84.337000  3.203194
136.500000  85.309500  2.837620
136.600000  84.342500  4.155667
136.700000  84.719000  1.482096
136.800000  85.480000  0.551543
136.900000  85.283500  3.138847
137.000000  85.584500  0.077075
137.100000  85.475000  0.956008
137.200000  85.484000  0.786303
137.300000  84.785500  1.106622
137.400000  84.942500  1.956564
137.500000  84.751500  0.492853
137.600000  83.927500  1.608668
137.700000  83.814500  2.925301
137.800000  84.123500  0.273650
137.900000  84.436000  0.500632
138.000000  84.470000  1.716855
138.100000  83.891000  1.114400
138.200000  82.531000  1.356231
138.300000  83.551000  1.583919
138.400000  84.167500  2.325674
138.500000  83.909000  1.702713
138.600000  85.646000  0.254558
138.700000  84.070000  2.489016
138.800000  82.806000  1.757867
138.900000  83.870000  2.926008
139.000000  83.287500  3.014396
139.100000  83.183000  2.604981
139.200000  84.483500  3.096421
139.300000  85.097000  3.252691
139.400000  85.174500  3.561697
139.500000  84.224500  1.614325
139.600000  84.252000  1.780495
139.700000  84.240500  2.010305
139.800000  83.223500  2.373757
139.900000  85.510500  4.567203
140.000000  83.387000  4.696603
140.100000  84.595500  2.085258
140.200000  84.207000  1.636245
140.300000  84.063500  1.861812
140.400000  84.362500  2.672157
140.500000  84.116000  2.716704
140.600000  82.154000  2.068994
140.700000  84.771500  3.137433
140.800000  84.649500  1.734533
140.900000  84.002000  3.384213
141.000000  82.764000  3.798578
141.100000  84.424500  1.931109
141.200000  83.721000  2.928836
141.300000  81.876500  2.284662
141.400000  82.799000  1.627760
141.500000  84.006000  0.700036
141.600000  83.762500  2.672157
141.700000  83.721000  1.332189
141.800000  85.075000  0.940452
141.900000  83.085000  1.395829
142.000000  85.189000  1.103087
142.100000  84.774000  1.292591
142.200000  85.456500  1.347038
142.300000  84.715000  2.332038
142.400000  84.125500  1.362595
142.500000  83.773500  2.064045
142.600000  83.969000  2.672864
142.700000  85.419500  4.712867
142.800000  83.726000  0.709935
142.900000  84.295500  2.127684
143.000000  85.834500  2.812164
143.100000  85.091000  2.027982
143.200000  83.593500  2.141826
143.300000  84.312500  4.123140
143.400000  84.033500  2.311532
143.500000  84.482500  2.611345
143.600000  84.764500  2.403456
143.700000  85.399000  2.551241
143.800000  85.783000  3.668470
143.900000  84.702000  3.597759
144.000000  85.422500  2.510936
144.100000  86.358000  4.016367
144.200000  83.124500  2.126270
144.300000  85.044500  4.268804
144.400000  85.515000  2.733675
144.500000  84.919000  3.442196
144.600000  84.762500  0.241123
144.700000  84.886500  1.723219
144.800000  84.208500  2.061216
144.900000  84.661000  3.150868
145.000000  84.609500  2.597203
145.100000  85.872000  1.992627
145.200000  85.045000  1.405728
145.300000  84.355500  4.488007
145.400000  85.455500  0.430628
145.500000  83.906500  2.331331
145.600000  84.402000  2.022325
145.700000  85.032000  1.453812
145.800000  84.851500  2.926715
145.900000  85.437500  4.199507
146.000000  84.564000  1.098844
146.100000  84.396500  1.639781
146.200000  84.387000  1.047932
146.300000  84.632500  3.618265
146.400000  84.443000  2.504572
146.500000  85.233000  0.953180
146.600000  85.173500  1.226830
146.700000  84.259000  2.901966
146.800000  83.106500  2.710340
146.900000  84.260000  1.715441
147.000000  84.793000  0.079196
147.100000  85.430500  0.260922
147.200000  84.798000  0.231931
147.300000  85.137500  1.796758
147.400000  85.338500  2.283248
147.500000  84.485500  0.754483
147.600000  84.242000  0.806102
147.700000  85.547500  0.733270
147.800000  84.236000  1.787566
147.900000  85.376000  0.291328
148.000000  84.000500  2.556191
148.100000  86.397500  1.017527
148.200000  84.864500  1.768474
148.300000  84.623500  0.116673
148.400000  84.742000  1.135613
148.500000  85.240500  1.822214
148.600000  84.674500  0.222739
148.700000  84.867500  0.905804
148.800000  85.232500  0.532451
148.900000  86.208500  0.792667
149.000000  85.237000  0.622254
149.100000  85.106500  1.199960
149.200000  86.151500  0.226981
149.300000  84.463000  1.004092
149.400000  86.248500  0.065761
149.500000  85.958000  0.065054
149.600000  86.683500  1.339967
149.700000  84.787500  2.359615
149.800000  84.488500  0.897319
149.900000  85.260500  3.062479
150.000000  85.886500  2.040003
150.100000  85.103500  0.207182
150.200000  82.766500  2.956413
150.300000  83.699000  2.926008
150.400000  85.097000  0.920653
150.500000  83.798500  0.843578
150.600000  84.308000  0.280014
150.700000  84.906000  0.182434
150.800000  84.778500  2.625487
150.900000  84.160500  0.178898
151.000000  85.207500  0.127986
151.100000  85.110500  0.235467
151.200000  84.116000  0.072125
151.300000  83.913500  0.231224
151.400000  85.602000  1.390172
151.500000  83.843500  0.562150
151.600000  84.188500  0.678115
151.700000  85.036000  4.416589
151.800000  85.324000  0.001414
151.900000  85.554500  0.311834
152.000000  84.491000  1.077631
152.100000  84.170000  0.066468
152.200000  84.334000  1.680086
152.300000  84.780000  0.924896
152.400000  84.330000  0.213546
152.500000  84.115500  2.066873
152.600000  84.932500  2.498208
152.700000  83.758000  1.163898
152.800000  84.557500  1.936765
152.900000  83.617000  0.376181
153.000000  83.653500  2.204052
153.100000  84.544500  1.543614
153.200000  84.233000  2.125563
153.300000  84.717000  2.744989
153.400000  85.376500  3.573011
153.500000  85.754500  1.557756
153.600000  84.800500  2.738625
153.700000  84.735000  1.900703
153.800000  84.673000  1.163898
153.900000  85.476500  2.062630
154.000000  84.724000  2.146776
154.100000  85.529000  0.045255
154.200000  85.529500  2.570333
154.300000  86.485000  0.224860
154.400000  85.320000  2.187788
154.500000  85.415500  1.842013
154.600000  85.341000  3.435125
154.700000  85.259000  1.835649
154.800000  84.556500  1.666651
154.900000  85.800500  2.608517
155.000000  85.686500  2.017376
155.100000  85.840500  3.339665
155.200000  83.184500  0.849235
155.300000  83.969500  1.304612
155.400000  84.788000  0.111723
155.500000  85.430500  1.226830
155.600000  86.249500  0.028991
155.700000  85.478000  1.634831
155.800000  85.707500  1.303198
155.900000  84.166500  1.511087
156.000000  84.370000  1.303905
156.100000  83.860000  2.227386
156.200000  84.680000  0.910754
156.300000  85.091000  1.112986
156.400000  86.199500  1.396536
156.500000  84.287000  1.207738
156.600000  84.659500  0.929845
156.700000  85.153500  1.397950
156.800000  84.307000  1.551392
156.900000  85.260500  1.536543
157.000000  84.401000  1.152584
157.100000  84.822000  0.393151
157.200000  84.615500  1.880197
157.300000  83.774500  1.368252
157.400000  83.536500  1.339967
157.500000  84.271500  2.010305
157.600000  83.701500  1.775545
157.700000  85.448500  1.003385
157.800000  85.148500  0.525380
157.900000  84.982500  2.211123
158.000000  86.176500  0.676701
158.100000  84.594000  0.395980
158.200000  85.323000  2.691248
158.300000  84.906500  2.081015
158.400000  84.317000  0.721249
158.500000  83.633500  2.219608
158.600000  84.105500  1.386636
158.700000  84.985500  2.362444
158.800000  85.592000  3.348858
158.900000  84.020500  1.819386
159.000000  84.701500  2.403456
159.100000  83.940500  1.240972
159.200000  83.767000  1.491995
159.300000  84.515500  0.745998
159.400000  84.363500  1.139149
159.500000  84.746500  0.344361
159.600000  84.951500  0.245366
159.700000  84.940000  0.147078
159.800000  84.055500  1.300369
159.900000  86.282500  0.429214
160.000000  85.566000  0.675994
160.100000  84.161500  1.269257
160.200000  84.697500  1.337139
160.300000  84.714500  1.354109
160.400000  84.822500  1.057125
160.500000  83.825000  0.299813
160.600000  84.279000  0.738219
160.700000  84.440000  0.403051
160.800000  83.701500  0.652660
160.900000  85.802000  0.791960
161.000000  84.218000  2.358908
161.100000  83.725000  0.089095
161.200000  84.666000  1.153998
161.300000  85.332000  0.989949
161.400000  85.394000  0.383252
161.500000  84.185000  0.280014
161.600000  85.028500  0.553665
161.700000  85.043000  1.118643
161.800000  84.911500  1.140563
161.900000  84.633000  0.267286
162.000000  84.615500  2.469924
162.100000  82.810000  1.279863
162.200000  84.444000  0.485075
162.300000  82.907000  0.916410
162.400000  84.400500  1.645437
162.500000  83.795000  3.527049
162.600000  84.494000  1.513209
162.700000  83.812000  0.458205
162.800000  83.860500  2.185667
162.900000  84.037000  0.480833
163.000000  84.633500  0.316077
163.100000  84.449500  1.433305
163.200000  85.139000  0.958837
163.300000  85.201000  1.960100
163.400000  84.167500  1.426234
163.500000  83.526000  1.101672
163.600000  84.649000  1.575434
163.700000  84.843000  0.896611
163.800000  84.134500  0.338704
163.900000  83.544000  1.067731
164.000000  83.447500  2.731553
164.100000  85.080000  1.477853
164.200000  83.975000  3.773122
164.300000  84.514000  2.507401
164.400000  83.777500  0.031820
164.500000  84.050000  1.545735
164.600000  84.179000  2.276884
164.700000  84.239500  2.690541
164.800000  83.295500  2.819235
164.900000  83.581000  1.644730
165.000000  84.330500  2.008890
165.100000  84.472000  0.035355
165.200000  85.079500  0.922774
165.300000  83.583000  3.101370
165.400000  84.048000  1.723926
165.500000  84.160500  1.434720
165.600000  83.763500  3.302896
165.700000  84.978000  3.282390
165.800000  83.934000  3.604830
165.900000  84.370500  3.413204
166.000000  84.144000  2.896309
166.100000  85.402500  0.301935
166.200000  83.396000  2.286783
166.300000  85.640000  0.912168
166.400000  84.032500  1.819386
166.500000  83.912000  1.462297
166.600000  84.043000  0.881055
166.700000  85.317000  1.049346
166.800000  85.048500  1.769888
166.900000  85.420000  1.605132
167.000000  84.371500  0.625790
167.100000  83.760000  1.360473
167.200000  84.427500  0.727613
167.300000  84.725000  1.814436
167.400000  85.939500  2.209709
167.500000  85.823000  1.538664
167.600000  85.061000  1.166726
167.700000  85.751000  0.630739
167.800000  84.833500  2.177182
167.900000  85.145000  3.228650
168.000000  85.542500  2.525078
168.100000  86.008000  2.674278
168.200000  86.790500  0.979343
168.300000  86.110500  2.829134
168.400000  85.010000  0.957423
168.500000  84.080000  2.896309
168.600000  86.477000  0.947523
168.700000  86.172000  2.964192
168.800000  85.283500  1.062781
168.900000  84.733000  1.788980
169.000000  86.129000  1.921916
169.100000  85.500000  0.510531
169.200000  85.596500  0.415072
169.300000  86.303000  1.603718
169.400000  85.205000  1.791809
169.500000  84.614500  2.243650
169.600000  85.429500  2.004648
169.700000  84.272000  2.350423
169.800000  84.447500  0.388202
169.900000  85.903500  3.703118
170.000000  84.489500  1.817972
170.100000  84.916500  0.511238
170.200000  85.492500  2.475581
170.300000  86.071000  2.561141
170.400000  85.484000  2.479116
170.500000  84.779500  2.298804
170.600000  84.679000  0.097581
170.700000  85.672500  2.015961
170.800000  84.868000  1.674429
170.900000  85.624000  3.034902
171.000000  86.558500  0.840750
171.100000  86.756000  0.127279
171.200000  84.699000  1.001263
171.300000  85.903500  2.590132
171.400000  84.636000  0.517602
171.500000  84.779000  0.502046
171.600000  84.012500  0.016263
171.700000  82.825000  1.163898
171.800000  85.803500  2.376586
171.900000  84.762500  0.936916
172.000000  84.464500  1.677964
172.100000  85.650000  0.520431
172.200000  85.892000  0.702864
172.300000  84.987500  1.013284
172.400000  83.878500  0.874691
172.500000  84.752000  0.605283
172.600000  86.148500  2.131927
172.700000  85.469500  2.421841
172.800000  83.584000  1.353402
172.900000  84.574500  2.571747
173.000000  84.517000  2.347595
173.100000  84.680500  2.748524
173.200000  85.319000  0.159806
173.300000  84.198000  1.023891
173.400000  85.924000  0.557200
173.500000  85.989500  0.286378
173.600000  84.623000  1.327947
173.700000  84.474000  1.062074
173.800000  85.010500  2.240821
173.900000  85.832000  1.540079
174.000000  85.148500  0.686601
174.100000  84.533500  2.206880
174.200000  84.988500  2.519421
174.300000  84.769000  2.057681
174.400000  84.080500  1.875954
174.500000  85.880500  2.420427
174.600000  86.681000  2.462146
174.700000  86.134000  3.379970
174.800000  84.887000  0.678823
174.900000  84.397000  2.961363
175.000000  84.830500  0.051619
175.100000  85.950000  1.904946
175.200000  83.815000  2.237286
175.300000  84.320500  1.827871
175.400000  84.947500  2.052731
175.500000  84.140000  0.451134
175.600000  84.388500  0.869034
175.700000  85.554500  2.666500
175.800000  85.333500  2.544877
175.900000  85.602000  1.145513
176.000000  84.571500  1.484217
176.100000  84.845000  1.972828
176.200000  85.387500  1.915552
176.300000  84.304500  0.794081
176.400000  85.196000  1.607961
176.500000  85.411500  2.600032
176.600000  85.551500  1.147634
176.700000  84.509000  1.743725
176.800000  85.901000  3.016518
176.900000  86.140500  2.232336
177.000000  86.546500  2.312946
177.100000  85.453000  2.377293
177.200000  86.622000  3.248449
177.300000  85.783000  1.033790
177.400000  85.460500  0.392444
177.500000  85.455500  0.126572
177.600000  86.277500  0.480126
177.700000  86.572500  3.515028
177.800000  86.397500  1.144806
177.900000  84.970000  0.666095
178.000000  85.111000  0.115966
178.100000  85.931000  1.527351
178.200000  85.189500  0.597505
178.300000  83.906000  0.702864
178.400000  84.459500  0.130815
178.500000  85.862000  2.220315
178.600000  84.710000  1.760696
178.700000  85.634500  1.950908
178.800000  84.398000  1.480682
178.900000  84.776000  1.260064
179.000000  85.242000  2.876510
179.100000  85.226000  1.339260
179.200000  85.066500  2.181424
179.300000  85.390500  3.225114
179.400000  84.706000  0.469519
179.500000  85.160000  0.534573
179.600000  85.763000  1.508966
179.700000  85.343500  3.308553
179.800000  84.737000  2.180717
179.900000  84.628000  0.675994
180.000000  84.919000  1.465125
180.100000  84.847500  0.777110
180.200000  84.691500  0.101116
180.300000  85.664500  1.134906
180.400000  86.658500  2.276177
180.500000  84.406000  2.371636
180.600000  84.699500  1.597354
180.700000  85.884500  1.594526
180.800000  85.001500  1.939594
180.900000  85.531000  2.095864
181.000000  84.499500  0.593263
181.100000  85.124000  0.632153
181.200000  85.413000  0.576999
181.300000  84.133000  0.603869
181.400000  84.605500  2.206880
181.500000  85.642500  0.604576
181.600000  84.659000  0.697207
181.700000  86.136500  0.747412
181.800000  83.545000  2.688420
181.900000  84.730000  0.417193
182.000000  84.978500  1.126421
182.100000  85.178000  1.011163
182.200000  86.353000  1.261478
182.300000  84.578500  2.164454
182.400000  85.302000  1.142685
182.500000  85.782000  0.947523
182.600000  85.521500  2.000405
182.700000  86.014000  4.007881
182.800000  85.651500  1.991920
182.900000  85.160500  1.823628
183.000000  84.723000  1.351988
183.100000  85.288500  0.870448
183.200000  85.799500  0.204354
183.300000  86.627000  1.097430
183.400000  85.624500  2.424669
183.500000  84.818500  1.769888
183.600000  86.396500  3.164303
183.700000  86.329500  3.162889
183.800000  85.293500  1.441791
183.900000  85.781000  2.679935
184.000000  85.830500  2.271934
184.100000  84.695500  1.433305
184.200000  83.914500  1.912724
184.300000  85.649500  0.651245
184.400000  83.993500  0.415072
184.500000  84.031500  1.306026
184.600000  85.214000  2.220315
184.700000  84.934000  0.756604
184.800000  85.117000  0.654781
184.900000  84.852500  1.399364
185.000000  85.366000  0.053740
185.100000  85.692000  0.429921
185.200000  83.966500  0.976514
185.300000  86.140000  0.373352
185.400000  85.173500  0.287792
185.500000  86.970500  3.000254
185.600000  85.517000  1.978485
185.700000  84.967000  0.067882
185.800000  85.998500  0.729027
185.900000  85.822000  1.807365
186.000000  87.342000  0.336583
186.100000  84.748500  0.631446
186.200000  85.648500  2.028689
186.300000  84.183500  0.474469
186.400000  84.397000  1.210567
186.500000  85.242000  2.365979
186.600000  86.172000  1.919088
186.700000  86.253000  0.742462
186.800000  85.350000  1.285520
186.900000  85.741500  0.095459
187.000000  86.415000  0.584070
187.100000  86.328000  0.980050
187.200000  84.864000  1.660287
187.300000  85.014500  0.613062
187.400000  84.433500  1.061367
187.500000  86.659000  1.629174
187.600000  85.164500  1.065610
187.700000  85.222500  0.043134
187.800000  85.627500  1.723219
187.900000  84.513000  3.255520
188.000000  85.388000  0.322441
188.100000  84.961500  0.228395
188.200000  85.094000  0.984293
188.300000  84.793000  0.036770
188.400000  84.191000  0.322441
188.500000  84.193000  0.029698
188.600000  86.009500  1.545028
188.700000  84.537500  1.076924
188.800000  84.234000  0.695793
188.900000  85.219500  1.573313
189.000000  86.502000  1.730997
189.100000  85.869000  1.439669
189.200000  86.130500  1.498359
189.300000  84.945500  0.789838
189.400000  86.746000  0.776403
189.500000  86.222000  1.613618
189.600000  85.855000  0.974393
189.700000  85.338000  0.903682
189.800000  86.035000  1.446740
189.900000  85.759500  0.714885
190.000000  86.986500  1.598768
190.100000  85.488000  0.550129
190.200000  85.396500  0.683772
190.300000  86.368500  1.491288
190.400000  85.758000  0.459619
190.500000  84.771000  1.052175
190.600000  86.442000  2.203345
190.700000  84.438500  2.079601
190.800000  86.808500  0.135057
190.900000  86.564500  1.047225
191.000000  85.182500  1.091066
191.100000  85.721500  0.234052
191.200000  85.838000  1.187939
191.300000  86.286500  0.125158
191.400000  86.395000  0.803273
191.500000  85.801500  1.707663
191.600000  87.505500  0.153442
191.700000  86.636500  0.663973
191.800000  86.016500  0.789838
191.900000  85.193000  2.880753
192.000000  86.156500  0.842164
192.100000  85.741500  1.246629
192.200000  85.242500  0.549422
192.300000  85.737000  2.368808
192.400000  85.964000  0.205061
192.500000  86.976000  0.742462
192.600000  86.074500  0.615890
192.700000  84.528000  0.852771
192.800000  86.863500  0.656902
192.900000  85.058000  1.484924
193.000000  85.101000  0.280014
193.100000  85.550500  0.362746
193.200000  84.567000  1.525936
193.300000  84.836500  0.962372
193.400000  85.766500  4.151424
193.500000  84.894500  2.274763
193.600000  84.211000  1.292591
193.700000  87.369500  0.331633
193.800000  86.361500  0.901561
193.900000  85.648500  0.481540
194.000000  86.061000  2.360322
194.100000  85.297000  0.916410
194.200000  87.047500  0.091217
194.300000  85.926500  1.033083
194.400000  85.269000  0.698621
194.500000  84.702500  0.521138
194.600000  86.226500  0.586192
194.700000  86.505000  0.496389
194.800000  84.833000  0.619426
194.900000  86.097000  1.233194
195.000000  86.016500  1.477146
195.100000  84.853500  0.904390
195.200000  84.851000  0.011314
195.300000  84.717500  0.535280
195.400000  83.558000  0.677408
195.500000  85.528000  0.121622
195.600000  84.361000  1.378858
195.700000  85.008000  0.551543
195.800000  85.109500  1.434720
195.900000  84.880000  2.201931
196.000000  85.958500  0.088388
196.100000  83.893500  0.321734
196.200000  84.921000  0.968736
196.300000  85.350500  0.236881
196.400000  85.057500  0.934088
196.500000  85.443500  1.397950
196.600000  84.657500  0.597505
196.700000  84.228500  0.256680
196.800000  83.752000  1.839892
196.900000  84.852500  0.207182
197.000000  85.460500  0.570635
197.100000  84.516500  1.673722
197.200000  84.760000  0.912168
197.300000  85.251000  1.244508
197.400000  85.699500  1.153291
197.500000  85.578500  0.091217
197.600000  84.772000  2.023740
197.700000  84.560500  1.914138
197.800000  85.239000  0.507703
197.900000  85.694500  0.871863
198.000000  85.000500  1.123593
198.100000  85.329500  0.812466
198.200000  85.297000  1.308148
198.300000  83.755500  1.430477
198.400000  84.717000  0.434164
198.500000  85.963000  2.159504
198.600000  84.281500  2.479823
198.700000  84.702000  3.077329
198.800000  83.904000  0.254558
198.900000  84.504000  0.625082
199.000000  84.234000  0.055154
199.100000  84.539000  0.521845
199.200000  84.286500  1.726048
199.300000  84.121500  1.143392
199.400000  85.573500  2.471338
199.500000  85.658000  0.636396
199.600000  85.335000  1.603718
199.700000  85.094000  1.549978
199.800000  85.165000  0.470933
199.900000  84.704500  1.776959
200.000000  84.311000  1.425527
