# aggregated from 2 replicates
# x  mean  std
0.000000  70.012000  0.000000
0.100000  72.484000  0.333754
0.200000  73.676000  0.685894
0.300000  73.569500  0.375474
0.400000  72.207500  0.620133
0.500000  72.513500  0.259508
0.600000  73.492500  0.412243
0.700000  73.799500  0.178898
0.800000  73.052000  1.484924
0.900000  72.769500  1.085409
1.000000  74.231000  1.565534
1.100000  72.954500  0.243952
1.200000  71.798500  1.676550
1.300000  72.110500  1.488460
1.400000  72.113500  1.645437
1.500000  72.608500  0.078489
1.600000  70.866500  0.086974
1.700000  72.251500  0.055861
1.800000  72.885000  0.473762
1.900000  71.545000  0.572756
2.000000  72.090500  0.754483
2.100000  71.270500  2.764080
2.200000  71.972500  0.447599
2.300000  72.681000  0.456791
2.400000  72.212500  2.049903
2.500000  72.621500  0.871863
2.600000  71.292500  0.741755
2.700000  72.108500  0.446184
2.800000  72.869500  0.120915
2.900000  72.052500  0.569221
3.000000  70.986000  0.332340
3.100000  73.254500  0.927017
3.200000  72.362500  2.614174
3.300000  72.750000  2.097279
3.400000  72.184500  0.348604
3.500000  73.136500  0.283550
3.600000  72.826500  0.070004
3.700000  72.217500  0.403758
3.800000  71.158000  1.214809
3.900000  72.014000  0.428507
4.000000  72.716500  0.745998
4.100000  72.856000  0.487904
4.200000  72.596500  1.759989
4.300000  72.057000  0.353553
4.400000  72.471000  0.227688
4.500000  72.168000  0.651952
4.600000  72.268500  1.003385
4.700000  72.966000  0.791960
4.800000  72.443000  0.644881
4.900000  72.142500  0.071418
5.000000  71.158500  0.826608
5.100000  71.670500  0.277893
5.200000  72.752000  1.378858
5.300000  71.701000  2.798729
5.400000  71.644000  0.567100
5.500000  72.339500  0.105359
5.600000  72.304000  0.140007
5.700000  72.792000  1.183697
5.800000  71.058500  0.467398
5.900000  72.288500  0.000707
6.000000  72.773000  0.275772
6.100000  72.557000  1.378858
6.200000  71.816000  0.502046
6.300000  71.006000  1.452397
6.400000  72.016500  0.354260
6.500000  71.896500  0.317491
6.600000  72.626000  1.445326
6.700000  72.182500  0.372645
6.800000  72.438500  0.743169
6.900000  71.137000  0.241831
7.000000  71.930000  0.824487
7.100000  70.599000  0.374767
7.200000  72.086500  0.840750
7.300000  71.990500  1.587455
7.400000  71.937500  2.546292
7.500000  72.252000  1.013991
7.600000  72.431000  2.093036
7.700000  71.921500  0.572049
7.800000  72.183500  2.100814
7.900000  71.892000  1.069145
8.000000  72.712500  1.550685
8.100000  71.547000  0.492146
8.200000  72.628500  1.358352
8.300000  71.883000  1.612203
8.400000  71.613000  0.124451
8.500000  71.314500  1.014698
8.600000  71.539500  0.738927
8.700000  72.643000  1.192182
8.800000  71.681000  1.419870
8.900000  72.263000  1.028133
9.000000  72.590000  0.108894
9.100000  72.314500  1.078338
9.200000  71.580000  0.987121
9.300000  70.740000  1.746554
9.400000  71.641000  2.319310
9.500000  71.263000  0.941866
9.600000  71.969500  0.183141
9.700000  71.226000  0.104652
9.800000  72.203500  0.089803
9.900000  72.385500  0.449013
10.000000  72.433000  1.326532
10.100000  71.909000  1.322290
10.200000  70.985500  1.067024
10.300000  72.184500  1.669479
10.400000  71.968000  0.670337
10.500000  72.290500  1.569070
10.600000  72.400500  0.010607
10.700000  70.600500  0.907218
10.800000  70.886000  0.510531
10.900000  70.491500  0.543765
11.000000  71.041500  1.089652
11.100000  70.259000  0.360624
11.200000  71.281500  0.225567
11.300000  70.816500  1.318754
11.400000  71.607000  0.377595
11.500000  71.764500  0.522552
11.600000  71.002500  1.846256
11.700000  71.321000  0.864084
11.800000  71.256000  0.164049
11.900000  70.573500  1.443205
12.000000  72.352000  0.999849
12.100000  71.559000  2.368808
12.200000  70.713500  0.839336
12.300000  71.249500  1.147634
12.400000  71.504500  1.143392
12.500000  71.333000  0.673166
12.600000  71.207500  0.003536
12.700000  71.119500  0.480126
12.800000  70.562000  0.759433
12.900000  70.697000  0.922067
13.000000  71.942000  0.193747
13.100000  71.261500  0.693672
13.200000  70.653000  0.427092
13.300000  70.872000  0.835800
13.400000  71.427000  1.588162
13.500000  69.919500  0.665387
13.600000  71.462000  0.415779
13.700000  71.416000  0.960251
13.800000  71.558000  0.197990
13.900000  71.326000  0.804688
14.000000  71.775000  0.939038
14.100000  71.483500  0.509824
14.200000  70.883500  1.096723
14.300000  71.964500  1.067024
14.400000  71.085500  0.231224
14.500000  72.661500  0.813880
14.600000  71.344000  1.818679
14.700000  72.184000  0.247487
14.800000  71.029000  0.545886
14.900000  71.172500  1.673722
15.000000  71.086500  0.115258
15.100000  70.972000  0.205061
15.200000  70.778000  1.411385
15.300000  71.644500  0.194454
15.400000  70.702000  0.684479
15.500000  69.856500  1.675136
15.600000  71.714500  0.187383
15.700000  71.538500  0.439113
15.800000  71.864500  1.067024
15.900000  72.137500  0.645588
16.000000  71.478000  2.445175
16.100000  72.113500  0.317491
16.200000  71.954500  0.330219
16.300000  71.875000  0.098995
16.400000  71.437500  1.318754
16.500000  71.347500  0.147785
16.600000  72.279000  1.062074
16.700000  72.794500  1.324411
16.800000  72.417000  1.299662
16.900000  72.156000  1.592404
17.000000  72.199500  0.243952
17.100000  72.237000  1.671600
17.200000  73.052000  1.480682
17.300000  72.846000  1.153998
17.400000  71.803000  1.657458
17.500000  71.042000  0.660438
17.600000  71.097500  1.137735
17.700000  72.231500  0.023335
17.800000  71.482500  0.825194
17.900000  71.857500  1.584626
18.000000  72.658000  1.040861
18.100000  71.837000  2.343352
18.200000  72.600000  0.780646
18.300000  71.840500  1.003385
18.400000  71.728500  0.697914
18.500000  72.290000  1.441084
18.600000  71.833000  0.408708
18.700000  70.645000  0.779232
18.800000  72.568000  0.940452
18.900000  73.035000  2.354666
19.000000  71.997000  0.084853
19.100000  70.904500  1.776959
19.200000  72.115500  0.825194
19.300000  71.205000  0.835800
19.400000  71.435500  0.778525
19.500000  71.945500  2.058388
19.600000  71.372500  1.345624
19.700000  72.100000  2.749231
19.800000  72.869500  2.335574
19.900000  73.068000  0.182434
20.000000  73.139000  0.899440
20.100000  73.108500  0.740341
20.200000  72.901000  2.250014
20.300000  73.058500  0.085560
20.400000  72.216500  0.272236
20.500000  72.142500  0.668216
20.600000  71.462500  1.448862
20.700000  71.565500  0.745998
20.800000  70.710500  0.113844
20.900000  71.341000  2.018083
21.000000  70.179000  1.299662
21.100000  71.445500  0.450427
21.200000  71.751000  1.376030
21.300000  71.600500  1.372494
21.400000  71.847000  1.940301
21.500000  71.277000  0.613769
21.600000  71.580500  0.248194
21.700000  71.412000  2.518714
21.800000  72.256500  1.151877
21.900000  71.544000  0.707107
22.000000  72.734500  0.542351
22.100000  71.909500  1.347038
22.200000  71.083000  0.808930
22.300000  72.845500  0.378302
22.400000  71.943000  0.916410
22.500000  71.872500  0.627204
22.600000  70.873500  0.306177
22.700000  72.282500  0.212839
22.800000  71.887000  0.982878
22.900000  72.187000  0.528916
23.000000  73.098000  1.828578
23.100000  72.175500  0.006364
23.200000  72.277500  0.552250
23.300000  72.550000  0.042426
23.400000  71.801500  1.868883
23.500000  71.695500  0.512652
23.600000  71.869000  1.112986
23.700000  71.404500  0.048790
23.800000  71.127000  0.018385
23.900000  72.696000  0.292742
24.000000  72.352000  1.279863
24.100000  71.859500  1.115107
24.200000  72.323000  0.043841
24.300000  72.300000  1.144099
24.400000  71.490000  0.544472
24.500000  72.814500  0.652660
24.600000  71.490000  1.277035
24.700000  71.901000  0.455377
24.800000  71.653000  0.118794
24.900000  71.894000  0.014142
25.000000  71.753500  0.617304
25.100000  74.212000  0.062225
25.200000  73.067000  0.113137
25.300000  72.200500  1.059953
25.400000  73.783500  0.829436
25.500000  72.832000  0.470933
25.600000  72.538500  0.934088
25.700000  71.809000  0.606698
25.800000  71.695500  1.317340
25.900000  72.713000  0.060811
26.000000  72.617500  0.143543
26.100000  72.056500  0.269408
26.200000  72.465000  0.325269
26.300000  73.009000  0.410122
26.400000  72.047500  0.279307
26.500000  71.839500  0.249609
26.600000  72.988500  0.267993
26.700000  73.421000  1.245922
26.800000  73.381000  1.260064
26.900000  72.342000  0.250316
27.000000  73.569000  1.002677
27.100000  71.904000  1.557049
27.200000  72.986500  0.232638
27.300000  71.420000  0.717006
27.400000  72.737000  0.675994
27.500000  72.948500  0.818123
27.600000  72.653000  0.895197
27.700000  72.566000  0.222032
27.800000  73.377000  1.066317
27.900000  72.071500  0.638517
28.000000  72.345000  0.120208
28.100000  72.320000  0.258801
28.200000  72.878500  0.753069
28.300000  72.278000  0.999849
28.400000  72.817500  2.240821
28.500000  72.742000  0.987121
28.600000  73.014000  1.155412
28.700000  71.153000  0.698621
28.800000  72.395500  0.091217
28.900000  71.949000  0.462448
29.000000  72.669000  0.253144
29.100000  71.287000  0.173948
29.200000  71.776000  0.479418
29.300000  72.892500  0.419314
29.400000  72.307500  0.447599
29.500000  72.256000  1.409971
29.600000  71.488000  0.188090
29.700000  72.484500  1.710491
29.800000  71.980500  0.403758
29.900000  72.024000  0.728320
30.000000  72.289500  0.471640
30.100000  71.738000  0.045255
30.200000  71.838000  0.719835
30.300000  72.413500  1.867469
30.400000  71.595000  0.596798
30.500000  72.933500  1.383808
30.600000  71.489500  0.226981
30.700000  72.655000  0.504874
30.800000  71.522000  0.165463
30.900000  72.886500  0.173241
31.000000  73.139000  1.316633
31.100000  71.627000  0.578413
31.200000  72.306500  0.949644
31.300000  73.468000  0.651952
31.400000  72.593000  0.963079
31.500000  73.055000  0.453963
31.600000  72.572000  1.534422
31.700000  72.172000  0.278600
31.800000  72.146000  0.343654
31.900000  72.137000  0.175362
32.000000  71.929000  0.395980
32.100000  72.383000  1.441084
32.200000  71.651500  0.566393
32.300000  72.149000  0.156978
32.400000  73.007000  0.210718
32.500000  71.834000  1.185111
32.600000  71.492000  0.825901
32.700000  71.916500  1.421992
32.800000  71.543000  0.475176
32.900000  71.283000  0.094752
33.000000  72.676000  0.373352
33.100000  71.999000  0.469519
33.200000  73.538000  0.206475
33.300000  73.343500  1.550685
33.400000  71.354500  0.874691
33.500000  72.480500  1.897167
33.600000  72.669500  0.012021
33.700000  72.096500  1.656751
33.800000  72.383000  1.330775
33.900000  72.155500  0.871863
34.000000  71.058500  0.299106
34.100000  72.732000  0.149907
34.200000  72.591500  1.224002
34.300000  71.637000  0.766504
34.400000  72.849500  0.710642
34.500000  72.811500  1.300369
34.600000  73.647000  1.549978
34.700000  71.893500  0.943988
34.800000  73.002000  0.462448
34.900000  72.005500  1.635538
35.000000  73.209500  1.069853
35.100000  73.198500  0.270822
35.200000  72.635000  0.711349
35.300000  71.486500  0.888833
35.400000  73.359500  0.051619
35.500000  73.101500  0.012021
35.600000  72.077000  0.991364
35.700000  73.072500  3.182688
35.800000  72.858500  0.577706
35.900000  72.827000  0.837214
36.000000  71.286500  0.221324
36.100000  72.800000  1.309562
36.200000  71.912500  0.038891
36.300000  72.405000  0.640639
36.400000  72.147500  1.619982
36.500000  72.137500  0.785596
36.600000  72.970500  1.470075
36.700000  73.531000  2.052024
36.800000  72.884000  1.295420
36.900000  71.077000  0.195161
37.000000  72.429500  0.440528
37.100000  72.403500  0.105359
37.200000  72.111500  0.201525
37.300000  72.293000  0.461034
37.400000  72.632000  0.448306
37.500000  74.210500  1.257943
37.600000  73.155500  3.290168
37.700000  71.938500  0.624375
37.800000  72.733500  0.750240
37.900000  71.500500  0.300520
38.000000  72.066000  0.394566
38.100000  72.196500  2.581647
38.200000  71.979000  1.153998
38.300000  72.138000  0.732563
38.400000  72.798000  0.664680
38.500000  72.325000  0.379009
38.600000  71.573000  0.964494
38.700000  72.031500  1.069853
38.800000  72.637000  0.313955
38.900000  71.702500  0.130815
39.000000  71.739000  0.347897
39.100000  72.789000  0.200818
39.200000  73.547000  0.340825
39.300000  72.335000  0.690136
39.400000  72.103500  0.518309
39.500000  71.504500  0.465983
39.600000  73.262000  2.702562
39.700000  71.740500  1.037326
39.800000  72.295000  2.367394
39.900000  73.192500  1.875954
40.000000  72.489500  1.656751
40.100000  72.295000  0.452548
40.200000  71.001000  0.538815
40.300000  71.217000  0.101823
40.400000  73.224500  0.751655
40.500000  72.927000  0.790545
40.600000  70.920500  1.224002
40.700000  71.121000  2.235872
40.800000  71.826000  0.093338
40.900000  72.394500  0.146371
41.000000  71.795000  1.262893
41.100000  72.105000  0.889540
41.200000  72.067500  1.253700
41.300000  73.065500  0.188798
41.400000  73.171000  0.462448
41.500000  72.235500  0.079903
41.600000  72.027000  1.093187
41.700000  71.732000  1.063489
41.800000  72.681000  0.936209
41.900000  73.323000  1.091773
42.000000  73.574000  1.411385
42.100000  72.329000  0.912168
42.200000  73.225000  3.003790
42.300000  72.756000  1.722512
42.400000  72.099000  0.377595
42.500000  72.929500  1.037326
42.600000  73.323500  0.782767
42.700000  73.816000  0.782060
42.800000  73.056500  1.026012
42.900000  72.256500  1.395122
43.000000  73.498500  1.433305
43.100000  71.848000  0.387495
43.200000  72.442500  1.112279
43.300000  72.404500  0.270822
43.400000  72.430500  1.624224
43.500000  72.219500  0.936916
43.600000  71.704500  1.161776
43.700000  71.346500  0.548008
43.800000  71.655500  2.059802
43.900000  71.601000  1.079045
44.000000  72.342500  1.627053
44.100000  72.786000  0.777817
44.200000  72.809500  1.420578
44.300000  73.070000  2.115663
44.400000  71.355000  0.258801
44.500000  72.604500  0.751655
44.600000  71.569500  0.952473
44.700000  71.256500  1.427649
44.800000  72.637000  1.400071
44.900000  72.053000  0.503460
45.000000  72.990500  2.032932
45.100000  72.113500  0.037477
45.200000  73.285500  0.465983
45.300000  72.008500  0.190212
45.400000  73.579000  0.830143
45.500000  73.920000  1.144099
45.600000  72.195500  1.175919
45.700000  72.905500  2.506694
45.800000  71.317500  1.204203
45.900000  71.689500  0.419314
46.000000  72.116000  2.175060
46.100000  72.175500  2.138998
46.200000  72.733500  1.653923
46.300000  72.113000  0.101823
46.400000  72.857500  1.083995
46.500000  72.836500  0.648417
46.600000  73.046000  2.438104
46.700000  72.486500  1.464418
46.800000  72.257500  0.272236
46.900000  71.939500  0.518309
47.000000  72.194000  1.378858
47.100000  73.628500  2.666500
47.200000  73.334000  0.076368
47.300000  73.635500  1.444619
47.400000  73.583500  0.622961
47.500000  72.983000  1.489167
47.600000  73.344000  1.796051
47.700000  72.549500  3.078036
47.800000  71.882000  3.355929
47.900000  72.552000  3.447853
48.000000  71.979500  1.989091
48.100000  73.173000  1.773424
48.200000  73.842500  1.187232
48.300000  73.187000  0.562857
48.400000  73.084000  1.422699
48.500000  72.910000  0.415779
48.600000  72.923500  0.362746
48.700000  72.768500  0.245366
48.800000  71.994000  3.051873
48.900000  72.867500  0.180312
49.000000  73.140500  0.095459
49.100000  72.553000  1.636245
49.200000  72.950000  0.469519
49.300000  72.128500  2.970556
49.400000  72.670500  0.929845
49.500000  73.775500  1.566242
49.600000  72.834500  0.983586
49.700000  72.310000  0.907925
49.800000  72.567500  0.745998
49.900000  73.372500  1.833528
50.000000  72.044000  1.144099
50.100000  71.108000  0.166877
50.200000  71.184000  1.564120
50.300000  71.088000  1.494824
50.400000  72.029000  1.419870
50.500000  71.296000  1.224709
50.600000  71.901000  0.432749
50.700000  71.642000  2.364565
50.800000  71.372000  2.003941
50.900000  71.169500  0.915703
51.000000  71.909500  2.246478
51.100000  72.327000  0.612354
51.200000  72.798500  1.187232
51.300000  72.356500  0.813880
51.400000  72.449000  1.790394
51.500000  73.397500  0.710642
51.600000  71.888500  0.359917
51.700000  71.762000  0.827315
51.800000  71.951500  0.689429
51.900000  72.111000  0.411536
52.000000  71.434500  1.982020
52.100000  73.349500  1.359766
52.200000  71.714000  0.670337
52.300000  72.068500  1.553514
52.400000  71.225000  0.721249
52.500000  71.711000  2.264156
52.600000  72.952500  1.267842
52.700000  72.238500  3.215215
52.800000  73.465500  3.109149
52.900000  72.072500  1.324411
53.000000  71.649000  0.660438
53.100000  71.805500  1.481389
53.200000  71.635000  1.923330
53.300000  72.373500  1.221173
53.400000  73.826000  0.591141
53.500000  73.548500  0.949644
53.600000  72.955000  0.564271
53.700000  73.135000  1.518865
53.800000  73.120500  0.299106
53.900000  72.013500  0.161927
54.000000  71.953000  0.280014
54.100000  73.117500  1.297541
54.200000  72.589000  1.066317
54.300000  72.294000  1.504723
54.400000  72.277000  2.156676
54.500000  71.667500  2.140412
54.600000  73.384500  0.449013
54.700000  71.488000  0.818830
54.800000  71.876500  0.361332
54.900000  71.617000  0.234759
55.000000  71.852000  0.663266
55.100000  72.557000  2.187788
55.200000  72.720000  1.831407
55.300000  73.576500  1.062781
55.400000  71.911500  1.454519
55.500000  71.883500  1.365423
55.600000  72.152000  0.814587
55.700000  71.652500  1.166019
55.800000  71.459000  0.323855
55.900000  72.383000  0.717006
56.000000  72.953500  1.573313
56.100000  72.409500  0.002121
56.200000  72.025500  0.219910
56.300000  72.866500  1.612911
56.400000  73.795000  0.762261
56.500000  72.650500  0.364160
56.600000  72.475000  0.995606
56.700000  72.251000  0.240416
56.800000  72.548000  0.509117
56.900000  71.640500  1.306026
57.000000  72.799500  0.813880
57.100000  72.412000  0.012728
57.200000  73.296500  0.424971
57.300000  72.939000  0.643467
57.400000  73.225500  1.512501
57.500000  72.383000  0.155563
57.600000  73.616500  0.760140
57.700000  73.255000  0.651952
57.800000  73.026000  0.388909
57.900000  71.762000  0.282843
58.000000  72.970000  2.117078
58.100000  72.172500  0.369817
58.200000  72.578500  2.160211
58.300000  71.442000  0.453963
58.400000  72.404500  0.084146
58.500000  72.656500  0.221324
58.600000  71.818500  0.094045
58.700000  72.674000  0.296985
58.800000  71.884500  0.364160
58.900000  72.597000  0.066468
59.000000  72.553500  0.427800
59.100000  72.383000  0.667509
59.200000  72.832500  1.127835
59.300000  73.338500  1.067024
59.400000  72.307000  0.288500
59.500000  73.000500  0.792667
59.600000  73.731000  1.588162
59.700000  75.152000  0.147078
59.800000  72.788500  1.103794
59.900000  72.688000  0.820244
60.000000  73.581500  0.347189
60.100000  72.514000  1.958686
60.200000  73.554000  0.668923
60.300000  73.661500  0.610233
60.400000  72.142000  0.572756
60.500000  72.540000  0.124451
60.600000  73.734500  0.303349
60.700000  71.939000  1.612203
60.800000  73.832500  0.506996
60.900000  74.536000  2.238700
61.000000  73.273000  2.288198
61.100000  73.544500  0.429214
61.200000  74.721500  2.262035
61.300000  73.037000  1.639074
61.400000  74.981500  2.474167
61.500000  74.066000  0.154149
61.600000  73.369000  0.240416
61.700000  74.457000  0.487904
61.800000  73.411500  1.755746
61.900000  73.317000  1.927573
62.000000  72.335000  1.938887
62.100000  72.500500  1.467247
62.200000  72.510000  0.948937
62.300000  72.332500  0.492853
62.400000  72.708500  0.699329
62.500000  72.594000  0.533159
62.600000  73.444000  0.152735
62.700000  72.833000  1.265721
62.800000  71.408500  0.381131
62.900000  72.588000  2.199102
63.000000  74.318500  1.245215
63.100000  72.666500  1.628467
63.200000  73.162000  0.719835
63.300000  73.977000  0.548715
63.400000  73.441000  1.541493
63.500000  74.292000  0.263044
63.600000  72.875500  0.456084
63.700000  72.814000  0.025456
63.800000  72.032000  1.514623
63.900000  71.762000  0.048083
64.000000  72.512000  0.254558
64.100000  71.057000  0.773575
64.200000  71.918000  0.724077
64.300000  70.966500  0.272236
64.400000  71.034000  0.612354
64.500000  72.447500  0.009192
64.600000  72.417500  1.721805
64.700000  71.857000  0.424264
64.800000  71.888000  1.535836
64.900000  72.466500  1.694935
65.000000  71.449500  0.038891
65.100000  72.064500  0.276479
65.200000  71.613500  0.842164
65.300000  71.352500  1.751503
65.400000  71.303500  2.254964
65.500000  73.091000  1.784738
65.600000  72.813500  0.586192
65.700000  72.140500  0.682358
65.800000  72.142000  0.357796
65.900000  73.133000  0.202233
66.000000  73.058000  0.448306
66.100000  71.295500  0.232638
66.200000  72.962000  0.544472
66.300000  72.943500  0.376888
66.400000  72.712000  0.024042
66.500000  72.956000  0.258801
66.600000  72.530500  0.498510
66.700000  72.024500  1.010456
66.800000  72.099500  0.900147
66.900000  71.755500  0.446184
67.000000  72.354500  0.731856
67.100000  72.769500  0.688015
67.200000  72.721000  0.049497
67.300000  71.723500  2.211123
67.400000  73.214000  2.524371
67.500000  72.317500  1.817972
67.600000  72.626000  1.664529
67.700000  72.766500  1.058539
67.800000  73.252000  1.906360
67.900000  72.455000  2.599325
68.000000  72.304500  2.314360
68.100000  72.830000  1.510380
68.200000  72.845500  2.631144
68.300000  72.273500  3.352393
68.400000  73.641000  1.831407
68.500000  73.265000  2.183546
68.600000  73.025500  2.542049
68.700000  72.532000  2.753474
68.800000  73.196000  1.909188
68.900000  73.465500  0.224153
69.000000  73.517000  0.584070
69.100000  71.456000  0.306884
69.200000  73.161000  0.295571
69.300000  72.549000  1.250165
69.400000  72.141500  1.150463
69.500000  72.595500  1.598768
69.600000  72.092000  1.473611
69.700000  72.850500  0.263751
69.800000  72.363500  1.103794
69.900000  72.610500  1.126421
70.000000  71.563000  0.233345
70.100000  72.304000  1.394415
70.200000  72.289500  1.709077
70.300000  72.812500  0.737512
70.400000  73.016000  0.616597
70.500000  73.271000  1.247336
70.600000  71.696000  0.458205
70.700000  73.216500  0.697914
70.800000  71.053500  1.311683
70.900000  72.318000  1.841306
71.000000  73.357000  1.476439
71.100000  73.780500  0.163342
71.200000  73.812500  0.084146
71.300000  72.201500  0.784181
71.400000  72.036500  0.553665
71.500000  71.412500  0.591848
71.600000  73.084500  1.260771
71.700000  73.086000  0.029698
71.800000  72.347000  0.429921
71.900000  71.736000  0.534573
72.000000  72.176000  0.036770
72.100000  71.949000  1.306733
72.200000  72.113000  1.100258
72.300000  73.103500  0.331633
72.400000  72.555500  2.004648
72.500000  72.693000  0.308299
72.600000  73.514500  0.079903
72.700000  72.078000  1.364716
72.800000  72.830000  1.452397
72.900000  72.695500  0.009192
73.000000  72.355000  1.431184
73.100000  72.305500  1.399364
73.200000  72.027500  0.185969
73.300000  73.293000  1.056418
73.400000  73.311000  0.735391
73.500000  73.176000  0.978636
73.600000  73.157000  0.072125
73.700000  72.565500  0.610233
73.800000  71.923000  0.858428
73.900000  72.806000  1.612203
74.000000  71.342000  1.343503
74.100000  71.311000  0.301227
74.200000  72.137500  0.730441
74.300000  72.635500  1.378151
74.400000  72.712000  1.185111
74.500000  71.363500  1.317340
74.600000  72.681000  0.806102
74.700000  72.331500  1.731705
74.800000  73.467000  2.030811
74.900000  72.295000  0.879641
75.000000  72.575500  0.927017
75.100000  73.038500  2.411941
75.200000  74.213500  3.284511
75.300000  72.677500  1.226830
75.400000  72.431500  0.905804
75.500000  72.533500  0.515481
75.600000  72.528000  1.108743
75.700000  72.446000  1.359059
75.800000  72.534000  0.479418
75.900000  71.843000  1.342089
76.000000  72.667500  1.086823
76.100000  72.415000  1.914845
76.200000  73.280000  0.707107
76.300000  71.965500  0.791252
76.400000  72.379500  0.536694
76.500000  72.947500  0.829436
76.600000  71.809500  1.187232
76.700000  73.229000  1.797465
76.800000  71.863000  0.865499
76.900000  72.471000  0.181019
77.000000  71.961500  1.149049
77.100000  72.330500  0.267993
77.200000  71.810500  0.255266
77.300000  71.961000  1.636245
77.400000  71.143500  0.987828
77.500000  71.808000  1.503309
77.600000  72.490000  0.810344
77.700000  72.816500  0.842164
77.800000  74.085000  0.130108
77.900000  72.352500  0.328805
78.000000  72.748000  0.001414
78.100000  73.274000  0.188090
78.200000  71.720000  0.879641
78.300000  72.254500  0.265165
78.400000  72.878500  0.748826
78.500000  72.073000  0.223446
78.600000  71.973000  0.407294
78.700000  73.781000  0.281428
78.800000  72.267000  0.869741
78.900000  73.122000  1.753625
79.000000  72.156000  0.666095
79.100000  72.607000  0.774989
79.200000  71.978500  1.421992
79.300000  73.844500  0.111016
79.400000  72.901000  1.057832
79.500000  73.248000  0.875398
79.600000  73.088000  0.895197
79.700000  72.237000  0.291328
79.800000  71.503000  0.506288
79.900000  72.940000  0.688722
80.000000  71.678000  0.022627
80.100000  72.030000  1.055003
80.200000  73.136500  1.987677
80.300000  72.045000  0.390323
80.400000  71.454000  0.374767
80.500000  71.139000  0.087681
80.600000  72.321500  0.321734
80.700000  71.671500  0.031820
80.800000  71.979000  1.086116
80.900000  72.679500  1.799587
81.000000  71.600000  0.244659
81.100000  71.213500  0.963787
81.200000  72.571500  0.494268
81.300000  71.638000  1.678671
81.400000  73.195500  1.501188
81.500000  72.271500  0.569221
81.600000  73.602000  1.045104
81.700000  74.597500  0.072832
81.800000  72.876000  0.258801
81.900000  71.108500  0.877520
82.000000  71.726500  0.170413
82.100000  72.048500  0.106773
82.200000  72.721000  0.048083
82.300000  72.138500  0.217082
82.400000  72.496500  0.208597
82.500000  71.848000  0.806102
82.600000  71.821500  0.341533
82.700000  72.700000  0.479418
82.800000  72.954000  0.487904
82.900000  72.172500  2.233750
83.000000  72.281500  2.129099
83.100000  73.008500  2.092329
83.200000  73.030500  1.941008
83.300000  72.680000  2.126977
83.400000  72.032500  0.874691
83.500000  73.467000  0.154149
83.600000  73.324500  0.023335
83.700000  72.685000  1.575434
83.800000  73.462500  1.368252
83.900000  71.944500  1.151877
84.000000  72.750500  0.221324
84.100000  72.449000  0.220617
84.200000  71.943000  0.755190
84.300000  72.771500  0.666802
84.400000  72.706000  2.037882
84.500000  73.620000  1.695642
84.600000  73.088500  0.685186
84.700000  70.812000  0.760847
84.800000  73.312500  2.202638
84.900000  73.765000  0.741048
85.000000  71.079500  2.052731
85.100000  71.946000  1.117229
85.200000  71.774500  0.024749
85.300000  72.295000  0.318198
85.400000  73.378000  0.930553
85.500000  72.532500  1.482803
85.600000  72.370500  1.151877
85.700000  72.413000  0.422850
85.800000  72.047000  1.110158
85.900000  72.550000  2.535685
86.000000  71.142500  0.730441
86.100000  72.274500  1.296127
86.200000  73.508000  1.851206
86.300000  71.986000  0.101823
86.400000  72.492000  0.660438
86.500000  72.645500  0.562150
86.600000  73.127000  2.976920
86.700000  72.398500  0.355675
86.800000  72.635500  0.132229
86.900000  72.037000  0.330926
87.000000  73.773500  2.632559
87.100000  71.933000  1.545735
87.200000  71.809500  2.051317
87.300000  72.276500  1.108036
87.400000  71.477500  1.202789
87.500000  71.359000  1.448155
87.600000  73.075000  2.597910
87.700000  71.887000  0.588313
87.800000  71.609500  1.287641
87.900000  72.474500  0.682358
88.000000  72.184000  0.592555
88.100000  73.016500  1.540786
88.200000  72.522500  2.097986
88.300000  71.298500  1.687864
88.400000  73.005500  1.472903
88.500000  71.730000  0.872570
88.600000  72.442000  1.165312
88.700000  72.862500  1.864641
88.800000  73.379000  1.557049
88.900000  71.747000  0.390323
89.000000  71.932500  0.859135
89.100000  72.545000  0.797616
89.200000  72.283000  1.504723
89.300000  72.240500  0.652660
89.400000  71.856500  0.180312
89.500000  71.963000  0.148492
89.600000  72.519000  3.719382
89.700000  73.449500  0.420729
89.800000  72.316500  1.584626
89.900000  72.035500  1.535129
90.000000  71.299500  3.085107
90.100000  71.496500  0.027577
90.200000  73.634500  2.846105
90.300000  72.762500  1.088237
90.400000  73.166000  0.586899
90.500000  71.813000  0.931967
90.600000  72.669000  1.380272
90.700000  72.175500  1.451690
90.800000  72.868000  0.755190
90.900000  71.466000  0.178191
91.000000  72.854000  1.059246
91.100000  71.944500  2.293147
91.200000  72.563000  0.640639
91.300000  72.302000  0.593970
91.400000  71.805000  1.378858
91.500000  73.048500  0.296278
91.600000  72.075000  0.330926
91.700000  71.677500  0.095459
91.800000  72.406500  1.315926
91.900000  73.100000  0.291328
92.000000  72.929000  0.230517
92.100000  72.371500  1.327239
92.200000  72.565000  0.175362
92.300000  72.307500  0.178898
92.400000  71.226500  1.670893
92.500000  72.241000  2.036468
92.600000  72.778000  1.340674
92.700000  71.150500  0.072832
92.800000  71.602500  0.402344
92.900000  71.378000  0.442649
93.000000  72.535500  1.085409
93.100000  72.152000  0.349311
93.200000  72.506000  0.864084
93.300000  72.521000  0.674580
93.400000  72.824000  0.108894
93.500000  72.038500  1.590283
93.600000  72.886000  1.640488
93.700000  71.413500  0.801152
93.800000  71.270000  1.197839
93.900000  71.079500  0.669630
94.000000  71.597000  0.231931
94.100000  71.348000  0.227688
94.200000  72.223500  1.081166
94.300000  71.617000  2.873682
94.400000  71.657000  1.129957
94.500000  71.203000  2.254256
94.600000  72.168500  0.045962
94.700000  71.337500  0.481540
94.800000  72.523000  1.141270
94.900000  72.507000  0.864084
95.000000  71.663500  1.134906
95.100000  71.780000  0.588313
95.200000  72.049000  0.453963
95.300000  71.737000  0.680237
95.400000  71.628500  0.150614
95.500000  71.880500  0.058690
95.600000  73.019000  0.381838
95.700000  71.617000  0.777817
95.800000  73.521500  0.294864
95.900000  71.521000  1.023891
96.000000  72.063500  1.402193
96.100000  72.431500  0.613062
96.200000  72.880000  0.397394
96.300000  73.120000  1.808779
96.400000  72.204500  0.717713
96.500000  72.601000  0.015556
96.600000  72.356500  0.034648
96.700000  73.084500  0.208597
96.800000  71.672500  0.320319
96.900000  71.961500  0.095459
97.000000  72.052000  1.182283
97.100000  71.799000  1.689985
97.200000  71.873000  1.207738
97.300000  71.931000  2.146776
97.400000  72.774000  1.846963
97.500000  71.634000  0.636396
97.600000  72.640500  0.641346
97.700000  72.644000  0.390323
97.800000  72.125500  0.371231
97.900000  73.045000  1.531593
98.000000  71.473500  1.494117
98.100000  73.580000  1.453812
98.200000  71.713000  0.690136
98.300000  72.223000  0.176777
98.400000  71.460000  0.424264
98.500000  72.576500  0.900147
98.600000  71.021000  0.172534
98.700000  71.109500  0.627204
98.800000  70.821000  0.250316
98.900000  72.497500  0.282136
99.000000  71.972000  2.542756
99.100000  72.527000  0.115966
99.200000  73.206000  0.096167
99.300000  72.251500  0.146371
99.400000  71.205000  0.571342
99.500000  71.642000  0.377595
99.600000  73.057000  1.421285
99.700000  71.862000  1.622103
99.800000  72.159500  0.719128
99.900000  72.880500  1.372494
100.000000  71.799000  0.121622
100.100000  71.649500  1.303198
100.200000  71.918000  2.554070
100.300000  72.987500  0.494268
100.400000  72.144500  0.074246
100.500000  71.782000  1.852620
100.600000  70.647500  0.910046
100.700000  72.064500  0.026163
100.800000  72.599500  0.782767
100.900000  72.475500  0.419314
101.000000  72.868500  0.007778
101.100000  72.703000  0.148492
101.200000  72.530500  0.996313
101.300000  72.701500  0.567807
101.400000  71.903500  2.502451
101.500000  71.929500  0.231224
101.600000  72.547500  1.106622
101.700000  71.771500  1.703420
101.800000  73.066000  0.022627
101.900000  71.750500  0.682358
102.000000  71.140500  1.567656
102.100000  71.675000  0.125865
102.200000  71.306000  1.458054
102.300000  70.809000  0.376181
102.400000  72.037500  0.941159
102.500000  71.046500  0.709228
102.600000  72.557000  2.320724
102.700000  73.146000  1.077631
102.800000  72.553500  0.665387
102.900000  73.017000  0.063640
103.000000  73.038000  0.415779
103.100000  72.050000  0.094752
103.200000  71.985000  0.814587
103.300000  72.221000  1.596647
103.400000  72.173000  0.868327
103.500000  72.617000  1.145513
103.600000  72.208000  0.623668
103.700000  71.804500  0.931260
103.800000  72.307500  0.605991
103.900000  72.047500  1.146220
104.000000  72.734000  0.111723
104.100000  73.291000  0.900854
104.200000  72.700500  0.306177
104.300000  72.846500  0.788424
104.400000  74.262500  1.045811
104.500000  72.289500  0.671044
104.600000  72.291500  0.437699
104.700000  72.713500  1.405021
104.800000  72.161000  0.578413
104.900000  73.071500  1.686450
105.000000  74.192500  0.656902
105.100000  72.820000  0.476590
105.200000  72.284000  0.197990
105.300000  72.951000  0.813173
105.400000  72.326500  0.099702
105.500000  72.443000  1.271378
105.600000  73.073500  0.427800
105.700000  72.375500  0.122329
105.800000  72.090500  0.733270
105.900000  71.771000  0.386080
106.000000  72.640500  0.422143
106.100000  72.596500  0.828022
106.200000  71.950000  1.186525
106.300000  71.054500  0.668216
106.400000  72.520000  0.601041
106.500000  72.021000  0.824487
106.600000  73.024000  0.745291
106.700000  72.339500  0.371231
106.800000  72.686000  0.391737
106.900000  72.417000  1.318047
107.000000  72.686000  0.019799
107.100000  72.447000  3.181981
107.200000  71.173500  0.341533
107.300000  71.867500  0.509824
107.400000  72.388000  0.755190
107.500000  72.523000  0.961665
107.600000  71.856000  0.521845
107.700000  72.302000  1.432598
107.800000  72.539500  1.765646
107.900000  71.609500  0.480126
108.000000  71.729000  1.296834
108.100000  72.403000  1.825750
108.200000  72.179000  0.478004
108.300000  71.611000  0.267286
108.400000  72.124500  1.139149
108.500000  73.097500  0.449013
108.600000  72.323500  1.170262
108.700000  73.144500  0.615890
108.800000  73.845000  0.708521
108.900000  71.905000  0.412950
109.000000  73.168000  1.590990
109.100000  71.499000  0.576999
109.200000  72.622500  0.959544
109.300000  71.750500  0.747412
109.400000  72.247000  0.547301
109.500000  71.915500  0.918532
109.600000  72.937500  1.410678
109.700000  72.339000  0.555786
109.800000  72.588500  1.789687
109.900000  72.607000  1.613618
110.000000  71.970000  1.357645
110.100000  71.485500  0.419314
110.200000  72.725000  0.357796
110.300000  73.034000  0.582656
110.400000  72.848500  0.883176
110.500000  72.527500  2.270520
110.600000  73.197000  0.530330
110.700000  72.701500  0.577706
110.800000  72.798000  0.575585
110.900000  71.348000  0.114551
111.000000  71.974000  0.087681
111.100000  72.053500  1.577555
111.200000  71.715500  0.812466
111.300000  72.174500  0.499924
111.400000  71.768500  2.581647
111.500000  71.604500  0.782767
111.600000  71.238000  1.001263
111.700000  72.646500  1.202789
111.800000  72.392000  0.067882
111.900000  72.553500  1.341382
112.000000  72.299500  0.071418
112.100000  72.107000  1.708370
112.200000  72.182500  0.482954
112.300000  72.565500  1.044397
112.400000  72.442000  0.793374
112.500000  72.251500  0.368403
112.600000  72.246000  0.724077
112.700000  70.789000  0.268701
112.800000  72.487000  0.465276
112.900000  71.671000  0.247487
113.000000  72.088000  0.595384
113.100000  71.277500  0.852064
113.200000  71.690500  1.004799
113.300000  72.520000  1.476439
113.400000  72.986000  0.230517
113.500000  72.124000  0.207889
113.600000  72.988500  0.644174
113.700000  71.268000  0.257387
113.800000  72.195500  0.033234
113.900000  72.094000  1.163898
114.000000  72.420000  0.185262
114.100000  72.549000  1.179454
114.200000  72.948500  0.433456
114.300000  72.285000  0.316784
114.400000  72.311500  0.696500
114.500000  72.559000  0.936209
114.600000  72.318500  0.467398
114.700000  72.498000  0.118794
114.800000  72.381000  1.697056
114.900000  72.839500  1.047225
115.000000  71.509000  0.182434
115.100000  71.324000  0.801859
115.200000  71.297500  0.480126
115.300000  70.788500  1.013284
115.400000  73.960500  0.822365
115.500000  71.753000  0.997021
115.600000  73.178500  0.055861
115.700000  72.649500  0.675287
115.800000  73.227500  0.218496
115.900000  72.160500  0.362746
116.000000  72.823500  0.809637
116.100000  71.491500  1.397950
116.200000  71.948000  1.781909
116.300000  72.250000  0.308299
116.400000  72.212500  1.011870
116.500000  71.588000  1.421285
116.600000  72.236500  0.921360
116.700000  72.907000  0.405879
116.800000  73.135000  0.205061
116.900000  71.558000  0.948937
117.000000  72.522500  2.970556
117.100000  73.041500  1.618567
117.200000  73.169000  0.557200
117.300000  72.247000  1.108743
117.400000  71.564000  1.623517
117.500000  72.431500  1.409264
117.600000  72.108000  0.500632
117.700000  71.521500  0.860549
117.800000  72.821000  1.694228
117.900000  71.003500  0.047376
118.000000  71.703500  0.693672
118.100000  72.123500  0.647003
118.200000  72.672000  0.415779
118.300000  72.222500  1.081166
118.400000  71.994000  0.093338
118.500000  71.763500  0.398101
118.600000  71.799500  0.538108
118.700000  72.675000  0.642053
118.800000  71.850500  0.969443
118.900000  70.721500  0.210011
119.000000  72.675000  1.517451
119.100000  71.189000  0.950352
119.200000  71.695000  0.950352
119.300000  71.094000  0.200818
119.400000  71.330500  2.103643
119.500000  72.365500  1.508259
119.600000  72.081000  0.332340
119.700000  73.094000  1.459468
119.800000  72.550500  0.617304
119.900000  72.041000  0.619426
120.000000  73.042000  1.187939
120.100000  72.496500  1.750089
120.200000  72.444500  0.409415
120.300000  72.219500  1.916966
120.400000  71.459000  0.581242
120.500000  72.770500  1.225416
120.600000  72.893000  0.456791
120.700000  73.486500  0.598919
120.800000  72.449500  0.748826
120.900000  72.990000  1.832821
121.000000  71.989000  1.617860
121.100000  72.616500  1.870297
121.200000  73.951000  2.500330
121.300000  73.456000  0.705693
121.400000  71.959000  0.007071
121.500000  72.539500  1.120764
121.600000  72.485500  0.212839
121.700000  72.354000  0.296985
121.800000  72.691500  0.355675
121.900000  72.553500  1.011870
122.000000  73.204000  0.872570
122.100000  72.757500  0.350018
122.200000  72.724000  0.493561
122.300000  72.533000  1.684328
122.400000  71.876000  1.756453
122.500000  71.515000  0.219203
122.600000  72.715000  0.715592
122.700000  73.722500  0.514067
122.800000  71.942000  1.467954
122.900000  70.645500  0.888833
123.000000  73.020000  1.854034
123.100000  72.256500  0.586192
123.200000  71.873500  0.491439
123.300000  71.975500  0.337290
123.400000  72.406500  0.690843
123.500000  73.101000  0.718420
123.600000  72.033500  0.009192
123.700000  72.548000  0.165463
123.800000  72.350000  0.691550
123.900000  71.734500  0.178898
124.000000  71.622000  0.347897
124.100000  73.036500  0.522552
124.200000  71.946500  0.283550
124.300000  71.169500  0.436285
124.400000  72.444500  0.161927
124.500000  72.078500  1.047225
124.600000  71.398000  0.199404
124.700000  72.260000  0.948937
124.800000  72.156500  0.700743
124.900000  73.022000  1.641902
125.000000  73.273500  1.881611
125.100000  72.317000  0.313955
125.200000  73.254500  0.358503
125.300000  71.901500  1.566242
125.400000  71.275000  1.467954
125.500000  73.129000  2.022325
125.600000  71.481500  1.373908
125.700000  71.881000  0.861256
125.800000  73.474000  0.666095
125.900000  72.629000  1.479267
126.000000  73.176000  1.933230
126.100000  72.290500  0.299106
126.200000  72.901000  0.613769
126.300000  73.272500  1.983435
126.400000  71.849000  2.206173
126.500000  72.491000  0.441235
126.600000  72.923000  2.046367
126.700000  72.094500  1.819386
126.800000  71.905000  1.965757
126.900000  73.425000  2.139705
127.000000  73.259500  3.092178
127.100000  73.219500  0.907218
127.200000  73.467500  2.031518
127.300000  73.492500  1.317340
127.400000  72.747500  1.996162
127.500000  72.882000  0.913582
127.600000  73.608500  2.987526
127.700000  74.309000  1.227537
127.800000  73.394500  2.848933
127.900000  74.378500  1.885854
128.000000  74.317500  1.300369
128.100000  74.333000  1.388758
128.200000  73.191500  1.509673
128.300000  72.705500  0.267993
128.400000  73.841500  0.488611
128.500000  73.614500  1.731705
128.600000  71.954000  0.520431
128.700000  72.307000  0.257387
128.800000  73.133000  0.094752
128.900000  73.187500  0.615890
129.000000  73.191000  0.625082
129.100000  73.016000  0.222032
129.200000  71.739000  0.388909
129.300000  73.243000  0.461034
129.400000  72.990000  0.319612
129.500000  71.998000  0.533159
129.600000  72.143000  0.084853
129.700000  71.073500  0.161927
129.800000  71.966000  0.876812
129.900000  72.099500  0.327390
130.000000  70.853000  0.690136
130.100000  72.295500  0.461741
130.200000  71.299500  0.412243
130.300000  71.458000  2.247185
130.400000  72.349000  1.267135
130.500000  71.853000  1.883732
130.600000  73.109500  0.454670
130.700000  72.299500  2.249307
130.800000  72.488000  0.015556
130.900000  72.122000  0.309713
131.000000  72.940000  0.391737
131.100000  71.253000  0.121622
131.200000  72.412000  1.047932
131.300000  71.127500  1.388051
131.400000  72.034000  0.096167
131.500000  72.012500  0.245366
131.600000  71.929000  0.004243
131.700000  72.276500  0.256680
131.800000  72.044000  0.359210
131.900000  70.633000  0.468105
132.000000  72.663500  0.755897
132.100000  72.227000  1.906360
132.200000  70.914500  1.157534
132.300000  71.848000  0.369110
132.400000  71.649000  0.776403
132.500000  72.644500  1.042983
132.600000  72.697500  0.103945
132.700000  72.010000  1.094601
132.800000  72.271000  0.970151
132.900000  71.638500  0.055861
133.000000  72.883000  0.383252
133.100000  72.274500  0.866206
133.200000  72.035500  0.236881
133.300000  72.451000  1.234608
133.400000  71.453000  0.059397
133.500000  72.274000  0.261630
133.600000  71.850000  0.816001
133.700000  73.000000  0.316784
133.800000  71.651500  1.125007
133.900000  72.340500  0.811051
134.000000  73.100500  1.788273
134.100000  73.307000  0.189505
134.200000  73.281000  1.128542
134.300000  72.264000  0.097581
134.400000  73.656500  0.361332
134.500000  74.257500  0.383959
134.600000  74.339000  0.108894
134.700000  72.094500  0.348604
134.800000  72.559000  0.800445
134.900000  72.273500  0.279307
135.000000  72.604500  0.415072
135.100000  71.749500  0.876105
135.200000  72.947500  1.250872
135.300000  72.480500  0.593263
135.400000  72.639000  0.596798
135.500000  73.067500  1.211274
135.600000  73.119500  1.895753
135.700000  71.709500  0.794081
135.800000  72.466000  0.113137
135.900000  71.454000  0.821658
136.000000  72.593000  1.161069
136.100000  72.246500  2.003234
136.200000  72.167500  0.461741
136.300000  71.548000  0.780646
136.400000  72.470500  0.154856
136.500000  71.450000  0.251730
136.600000  72.905000  0.834386
136.700000  73.254000  0.087681
136.800000  71.347500  0.475883
136.900000  71.064500  1.042983
137.000000  71.008000  0.107480
137.100000  71.543500  1.014698
137.200000  71.690500  0.246780
137.300000  72.193000  0.384666
137.400000  73.219000  0.544472
137.500000  73.265500  1.795344
137.600000  72.872500  0.781353
137.700000  73.462500  0.036062
137.800000  72.489000  0.698621
137.900000  73.455500  0.659731
138.000000  72.508000  0.272943
138.100000  71.563000  0.018385
138.200000  71.612000  2.142534
138.300000  72.090500  0.150614
138.400000  73.427500  0.644174
138.500000  72.282000  0.516188
138.600000  71.643000  1.169555
138.700000  72.173500  0.859135
138.800000  73.070000  1.984142
138.900000  72.528000  0.685894
139.000000  72.404000  0.387495
139.100000  73.055500  0.864792
139.200000  74.126000  0.575585
139.300000  72.737000  0.513360
139.400000  73.093500  0.193040
139.500000  73.036500  1.470075
139.600000  72.344500  1.552099
139.700000  72.004000  0.019799
139.800000  73.151000  0.377595
139.900000  72.054500  1.337139
140.000000  72.987000  0.072125
140.100000  73.069500  1.371080
140.200000  74.426500  0.949644
140.300000  73.637500  0.876105
140.400000  72.295500  0.535280
140.500000  73.510000  0.363453
140.600000  72.904000  1.439669
140.700000  72.239000  1.046518
140.800000  71.544500  1.140563
140.900000  72.239500  0.526795
141.000000  71.670500  1.034497
141.100000  71.909000  0.329512
141.200000  72.500000  0.725492
141.300000  72.991500  0.361332
141.400000  72.970500  0.201525
141.500000  73.330000  0.041012
141.600000  72.504500  0.061518
141.700000  71.391500  0.236881
141.800000  72.851000  1.039447
141.900000  73.506500  1.380980
142.000000  72.147500  0.668216
142.100000  73.584500  1.569070
142.200000  71.360500  1.313097
142.300000  72.918000  0.750947
142.400000  73.305000  2.146776
142.500000  72.124500  0.924189
142.600000  72.569500  0.187383
142.700000  72.588500  1.120764
142.800000  73.463000  0.376181
142.900000  72.536000  0.388909
143.000000  72.424000  0.042426
143.100000  72.350000  0.192333
143.200000  73.407000  0.964494
143.300000  73.279000  0.719835
143.400000  72.399000  0.305470
143.500000  74.082500  1.116522
143.600000  72.856000  0.927724
143.700000  72.627500  0.465983
143.800000  73.496500  0.997728
143.900000  72.053000  1.373201
144.000000  73.508500  1.242387
144.100000  73.086500  0.876105
144.200000  73.181000  2.701148
144.300000  73.202000  0.315370
144.400000  72.730500  1.263600
144.500000  72.925000  0.390323
144.600000  73.561000  0.847114
144.700000  73.210000  1.434013
144.800000  72.875000  0.520431
144.900000  72.622500  1.250872
145.000000  73.827000  0.868327
145.100000  71.801500  0.861963
145.200000  72.855500  0.818123
145.300000  72.174000  0.789131
145.400000  72.835000  1.363302
145.500000  72.974000  0.834386
145.600000  72.753500  0.706400
145.700000  73.142500  0.717713
145.800000  72.159500  1.126421
145.900000  73.241000  0.698621
146.000000  72.317500  1.115107
146.100000  73.435500  0.511238
146.200000  72.443000  0.216375
146.300000  72.626500  0.057276
146.400000  73.225500  0.152028
146.500000  72.288500  0.803980
146.600000  73.621000  0.009899
146.700000  72.192500  1.100965
146.800000  72.990000  0.838629
146.900000  72.232000  0.062225
147.000000  73.942500  1.156120
147.100000  72.427000  0.340825
147.200000  73.038000  0.104652
147.300000  73.108000  0.610940
147.400000  72.186000  1.555635
147.500000  72.895000  0.070711
147.600000  71.732500  0.721956
147.700000  73.218500  0.021920
147.800000  71.777500  0.028991
147.900000  71.290000  0.244659
148.000000  72.881000  0.496389
148.100000  72.567500  0.309006
148.200000  73.384500  0.381131
148.300000  73.368000  0.100409
148.400000  72.534500  0.350018
148.500000  72.612500  0.794081
148.600000  72.593000  0.270115
148.700000  72.824000  0.963079
148.800000  72.217500  1.846256
148.900000  71.573000  0.209304
149.000000  72.952500  1.622810
149.100000  73.262500  0.211425
149.200000  72.734500  0.023335
149.300000  72.813000  0.284257
149.400000  73.030000  0.898026
149.500000  72.679000  0.763675
149.600000  72.455500  0.098288
149.700000  73.532000  0.009899
149.800000  73.416000  0.029698
149.900000  73.047500  1.238144
150.000000  73.145000  0.444063
150.100000  73.413000  0.118794
150.200000  73.097500  0.053033
150.300000  72.354500  0.098288
150.400000  72.827500  2.327088
150.500000  73.880500  1.379565
150.600000  71.919000  0.700036
150.700000  73.364000  0.253144
150.800000  73.247000  0.128693
150.900000  73.878000  0.414365
151.000000  73.866500  0.785596
151.100000  73.100000  1.574020
151.200000  73.756000  0.582656
151.300000  73.387000  1.278449
151.400000  73.785000  0.436992
151.500000  72.770500  0.262337
151.600000  72.829000  1.128542
151.700000  73.811000  0.316784
151.800000  73.235000  1.228952
151.900000  74.142500  0.084146
152.000000  73.799000  0.340825
152.100000  73.743000  0.478004
152.200000  74.039500  1.601597
152.300000  73.519000  0.055154
152.400000  73.645500  1.646852
152.500000  72.245500  1.270671
152.600000  73.439500  0.596091
152.700000  73.325000  0.738219
152.800000  72.789500  2.382243
152.900000  72.741000  0.214960
153.000000  72.775000  0.825901
153.100000  72.517000  0.759433
153.200000  73.014500  1.901410
153.300000  73.672500  2.076773
153.400000  73.937000  2.561141
153.500000  73.184000  1.746554
153.600000  72.900000  1.408557
153.700000  72.678000  1.155412
153.800000  72.534000  0.576999
153.900000  73.258000  0.848528
154.000000  73.596500  0.700743
154.100000  72.844000  0.272943
154.200000  72.071000  1.144099
154.300000  74.282500  0.071418
154.400000  72.796000  1.972828
154.500000  73.289000  1.402900
154.600000  72.457000  1.910603
154.700000  72.855500  0.730441
154.800000  72.191000  1.506137
154.900000  73.299500  0.931260
155.000000  72.475500  0.361332
155.100000  72.365000  0.057983
155.200000  71.232500  0.328805
155.300000  71.584500  0.969443
155.400000  72.195500  0.202940
155.500000  72.618500  0.129401
155.600000  71.383000  0.435578
155.700000  71.550500  0.569221
155.800000  71.566000  1.402900
155.900000  72.090500  1.177333
156.000000  71.613500  1.651094
156.100000  73.116000  0.434164
156.200000  71.870000  0.395980
156.300000  70.799000  1.308148
156.400000  70.846000  0.330926
156.500000  71.636500  1.679379
156.600000  71.006500  0.433456
156.700000  72.156000  0.579828
156.800000  73.045000  0.239002
156.900000  72.447500  0.516895
157.000000  72.007000  1.018234
157.100000  71.776500  1.918381
157.200000  72.853500  1.523815
157.300000  72.322500  0.084146
157.400000  72.545500  0.542351
157.500000  72.364000  0.155563
157.600000  71.328000  0.121622
157.700000  72.426500  0.443356
157.800000  72.133000  0.456791
157.900000  72.572000  0.630739
158.000000  72.771500  0.260922
158.100000  72.195000  0.832972
158.200000  71.081000  1.910603
158.300000  73.104500  0.193040
158.400000  71.923500  1.690692
158.500000  72.530500  0.133643
158.600000  71.452000  1.105915
158.700000  71.417000  0.145664
158.800000  70.394000  0.674580
158.900000  70.758000  1.465125
159.000000  71.620500  0.857721
159.100000  71.085000  1.743725
159.200000  71.640500  1.817972
159.300000  73.034500  0.451841
159.400000  71.850500  1.122178
159.500000  71.657500  0.079903
159.600000  71.472500  0.721956
159.700000  72.043500  0.685186
159.800000  71.244000  0.106066
159.900000  72.652500  0.781353
160.000000  72.424000  1.228952
160.100000  71.790500  0.064347
160.200000  72.003000  0.722663
160.300000  72.678000  0.719835
160.400000  71.262500  0.484368
160.500000  73.220500  1.755746
160.600000  71.004500  0.529623
160.700000  71.019500  0.818123
160.800000  71.349000  0.173948
160.900000  71.979500  1.079752
161.000000  72.144000  0.086267
161.100000  72.064500  0.226981
161.200000  72.319000  0.205061
161.300000  72.067000  1.183697
161.400000  72.293000  0.179605
161.500000  72.714500  0.224153
161.600000  71.666000  1.504723
161.700000  72.959000  2.183546
161.800000  72.825500  1.750089
161.900000  72.385500  1.509673
162.000000  72.318000  0.712764
162.100000  72.733500  1.083995
162.200000  73.208500  1.994748
162.300000  71.639500  1.757160
162.400000  71.870000  1.325118
162.500000  73.652500  1.962221
162.600000  72.900500  0.245366
162.700000  71.347500  0.096874
162.800000  71.034500  0.803980
162.900000  70.485000  0.622254
163.000000  72.409000  0.236174
163.100000  72.414500  0.622961
163.200000  71.465000  0.370524
163.300000  71.068500  0.727613
163.400000  71.477500  0.044548
163.500000  71.691000  0.934795
163.600000  73.092000  0.405879
163.700000  70.836500  0.668216
163.800000  72.904500  1.269257
163.900000  73.300000  0.678823
164.000000  71.397000  0.715592
164.100000  71.750500  2.689127
164.200000  71.595500  0.286378
164.300000  72.151000  0.002828
164.400000  72.040500  0.417900
164.500000  72.034500  0.345775
164.600000  72.194500  0.088388
164.700000  72.995000  0.647710
164.800000  72.381000  0.541644
164.900000  72.348500  0.680944
165.000000  72.950500  0.928431
165.100000  72.418000  0.060811
165.200000  72.549500  1.556342
165.300000  73.723000  0.626497
165.400000  72.045000  1.258650
165.500000  73.284000  0.588313
165.600000  71.957500  0.229810
165.700000  73.261500  0.562150
165.800000  73.610000  0.195161
165.900000  73.123000  0.913582
166.000000  74.003500  0.161927
166.100000  73.555000  0.009899
166.200000  73.236000  1.668772
166.300000  73.937000  0.470933
166.400000  72.873500  1.713320
166.500000  73.204000  0.465276
166.600000  72.773000  0.548715
166.700000  73.402000  0.627911
166.800000  73.168000  0.024042
166.900000  71.617500  0.381131
167.000000  71.459000  0.302642
167.100000  72.337000  0.240416
167.200000  73.003000  1.241680
167.300000  73.075500  0.505581
167.400000  72.380000  0.697207
167.500000  72.216000  0.968736
167.600000  72.082500  0.713471
167.700000  72.950000  1.252993
167.800000  73.647500  0.024749
167.900000  72.275500  1.098137
168.000000  71.964500  0.603162
168.100000  72.157500  0.713471
168.200000  71.050000  0.036770
168.300000  71.985500  0.028991
168.400000  72.398000  0.799031
168.500000  71.340500  0.740341
168.600000  72.947000  0.982878
168.700000  72.496500  0.125158
168.800000  72.336500  0.630032
168.900000  71.920500  1.130664
169.000000  72.731500  1.409264
169.100000  71.991000  0.371938
169.200000  71.370500  0.060104
169.300000  72.691000  1.667358
169.400000  71.764500  0.369817
169.500000  73.002500  0.108187
169.600000  72.218500  1.672308
169.700000  72.702500  0.113844
169.800000  71.373000  0.103238
169.900000  72.127000  0.912168
170.000000  72.001500  0.987828
170.100000  73.492500  0.758726
170.200000  72.380500  1.098137
170.300000  73.260500  1.267842
170.400000  72.909500  0.617304
170.500000  72.803000  1.030962
170.600000  72.205000  0.035355
170.700000  73.386000  2.565383
170.800000  72.338500  1.020355
170.900000  72.814000  0.360624
171.000000  71.903000  1.482096
171.100000  72.097000  1.794637
171.200000  71.091000  0.059397
171.300000  71.914500  1.218345
171.400000  71.308500  0.678115
171.500000  71.952000  1.896460
171.600000  72.526500  0.221324
171.700000  71.981000  0.022627
171.800000  72.533000  0.104652
171.900000  72.421500  0.543765
172.000000  72.818000  0.346482
172.100000  72.428500  1.833528
172.200000  70.404000  0.289914
172.300000  71.815500  0.953887
172.400000  72.237000  0.076368
172.500000  72.345500  0.457498
172.600000  72.158500  0.191626
172.700000  73.164000  0.350725
172.800000  73.284500  0.180312
172.900000  72.692500  0.668216
173.000000  70.914000  0.239002
173.100000  71.545500  1.666651
173.200000  71.059500  1.580384
173.300000  71.582000  0.725492
173.400000  71.019000  0.074953
173.500000  71.816000  0.285671
173.600000  72.430000  1.026719
173.700000  72.286000  1.988384
173.800000  71.526500  0.135057
173.900000  71.911500  2.441640
174.000000  71.720000  0.415779
174.100000  71.903500  1.041568
174.200000  72.827500  0.645588
174.300000  71.567000  2.245771
174.400000  72.190000  1.175211
174.500000  71.726500  0.098288
174.600000  72.099500  0.019092
174.700000  71.958000  1.018234
174.800000  72.513500  1.198546
174.900000  72.243000  1.178040
175.000000  73.083000  0.892369
175.100000  72.653000  0.644881
175.200000  72.209000  1.377444
175.300000  72.244000  1.016820
175.400000  70.954500  1.474318
175.500000  71.796000  0.578413
175.600000  72.129000  0.436992
175.700000  70.933500  0.194454
175.800000  71.669500  0.004950
175.900000  70.871500  0.726199
176.000000  70.571000  0.930553
176.100000  71.401000  0.907925
176.200000  70.805000  0.289914
176.300000  70.607500  0.405172
176.400000  72.838500  1.417749
176.500000  72.111500  0.852064
176.600000  72.361500  0.006364
176.700000  71.741000  0.777817
176.800000  71.862000  0.278600
176.900000  71.592000  0.258801
177.000000  71.910500  1.386636
177.100000  72.647000  0.674580
177.200000  71.980500  0.461741
177.300000  72.035500  0.593263
177.400000  72.875500  0.812466
177.500000  71.831000  1.896460
177.600000  71.131000  0.319612
177.700000  72.936500  0.458912
177.800000  71.617500  0.837922
177.900000  72.475500  0.219910
178.000000  71.173500  0.400930
178.100000  70.632500  1.277742
178.200000  72.634500  1.130664
178.300000  72.774000  0.390323
178.400000  72.168000  0.401637
178.500000  71.456000  1.069145
178.600000  72.673500  1.761403
178.700000  70.876000  0.756604
178.800000  72.188000  1.339260
178.900000  71.804000  0.970151
179.000000  72.892500  0.867620
179.100000  72.520000  1.479267
179.200000  72.547500  1.864641
179.300000  73.065500  0.068589
179.400000  72.759500  0.228395
179.500000  72.948500  0.351432
179.600000  72.619500  0.538108
179.700000  73.877500  0.184555
179.800000  73.133000  0.646296
179.900000  72.856000  1.250165
180.000000  72.749000  0.953180
180.100000  72.744500  0.385373
180.200000  72.188500  0.553665
180.300000  71.648500  0.280721
180.400000  72.257500  1.933937
180.500000  72.846500  0.983586
180.600000  71.708000  0.397394
180.700000  72.163000  0.974393
180.800000  72.602000  0.923481
180.900000  71.727500  2.426083
181.000000  73.134000  0.684479
181.100000  73.358500  1.150463
181.200000  72.617000  0.271529
181.300000  71.715500  0.641346
181.400000  72.320000  0.253144
181.500000  72.445000  0.482247
181.600000  72.908500  0.895904
181.700000  72.114000  0.864084
181.800000  72.725000  0.277186
181.900000  72.309500  1.809486
182.000000  72.294500  2.404870
182.100000  71.614500  0.767211
182.200000  72.552000  1.886561
182.300000  72.050500  1.495531
182.400000  73.302500  0.089803
182.500000  72.072000  1.057832
182.600000  73.177000  1.189354
182.700000  72.917500  0.495682
182.800000  71.700000  0.444063
182.900000  70.904500  0.376888
183.000000  72.650500  0.113844
183.100000  73.038000  1.648973
183.200000  72.981000  0.028284
183.300000  71.889000  1.189354
183.400000  74.302000  1.398657
183.500000  72.898000  1.342089
183.600000  71.350000  0.864084
183.700000  71.999500  1.776959
183.800000  71.867000  0.574171
183.900000  72.271500  0.116673
184.000000  72.268500  0.256680
184.100000  72.347000  0.305470
184.200000  71.935000  0.793374
184.300000  71.373000  0.824487
184.400000  71.242500  0.127986
184.500000  71.920000  1.357645
184.600000  72.229500  1.003385
184.700000  71.718000  0.393151
184.800000  71.423000  1.257236
184.900000  72.026000  0.963079
185.000000  72.761500  0.833679
185.100000  71.391500  0.106773
185.200000  72.305000  0.756604
185.300000  72.960500  1.403607
185.400000  71.506500  1.243801
185.500000  72.678000  0.774989
185.600000  71.827000  0.489318
185.700000  72.689500  0.501339
185.800000  72.057500  1.120764
185.900000  71.935500  0.690843
186.000000  72.906000  0.687308
186.100000  72.954500  0.787010
186.200000  72.227500  0.091217
186.300000  72.055500  0.191626
186.400000  73.348500  0.610233
186.500000  73.376000  1.267135
186.600000  72.806500  0.816708
186.700000  72.633000  1.800294
186.800000  71.761500  0.762968
186.900000  72.776500  0.359917
187.000000  71.233500  1.038740
187.100000  72.250500  1.525229
187.200000  73.791500  0.347189
187.300000  71.631500  0.262337
187.400000  72.595500  1.137735
187.500000  72.364500  3.301482
187.600000  71.463000  1.883732
187.700000  72.162000  0.575585
187.800000  71.742500  2.174353
187.900000  71.438500  1.586041
188.000000  71.986000  0.357796
188.100000  73.507500  1.158948
188.200000  72.167500  1.959393
188.300000  73.824500  0.924189
188.400000  73.109500  0.567807
188.500000  71.646000  1.192182
188.600000  72.925000  1.339260
188.700000  73.628000  0.780646
188.800000  73.537500  1.082580
188.900000  73.603500  1.214102
189.000000  71.677000  0.319612
189.100000  72.992000  0.288500
189.200000  73.217500  1.457347
189.300000  73.550500  1.122178
189.400000  72.962000  0.210718
189.500000  73.181000  0.943280
189.600000  73.186000  0.169706
189.700000  72.829000  0.787717
189.800000  73.004000  0.735391
189.900000  71.922500  0.447599
190.000000  72.655000  0.357796
190.100000  73.203500  0.816708
190.200000  72.234500  0.101116
190.300000  72.528500  0.837922
190.400000  73.613000  0.118794
190.500000  72.870000  1.574020
190.600000  73.196000  1.376030
190.700000  74.237000  0.773575
190.800000  72.516000  0.428507
190.900000  73.232000  0.499217
191.000000  70.982500  0.702157
191.100000  73.092000  0.063640
191.200000  72.015500  0.888833
191.300000  72.866000  0.864084
191.400000  72.240500  1.594526
191.500000  72.718500  0.497096
191.600000  71.358500  1.212688
191.700000  73.413000  0.568514
191.800000  71.485000  0.360624
191.900000  72.885500  0.761554
192.000000  72.756000  0.029698
192.100000  73.395000  0.069296
192.200000  72.353500  0.242538
192.300000  72.697500  1.560585
192.400000  73.558000  0.692965
192.500000  72.279500  0.627204
192.600000  72.883000  0.130108
192.700000  72.609000  0.808930
192.800000  73.323000  0.147078
192.900000  72.551000  0.067882
193.000000  72.165000  0.726906
193.100000  73.447500  1.352695
193.200000  72.735000  0.009899
193.300000  72.757000  1.465125
193.400000  72.805000  0.032527
193.500000  73.521000  0.800445
193.600000  72.336500  1.619982
193.700000  72.653500  0.683772
193.800000  73.688500  0.212839
193.900000  73.181500  1.454519
194.000000  71.935000  0.910754
194.100000  71.544000  0.816001
194.200000  72.900000  0.364867
194.300000  72.706000  0.287085
194.400000  72.791500  0.064347
194.500000  72.501000  1.701299
194.600000  72.635500  1.851913
194.700000  74.269500  0.327390
194.800000  73.449500  0.700743
194.900000  73.392500  0.062933
195.000000  72.980000  0.688722
195.100000  73.092500  0.514067
195.200000  73.307000  0.103238
195.300000  72.456000  0.487904
195.400000  73.880500  0.516895
195.500000  73.176000  0.168291
195.600000  73.065500  0.661145
195.700000  72.057500  0.109602
195.800000  72.177500  0.341533
195.900000  73.996500  0.707814
196.000000  73.294000  0.487904
196.100000  73.808000  0.166877
196.200000  73.063500  0.622961
196.300000  72.573000  0.379009
196.400000  73.874500  1.004799
196.500000  73.520500  0.160513
196.600000  73.035500  0.693672
196.700000  72.606000  0.555786
196.800000  74.091000  1.726755
196.900000  72.927500  0.258094
197.000000  72.780000  0.861256
197.100000  73.371000  0.033941
197.200000  72.053500  1.191475
197.300000  73.033000  0.800445
197.400000  73.442000  0.947523
197.500000  72.707000  1.909188
197.600000  74.509500  2.148898
197.700000  73.461000  0.057983
197.800000  73.287500  0.515481
197.900000  73.725000  0.207889
198.000000  72.837500  0.809637
198.100000  71.850000  0.199404
198.200000  72.794000  1.271378
198.300000  73.844500  1.289056
198.400000  72.985000  0.248902
198.500000  73.000000  0.506288
198.600000  73.438000  0.127279
198.700000  72.587500  0.105359
198.800000  72.831500  0.023335
198.900000  73.559500  1.232487
199.000000  72.588000  0.332340
199.100000  73.528500  1.590283
199.200000  73.413500  0.654074
199.300000  72.772000  1.977071
199.400000  73.253000  1.411385
199.500000  72.496500  0.060104
199.600000  72.680000  0.473762
199.700000  73.003000  0.472347
199.800000  73.361500  2.035760
199.900000  72.807000  1.057832
200.000000  73.513000  1.398657
