# aggregated from 2 replicates
# x  mean  std
0.000000  92.454800  9.911516
1.000000  61.630300  0.739917
2.000000  52.673950  2.236084
5.000000  28.540450  27.806196
6.000000  6.749650  0.215880
7.000000  8.088450  0.468034
8.000000  69.327200  2.564111
11.000000  10.242300  0.360483
13.000000  68.747650  15.993836
14.000000  45.845900  33.361864
15.000000  46.408650  9.357215
16.000000  35.878800  25.685795
17.000000  63.588850  29.879433
18.000000  43.191900  6.100493
19.000000  44.273500  5.253662
20.000000  41.704500  19.814546
21.000000  27.555450  1.602092
22.000000  8.180450  0.121834
23.000000  23.770600  0.239851
24.000000  6.736800  0.024324
25.000000  12.472650  6.531899
26.000000  10.695500  0.818830
27.000000  39.784800  25.765981
29.000000  37.302700  22.938261
30.000000  44.000850  17.634465
31.000000  62.745300  3.305724
32.000000  34.129850  25.853450
33.000000  9.868400  2.245347
34.000000  23.060400  1.220608
35.000000  8.021550  0.003889
36.000000  7.704700  0.033234
37.000000  9.919700  0.538250
39.000000  46.967200  0.539240
40.000000  7.902750  0.215738
41.000000  16.675650  12.709042
42.000000  25.532000  4.714988
44.000000  24.726150  0.291823
45.000000  13.388100  1.085692
46.000000  7.399750  0.012799
47.000000  7.522650  0.078135
49.000000  6.601100  0.128693
50.000000  54.135800  23.312886
52.000000  10.437250  1.807718
53.000000  12.695450  1.430406
54.000000  7.596950  0.460539
55.000000  8.473650  0.262690
56.000000  28.574750  5.045136
57.000000  10.547450  0.252508
58.000000  34.192300  11.431371
60.000000  64.682900  28.686474
61.000000  42.355250  0.936422
62.000000  34.892500  32.703689
63.000000  9.984750  1.076004
64.000000  8.969900  1.791384
65.000000  11.772300  1.552948
66.000000  10.446200  0.118935
68.000000  11.096650  0.459407
69.000000  7.274000  0.383535
70.000000  13.979700  1.100824
71.000000  28.269250  26.341354
72.000000  26.313000  24.636166
73.000000  11.279000  0.732138
74.000000  14.075750  6.044702
76.000000  36.025050  21.102683
77.000000  42.556950  10.380115
78.000000  40.714900  17.707651
79.000000  68.871550  23.266288
81.000000  56.354300  2.717694
82.000000  45.859000  38.750017
83.000000  53.155050  7.801580
84.000000  16.250300  5.320979
85.000000  10.207150  1.296056
86.000000  8.558200  1.217355
87.000000  51.914500  12.809098
88.000000  69.943200  7.105433
89.000000  8.505550  0.308794
90.000000  37.952350  23.441509
92.000000  30.986000  32.656737
93.000000  54.878050  3.449055
94.000000  17.477900  12.084172
95.000000  29.176750  18.372543
96.000000  6.847050  0.311763
97.000000  23.528900  6.765032
98.000000  8.349350  0.041790
100.000000  10.136150  1.430265
101.000000  12.916800  5.985800
102.000000  8.289750  0.809708
103.000000  36.866200  31.397380
104.000000  28.763050  3.359959
105.000000  47.842600  1.651377
106.000000  36.042450  17.557532
107.000000  6.425950  0.113066
109.000000  66.107850  10.967297
110.000000  48.238300  13.397411
111.000000  79.945050  8.300939
112.000000  57.578800  0.873984
113.000000  25.250750  2.496865
114.000000  57.753650  3.917442
115.000000  36.682050  1.636316
116.000000  64.880200  6.788367
117.000000  51.863050  2.596284
118.000000  37.116600  7.848602
120.000000  26.384900  0.639507
121.000000  22.806300  15.605988
122.000000  24.278400  0.422850
123.000000  26.284900  3.595638
124.000000  25.610050  0.218991
125.000000  10.381000  0.846124
126.000000  39.532600  18.346875
127.000000  11.230500  3.569192
129.000000  7.775800  0.524390
131.000000  34.800800  8.626561
133.000000  39.500000  8.852553
134.000000  16.061500  0.548291
135.000000  83.895200  3.227235
136.000000  8.842950  0.239497
137.000000  36.498850  5.461198
138.000000  7.544550  0.166948
139.000000  11.448100  0.627911
