# aggregated from 2 replicates
# x  mean  std
0.000000  77.252627  0.000000
0.100000  76.402370  4.751224
0.200000  72.724182  2.129466
0.300000  70.230722  1.487302
0.400000  73.662025  2.462422
0.500000  73.342010  5.375168
0.600000  73.584959  3.479180
0.700000  75.844110  0.798969
0.800000  72.981432  3.531034
0.900000  70.673498  0.670283
1.000000  73.096255  0.054932
1.100000  73.330723  1.326421
1.200000  70.286705  3.420349
1.300000  71.398070  2.427017
1.400000  70.683976  3.588904
1.500000  70.403189  2.870213
1.600000  72.654847  0.632553
1.700000  72.800456  5.023918
1.800000  72.245126  1.524710
1.900000  70.566387  0.638506
2.000000  71.063246  1.620388
2.100000  69.250312  3.511458
2.200000  70.477930  3.938684
2.300000  73.417061  6.452758
2.400000  72.504475  5.238946
2.500000  72.501611  4.036030
2.600000  69.650082  3.342311
2.700000  67.751403  5.985355
2.800000  68.976675  6.181766
2.900000  70.400058  7.580976
3.000000  73.568694  7.604293
3.100000  71.383712  4.535966
3.200000  68.681212  5.306072
3.300000  70.399660  3.770844
3.400000  70.264237  8.422171
3.500000  71.553439  8.816198
3.600000  72.654625  6.419955
3.700000  72.060021  5.117797
3.800000  68.102795  6.206375
3.900000  68.758023  0.217075
4.000000  68.937195  3.129027
4.100000  69.428579  5.086487
4.200000  69.724578  1.095567
4.300000  69.158958  4.415685
4.400000  66.748325  5.441352
4.500000  66.736561  1.847965
4.600000  65.854403  4.352365
4.700000  69.384421  1.296564
4.800000  67.854524  3.273051
4.900000  71.058031  1.024640
5.000000  68.188576  5.642306
5.100000  71.097485  4.009767
5.200000  68.858038  2.893035
5.300000  66.659323  1.345925
5.400000  70.747218  1.799256
5.500000  67.421148  2.407689
5.600000  67.634865  5.056096
5.700000  68.870205  5.881911
5.800000  67.737038  4.998947
5.900000  65.711292  4.106389
6.000000  64.725502  4.059101
6.100000  66.713620  2.019198
6.200000  66.810613  3.791313
6.300000  68.491981  2.086825
6.400000  68.187900  6.532223
6.500000  69.408843  5.617441
6.600000  69.706837  1.862496
6.700000  69.779376  2.243358
6.800000  68.660547  1.582976
6.900000  68.618843  3.972018
7.000000  67.786036  4.196365
7.100000  68.373393  4.867772
7.200000  66.109193  1.536981
7.300000  68.053667  3.166986
7.400000  69.937360  4.073091
7.500000  70.949072  0.718961
7.600000  70.016504  4.567668
7.700000  67.866829  4.748243
7.800000  70.978743  6.589626
7.900000  67.463644  6.544811
8.000000  69.054797  2.775566
8.100000  72.448968  4.490190
8.200000  69.888926  2.286814
8.300000  69.159006  4.101137
8.400000  68.102587  2.191657
8.500000  66.336859  4.420433
8.600000  72.192217  7.279555
8.700000  70.169666  5.482837
8.800000  68.509899  6.783176
8.900000  68.049791  1.155094
9.000000  69.729545  5.516307
9.100000  70.143413  0.896104
9.200000  70.830019  1.269293
9.300000  73.922278  1.418940
9.400000  70.222941  3.292521
9.500000  73.460792  3.102307
9.600000  69.167794  0.227243
9.700000  70.383835  0.748305
9.800000  69.717342  2.827885
9.900000  66.755749  1.155921
10.000000  69.115861  2.089856
10.100000  66.915614  0.002901
10.200000  70.349202  6.154020
10.300000  71.800426  0.655550
10.400000  72.010284  0.897067
10.500000  72.286930  7.923040
10.600000  70.936779  1.635310
10.700000  71.751964  2.172159
10.800000  70.154854  3.263150
10.900000  67.901376  0.256620
11.000000  68.790459  1.791142
11.100000  69.387824  2.580326
11.200000  67.505917  4.680545
11.300000  72.247949  0.829266
11.400000  69.954754  2.148204
11.500000  68.688004  3.099921
11.600000  69.429081  3.472378
11.700000  68.485084  1.938950
11.800000  72.171554  2.071343
11.900000  72.705898  1.477915
12.000000  67.087001  4.499424
12.100000  72.607034  1.252710
12.200000  69.379234  3.649106
12.300000  69.827999  0.478145
12.400000  68.678583  4.229988
12.500000  70.313980  3.539261
12.600000  67.364349  4.310036
12.700000  67.227514  2.607803
12.800000  69.010531  2.136459
12.900000  64.963690  0.373528
13.000000  69.053765  0.386850
13.100000  68.338073  2.438004
13.200000  67.644503  7.142543
13.300000  67.438929  1.347980
13.400000  68.734117  0.634688
13.500000  68.079302  0.437199
13.600000  68.411496  5.599206
13.700000  68.105728  5.647973
13.800000  70.006210  5.622263
13.900000  68.531351  4.598698
14.000000  70.029895  1.388428
14.100000  70.150594  1.465690
14.200000  67.763583  1.097415
14.300000  70.903705  3.023845
14.400000  70.813240  6.375459
14.500000  69.305400  2.278372
14.600000  67.488363  5.573248
14.700000  70.815184  5.042667
14.800000  69.264802  3.749702
14.900000  70.183066  4.065534
15.000000  67.253752  2.706883
15.100000  66.714283  3.429566
15.200000  67.282938  6.028574
15.300000  68.146802  2.667191
15.400000  65.796565  4.666182
15.500000  69.165430  2.846280
15.600000  67.183032  8.732217
15.700000  67.528160  3.457462
15.800000  69.850137  8.262471
15.900000  67.692824  3.793842
16.000000  67.978044  3.349401
16.100000  66.081859  3.875183
16.200000  70.604530  10.964247
16.300000  67.859936  4.438615
16.400000  68.732448  6.319662
16.500000  65.656353  5.256081
16.600000  68.775575  4.668226
16.700000  68.818821  5.490601
16.800000  67.800190  6.439565
16.900000  68.993175  8.911558
17.000000  69.299717  6.899211
17.100000  68.539938  2.377687
17.200000  69.428477  6.333114
17.300000  69.101484  6.510986
17.400000  67.408013  5.296919
17.500000  67.890679  3.384437
17.600000  67.466968  5.514849
17.700000  68.004688  8.959788
17.800000  70.352669  4.563058
17.900000  66.672453  1.786967
18.000000  68.377920  4.984436
18.100000  67.068870  5.256962
18.200000  67.623305  3.777619
18.300000  68.732979  7.371807
18.400000  70.206580  3.322151
18.500000  67.583598  7.323809
18.600000  66.951345  3.810531
18.700000  67.270894  6.329830
18.800000  67.666196  7.000397
18.900000  66.770142  7.456773
19.000000  68.573457  8.960736
19.100000  66.942207  3.970183
19.200000  68.108681  6.543216
19.300000  67.892147  4.521550
19.400000  68.367439  7.425115
19.500000  67.366687  6.078324
19.600000  70.667977  11.269473
19.700000  69.141324  8.375241
19.800000  69.536112  10.226185
19.900000  69.801598  6.276666
20.000000  68.621560  7.438171
20.100000  70.887680  6.694791
20.200000  71.126075  8.830295
20.300000  68.724122  5.134148
20.400000  71.335821  9.798287
20.500000  68.584915  6.540514
20.600000  72.260344  10.864354
20.700000  70.932167  8.317621
20.800000  70.026493  8.992184
20.900000  69.356367  7.619630
21.000000  70.644779  5.276146
21.100000  69.752052  7.337083
21.200000  70.391523  5.585292
21.300000  69.781231  9.317805
21.400000  67.607315  4.909528
21.500000  65.186435  9.219062
21.600000  70.179455  7.018335
21.700000  68.911344  9.318933
21.800000  67.487070  7.233750
21.900000  69.374042  5.507050
22.000000  64.665638  5.647504
22.100000  67.563402  9.874997
22.200000  68.360394  10.703610
22.300000  68.021542  2.943433
22.400000  69.198689  8.468171
22.500000  69.830714  8.822139
22.600000  66.678684  8.991280
22.700000  65.811013  7.723343
22.800000  67.141878  8.505126
22.900000  66.463943  2.287880
23.000000  68.129677  6.009119
23.100000  64.832465  7.434461
23.200000  65.728822  7.741223
23.300000  66.899457  5.110401
23.400000  64.330022  5.927620
23.500000  67.915909  9.017687
23.600000  65.940202  3.103375
23.700000  64.831233  4.240430
23.800000  66.784766  3.194540
23.900000  63.925572  4.702904
24.000000  70.953838  3.640635
24.100000  68.212736  5.067842
24.200000  67.326503  6.558754
24.300000  65.731147  3.578129
24.400000  68.677150  6.559422
24.500000  66.735783  1.050138
24.600000  68.869182  7.040996
24.700000  68.012482  5.410925
24.800000  66.878593  8.197379
24.900000  68.285028  6.417093
25.000000  68.069514  3.931043
25.100000  70.705571  5.722984
25.200000  67.144878  3.592104
25.300000  68.221832  6.579769
25.400000  67.238431  8.539673
25.500000  67.925228  9.604804
25.600000  68.223609  4.158173
25.700000  65.777361  0.175999
25.800000  64.269801  6.441097
25.900000  67.612746  4.484780
26.000000  66.605356  4.644451
26.100000  67.007488  4.903322
26.200000  66.930012  8.247899
26.300000  65.800658  8.575173
26.400000  65.711250  6.387194
26.500000  67.912329  3.960702
26.600000  67.598178  2.369588
26.700000  67.941078  3.305787
26.800000  67.406560  0.870226
26.900000  69.245355  3.110962
27.000000  65.170443  4.553636
27.100000  68.236948  3.387954
27.200000  69.619839  7.842738
27.300000  66.630595  5.208403
27.400000  70.340486  4.705263
27.500000  66.761829  5.771021
27.600000  67.822268  3.037822
27.700000  66.594133  3.753022
27.800000  66.632752  4.403208
27.900000  66.994249  4.739616
28.000000  66.509441  5.687417
28.100000  67.648402  4.567700
28.200000  67.900219  5.651018
28.300000  66.833673  0.832517
28.400000  67.282687  2.393861
28.500000  68.220155  7.869159
28.600000  68.211693  9.535086
28.700000  69.166986  1.829573
28.800000  67.884794  3.980769
28.900000  68.332888  6.290451
29.000000  69.742504  6.898919
29.100000  67.281273  8.854875
29.200000  71.025272  1.034272
29.300000  67.230223  3.831850
29.400000  70.520685  5.906389
29.500000  67.230732  5.748256
29.600000  64.413149  5.549962
29.700000  68.016022  3.881503
29.800000  70.564899  6.704489
29.900000  70.188806  5.344556
30.000000  69.100186  3.765139
30.100000  70.282858  0.587238
30.200000  69.969575  5.249248
30.300000  67.083669  5.118048
30.400000  67.109036  5.500096
30.500000  67.529691  8.268062
30.600000  66.007795  8.347897
30.700000  69.318623  6.719470
30.800000  70.915069  9.214564
30.900000  67.243238  6.988771
31.000000  66.570444  8.622646
31.100000  68.683798  3.934089
31.200000  67.816320  3.463905
31.300000  66.067312  8.036189
31.400000  67.845444  8.453792
31.500000  72.333922  10.800178
31.600000  69.164075  9.455981
31.700000  70.086230  4.158523
31.800000  69.388276  6.907125
31.900000  70.159639  6.114618
32.000000  69.002789  11.203789
32.100000  69.809122  8.870087
32.200000  66.357860  6.568953
32.300000  67.607996  6.343095
32.400000  67.520087  4.539160
32.500000  67.341411  5.781897
32.600000  66.465256  6.110138
32.700000  68.868575  8.297549
32.800000  70.456637  4.838621
32.900000  70.946562  5.196698
33.000000  71.162804  10.862949
33.100000  70.092341  13.399567
33.200000  66.483424  8.905830
33.300000  69.999269  10.096800
33.400000  69.478554  10.984844
33.500000  67.411038  6.806202
33.600000  70.973873  10.988425
33.700000  67.262215  7.052291
33.800000  68.131104  12.801653
33.900000  68.799347  8.888609
34.000000  69.577412  9.416644
34.100000  67.290882  9.600667
34.200000  68.079924  10.663768
34.300000  65.498219  7.151692
34.400000  64.808789  4.102516
34.500000  66.690022  7.073887
34.600000  67.749043  8.766269
34.700000  70.530468  6.926398
34.800000  65.907268  11.008798
34.900000  69.207196  5.811550
35.000000  65.633583  7.182023
35.100000  64.855135  8.276374
35.200000  64.555942  7.767209
35.300000  63.013430  6.817780
35.400000  66.707684  2.457642
35.500000  65.443056  5.079558
35.600000  67.524031  6.120687
35.700000  67.058532  6.265904
35.800000  66.059836  9.366192
35.900000  69.384809  6.444747
36.000000  64.240744  7.645724
36.100000  66.409882  13.169778
36.200000  67.182760  6.790554
36.300000  69.623007  10.258714
36.400000  65.088691  7.035773
36.500000  66.562794  5.862437
36.600000  65.327068  5.283794
36.700000  68.338580  6.672176
36.800000  65.197664  6.722482
36.900000  66.837716  6.871715
37.000000  66.768152  6.190855
37.100000  67.898883  7.874029
37.200000  62.746376  5.224859
37.300000  66.184923  5.532004
37.400000  65.786198  3.190668
37.500000  65.704984  7.269045
37.600000  67.650712  7.018571
37.700000  69.771970  7.606649
37.800000  67.013212  4.543454
37.900000  63.764060  6.306828
38.000000  64.627498  1.173625
38.100000  70.013723  3.430806
38.200000  69.411981  3.541692
38.300000  68.198023  5.198476
38.400000  66.307546  4.015464
38.500000  65.501887  7.421331
38.600000  65.575061  7.138925
38.700000  65.308066  5.451974
38.800000  64.711090  1.235220
38.900000  63.653031  2.651392
39.000000  64.169618  5.523980
39.100000  65.525257  6.298846
39.200000  65.450913  7.131793
39.300000  66.341980  3.632904
39.400000  66.500786  6.608088
39.500000  66.132267  4.774212
39.600000  64.396562  8.863908
39.700000  65.116218  11.366276
39.800000  67.484908  7.511523
39.900000  66.556121  9.919796
40.000000  68.394997  6.877342
40.100000  65.197301  11.923337
40.200000  68.402579  4.022503
40.300000  65.619601  7.015532
40.400000  67.050650  11.132466
40.500000  68.234848  4.503432
40.600000  64.150853  10.739710
40.700000  65.404549  9.257916
40.800000  66.000269  6.563195
40.900000  65.910256  7.966528
41.000000  67.868504  9.617019
41.100000  65.496956  8.886202
41.200000  68.969438  1.691158
41.300000  63.816980  12.934701
41.400000  65.230465  6.342662
41.500000  66.641374  4.428512
41.600000  66.275348  4.653023
41.700000  68.616672  4.964971
41.800000  68.685871  3.240958
41.900000  69.704939  1.462976
42.000000  69.913123  5.739809
42.100000  65.928223  7.563614
42.200000  67.109589  6.520715
42.300000  66.584716  8.124744
42.400000  65.623527  6.242560
42.500000  65.550708  8.740739
42.600000  68.063046  5.384501
42.700000  66.379716  7.570385
42.800000  65.736489  10.347476
42.900000  67.421978  7.715306
43.000000  65.516550  5.150618
43.100000  66.078348  4.658322
43.200000  66.156380  4.657589
43.300000  66.935440  5.597112
43.400000  66.372349  2.034431
43.500000  65.807193  8.614281
43.600000  62.553199  6.320138
43.700000  68.352580  5.090226
43.800000  67.526970  2.961408
43.900000  67.985871  3.692343
44.000000  69.277163  6.091489
44.100000  70.157657  4.995547
44.200000  69.463323  6.873320
44.300000  67.561533  8.544862
44.400000  68.186813  5.425010
44.500000  67.617614  3.906040
44.600000  65.567319  4.164250
44.700000  67.679687  2.696044
44.800000  65.542849  3.152077
44.900000  66.236505  1.154635
45.000000  65.489287  3.043698
45.100000  68.957628  5.499649
45.200000  68.060738  1.011138
45.300000  63.964739  5.946630
45.400000  67.283030  0.698508
45.500000  64.669014  3.873743
45.600000  63.711983  6.780598
45.700000  69.953829  6.396767
45.800000  65.003668  7.798990
45.900000  64.039764  3.690696
46.000000  65.194719  5.839124
46.100000  65.128850  6.345761
46.200000  66.792336  5.325087
46.300000  65.585492  8.330081
46.400000  66.630029  5.974375
46.500000  67.260735  5.809911
46.600000  64.184570  3.984050
46.700000  65.983206  8.768769
46.800000  64.569053  7.410314
46.900000  65.399020  4.406822
47.000000  63.254950  6.314151
47.100000  68.100491  6.620598
47.200000  67.533275  5.023063
47.300000  65.046604  5.535668
47.400000  66.698742  6.592533
47.500000  63.382803  6.043828
47.600000  65.350535  10.346956
47.700000  66.501540  4.897343
47.800000  66.333483  5.695562
47.900000  64.770560  2.348588
48.000000  64.836089  5.500862
48.100000  66.230699  4.082893
48.200000  64.248077  0.629276
48.300000  65.809771  4.804511
48.400000  66.921643  3.191000
48.500000  66.939464  1.995788
48.600000  63.322575  4.066445
48.700000  65.725568  2.815133
48.800000  67.469857  0.793283
48.900000  66.178753  2.917885
49.000000  67.782888  7.154989
49.100000  65.234293  6.042366
49.200000  65.582038  5.610684
49.300000  68.539669  3.752346
49.400000  66.540906  2.182097
49.500000  69.245448  3.041051
49.600000  68.868208  0.069982
49.700000  66.275369  8.671687
49.800000  67.756168  2.009751
49.900000  68.046536  1.425405
50.000000  67.820546  7.893042
50.100000  64.398582  6.478010
50.200000  64.080247  4.238170
50.300000  67.842504  5.125505
50.400000  65.670235  4.000788
50.500000  68.893753  0.513024
50.600000  65.533207  3.227336
50.700000  63.900209  1.371823
50.800000  64.351513  3.614535
50.900000  62.531479  2.929517
51.000000  62.765870  2.692038
51.100000  64.077916  6.522722
51.200000  64.194039  0.902656
51.300000  63.482116  1.148667
51.400000  66.310810  1.021583
51.500000  65.433940  3.194355
51.600000  67.328567  3.561067
51.700000  63.331692  4.722548
51.800000  65.290789  5.439974
51.900000  68.035979  4.760065
52.000000  63.612775  6.423830
52.100000  65.511594  4.832797
52.200000  67.661781  2.000870
52.300000  69.298938  4.442595
52.400000  65.190370  5.108467
52.500000  66.914499  10.360678
52.600000  66.938202  4.384494
52.700000  65.334019  6.627382
52.800000  67.287233  5.580779
52.900000  67.204533  9.950764
53.000000  69.235478  3.811779
53.100000  69.437610  8.080864
53.200000  69.021841  7.736107
53.300000  68.518976  11.445089
53.400000  71.104091  9.301157
53.500000  70.013926  6.860144
53.600000  68.600899  7.806617
53.700000  67.953968  11.087031
53.800000  68.666302  3.710669
53.900000  70.849315  15.842332
54.000000  68.591721  10.017816
54.100000  70.587796  8.620190
54.200000  68.098190  7.287461
54.300000  67.908265  4.796238
54.400000  68.393359  6.927720
54.500000  69.188716  7.384202
54.600000  68.791195  6.499747
54.700000  69.405695  8.586246
54.800000  71.495410  6.286949
54.900000  68.916822  4.726063
55.000000  67.614579  5.763601
55.100000  68.719917  4.686658
55.200000  68.889320  7.504396
55.300000  69.071934  7.887268
55.400000  69.342370  6.642671
55.500000  69.808119  5.503995
55.600000  67.853045  5.860129
55.700000  68.387697  5.518512
55.800000  71.211827  9.022044
55.900000  69.133343  6.460660
56.000000  70.235971  6.528604
56.100000  67.306288  9.962207
56.200000  67.960795  4.522255
56.300000  67.312533  4.312951
56.400000  68.729095  3.813996
56.500000  71.882556  4.792645
56.600000  69.576756  2.764039
56.700000  69.304489  4.331963
56.800000  67.211703  4.874373
56.900000  67.210128  6.024036
57.000000  65.135214  2.808299
57.100000  67.353778  2.574675
57.200000  65.715546  2.575762
57.300000  66.012771  5.676118
57.400000  64.176737  4.150569
57.500000  66.624195  0.790170
57.600000  67.313407  5.815205
57.700000  66.111738  6.895958
57.800000  70.561800  8.882139
57.900000  62.963340  5.951488
58.000000  64.634957  5.737592
58.100000  65.314964  4.292285
58.200000  65.270831  4.791133
58.300000  68.762001  8.011166
58.400000  66.341780  4.561722
58.500000  66.709125  5.223347
58.600000  67.850050  4.028057
58.700000  67.145272  3.824265
58.800000  67.990381  7.439286
58.900000  67.226490  5.542236
59.000000  66.233969  6.130539
59.100000  69.693602  1.144153
59.200000  70.879606  5.508538
59.300000  68.068955  10.004917
59.400000  67.879112  6.269759
59.500000  70.733226  7.478728
59.600000  68.311213  1.909861
59.700000  68.105052  5.441314
59.800000  65.111216  9.875994
59.900000  65.647852  8.983022
60.000000  68.416342  6.347742
60.100000  65.860277  7.871029
60.200000  66.410070  5.694119
60.300000  64.714824  2.474421
60.400000  63.446737  7.242712
60.500000  65.205032  8.198945
60.600000  63.942162  5.694303
60.700000  65.337454  4.682242
60.800000  64.777774  3.918135
60.900000  65.033575  2.562969
61.000000  64.278494  5.361605
61.100000  66.089034  8.949929
61.200000  65.666609  6.677956
61.300000  68.208346  5.351434
61.400000  62.372654  5.256533
61.500000  65.606895  4.828619
61.600000  64.233064  7.674586
61.700000  66.683259  0.905409
61.800000  67.462798  4.970610
61.900000  63.241446  5.091917
62.000000  63.792133  2.865837
62.100000  62.099052  7.255225
62.200000  62.684258  7.080584
62.300000  65.961897  7.089272
62.400000  67.808826  7.883046
62.500000  67.459746  6.105797
62.600000  65.613551  5.052454
62.700000  64.040211  4.351608
62.800000  66.113562  3.495470
62.900000  66.845840  0.566555
63.000000  67.403097  3.719555
63.100000  65.987737  2.413118
63.200000  64.392675  7.399834
63.300000  64.928329  6.818575
63.400000  66.308626  4.111690
63.500000  67.578331  1.721109
63.600000  65.648218  5.206517
63.700000  66.963523  6.051304
63.800000  65.142943  0.534752
63.900000  67.598582  0.744668
64.000000  65.493917  3.045511
64.100000  63.773106  5.048006
64.200000  65.568566  0.301360
64.300000  67.056662  5.775157
64.400000  65.148877  1.946990
64.500000  67.228993  5.407884
64.600000  68.090107  3.575768
64.700000  69.324331  4.993238
64.800000  69.738041  10.577786
64.900000  69.918746  5.323431
65.000000  68.519269  6.708106
65.100000  70.068465  2.052491
65.200000  69.463008  5.800514
65.300000  68.370354  2.641208
65.400000  68.941112  2.594971
65.500000  68.962208  6.701943
65.600000  68.356597  5.410219
65.700000  68.294185  5.334796
65.800000  69.333983  5.224936
65.900000  70.941116  12.455257
66.000000  67.288633  9.405490
66.100000  69.346500  10.077590
66.200000  66.558073  5.696760
66.300000  65.251652  4.189738
66.400000  67.631664  6.545346
66.500000  65.199434  5.756917
66.600000  66.718813  6.681009
66.700000  66.689848  2.636984
66.800000  67.530187  8.432219
66.900000  69.844990  3.113544
67.000000  67.752241  3.206582
67.100000  67.479333  5.783151
67.200000  65.211135  5.306855
67.300000  68.809167  4.048692
67.400000  68.417862  5.972463
67.500000  66.151820  8.783374
67.600000  65.867973  5.156310
67.700000  70.662143  0.436452
67.800000  68.139782  3.237598
67.900000  66.129014  7.332195
68.000000  67.745403  11.105936
68.100000  66.176226  10.075678
68.200000  68.827329  3.753840
68.300000  66.293895  6.705143
68.400000  66.669230  8.884234
68.500000  66.595636  7.866079
68.600000  68.818708  9.450071
68.700000  70.254752  6.882760
68.800000  67.831981  7.386283
68.900000  70.219649  4.482625
69.000000  67.712169  7.776709
69.100000  69.191236  1.955160
69.200000  66.488149  8.809827
69.300000  65.482520  5.359867
69.400000  66.987671  6.283058
69.500000  70.683117  4.232969
69.600000  67.318096  7.395800
69.700000  69.391137  9.119410
69.800000  66.860161  6.454293
69.900000  67.589873  6.682175
70.000000  69.328252  8.500956
70.100000  65.930177  7.917891
70.200000  68.662652  6.267613
70.300000  66.076239  5.895667
70.400000  66.045050  6.713671
70.500000  63.758607  4.376909
70.600000  64.808547  6.411126
70.700000  64.589810  4.508176
70.800000  66.986346  6.628618
70.900000  65.725143  6.175925
71.000000  64.778889  11.342526
71.100000  69.944958  8.094608
71.200000  66.760091  5.558333
71.300000  68.609969  0.249941
71.400000  65.076390  1.662152
71.500000  68.829715  5.004205
71.600000  67.715408  9.231973
71.700000  64.900835  3.551170
71.800000  66.608636  10.603903
71.900000  66.069102  7.555823
72.000000  69.743482  4.145751
72.100000  69.675114  8.792105
72.200000  67.536285  5.672174
72.300000  67.552859  2.586928
72.400000  69.506523  7.472984
72.500000  65.147505  2.738027
72.600000  65.988727  6.783414
72.700000  68.311492  9.053025
72.800000  70.896989  8.190858
72.900000  68.342685  2.724487
73.000000  69.577427  6.886849
73.100000  67.056083  7.536020
73.200000  69.510679  4.794630
73.300000  68.183468  5.437356
73.400000  66.550632  4.738516
73.500000  69.206030  4.446273
73.600000  68.618213  5.090930
73.700000  68.626675  3.364336
73.800000  69.494258  5.344260
73.900000  68.010508  5.793918
74.000000  67.386643  7.015329
74.100000  69.163630  4.227113
74.200000  67.296416  3.184467
74.300000  67.838482  1.549402
74.400000  67.641416  6.350968
74.500000  66.946926  5.674305
74.600000  64.569031  3.364806
74.700000  65.220793  6.862068
74.800000  67.233758  8.731212
74.900000  65.797217  2.805868
75.000000  70.058465  4.785149
75.100000  68.476960  6.499287
75.200000  71.682032  4.836011
75.300000  68.013462  0.938572
75.400000  65.646578  1.459171
75.500000  62.182340  8.872137
75.600000  65.851268  6.817156
75.700000  65.322609  4.312847
75.800000  62.555364  1.939486
75.900000  62.606924  6.643857
76.000000  63.656661  4.944792
76.100000  67.406029  5.709314
76.200000  67.573279  2.443458
76.300000  65.889522  2.994992
76.400000  65.733242  6.999062
76.500000  66.040921  5.276739
76.600000  66.686674  4.479259
76.700000  66.773229  7.603821
76.800000  68.801648  6.289474
76.900000  67.538904  9.780939
77.000000  66.163856  9.045755
77.100000  69.860347  2.006753
77.200000  67.729074  9.359793
77.300000  68.475189  8.860212
77.400000  68.309502  7.281569
77.500000  67.783196  3.803643
77.600000  67.845137  7.841883
77.700000  68.068207  11.675731
77.800000  65.609873  10.114610
77.900000  67.037194  7.941569
78.000000  68.247135  6.694637
78.100000  66.815006  6.753357
78.200000  67.086263  9.202156
78.300000  67.230325  5.003273
78.400000  65.935124  10.344434
78.500000  67.476753  7.158556
78.600000  72.358611  8.255287
78.700000  64.029581  9.533935
78.800000  67.034840  6.159285
78.900000  66.104316  5.339987
79.000000  68.765267  3.132827
79.100000  70.209480  6.735180
79.200000  69.326702  8.465830
79.300000  70.406707  4.458811
79.400000  65.874864  4.102575
79.500000  69.349381  5.066386
79.600000  68.450045  8.050066
79.700000  67.367790  7.069492
79.800000  66.869714  7.063705
79.900000  69.495919  8.504643
80.000000  67.979092  7.911406
80.100000  69.583205  4.873120
80.200000  68.897050  8.605453
80.300000  68.507254  8.685818
80.400000  68.789668  7.513670
80.500000  69.697112  7.559519
80.600000  70.514387  6.861329
80.700000  68.500447  6.621738
80.800000  69.901370  8.791732
80.900000  68.715961  4.426609
81.000000  68.343584  7.445344
81.100000  70.873734  10.749990
81.200000  67.859755  5.336674
81.300000  67.855869  5.095775
81.400000  67.227262  12.249613
81.500000  68.329741  9.096529
81.600000  68.772116  7.319848
81.700000  69.206076  9.538570
81.800000  67.917122  12.362300
81.900000  68.695691  10.363431
82.000000  67.305224  8.308995
82.100000  68.420836  4.033443
82.200000  69.005817  10.969328
82.300000  69.316969  8.074999
82.400000  70.904342  11.434933
82.500000  68.069601  8.891335
82.600000  68.677253  6.242518
82.700000  65.183990  7.513028
82.800000  68.168053  8.160113
82.900000  66.937434  4.437516
83.000000  67.019021  5.694289
83.100000  67.487521  8.141213
83.200000  67.256405  8.923993
83.300000  68.047915  7.767134
83.400000  69.617435  8.882238
83.500000  67.495261  8.824648
83.600000  67.736885  6.549011
83.700000  67.580757  7.243230
83.800000  69.509547  6.799321
83.900000  65.368836  6.450739
84.000000  66.666889  5.566033
84.100000  66.310098  6.914222
84.200000  67.078383  6.444506
84.300000  67.962586  3.873873
84.400000  68.501214  8.155936
84.500000  66.769541  7.468200
84.600000  67.745041  7.121738
84.700000  67.493480  10.083780
84.800000  67.410902  2.843358
84.900000  67.093574  10.124234
85.000000  69.370829  7.509714
85.100000  68.692555  6.078246
85.200000  68.266362  9.031161
85.300000  70.094555  8.355756
85.400000  69.768931  8.461398
85.500000  68.544187  5.071518
85.600000  67.223837  4.122220
85.700000  68.755102  10.228897
85.800000  70.126611  8.044632
85.900000  66.104298  6.353570
86.000000  67.808405  3.580063
86.100000  67.116768  7.244649
86.200000  65.748264  10.284656
86.300000  70.656409  6.474868
86.400000  66.295211  3.155453
86.500000  67.953717  4.020908
86.600000  67.233041  2.731699
86.700000  68.243904  5.227028
86.800000  67.226398  4.984937
86.900000  69.263193  2.793241
87.000000  65.658253  6.873110
87.100000  69.296222  12.022878
87.200000  70.995919  0.815383
87.300000  66.320081  5.157400
87.400000  66.347725  6.596832
87.500000  67.443326  8.321948
87.600000  67.078271  2.970471
87.700000  68.376683  7.488930
87.800000  69.496004  6.340832
87.900000  65.985925  4.233915
88.000000  65.140012  8.468537
88.100000  66.378160  5.106123
88.200000  66.702042  7.495062
88.300000  67.518935  7.486475
88.400000  69.412303  8.966035
88.500000  68.454391  9.011219
88.600000  66.913909  7.214859
88.700000  66.824310  7.021576
88.800000  65.920760  7.289154
88.900000  70.657103  5.087727
89.000000  67.748096  3.771633
89.100000  69.595612  9.530857
89.200000  67.395178  8.911105
89.300000  71.300847  5.933410
89.400000  68.963140  4.539874
89.500000  69.010045  3.716922
89.600000  68.723523  5.380939
89.700000  66.930301  5.150855
89.800000  69.139049  3.925589
89.900000  69.127619  6.753626
90.000000  67.600549  5.547608
90.100000  71.004953  7.458960
90.200000  69.259288  10.101908
90.300000  67.986892  2.946805
90.400000  67.153065  6.244618
90.500000  70.062014  9.036020
90.600000  69.028350  6.025053
90.700000  69.827154  1.818392
90.800000  69.521023  2.938609
90.900000  69.033632  8.077953
91.000000  68.583854  10.033255
91.100000  67.992470  4.705753
91.200000  68.259107  3.947237
91.300000  70.361866  2.341977
91.400000  67.834578  3.576857
91.500000  69.041669  5.657409
91.600000  68.840920  5.600901
91.700000  67.078041  7.180606
91.800000  70.815287  8.450169
91.900000  68.296545  8.587187
92.000000  67.234766  9.836698
92.100000  66.719544  7.525832
92.200000  68.047672  4.541826
92.300000  68.075677  7.600428
92.400000  66.524624  13.276973
92.500000  68.721285  6.708763
92.600000  68.438872  5.370111
92.700000  68.063152  11.177701
92.800000  71.743598  4.210282
92.900000  70.205280  9.539202
93.000000  68.421332  5.239646
93.100000  70.162634  6.307205
93.200000  71.559383  7.508076
93.300000  68.572344  8.288919
93.400000  69.535429  6.427160
93.500000  71.281422  7.314691
93.600000  67.333282  7.993775
93.700000  68.296267  6.842727
93.800000  67.263560  5.322739
93.900000  70.295728  4.377661
94.000000  70.224188  4.910985
94.100000  70.428148  3.914904
94.200000  66.840474  6.511669
94.300000  68.315625  2.556332
94.400000  69.970867  5.473517
94.500000  69.754783  5.526074
94.600000  68.039012  7.438106
94.700000  66.489274  3.756947
94.800000  67.219343  6.716129
94.900000  67.912824  10.742322
95.000000  65.708458  0.975812
95.100000  68.018821  6.111337
95.200000  66.805794  6.942785
95.300000  66.378789  4.167495
95.400000  63.064550  6.366022
95.500000  64.322001  7.364546
95.600000  64.821486  2.450056
95.700000  67.639818  5.305627
95.800000  66.605304  8.184195
95.900000  66.090813  9.235285
96.000000  66.969296  9.753889
96.100000  67.459963  4.674738
96.200000  68.164272  3.733406
96.300000  69.992160  0.089369
96.400000  65.928183  3.161105
96.500000  66.027430  3.805219
96.600000  68.222341  3.811610
96.700000  69.462716  4.180877
96.800000  68.735952  3.538554
96.900000  71.080077  6.565567
97.000000  66.847413  3.926671
97.100000  68.552242  5.314199
97.200000  68.960240  7.545886
97.300000  70.569759  3.757110
97.400000  71.204915  6.637061
97.500000  69.150728  9.452565
97.600000  67.720787  7.320205
97.700000  67.357790  8.508623
97.800000  70.299345  9.300196
97.900000  70.248776  4.349604
98.000000  70.874797  10.284448
98.100000  71.951567  6.149711
98.200000  73.647299  7.035063
98.300000  72.141283  13.428391
98.400000  72.694403  9.387086
98.500000  74.047516  6.505450
98.600000  69.995261  7.398018
98.700000  70.422107  7.153744
98.800000  68.865531  9.148748
98.900000  67.673666  4.315229
99.000000  70.053022  6.165635
99.100000  66.203287  5.721987
99.200000  69.551408  4.709424
99.300000  68.228838  6.831662
99.400000  69.577151  5.877098
99.500000  71.380072  4.416395
99.600000  73.005129  2.648374
99.700000  70.543290  5.196404
99.800000  70.337337  7.835282
99.900000  69.782645  7.739031
100.000000  70.442578  7.227086
100.100000  68.163478  10.732712
100.200000  71.469477  3.950751
100.300000  70.419078  5.108756
100.400000  67.023741  3.401517
100.500000  69.516044  3.570319
100.600000  71.638020  3.616109
100.700000  71.450333  6.425078
100.800000  70.823873  4.694963
100.900000  70.175442  7.478513
101.000000  68.108924  8.113596
101.100000  67.257242  8.125637
101.200000  68.362653  8.817298
101.300000  68.768438  7.581103
101.400000  68.121988  8.007659
101.500000  65.077002  9.896258
101.600000  68.210330  8.064302
101.700000  67.244761  10.935904
101.800000  70.987774  7.088130
101.900000  68.116940  7.027078
102.000000  66.865437  5.713404
102.100000  66.644488  7.695452
102.200000  69.131054  6.475402
102.300000  67.098693  4.478418
102.400000  64.948940  7.733756
102.500000  67.659718  6.606801
102.600000  67.280720  8.302283
102.700000  66.550655  4.574125
102.800000  62.087850  3.846664
102.900000  65.457229  5.486488
103.000000  65.583072  7.344617
103.100000  69.461056  6.944296
103.200000  64.240436  10.493857
103.300000  67.279953  7.433079
103.400000  67.313890  8.649165
103.500000  68.760361  9.488928
103.600000  66.621745  9.309716
103.700000  68.500881  3.916229
103.800000  66.603431  9.105507
103.900000  68.660042  11.277433
104.000000  67.770806  8.011582
104.100000  66.735995  8.414742
104.200000  66.028397  9.295443
104.300000  67.272079  11.404585
104.400000  68.389186  9.181888
104.500000  65.479031  8.394272
104.600000  67.293495  11.176473
104.700000  66.946049  8.994167
104.800000  69.697370  11.415791
104.900000  67.090997  13.156929
105.000000  65.858957  7.473421
105.100000  67.402339  7.168689
105.200000  68.442374  8.915276
105.300000  68.957448  12.985974
105.400000  66.840157  6.998837
105.500000  64.660557  9.633060
105.600000  66.468579  7.569416
105.700000  66.721769  4.866064
105.800000  64.283433  12.503346
105.900000  67.917288  4.412166
106.000000  67.645040  6.455070
106.100000  65.160849  3.956509
106.200000  65.332406  8.354071
106.300000  68.403092  0.227123
106.400000  68.139556  2.435590
106.500000  65.651658  2.289192
106.600000  65.111604  1.950173
106.700000  68.587283  0.440636
106.800000  68.171504  2.004173
106.900000  64.038629  4.728757
107.000000  65.981545  5.046408
107.100000  65.691750  8.852292
107.200000  62.958568  4.340109
107.300000  67.542073  8.463094
107.400000  65.716997  4.879175
107.500000  65.239934  4.746609
107.600000  60.886069  6.155411
107.700000  61.379569  1.526754
107.800000  64.593908  5.190347
107.900000  65.105052  5.534814
108.000000  65.157663  7.248686
108.100000  68.341378  6.304444
108.200000  66.679711  7.063284
108.300000  66.962367  4.707657
108.400000  65.815403  2.661319
108.500000  66.107737  3.365726
108.600000  66.203802  5.688429
108.700000  65.571202  6.547650
108.800000  67.136236  10.914795
108.900000  68.491677  8.749389
109.000000  66.475624  9.287478
109.100000  70.139198  5.924941
109.200000  66.627397  10.646181
109.300000  67.505227  6.973706
109.400000  67.272605  7.092850
109.500000  67.793403  7.871059
109.600000  67.280512  9.630914
109.700000  67.975812  4.967895
109.800000  65.032499  7.267320
109.900000  65.953867  9.079853
110.000000  66.428157  10.456197
110.100000  67.365920  8.172160
110.200000  67.395435  9.372774
110.300000  65.959489  9.090841
110.400000  67.012366  12.070161
110.500000  68.104055  8.483318
110.600000  65.455956  6.292854
110.700000  66.526732  4.805448
110.800000  67.538454  10.251634
110.900000  66.791383  10.438910
111.000000  68.131546  7.052368
111.100000  64.674203  9.680475
111.200000  66.443621  9.689504
111.300000  64.774901  3.392588
111.400000  67.969675  3.893729
111.500000  67.048417  1.428124
111.600000  65.282773  4.433615
111.700000  65.266716  7.985177
111.800000  64.975436  1.776696
111.900000  63.928697  9.083550
112.000000  68.589651  4.143261
112.100000  64.382107  7.341451
112.200000  65.620551  4.784056
112.300000  69.214225  6.506496
112.400000  70.371455  5.705778
112.500000  66.769386  9.823767
112.600000  66.368587  7.684748
112.700000  70.370329  8.450447
112.800000  67.891340  6.328551
112.900000  64.655738  6.699229
113.000000  66.574381  9.873770
113.100000  66.702526  9.690874
113.200000  68.455247  9.548988
113.300000  65.934327  8.477952
113.400000  68.336607  8.894458
113.500000  66.882830  5.862854
113.600000  67.561823  7.248465
113.700000  70.209716  6.494931
113.800000  68.335047  8.838749
113.900000  68.044757  6.357186
114.000000  66.972426  7.235313
114.100000  66.095177  8.835213
114.200000  67.825671  8.904171
114.300000  67.683405  1.093860
114.400000  67.019308  7.101005
114.500000  65.781080  8.784205
114.600000  67.711700  7.513082
114.700000  67.476167  8.023601
114.800000  66.839618  8.503393
114.900000  65.479438  4.331599
115.000000  65.216700  12.101676
115.100000  66.622299  9.243025
115.200000  68.960498  9.421484
115.300000  67.875135  9.593411
115.400000  65.715581  13.199318
115.500000  64.561500  8.454972
115.600000  67.946485  8.192851
115.700000  66.191119  9.266583
115.800000  68.874122  10.425702
115.900000  66.191809  7.758752
116.000000  66.308244  6.567851
116.100000  67.394628  6.917068
116.200000  67.525567  8.964419
116.300000  69.781577  14.554757
116.400000  65.769114  8.233603
116.500000  64.939481  5.882216
116.600000  66.958488  6.562181
116.700000  66.447608  9.158874
116.800000  65.121499  8.502751
116.900000  65.408140  5.994800
117.000000  66.808734  5.955322
117.100000  66.209754  10.538584
117.200000  66.972869  10.165595
117.300000  67.669344  4.458692
117.400000  66.527993  6.725053
117.500000  65.689243  9.706327
117.600000  68.781804  7.423131
117.700000  67.458375  5.911701
117.800000  68.602249  2.777495
117.900000  66.139179  6.837406
118.000000  67.523354  7.097787
118.100000  65.761699  7.651957
118.200000  70.701041  6.137100
118.300000  66.735012  3.755996
118.400000  68.457727  12.142169
118.500000  69.368538  9.058351
118.600000  68.356621  6.990801
118.700000  68.389377  7.730716
118.800000  66.079059  5.945664
118.900000  64.224741  7.975962
119.000000  67.134910  7.084946
119.100000  68.339166  5.669540
119.200000  68.214968  6.834502
119.300000  66.598540  8.016740
119.400000  69.695752  7.091478
119.500000  66.300846  8.790049
119.600000  65.146917  6.567116
119.700000  65.757700  1.452374
119.800000  63.827145  7.375445
119.900000  67.178055  0.513807
120.000000  66.786237  2.104270
120.100000  66.991195  8.625308
120.200000  69.253022  7.447741
120.300000  68.876092  13.490231
120.400000  69.014008  11.297772
120.500000  68.707144  10.918996
120.600000  66.312778  5.970869
120.700000  69.348204  5.203877
120.800000  68.552674  11.753771
120.900000  64.743601  8.716975
121.000000  65.468514  5.951351
121.100000  65.936454  6.000533
121.200000  67.745373  8.564987
121.300000  64.586660  6.947545
121.400000  64.011996  10.215863
121.500000  65.265039  5.391071
121.600000  67.146992  5.728613
121.700000  68.651114  4.512376
121.800000  69.182460  2.280606
121.900000  66.848104  8.674109
122.000000  66.400267  5.597809
122.100000  68.024007  11.730950
122.200000  66.758179  3.905672
122.300000  69.258504  5.648018
122.400000  68.777797  0.871610
122.500000  64.890075  5.374468
122.600000  66.319350  3.274450
122.700000  65.786426  5.839543
122.800000  64.179070  3.030346
122.900000  66.178396  4.296541
123.000000  64.605351  8.882200
123.100000  64.403666  8.522168
123.200000  64.109740  5.924377
123.300000  66.031061  6.169669
123.400000  65.435831  7.431750
123.500000  65.331061  7.638562
123.600000  64.645282  6.327688
123.700000  66.021887  4.266334
123.800000  65.630936  6.495831
123.900000  65.524310  6.220694
124.000000  67.895421  7.601277
124.100000  64.945020  6.371111
124.200000  65.662113  5.612345
124.300000  64.101558  7.704259
124.400000  65.064464  6.343341
124.500000  64.163526  5.393702
124.600000  65.781679  6.823889
124.700000  65.625767  7.041311
124.800000  66.637262  4.189975
124.900000  65.610991  4.318894
125.000000  62.950201  2.323507
125.100000  65.635294  5.736284
125.200000  66.592638  5.306637
125.300000  64.218163  3.982225
125.400000  63.606429  4.218702
125.500000  65.622171  4.125837
125.600000  67.606456  5.126396
125.700000  65.729395  9.120778
125.800000  65.585313  4.775783
125.900000  65.781726  6.939219
126.000000  64.684685  3.897855
126.100000  66.063287  9.288739
126.200000  66.629949  5.316841
126.300000  67.510174  10.977375
126.400000  67.032360  10.823958
126.500000  65.868173  9.713833
126.600000  67.779509  9.476430
126.700000  67.250635  14.332016
126.800000  65.526781  6.231682
126.900000  66.720048  8.520186
127.000000  66.518378  7.583485
127.100000  67.194353  9.969586
127.200000  64.133418  4.858735
127.300000  66.504709  9.756937
127.400000  65.900998  5.730883
127.500000  67.245557  6.130950
127.600000  66.072151  7.475963
127.700000  65.483031  6.992447
127.800000  64.584835  7.147320
127.900000  66.854972  6.114325
128.000000  68.298126  3.694654
128.100000  68.159772  6.559306
128.200000  67.997166  10.973978
128.300000  67.055620  4.843029
128.400000  66.725276  13.221232
128.500000  65.739655  8.592378
128.600000  66.471521  7.341007
128.700000  69.575881  7.329972
128.800000  67.025296  9.827373
128.900000  68.754231  8.626744
129.000000  70.461370  11.471714
129.100000  70.354203  4.092918
129.200000  70.374466  8.523677
129.300000  68.948562  8.394545
129.400000  69.694135  7.996248
129.500000  68.479639  8.588733
129.600000  70.665101  5.325631
129.700000  69.552235  4.430361
129.800000  70.715982  8.231847
129.900000  69.553866  7.696773
130.000000  68.797335  4.060018
130.100000  66.784820  5.755986
130.200000  67.766076  4.145894
130.300000  66.418365  8.516683
130.400000  70.004587  6.004890
130.500000  68.232474  11.873764
130.600000  66.069364  9.462120
130.700000  68.852755  13.150701
130.800000  69.220320  7.112820
130.900000  69.315855  7.729176
131.000000  67.778166  5.686901
131.100000  67.587132  12.972117
131.200000  67.840856  7.897665
131.300000  67.648863  7.028436
131.400000  66.217197  8.785845
131.500000  65.542806  12.381826
131.600000  68.236192  10.175060
131.700000  67.816235  7.885857
131.800000  68.329734  10.912804
131.900000  67.471354  11.879963
132.000000  69.282953  9.560132
132.100000  66.531747  8.847285
132.200000  66.747510  9.786754
132.300000  67.342169  8.313334
132.400000  65.567813  6.836135
132.500000  64.615833  8.339515
132.600000  64.390511  7.671766
132.700000  70.128973  9.101080
132.800000  65.012913  9.845701
132.900000  66.117043  8.466404
133.000000  69.326277  12.140635
133.100000  66.802427  10.695629
133.200000  66.791770  9.935314
133.300000  68.686697  10.200973
133.400000  68.344703  6.874890
133.500000  68.429987  5.429543
133.600000  66.647130  10.024920
133.700000  66.539275  5.572747
133.800000  67.551511  8.041392
133.900000  67.185665  9.209390
134.000000  67.465715  7.376363
134.100000  66.876843  9.801182
134.200000  67.221521  13.121084
134.300000  69.755943  9.050724
134.400000  67.072525  6.471948
134.500000  66.676584  6.931204
134.600000  67.661981  12.276244
134.700000  66.631636  10.409363
134.800000  64.973320  13.044418
134.900000  66.443547  13.361980
135.000000  67.765217  13.032180
135.100000  67.043903  11.424647
135.200000  65.911948  11.343117
135.300000  64.519143  9.527272
135.400000  63.788416  6.755469
135.500000  64.848882  11.124644
135.600000  66.350253  12.238372
135.700000  66.475496  15.517198
135.800000  67.581620  9.408046
135.900000  65.359381  9.472501
136.000000  67.628906  9.796671
136.100000  67.811845  11.779803
136.200000  68.210777  13.854623
136.300000  68.460367  10.366521
136.400000  66.713735  14.174051
136.500000  65.999485  11.835087
136.600000  69.967458  11.508840
136.700000  68.373610  8.030495
136.800000  69.842056  12.795511
136.900000  70.473355  10.593065
137.000000  70.182161  11.462404
137.100000  69.940751  11.115053
137.200000  68.061217  10.964060
137.300000  67.815513  6.446464
137.400000  68.452546  8.552391
137.500000  65.709489  7.476474
137.600000  67.586713  7.612432
137.700000  67.420634  9.412716
137.800000  66.512436  4.814973
137.900000  69.292917  8.864728
138.000000  68.879209  3.673842
138.100000  71.750158  4.027361
138.200000  68.424501  2.320070
138.300000  67.486149  4.041091
138.400000  65.192335  4.138322
138.500000  65.631202  5.013398
138.600000  71.164355  9.229378
138.700000  69.742124  3.983836
138.800000  68.607389  6.040574
138.900000  64.118264  10.682013
139.000000  66.765409  10.334011
139.100000  68.451073  9.871148
139.200000  73.208594  7.765239
139.300000  67.356808  10.605829
139.400000  67.823016  9.589766
139.500000  65.628740  9.755613
139.600000  67.489407  8.532182
139.700000  67.732883  6.133356
139.800000  67.351587  5.153021
139.900000  65.443833  10.027006
140.000000  70.662317  3.614552
140.100000  67.942752  9.106826
140.200000  69.561279  0.160158
140.300000  68.867437  2.090593
140.400000  65.267718  3.498424
140.500000  65.505388  6.035285
140.600000  66.211112  6.247912
140.700000  65.599413  1.279312
140.800000  67.784408  4.626736
140.900000  70.032913  2.379702
141.000000  69.002332  6.666306
141.100000  70.191442  0.193870
141.200000  72.361317  2.430798
141.300000  71.062591  3.271387
141.400000  67.482386  1.984694
141.500000  72.211680  5.429435
141.600000  67.907758  10.570750
141.700000  64.613980  5.306733
141.800000  65.166375  4.486993
141.900000  68.344450  3.668610
142.000000  68.427539  4.631624
142.100000  66.907753  9.189958
142.200000  64.016141  4.942568
142.300000  68.437237  9.456806
142.400000  69.271137  8.915419
142.500000  68.358567  8.858907
142.600000  67.420272  4.875890
142.700000  69.036599  10.382896
142.800000  64.582990  8.249632
142.900000  68.185470  10.839536
143.000000  64.175332  8.068663
143.100000  64.731358  7.388852
143.200000  65.767893  9.261045
143.300000  68.260477  4.596244
143.400000  66.691346  10.462579
143.500000  67.231748  4.344293
143.600000  67.300727  5.810224
143.700000  65.785855  6.191524
143.800000  67.670856  2.709757
143.900000  67.914534  7.073891
144.000000  72.568675  9.832386
144.100000  69.605190  4.933788
144.200000  68.490182  6.887786
144.300000  67.595816  4.807359
144.400000  68.168444  4.626899
144.500000  69.245669  3.156158
144.600000  71.599998  6.027575
144.700000  69.855409  0.578843
144.800000  69.254823  4.153407
144.900000  64.910159  4.354568
145.000000  68.400718  9.325573
145.100000  70.176924  7.432300
145.200000  70.715275  3.165635
145.300000  67.979250  11.775593
145.400000  68.247546  7.499922
145.500000  66.160913  8.457148
145.600000  66.322906  7.907620
145.700000  66.763665  7.790130
145.800000  66.262219  9.028642
145.900000  68.626293  2.657447
146.000000  67.437492  7.960131
146.100000  68.339654  10.682959
146.200000  65.231761  10.009306
146.300000  66.297379  6.503796
146.400000  67.546119  4.592957
146.500000  67.705093  5.564636
146.600000  66.925051  7.623167
146.700000  69.120672  9.713221
146.800000  67.096577  6.964737
146.900000  66.113649  7.382217
147.000000  65.255809  7.605307
147.100000  67.656916  8.720963
147.200000  68.146133  7.507124
147.300000  67.348419  9.226783
147.400000  66.810888  10.059017
147.500000  67.511092  7.428215
147.600000  65.003938  8.914154
147.700000  65.515614  5.243847
147.800000  65.534565  9.438903
147.900000  66.748620  7.498770
148.000000  66.900465  6.449578
148.100000  70.828250  0.493794
148.200000  69.597943  6.730339
148.300000  67.155646  5.148763
148.400000  70.679936  0.965769
148.500000  69.302624  1.747058
148.600000  67.050568  10.120739
148.700000  67.313023  5.258774
148.800000  65.811670  6.993750
148.900000  66.797331  7.386663
149.000000  66.419113  4.802957
149.100000  65.830238  7.002314
149.200000  67.743876  1.628731
149.300000  62.635813  1.681345
149.400000  63.631810  4.873586
149.500000  66.379693  6.461636
149.600000  65.766213  5.655581
149.700000  64.894337  5.289382
149.800000  64.654161  4.068420
149.900000  66.446529  4.526809
150.000000  64.928946  3.394883
150.100000  67.316701  2.373369
150.200000  63.211617  3.950318
150.300000  63.644204  5.814581
150.400000  64.251601  3.274940
150.500000  64.700249  5.558388
150.600000  62.020339  7.418368
150.700000  65.957593  3.833568
150.800000  66.122816  5.987299
150.900000  67.855264  3.688924
151.000000  66.072494  7.125715
151.100000  65.860354  5.983611
151.200000  65.087123  6.113121
151.300000  64.953179  5.971674
151.400000  63.872136  9.692387
151.500000  67.810209  6.390886
151.600000  67.084378  9.378050
151.700000  68.204384  5.283419
151.800000  67.783179  7.939604
151.900000  68.522675  3.339708
152.000000  66.485876  8.310403
152.100000  66.745136  4.414434
152.200000  68.232786  4.848729
152.300000  65.886448  8.435114
152.400000  67.060569  2.400553
152.500000  66.691941  7.550073
152.600000  66.912963  4.457598
152.700000  67.686865  6.689223
152.800000  67.174844  8.450135
152.900000  69.179678  2.698498
153.000000  67.364591  5.982256
153.100000  71.306652  5.066036
153.200000  68.906299  9.864519
153.300000  69.876161  8.034738
153.400000  68.243780  9.806764
153.500000  70.621451  3.248709
153.600000  67.191189  6.294668
153.700000  65.214770  8.072524
153.800000  65.938072  1.306027
153.900000  67.335857  6.807989
154.000000  64.065242  4.655458
154.100000  68.874602  2.408117
154.200000  66.341651  6.874918
154.300000  67.842738  6.555991
154.400000  66.508152  3.947516
154.500000  64.475450  8.491182
154.600000  66.669726  2.215785
154.700000  68.457953  4.384260
154.800000  66.501985  3.868593
154.900000  65.909831  8.927620
155.000000  67.374975  5.089226
155.100000  66.192133  3.604349
155.200000  65.298832  4.847537
155.300000  64.125557  3.904098
155.400000  65.560194  6.608208
155.500000  63.865858  5.948218
155.600000  67.472765  6.961828
155.700000  65.553025  7.100837
155.800000  66.645363  4.950449
155.900000  65.584190  2.812164
156.000000  64.950145  8.380862
156.100000  67.966690  8.941478
156.200000  64.222176  6.847229
156.300000  67.265743  5.616406
156.400000  66.646639  4.897942
156.500000  65.999928  6.220857
156.600000  69.058547  5.627603
156.700000  67.120993  8.861577
156.800000  66.237039  6.074343
156.900000  67.657384  5.866647
157.000000  64.633398  4.845077
157.100000  66.541854  8.502458
157.200000  67.711316  7.308921
157.300000  64.618509  8.663860
157.400000  70.046824  4.637770
157.500000  67.147670  3.633528
157.600000  66.260473  9.249607
157.700000  66.964089  7.939539
157.800000  66.848806  7.018201
157.900000  67.330207  11.462984
158.000000  68.068698  5.694164
158.100000  68.320937  11.735989
158.200000  65.650659  8.745442
158.300000  67.638818  4.559364
158.400000  66.362109  6.859430
158.500000  64.620841  6.341561
158.600000  67.222924  4.701906
158.700000  67.324529  7.400156
158.800000  67.255704  4.687514
158.900000  66.336794  8.300748
159.000000  64.946926  8.111838
159.100000  66.544664  8.787509
159.200000  65.884023  5.727986
159.300000  65.887461  8.202140
159.400000  64.782127  5.614055
159.500000  66.534718  8.511021
159.600000  66.389870  9.665640
159.700000  66.926570  9.546877
159.800000  65.755622  5.432277
159.900000  67.186433  10.814532
160.000000  68.399833  9.407787
160.100000  64.700941  7.764031
160.200000  68.392123  4.120953
160.300000  68.439050  9.802619
160.400000  69.486503  3.340867
160.500000  65.645239  6.647331
160.600000  68.096788  5.256493
160.700000  65.621624  7.894742
160.800000  69.332340  8.194390
160.900000  66.700860  3.681284
161.000000  66.942438  7.534505
161.100000  69.433146  4.734769
161.200000  67.665590  0.918696
161.300000  64.593063  5.663493
161.400000  67.662599  5.595339
161.500000  67.189751  2.947059
161.600000  66.165682  8.727762
161.700000  66.647707  7.375527
161.800000  65.279661  8.395513
161.900000  68.079217  1.572892
162.000000  66.565226  3.920954
162.100000  68.379506  5.403108
162.200000  68.465694  7.815837
162.300000  68.791701  1.475762
162.400000  65.883751  5.507155
162.500000  68.566168  3.644811
162.600000  65.172357  7.429378
162.700000  68.245420  6.688476
162.800000  64.983028  2.719255
162.900000  66.307991  8.191548
163.000000  67.597803  12.055092
163.100000  67.218058  7.479068
163.200000  69.050504  4.783649
163.300000  65.284453  7.969294
163.400000  69.249955  8.551329
163.500000  68.125376  8.164845
163.600000  70.720445  4.861441
163.700000  67.872393  7.221759
163.800000  66.898281  5.781790
163.900000  67.404630  4.888273
164.000000  65.337298  8.421992
164.100000  67.640082  5.746515
164.200000  67.814875  4.953280
164.300000  68.065195  7.489042
164.400000  70.534595  8.464644
164.500000  68.997349  3.541097
164.600000  69.244751  3.877926
164.700000  71.508807  2.735705
164.800000  65.080014  8.087926
164.900000  66.570947  9.504870
165.000000  66.908398  9.908416
165.100000  66.830880  5.915544
165.200000  65.939658  12.850044
165.300000  67.366582  6.922316
165.400000  68.094060  4.188275
165.500000  68.731338  7.427890
165.600000  70.000553  8.560279
165.700000  67.958721  4.994521
165.800000  69.050947  5.974455
165.900000  66.508371  10.654508
166.000000  67.460737  6.887146
166.100000  70.020916  6.298374
166.200000  69.114278  12.827432
166.300000  64.765151  9.144663
166.400000  70.938395  5.092479
166.500000  68.336338  9.075829
166.600000  69.422849  2.638500
166.700000  64.738635  7.336753
166.800000  66.811537  7.127869
166.900000  67.868239  6.267676
167.000000  67.573495  7.503046
167.100000  66.545600  5.007172
167.200000  67.343838  3.458664
167.300000  67.662275  4.888820
167.400000  68.870061  8.639561
167.500000  66.349065  7.907123
167.600000  70.594056  5.802570
167.700000  67.390712  5.761082
167.800000  66.984024  6.288460
167.900000  71.084930  6.935701
168.000000  68.976251  5.046686
168.100000  68.435322  5.980726
168.200000  66.906968  6.290463
168.300000  67.028748  10.254617
168.400000  69.204809  5.016811
168.500000  70.549720  6.538364
168.600000  66.183135  7.169144
168.700000  68.088028  2.421308
168.800000  66.661900  5.331591
168.900000  67.060336  4.346696
169.000000  69.534077  2.472289
169.100000  67.833539  1.494383
169.200000  64.835058  4.954489
169.300000  68.169976  2.027771
169.400000  66.211819  6.516082
169.500000  66.831509  6.278253
169.600000  66.741173  10.105098
169.700000  62.455420  5.564892
169.800000  65.458780  4.808573
169.900000  65.499754  7.128493
170.000000  64.864045  3.869771
170.100000  69.184728  3.193076
170.200000  66.583176  6.891029
170.300000  67.137506  7.067404
170.400000  68.754557  4.536283
170.500000  69.103612  4.260638
170.600000  68.412008  6.206659
170.700000  65.916905  5.219131
170.800000  67.691752  6.947642
170.900000  65.730395  6.019517
171.000000  66.231465  4.027369
171.100000  64.225628  6.031319
171.200000  68.388599  8.647676
171.300000  66.386775  7.465189
171.400000  63.965606  3.999614
171.500000  66.152091  6.252105
171.600000  65.245858  5.886923
171.700000  67.143340  3.918554
171.800000  66.325864  2.701505
171.900000  67.480116  8.054227
172.000000  65.570922  2.769855
172.100000  67.721933  4.957415
172.200000  65.419410  5.288491
172.300000  66.782897  6.600637
172.400000  67.046372  5.679692
172.500000  66.961731  4.010039
172.600000  67.897434  7.731859
172.700000  66.554947  3.393697
172.800000  65.738159  5.624390
172.900000  65.274542  4.963641
173.000000  69.833308  7.612591
173.100000  68.360909  6.738318
173.200000  66.911343  6.089861
173.300000  66.369847  7.196992
173.400000  64.388681  3.955332
173.500000  67.283611  5.603077
173.600000  67.419487  4.459555
173.700000  65.106265  5.757537
173.800000  64.955582  3.866751
173.900000  67.038760  3.082818
174.000000  67.299004  2.195169
174.100000  68.673114  4.136796
174.200000  66.792768  3.524796
174.300000  65.240672  6.511324
174.400000  68.135613  2.565260
174.500000  65.210118  3.047499
174.600000  65.670938  2.272877
174.700000  66.376380  3.362887
174.800000  67.437207  5.039673
174.900000  67.046851  3.259936
175.000000  64.944906  1.668497
175.100000  65.540151  4.248879
175.200000  67.022754  2.776043
175.300000  64.118510  4.440358
175.400000  63.320506  6.295477
175.500000  65.999613  6.547150
175.600000  66.064672  7.540623
175.700000  68.851649  6.128808
175.800000  67.500870  3.179380
175.900000  63.447598  6.698389
176.000000  66.355784  4.157233
176.100000  67.864121  4.947033
176.200000  66.490654  2.656997
176.300000  67.996107  6.111466
176.400000  68.123855  5.966617
176.500000  68.476926  5.750776
176.600000  64.951396  6.534584
176.700000  67.723265  4.672743
176.800000  65.015102  2.132285
176.900000  68.790050  6.289565
177.000000  65.813272  7.275363
177.100000  67.822508  4.619824
177.200000  66.220430  4.771377
177.300000  69.030602  3.480462
177.400000  65.837294  5.954266
177.500000  64.422647  5.611639
177.600000  65.163112  1.624086
177.700000  67.533664  5.985966
177.800000  65.213063  6.312605
177.900000  64.589517  6.584032
178.000000  67.314144  5.806188
178.100000  65.142495  3.651980
178.200000  67.751516  0.185509
178.300000  65.954221  6.424194
178.400000  64.280643  3.626548
178.500000  67.524539  2.056532
178.600000  63.011618  7.871605
178.700000  66.159923  8.618722
178.800000  64.144016  1.984598
178.900000  68.288547  4.703539
179.000000  67.721840  3.358812
179.100000  69.403822  5.007437
179.200000  66.504375  6.302985
179.300000  66.883522  7.052899
179.400000  67.259779  7.308024
179.500000  65.886611  7.142927
179.600000  63.821962  7.414167
179.700000  66.287827  8.327019
179.800000  65.888621  5.864833
179.900000  63.626990  4.330700
180.000000  66.672376  5.264505
180.100000  65.167936  6.599087
180.200000  69.024990  4.919441
180.300000  68.042625  4.212712
180.400000  66.820823  8.358133
180.500000  69.154381  3.115109
180.600000  70.015395  2.754615
180.700000  69.005933  4.341332
180.800000  69.003258  5.013432
180.900000  70.060327  5.940212
181.000000  67.524789  4.488230
181.100000  67.533023  6.210247
181.200000  66.964722  3.853554
181.300000  65.958570  8.251924
181.400000  66.298615  7.504015
181.500000  66.989514  7.887785
181.600000  64.563969  5.012032
181.700000  65.627383  2.806118
181.800000  68.402665  3.682744
181.900000  71.938862  8.549084
182.000000  66.386990  4.858890
182.100000  66.408289  2.725878
182.200000  66.028221  7.949073
182.300000  69.746054  7.104686
182.400000  69.363742  5.200125
182.500000  69.343019  5.584350
182.600000  66.327723  7.729922
182.700000  65.095089  9.385167
182.800000  69.957725  6.329608
182.900000  66.707116  5.964021
183.000000  68.067871  1.769347
183.100000  65.951680  4.574059
183.200000  67.350133  2.074670
183.300000  67.008941  5.991798
183.400000  67.601290  3.759035
183.500000  69.230994  5.107681
183.600000  68.553785  3.272173
183.700000  68.163026  7.555195
183.800000  68.205126  1.934617
183.900000  68.772958  4.873371
184.000000  68.129377  2.119277
184.100000  68.914141  3.689046
184.200000  71.321873  3.920526
184.300000  68.256696  7.624957
184.400000  69.777157  2.977983
184.500000  67.749356  2.822509
184.600000  70.012266  8.199595
184.700000  66.493880  7.842499
184.800000  64.375525  7.233295
184.900000  66.526907  4.651050
185.000000  65.598258  8.610912
185.100000  64.201779  5.462848
185.200000  67.443209  7.149320
185.300000  68.067625  4.960755
185.400000  66.418673  4.771777
185.500000  68.207691  7.094668
185.600000  67.720562  0.534408
185.700000  64.430535  8.437844
185.800000  63.638078  8.423547
185.900000  68.130407  7.326460
186.000000  67.418883  10.325291
186.100000  65.450531  11.675648
186.200000  66.004582  5.523239
186.300000  68.171813  4.252247
186.400000  64.877971  8.115006
186.500000  63.653040  5.718937
186.600000  63.880237  5.659460
186.700000  68.631746  8.183022
186.800000  66.720849  5.970305
186.900000  66.250644  4.448921
187.000000  67.941085  8.176683
187.100000  67.551334  12.443387
187.200000  65.891395  10.846983
187.300000  67.432186  2.552177
187.400000  67.554924  9.472796
187.500000  67.392584  8.316387
187.600000  67.030417  14.929391
187.700000  66.924494  10.969267
187.800000  67.889196  12.049966
187.900000  67.778987  8.058005
188.000000  67.298143  12.664399
188.100000  64.230432  11.063666
188.200000  67.863562  12.794665
188.300000  66.370102  9.335839
188.400000  67.951793  9.133280
188.500000  65.682460  9.027343
188.600000  63.557469  8.166231
188.700000  66.732733  7.772646
188.800000  65.252616  7.825412
188.900000  65.940106  4.035918
189.000000  62.423288  5.595095
189.100000  67.061107  3.629955
189.200000  66.978831  13.079611
189.300000  65.587798  9.105311
189.400000  64.210810  10.246823
189.500000  65.287533  11.944209
189.600000  65.563135  11.128141
189.700000  64.574696  9.567002
189.800000  64.978750  3.642704
189.900000  65.625368  3.303828
190.000000  67.259873  4.955000
190.100000  63.371968  9.327733
190.200000  64.626594  8.657090
190.300000  63.912242  8.028046
190.400000  64.086521  7.984309
190.500000  64.002097  9.223875
190.600000  64.838115  6.037571
190.700000  66.694446  8.373560
190.800000  65.524046  5.711799
190.900000  65.077178  4.923066
191.000000  67.121433  3.467242
191.100000  66.268939  7.038808
191.200000  66.106137  8.942108
191.300000  67.064367  6.443033
191.400000  65.563384  9.832278
191.500000  65.673023  10.735595
191.600000  66.242053  6.373604
191.700000  67.061804  8.394906
191.800000  65.860806  4.082842
191.900000  67.195655  8.137008
192.000000  65.866845  7.447084
192.100000  64.161975  8.064418
192.200000  65.822605  6.280426
192.300000  65.707998  10.419035
192.400000  64.627724  4.020156
192.500000  65.316753  8.026462
192.600000  64.248714  3.648974
192.700000  64.314698  5.505079
192.800000  65.296327  1.055341
192.900000  65.143695  5.816751
193.000000  61.408038  3.305200
193.100000  64.004707  10.788065
193.200000  66.338178  7.471606
193.300000  68.296730  8.007767
193.400000  68.323017  7.291948
193.500000  68.566229  4.502246
193.600000  66.643587  5.077193
193.700000  68.517753  6.092458
193.800000  65.199343  2.771275
193.900000  66.993586  5.691155
194.000000  65.573729  6.498858
194.100000  66.047519  7.548787
194.200000  70.432973  7.188281
194.300000  66.471063  6.613312
194.400000  66.546505  6.119310
194.500000  68.595937  8.979419
194.600000  68.598478  6.839282
194.700000  67.905439  7.499758
194.800000  67.190220  3.715729
194.900000  66.110782  7.778841
195.000000  67.183175  7.640352
195.100000  68.593246  11.789654
195.200000  68.592157  5.703665
195.300000  66.006286  14.217896
195.400000  68.151683  8.312457
195.500000  68.809441  7.483979
195.600000  65.352718  10.332963
195.700000  65.273947  9.551622
195.800000  68.726632  9.390708
195.900000  65.867893  7.008545
196.000000  67.855170  8.783033
196.100000  66.019475  12.623284
196.200000  67.031056  9.830486
196.300000  63.717202  10.297749
196.400000  64.716070  11.836578
196.500000  67.781655  7.161138
196.600000  66.403219  9.567103
196.700000  68.115880  6.272188
196.800000  66.306515  13.804298
196.900000  65.933664  9.388003
197.000000  65.003169  4.247225
197.100000  66.713243  6.880672
197.200000  66.508153  11.484010
197.300000  63.355481  12.002246
197.400000  68.137578  4.529316
197.500000  65.421136  11.658106
197.600000  64.038415  11.474396
197.700000  66.819005  8.041023
197.800000  66.218637  8.524862
197.900000  66.124435  11.792570
198.000000  65.010323  13.064924
198.100000  66.286517  4.878323
198.200000  64.318169  8.485228
198.300000  65.547904  9.682663
198.400000  67.900097  9.496460
198.500000  66.711292  11.821212
198.600000  63.612960  10.686854
198.700000  65.430652  8.327293
198.800000  64.042532  9.948314
198.900000  65.434825  9.407021
199.000000  65.516151  7.552110
199.100000  64.967894  11.957762
199.200000  63.962014  9.864270
199.300000  63.757397  9.062365
199.400000  71.378975  6.922432
199.500000  64.519844  9.150938
199.600000  69.221882  3.720176
199.700000  66.841359  9.676711
199.800000  67.742688  0.817155
199.900000  66.482025  3.816445
200.000000  66.862909  4.302369
