# aggregated from 2 replicates
# x  mean  std
0.000000  77.760000  0.000000
0.100000  79.162000  0.493561
0.200000  78.755000  1.838478
0.300000  80.069000  0.680237
0.400000  79.493000  1.605132
0.500000  79.641500  0.016263
0.600000  80.233500  0.432042
0.700000  80.055500  0.866206
0.800000  78.456500  1.113693
0.900000  78.513000  0.070711
1.000000  79.315000  1.142685
1.100000  80.320500  1.470075
1.200000  80.561500  0.682358
1.300000  79.942000  1.230366
1.400000  81.886500  2.806507
1.500000  79.757500  1.356938
1.600000  79.982000  2.429619
1.700000  79.049000  2.528614
1.800000  78.574500  2.274763
1.900000  79.427000  1.623517
2.000000  79.357500  1.171676
2.100000  80.386000  2.551241
2.200000  79.254500  1.037326
2.300000  80.307500  3.554626
2.400000  78.991000  2.438104
2.500000  79.683500  0.878934
2.600000  79.251000  1.969999
2.700000  79.702500  1.091066
2.800000  79.853500  1.696349
2.900000  78.064000  1.400071
3.000000  78.546000  2.466388
3.100000  78.937000  0.557200
3.200000  78.900000  1.448155
3.300000  79.379000  1.781909
3.400000  78.957000  1.450983
3.500000  78.731500  2.208294
3.600000  79.207000  2.476288
3.700000  78.688500  0.464569
3.800000  79.856000  3.634529
3.900000  78.846000  1.603718
4.000000  79.371500  2.256378
4.100000  79.662000  0.868327
4.200000  79.539500  2.081015
4.300000  80.452500  2.700441
4.400000  79.997000  3.365828
4.500000  81.737500  4.282946
4.600000  80.423500  2.457196
4.700000  80.423500  3.259055
4.800000  79.913500  2.245064
4.900000  79.319000  0.909339
5.000000  79.603500  2.249307
5.100000  78.146000  1.800294
5.200000  78.966500  0.975100
5.300000  80.316000  2.163747
5.400000  80.220500  1.796758
5.500000  78.411000  1.199253
5.600000  79.130500  2.196981
5.700000  79.954500  2.807921
5.800000  78.959000  1.393000
5.900000  80.506500  2.181424
6.000000  81.041500  2.076773
6.100000  78.370500  1.919795
6.200000  79.127000  2.865197
6.300000  80.954500  3.042680
6.400000  80.347500  2.875803
6.500000  79.599000  0.106066
6.600000  78.944500  0.702157
6.700000  80.128000  1.254407
6.800000  80.307500  1.513916
6.900000  79.499000  0.333754
7.000000  80.291500  1.853327
7.100000  79.793500  1.939594
7.200000  79.823000  1.096016
7.300000  80.685000  0.783474
7.400000  80.661500  1.433305
7.500000  79.656500  0.891662
7.600000  80.401500  0.152028
7.700000  80.521500  1.065610
7.800000  79.820000  1.622103
7.900000  78.967500  1.242387
8.000000  80.022500  0.351432
8.100000  81.222000  1.559878
8.200000  79.516500  1.496945
8.300000  79.302500  2.236579
8.400000  80.734500  0.313248
8.500000  79.856000  1.534422
8.600000  80.132500  1.160362
8.700000  78.650500  1.102379
8.800000  79.518000  1.610789
8.900000  80.964500  1.096723
9.000000  80.688000  0.572756
9.100000  81.077500  0.704985
9.200000  79.288500  0.775696
9.300000  79.328000  1.111572
9.400000  79.701500  0.540937
9.500000  78.653500  0.266579
9.600000  79.455500  0.371231
9.700000  79.860000  0.272943
9.800000  81.425000  0.893783
9.900000  80.275000  1.458054
10.000000  79.753500  0.943988
10.100000  79.203000  1.455226
10.200000  79.580500  0.051619
10.300000  79.588000  0.476590
10.400000  79.081500  0.094045
10.500000  80.176500  0.027577
10.600000  81.527000  0.765090
10.700000  79.393000  0.011314
10.800000  80.399000  0.140007
10.900000  79.187500  1.095308
11.000000  80.989000  0.784889
11.100000  80.389000  0.995606
11.200000  79.980000  0.142836
11.300000  79.473000  0.103238
11.400000  81.251500  0.791252
11.500000  80.976000  0.748119
11.600000  79.972500  1.697763
11.700000  79.597000  1.438255
11.800000  79.935500  2.559019
11.900000  81.271500  2.216780
12.000000  80.237500  2.249307
12.100000  81.505500  1.918381
12.200000  80.494000  0.004243
12.300000  80.015500  2.741453
12.400000  78.887500  1.842013
12.500000  80.543500  1.085409
12.600000  80.885500  2.301633
12.700000  80.980000  3.107027
12.800000  81.962000  0.824487
12.900000  81.929500  0.006364
13.000000  79.867000  0.927724
13.100000  79.707000  3.010861
13.200000  79.947000  0.695793
13.300000  80.128000  0.359210
13.400000  81.759500  0.299106
13.500000  79.603500  1.136321
13.600000  80.968000  0.820244
13.700000  79.454500  1.207031
13.800000  79.136500  0.796909
13.900000  79.711500  0.917117
14.000000  79.073500  3.475430
14.100000  79.884500  0.048790
14.200000  78.733000  0.086267
14.300000  79.222500  0.611647
14.400000  79.640500  0.951059
14.500000  80.256000  0.108894
14.600000  80.206000  2.419719
14.700000  79.926000  0.263044
14.800000  79.618000  0.820244
14.900000  79.666000  0.154149
15.000000  79.802500  0.045962
15.100000  79.296000  0.247487
15.200000  80.279000  1.149756
15.300000  79.843500  1.140563
15.400000  79.871000  0.632153
15.500000  79.002000  1.111572
15.600000  79.960000  1.465125
15.700000  79.839000  0.903682
15.800000  79.611500  0.290621
15.900000  80.043500  0.108187
16.000000  80.670000  0.572756
16.100000  80.866000  0.533159
16.200000  80.404500  1.629881
16.300000  80.237500  2.635387
16.400000  78.961000  0.057983
16.500000  79.568500  0.070004
16.600000  80.793000  0.885298
16.700000  81.011500  1.857570
16.800000  80.336500  1.884440
16.900000  79.505500  1.775545
17.000000  79.837500  0.495682
17.100000  81.257500  1.955150
17.200000  80.041000  0.233345
17.300000  79.682500  1.458761
17.400000  79.770500  0.181726
17.500000  79.622500  0.825194
17.600000  79.814000  1.627760
17.700000  80.225000  0.834386
17.800000  80.060500  1.253700
17.900000  79.698500  1.037326
18.000000  79.789500  1.441791
18.100000  79.648000  0.953180
18.200000  78.485000  0.333754
18.300000  79.573500  0.307591
18.400000  79.674500  0.263751
18.500000  79.033000  0.250316
18.600000  79.538000  0.342240
18.700000  80.307500  0.546594
18.800000  80.303500  1.470075
18.900000  78.731500  0.795495
19.000000  79.093500  1.798173
19.100000  79.959000  0.675994
19.200000  79.280500  1.556342
19.300000  80.131500  1.440377
19.400000  78.782000  1.049346
19.500000  78.222500  0.444770
19.600000  78.797500  1.601597
19.700000  79.115000  0.660438
19.800000  77.467500  0.993485
19.900000  78.030500  1.044397
20.000000  79.065000  1.271378
20.100000  78.394500  0.471640
20.200000  79.164500  0.563564
20.300000  79.322000  0.123037
20.400000  78.766500  1.042983
20.500000  79.467500  0.671044
20.600000  78.789000  1.282692
20.700000  79.662500  1.231073
20.800000  78.608000  0.343654
20.900000  80.064000  1.849791
21.000000  80.136000  1.380272
21.100000  80.956000  0.124451
21.200000  79.269000  0.087681
21.300000  78.634000  1.141270
21.400000  79.582000  0.667509
21.500000  80.536000  0.929138
21.600000  80.308000  0.842871
21.700000  79.480000  0.229103
21.800000  79.105000  1.878076
21.900000  79.343000  0.588313
22.000000  79.541000  0.145664
22.100000  78.950500  0.533866
22.200000  79.814000  1.989798
22.300000  78.549500  0.932674
22.400000  78.555500  0.152028
22.500000  78.738500  1.298955
22.600000  80.157000  0.425678
22.700000  79.202000  1.411385
22.800000  79.679500  0.127986
22.900000  78.334000  0.231931
23.000000  79.334000  0.002828
23.100000  78.337500  1.598768
23.200000  78.468000  1.026719
23.300000  77.927500  0.352846
23.400000  79.817000  1.234608
23.500000  78.553500  0.919946
23.600000  79.198000  0.296985
23.700000  78.770500  0.904390
23.800000  78.641500  0.153442
23.900000  79.706000  0.226274
24.000000  80.540000  1.115815
24.100000  80.699000  0.449720
24.200000  79.931000  0.487904
24.300000  80.370000  0.864084
24.400000  79.548500  1.907067
24.500000  80.933500  0.200111
24.600000  79.838500  0.654074
24.700000  79.788500  0.458912
24.800000  79.446500  0.293449
24.900000  77.500500  1.697763
25.000000  79.086500  0.301935
25.100000  79.265500  0.211425
25.200000  77.474000  0.691550
25.300000  79.017000  0.555786
25.400000  78.494500  0.948230
25.500000  77.524000  0.544472
25.600000  78.249000  0.526087
25.700000  79.269000  1.374616
25.800000  79.834000  1.571191
25.900000  79.954000  0.026870
26.000000  78.895000  0.842871
26.100000  79.478000  0.668923
26.200000  79.724500  0.539522
26.300000  79.537000  0.492146
26.400000  79.555000  0.369110
26.500000  78.882000  0.380423
26.600000  77.862000  0.644881
26.700000  79.218500  2.158797
26.800000  79.133000  0.572756
26.900000  78.974500  0.044548
27.000000  78.058500  0.167584
27.100000  79.227000  2.032225
27.200000  78.616500  0.190212
27.300000  79.146500  0.173241
27.400000  78.901000  1.325118
27.500000  78.434000  0.848528
27.600000  79.529000  0.056569
27.700000  79.867500  1.182990
27.800000  79.022000  0.797616
27.900000  78.920000  0.022627
28.000000  78.215500  0.603162
28.100000  78.043000  0.847114
28.200000  78.632000  0.366281
28.300000  79.711000  1.639074
28.400000  79.884000  0.620840
28.500000  79.162500  0.094045
28.600000  79.199500  1.079752
28.700000  81.078000  3.143797
28.800000  79.750000  0.422850
28.900000  80.555000  0.623668
29.000000  80.301500  0.385373
29.100000  80.591000  0.953180
29.200000  79.353500  0.614476
29.300000  79.661500  0.200111
29.400000  80.666500  0.549422
29.500000  79.795500  0.734684
29.600000  80.030500  1.969292
29.700000  79.186500  0.277893
29.800000  79.292000  1.357645
29.900000  79.235000  0.446891
30.000000  79.288000  1.255822
30.100000  78.955500  1.021769
30.200000  79.497000  0.049497
30.300000  79.927000  0.130108
30.400000  78.836500  0.116673
30.500000  79.038000  0.055154
30.600000  79.752000  0.326683
30.700000  79.976500  0.762968
30.800000  81.143000  0.376181
30.900000  79.473000  0.575585
31.000000  80.192000  0.601041
31.100000  79.041500  0.269408
31.200000  80.261500  2.649529
31.300000  79.417500  0.803980
31.400000  79.623500  1.140563
31.500000  79.100000  0.408708
31.600000  79.691500  0.574878
31.700000  79.157500  0.654074
31.800000  78.282500  0.239709
31.900000  79.758000  0.472347
32.000000  78.839500  0.693672
32.100000  78.793500  0.210011
32.200000  80.633000  1.728169
32.300000  79.756500  0.096874
32.400000  79.772000  0.434164
32.500000  80.811500  1.140563
32.600000  80.129000  0.857013
32.700000  79.337000  0.708521
32.800000  81.538500  0.939745
32.900000  81.948500  1.303198
33.000000  80.746500  2.655186
33.100000  80.199000  0.264458
33.200000  78.981000  0.045255
33.300000  80.358500  0.201525
33.400000  80.848000  1.622103
33.500000  80.817500  1.345624
33.600000  79.565000  1.117229
33.700000  79.440500  0.580535
33.800000  79.187000  1.780495
33.900000  80.530000  0.203647
34.000000  79.719000  0.821658
34.100000  80.062500  1.256529
34.200000  80.408500  0.713471
34.300000  80.875000  1.070560
34.400000  79.243500  0.485782
34.500000  79.943500  0.642760
34.600000  80.521500  0.112430
34.700000  79.914000  0.343654
34.800000  79.454500  0.265165
34.900000  79.513000  3.232892
35.000000  78.920000  1.441084
35.100000  80.428000  0.018385
35.200000  80.325500  0.958130
35.300000  80.166000  1.414214
35.400000  79.401500  0.934088
35.500000  80.620500  0.198697
35.600000  80.177500  0.014849
35.700000  78.457000  1.219052
35.800000  79.284500  0.105359
35.900000  79.912000  0.178191
36.000000  80.883500  0.079903
36.100000  78.136500  0.470226
36.200000  78.626500  0.631446
36.300000  79.137500  0.014849
36.400000  79.127000  0.674580
36.500000  78.148000  2.681349
36.600000  78.901000  2.486187
36.700000  78.677000  0.113137
36.800000  78.826000  1.080459
36.900000  78.771000  0.060811
37.000000  79.699500  3.079450
37.100000  78.731000  0.223446
37.200000  78.806500  0.849235
37.300000  80.466000  0.271529
37.400000  79.525000  2.896309
37.500000  79.219500  2.402042
37.600000  79.043500  1.890096
37.700000  77.912000  0.222032
37.800000  78.613500  0.973686
37.900000  80.560000  1.332189
38.000000  78.173500  0.488611
38.100000  79.753000  0.175362
38.200000  77.881000  0.072125
38.300000  79.896000  1.613618
38.400000  79.649500  0.194454
38.500000  79.731000  1.166726
38.600000  80.957000  2.889238
38.700000  79.697000  1.831407
38.800000  78.943500  1.016112
38.900000  80.268000  0.595384
39.000000  79.811000  0.724077
39.100000  79.481000  0.950352
39.200000  80.500500  0.501339
39.300000  79.103000  0.383252
39.400000  78.783000  0.231931
39.500000  78.088500  0.522552
39.600000  80.526500  1.455933
39.700000  79.229500  1.018941
39.800000  80.529500  1.375323
39.900000  80.149000  2.244357
40.000000  79.257000  0.472347
40.100000  80.753000  1.360473
40.200000  80.488500  0.890247
40.300000  79.477000  0.294156
40.400000  79.480000  1.600890
40.500000  79.308000  0.107480
40.600000  80.115500  0.679530
40.700000  79.368500  0.946816
40.800000  78.975500  0.908632
40.900000  78.480500  0.518309
41.000000  79.586000  0.349311
41.100000  79.286500  1.505430
41.200000  79.120500  0.686601
41.300000  79.294000  1.216224
41.400000  78.550500  0.498510
41.500000  79.021500  0.678115
41.600000  78.741000  0.468105
41.700000  78.194000  0.332340
41.800000  78.453000  0.195161
41.900000  78.328000  0.302642
42.000000  79.930000  0.661852
42.100000  79.127000  0.377595
42.200000  78.877000  0.922067
42.300000  78.495500  1.778374
42.400000  79.138500  0.258094
42.500000  78.900000  0.159806
42.600000  78.907500  0.444770
42.700000  79.043500  0.423557
42.800000  79.553500  1.356938
42.900000  78.745000  1.711198
43.000000  81.077000  0.214960
43.100000  79.813500  0.924189
43.200000  78.131000  1.685743
43.300000  79.003500  0.583363
43.400000  80.074000  0.470933
43.500000  79.105000  0.830143
43.600000  78.755000  1.254407
43.700000  77.471500  1.047225
43.800000  78.057000  1.172383
43.900000  77.483500  0.095459
44.000000  79.817000  1.112986
44.100000  78.308000  1.278449
44.200000  80.222500  0.147785
44.300000  79.911500  0.311834
44.400000  78.842500  0.624375
44.500000  78.533000  0.329512
44.600000  78.934000  1.284106
44.700000  79.730000  0.576999
44.800000  78.748500  0.243952
44.900000  79.070500  0.996313
45.000000  78.793500  1.221173
45.100000  78.858500  0.533866
45.200000  79.879000  0.586899
45.300000  78.748500  1.173090
45.400000  78.573000  0.196576
45.500000  79.092000  0.009899
45.600000  78.710500  1.110865
45.700000  77.320000  0.944695
45.800000  77.247000  1.442498
45.900000  79.479000  1.087530
46.000000  77.733000  1.091773
46.100000  78.501500  1.884440
46.200000  78.543000  0.900854
46.300000  79.530000  0.271529
46.400000  79.782000  0.692965
46.500000  78.503000  1.982727
46.600000  79.491500  2.305875
46.700000  78.875000  0.616597
46.800000  79.321500  0.852064
46.900000  78.857000  0.919239
47.000000  80.655500  1.334310
47.100000  79.457500  0.613062
47.200000  79.312500  0.795495
47.300000  79.632000  0.639225
47.400000  79.539000  0.186676
47.500000  80.927500  0.048790
47.600000  80.080500  0.495682
47.700000  79.112500  1.977778
47.800000  80.116000  2.431033
47.900000  78.792000  1.289763
48.000000  79.366500  1.266428
48.100000  79.741500  1.648266
48.200000  78.660000  2.196274
48.300000  79.767000  2.275470
48.400000  78.583000  1.086116
48.500000  78.480500  2.188495
48.600000  79.751500  1.034497
48.700000  78.052500  0.502753
48.800000  79.119500  1.446033
48.900000  79.075500  2.478409
49.000000  79.263000  0.357796
49.100000  79.184500  2.915401
49.200000  79.455000  2.134048
49.300000  79.112500  1.091066
49.400000  79.744500  2.073944
49.500000  80.326500  2.001819
49.600000  79.659000  2.323553
49.700000  78.734500  1.030255
49.800000  79.793500  1.922623
49.900000  79.082000  0.923481
50.000000  80.242500  2.114956
50.100000  79.329000  1.148341
50.200000  78.895500  1.117936
50.300000  79.258000  0.315370
50.400000  79.512500  0.765797
50.500000  79.526000  1.021062
50.600000  78.961500  0.123744
50.700000  80.015000  1.086116
50.800000  81.184500  0.440528
50.900000  80.815000  0.181019
51.000000  79.104500  1.819386
51.100000  80.128500  0.833679
51.200000  79.685000  1.972828
51.300000  80.182500  1.743018
51.400000  79.845000  0.978636
51.500000  80.325500  1.009041
51.600000  80.250000  2.122735
51.700000  79.457000  0.200818
51.800000  79.407500  0.593263
51.900000  78.865500  1.017527
52.000000  79.865500  0.825194
52.100000  79.084500  0.359917
52.200000  79.804500  1.062781
52.300000  80.178500  0.890247
52.400000  78.787500  0.040305
52.500000  79.361500  1.561999
52.600000  78.646000  1.575434
52.700000  81.015000  1.166726
52.800000  80.873500  0.833679
52.900000  80.516000  0.015556
53.000000  80.526500  1.533715
53.100000  79.203500  1.339967
53.200000  78.591000  0.889540
53.300000  79.647000  0.254558
53.400000  80.159500  1.738776
53.500000  79.814500  1.255115
53.600000  78.356500  1.833528
53.700000  80.894000  0.193747
53.800000  77.868500  0.779939
53.900000  79.063000  0.585484
54.000000  78.564000  0.206475
54.100000  79.132500  1.472903
54.200000  79.185500  0.898733
54.300000  78.476000  0.914996
54.400000  78.551500  0.730441
54.500000  80.286500  1.390879
54.600000  79.177000  1.397243
54.700000  78.813500  1.421992
54.800000  79.771000  1.760696
54.900000  78.106000  0.787717
55.000000  79.798000  1.656044
55.100000  79.519000  1.026719
55.200000  78.240000  0.950352
55.300000  80.143000  1.595233
55.400000  78.792500  1.570484
55.500000  80.689500  2.284662
55.600000  79.526000  1.678671
55.700000  79.390000  0.777817
55.800000  79.101500  2.064045
55.900000  79.465500  1.619982
56.000000  79.630000  2.950049
56.100000  79.873500  0.211425
56.200000  80.540500  0.587606
56.300000  80.568500  0.270822
56.400000  79.093000  1.644730
56.500000  79.724000  0.947523
56.600000  78.965500  1.604425
56.700000  80.195000  0.875398
56.800000  80.948000  1.200667
56.900000  79.101000  0.725492
57.000000  80.123000  0.622254
57.100000  81.073000  1.030962
57.200000  80.899000  1.083288
57.300000  80.474500  0.248194
57.400000  80.143000  1.271378
57.500000  79.012500  2.117785
57.600000  80.523500  1.021769
57.700000  79.831500  2.392142
57.800000  80.387000  1.906360
57.900000  80.053000  3.562404
58.000000  78.609000  2.033639
58.100000  80.111500  1.880197
58.200000  79.564000  0.057983
58.300000  79.898500  2.646701
58.400000  79.001000  2.467803
58.500000  78.960500  3.878481
58.600000  77.725500  0.857721
58.700000  79.376000  0.496389
58.800000  79.645500  0.789838
58.900000  79.750000  1.030962
59.000000  78.663500  2.936614
59.100000  79.599000  0.270115
59.200000  79.309500  1.566242
59.300000  80.086500  0.068589
59.400000  79.031000  0.360624
59.500000  80.029000  1.967171
59.600000  78.851500  0.023335
59.700000  79.151000  3.148039
59.800000  78.882000  0.008485
59.900000  79.410500  0.436285
60.000000  78.197500  0.866206
60.100000  79.920500  1.257943
60.200000  80.740000  1.606547
60.300000  79.875000  0.056569
60.400000  80.360500  0.475883
60.500000  78.676500  2.274763
60.600000  79.216000  1.032376
60.700000  79.169500  1.523815
60.800000  80.260000  0.428507
60.900000  80.512500  0.904390
61.000000  80.581000  1.391586
61.100000  81.024500  0.613062
61.200000  79.477500  0.036062
61.300000  81.428000  0.154149
61.400000  80.229500  0.704985
61.500000  80.404000  1.665944
61.600000  78.997000  1.081873
61.700000  80.656000  0.960251
61.800000  80.370000  0.082024
61.900000  81.022500  0.818123
62.000000  80.522000  2.825599
62.100000  80.948500  0.188798
62.200000  79.663000  1.760696
62.300000  80.530000  0.165463
62.400000  79.813000  1.394415
62.500000  81.400000  2.490430
62.600000  78.604500  0.743169
62.700000  79.531500  1.983435
62.800000  79.915500  0.284964
62.900000  79.964500  1.231073
63.000000  80.887500  2.467096
63.100000  79.301000  2.295269
63.200000  80.093500  2.195567
63.300000  78.915000  1.506137
63.400000  80.550500  2.715997
63.500000  80.436000  1.774838
63.600000  80.734500  2.864490
63.700000  80.662500  1.054296
63.800000  80.537500  3.304310
63.900000  80.408000  2.384364
64.000000  79.251500  0.671044
64.100000  79.552000  1.097430
64.200000  79.260500  0.232638
64.300000  80.027000  2.016669
64.400000  80.280500  2.626902
64.500000  80.153000  1.278449
64.600000  80.460500  1.878783
64.700000  80.037500  2.598617
64.800000  78.481000  0.961665
64.900000  79.134500  2.315775
65.000000  79.700500  0.679530
65.100000  79.294000  1.996870
65.200000  80.124000  1.455226
65.300000  80.980000  1.185111
65.400000  79.618000  1.592404
65.500000  79.390500  1.710491
65.600000  78.970000  0.551543
65.700000  78.581000  3.023589
65.800000  79.147500  1.446033
65.900000  78.141000  2.687006
66.000000  77.660500  2.007476
66.100000  77.870000  0.923481
66.200000  79.123000  2.860954
66.300000  79.187000  1.070560
66.400000  78.909500  2.346887
66.500000  79.183000  1.772010
66.600000  79.223500  1.520987
66.700000  79.003000  0.787717
66.800000  79.911000  1.013991
66.900000  78.920000  1.279863
67.000000  79.011500  0.444770
67.100000  78.377000  1.545735
67.200000  78.621500  0.996313
67.300000  78.869000  0.408708
67.400000  77.476000  0.883883
67.500000  79.599500  0.391030
67.600000  77.772000  1.278449
67.700000  78.450000  0.767918
67.800000  78.418000  1.887975
67.900000  79.124500  1.976363
68.000000  79.032500  0.603162
68.100000  79.335000  0.082024
68.200000  79.489000  1.685743
68.300000  78.002000  0.717006
68.400000  80.542000  0.149907
68.500000  79.855500  1.011870
68.600000  79.479000  0.374767
68.700000  78.366000  2.145362
68.800000  77.763000  0.664680
68.900000  80.201500  0.812466
69.000000  77.871000  1.426941
69.100000  79.361500  0.072832
69.200000  80.293000  0.869741
69.300000  78.695500  0.402344
69.400000  79.432500  1.379565
69.500000  78.032500  0.306177
69.600000  78.933500  0.613062
69.700000  79.313500  1.672308
69.800000  80.089000  2.175060
69.900000  79.907000  1.220466
70.000000  78.517000  0.005657
70.100000  78.578500  1.877369
70.200000  79.583500  0.775696
70.300000  79.853500  0.847821
70.400000  78.233000  0.948937
70.500000  78.450500  0.053033
70.600000  77.192000  0.271529
70.700000  78.999000  1.349160
70.800000  78.445000  1.227537
70.900000  79.166000  0.021213
71.000000  80.322000  0.572756
71.100000  78.915500  0.412243
71.200000  79.159000  1.016820
71.300000  80.092000  0.263044
71.400000  78.367000  0.862670
71.500000  78.534500  2.202638
71.600000  79.041500  1.982020
71.700000  80.913500  0.864792
71.800000  80.456500  0.902975
71.900000  79.535000  1.265721
72.000000  79.998500  0.919946
72.100000  78.874000  0.015556
72.200000  79.693000  0.060811
72.300000  80.762500  0.864792
72.400000  79.794000  0.714178
72.500000  79.964500  0.723370
72.600000  79.652000  1.875247
72.700000  80.189500  0.236881
72.800000  79.363000  0.274357
72.900000  78.979500  0.635689
73.000000  79.918000  1.282692
73.100000  78.085000  1.436841
73.200000  77.885500  1.819386
73.300000  78.197500  0.031820
73.400000  78.996000  1.827164
73.500000  78.606000  0.753776
73.600000  78.468500  0.287792
73.700000  79.003500  1.221173
73.800000  80.198500  0.185969
73.900000  79.752000  0.026870
74.000000  80.169500  0.177484
74.100000  79.702000  0.318198
74.200000  80.510500  1.158948
74.300000  80.267000  0.197990
74.400000  80.848500  0.536694
74.500000  81.477000  0.879641
74.600000  81.852000  0.534573
74.700000  80.005000  0.176777
74.800000  80.236000  1.071974
74.900000  80.094000  2.640337
75.000000  80.307500  0.167584
75.100000  81.123500  0.393858
75.200000  78.889500  0.869034
75.300000  80.187000  0.575585
75.400000  78.414500  0.931260
75.500000  80.123500  0.062933
75.600000  80.777500  1.086823
75.700000  80.984000  0.468105
75.800000  81.736000  0.794788
75.900000  80.687000  0.560029
76.000000  80.998000  1.984142
76.100000  80.583000  2.111421
76.200000  79.807000  0.384666
76.300000  79.197500  2.215366
76.400000  79.596000  0.394566
76.500000  79.977000  0.668923
76.600000  80.144500  0.074246
76.700000  80.898500  1.263600
76.800000  80.916000  0.291328
76.900000  80.776500  0.371231
77.000000  80.890500  0.968029
77.100000  80.450500  0.084146
77.200000  79.771500  1.774131
77.300000  80.362500  1.641195
77.400000  79.590000  0.482247
77.500000  80.582000  1.590990
77.600000  80.787000  1.388758
77.700000  80.321000  2.057681
77.800000  80.903000  0.633568
77.900000  82.746000  0.374767
78.000000  80.427000  0.890955
78.100000  79.740500  0.449013
78.200000  81.811000  0.579828
78.300000  81.254000  1.643316
78.400000  80.951500  1.185818
78.500000  81.050000  2.347595
78.600000  81.240000  0.260215
78.700000  79.863500  1.723219
78.800000  80.199000  0.038184
78.900000  80.559000  0.046669
79.000000  79.578000  0.376181
79.100000  80.337000  0.096167
79.200000  79.364500  0.719128
79.300000  79.948500  1.161776
79.400000  77.555500  0.048790
79.500000  77.871000  0.718420
79.600000  79.428000  0.451134
79.700000  80.097500  0.423557
79.800000  80.740000  1.377444
79.900000  79.113000  1.964343
80.000000  79.509000  0.828729
80.100000  80.733500  0.232638
80.200000  79.348000  1.342089
80.300000  79.448500  1.604425
80.400000  80.261500  0.553665
80.500000  82.676500  0.205768
80.600000  79.699000  0.294156
80.700000  80.407500  1.095308
80.800000  79.686000  0.312541
80.900000  80.263500  0.675287
81.000000  80.758000  1.504723
81.100000  81.445000  0.141421
81.200000  80.477000  0.442649
81.300000  79.611000  1.216224
81.400000  78.569500  0.999142
81.500000  80.095500  0.970858
81.600000  79.649500  0.533866
81.700000  80.218500  0.813880
81.800000  79.611000  0.011314
81.900000  81.253000  0.414365
82.000000  79.739000  0.332340
82.100000  79.762000  2.230215
82.200000  80.420500  0.123744
82.300000  80.110500  0.094045
82.400000  80.599000  0.205061
82.500000  80.437500  0.564978
82.600000  80.233500  0.553665
82.700000  81.010000  0.398808
82.800000  79.725500  1.310269
82.900000  81.179000  0.110309
83.000000  79.183500  0.251023
83.100000  78.765500  0.211425
83.200000  80.577000  1.315219
83.300000  80.383500  1.204203
83.400000  80.028500  0.522552
83.500000  79.965500  0.161927
83.600000  80.491500  0.127986
83.700000  79.894500  0.098288
83.800000  81.021000  1.728169
83.900000  80.382500  0.929845
84.000000  79.471500  0.393858
84.100000  79.827500  2.194152
84.200000  79.017000  1.163898
84.300000  79.445500  0.549422
84.400000  80.811000  0.927724
84.500000  80.129000  0.278600
84.600000  79.127500  0.393858
84.700000  80.969500  0.622961
84.800000  79.058000  0.513360
84.900000  79.895500  0.876105
85.000000  80.705000  0.633568
85.100000  79.682000  1.740897
85.200000  80.305500  0.969443
85.300000  79.734000  1.021062
85.400000  79.517500  0.736098
85.500000  79.867500  0.219910
85.600000  80.060500  0.765797
85.700000  79.101500  2.187081
85.800000  78.992000  0.787717
85.900000  79.615500  0.712057
86.000000  80.636500  0.755897
86.100000  80.612500  1.553514
86.200000  81.211500  3.069551
86.300000  80.011000  0.593970
86.400000  79.501000  1.687157
86.500000  80.465500  0.185969
86.600000  81.547000  0.513360
86.700000  81.947000  1.258650
86.800000  80.701000  3.313502
86.900000  80.526500  0.549422
87.000000  81.530500  1.578969
87.100000  81.054000  1.697056
87.200000  80.404500  0.686601
87.300000  81.093000  0.647710
87.400000  80.645500  0.999142
87.500000  80.688500  0.119501
87.600000  79.697000  1.377444
87.700000  80.494500  0.689429
87.800000  80.630000  1.572605
87.900000  80.576000  1.204910
88.000000  81.078000  1.183697
88.100000  79.285000  1.170969
88.200000  80.379500  0.506996
88.300000  80.963500  0.327390
88.400000  79.806000  0.944695
88.500000  80.782500  0.198697
88.600000  80.349000  1.296834
88.700000  79.847000  0.100409
88.800000  79.151500  1.105208
88.900000  79.411500  0.727613
89.000000  79.029500  0.516895
89.100000  79.203000  0.818830
89.200000  78.937500  0.676701
89.300000  80.549500  0.686601
89.400000  79.817500  0.405172
89.500000  79.837000  0.313955
89.600000  78.961000  2.419719
89.700000  79.311000  1.080459
89.800000  78.717000  0.834386
89.900000  80.269500  0.546594
90.000000  78.880500  1.204203
90.100000  78.721500  1.603011
90.200000  79.390500  2.068287
90.300000  78.483500  1.325825
90.400000  80.513500  0.721956
90.500000  79.631500  1.561999
90.600000  78.791000  0.644881
90.700000  79.203500  0.061518
90.800000  78.302500  0.161927
90.900000  80.711000  1.486338
91.000000  79.855500  0.938331
91.100000  79.247500  1.468661
91.200000  79.637500  0.610233
91.300000  79.938500  0.652660
91.400000  80.177500  0.120915
91.500000  79.818500  0.116673
91.600000  79.673500  0.591848
91.700000  80.635000  2.621952
91.800000  79.202000  0.295571
91.900000  80.876000  1.043690
92.000000  78.539000  1.111572
92.100000  80.141000  1.586748
92.200000  79.672500  1.030255
92.300000  80.767000  0.632153
92.400000  79.324500  0.512652
92.500000  79.844000  0.886712
92.600000  79.980500  0.859135
92.700000  79.193000  0.431335
92.800000  80.664500  1.911310
92.900000  80.515000  0.687308
93.000000  79.163500  1.938180
93.100000  80.585500  0.391030
93.200000  79.380500  1.208445
93.300000  80.587000  0.213546
93.400000  79.710500  0.569221
93.500000  80.552000  0.967322
93.600000  79.109000  0.179605
93.700000  79.821500  0.258094
93.800000  79.245000  1.250165
93.900000  79.565500  1.119350
94.000000  79.215500  0.935502
94.100000  80.200000  0.854185
94.200000  79.558000  0.653367
94.300000  79.004000  0.415779
94.400000  79.675000  0.634982
94.500000  79.487500  0.624375
94.600000  80.133500  0.378302
94.700000  79.258000  0.179605
94.800000  79.914000  1.595233
94.900000  81.165000  0.330926
95.000000  79.301500  0.975100
95.100000  79.629000  0.879641
95.200000  81.083000  0.480833
95.300000  79.357500  0.226981
95.400000  79.197500  0.898733
95.500000  80.228500  1.823628
95.600000  79.493500  1.929694
95.700000  79.142000  1.796051
95.800000  79.864000  1.162484
95.900000  80.642000  2.426790
96.000000  79.486000  2.016669
96.100000  80.080500  0.372645
96.200000  80.618000  1.088944
96.300000  79.683500  2.485480
96.400000  79.205000  1.668772
96.500000  79.366000  0.318198
96.600000  78.609500  0.908632
96.700000  79.857000  1.729583
96.800000  79.586000  0.530330
96.900000  79.840500  2.619831
97.000000  78.326500  2.611345
97.100000  80.305500  1.793930
97.200000  79.407000  0.683065
97.300000  79.967000  0.596798
97.400000  78.315500  1.236730
97.500000  78.952000  0.675994
97.600000  77.721500  0.113844
97.700000  78.606000  1.393000
97.800000  78.763000  3.264005
97.900000  77.643000  1.616446
98.000000  79.336000  1.091773
98.100000  79.475000  0.806102
98.200000  78.547500  1.249458
98.300000  79.722500  1.733119
98.400000  80.855000  2.167989
98.500000  79.656500  2.676399
98.600000  79.035500  0.068589
98.700000  79.201500  2.245064
98.800000  79.794000  0.435578
98.900000  79.886500  1.174504
99.000000  79.888500  2.093743
99.100000  81.107000  2.197688
99.200000  80.073500  2.270520
99.300000  79.880000  1.122886
99.400000  79.409000  2.469217
99.500000  78.897500  1.740190
99.600000  81.032000  2.678520
99.700000  79.041500  0.382545
99.800000  79.675500  0.210011
99.900000  77.939000  1.347746
100.000000  79.710000  2.350423
100.100000  80.368000  0.650538
100.200000  80.388500  0.508410
100.300000  78.008000  0.695793
100.400000  79.207000  0.151321
100.500000  78.445000  2.005355
100.600000  78.225500  0.398101
100.700000  79.936000  0.547301
100.800000  79.973500  0.666802
100.900000  79.127000  1.632002
101.000000  78.186000  0.039598
101.100000  79.945000  1.610789
101.200000  79.016000  1.790394
101.300000  78.718500  0.028991
101.400000  78.199000  0.691550
101.500000  78.060000  0.435578
101.600000  79.851500  0.136472
101.700000  79.156500  0.577706
101.800000  77.411000  1.916259
101.900000  78.693500  1.331482
102.000000  79.141500  1.091066
102.100000  79.460000  1.732412
102.200000  79.321000  1.657458
102.300000  79.539000  0.779232
102.400000  79.293000  1.835649
102.500000  80.010500  0.122329
102.600000  79.311000  0.579828
102.700000  79.594500  0.675287
102.800000  79.356500  0.604576
102.900000  80.366500  0.832265
103.000000  79.334500  0.072832
103.100000  79.961500  0.723370
103.200000  80.494000  0.000000
103.300000  80.455000  1.890804
103.400000  78.880000  0.260215
103.500000  79.203000  1.418456
103.600000  79.753000  0.813173
103.700000  80.050000  1.743725
103.800000  79.758500  0.270822
103.900000  80.200000  0.151321
104.000000  80.443500  0.902975
104.100000  80.119500  0.429214
104.200000  80.515500  0.236881
104.300000  80.593000  0.415779
104.400000  79.480000  0.025456
104.500000  77.812500  0.253851
104.600000  78.223500  0.839336
104.700000  79.012500  0.026163
104.800000  79.358500  0.958130
104.900000  79.287500  0.422143
105.000000  80.439500  0.989242
105.100000  79.369000  0.350725
105.200000  78.654500  0.792667
105.300000  80.085500  0.248194
105.400000  79.095500  0.226981
105.500000  78.983500  0.745998
105.600000  80.336500  1.041568
105.700000  80.869000  0.598212
105.800000  78.806500  0.282136
105.900000  79.382500  0.782767
106.000000  79.077000  3.275319
106.100000  79.198500  1.040154
106.200000  80.069000  0.200818
106.300000  79.394500  0.212839
106.400000  79.009000  0.619426
106.500000  79.034500  0.494268
106.600000  79.223000  0.685894
106.700000  79.135000  2.033639
106.800000  77.793500  0.498510
106.900000  77.678500  0.378302
107.000000  79.610500  0.358503
107.100000  78.132500  1.412092
107.200000  79.599000  1.079045
107.300000  79.466500  2.107885
107.400000  79.271500  0.306177
107.500000  78.005500  1.160362
107.600000  78.711500  1.786859
107.700000  79.648500  2.619831
107.800000  79.376000  1.104501
107.900000  79.359000  1.255822
108.000000  80.085000  2.744989
108.100000  78.519000  1.640488
108.200000  78.111500  1.443205
108.300000  78.520500  0.870448
108.400000  77.460500  1.470075
108.500000  78.634500  0.238295
108.600000  78.906000  0.565685
108.700000  79.348000  1.028133
108.800000  78.582000  1.821507
108.900000  78.322000  1.540079
109.000000  79.336000  0.164049
109.100000  79.196000  0.759433
109.200000  78.065500  0.243952
109.300000  78.646500  0.949644
109.400000  80.141500  2.105057
109.500000  79.601500  1.112279
109.600000  79.066000  1.376030
109.700000  79.572500  0.645588
109.800000  78.887000  0.296985
109.900000  78.766000  1.063489
110.000000  79.642000  0.127279
110.100000  80.282000  0.939038
110.200000  78.561500  1.126421
110.300000  80.610500  1.221173
110.400000  78.924500  1.088237
110.500000  80.341500  0.745998
110.600000  79.398500  2.270520
110.700000  78.364500  2.085258
110.800000  80.090500  1.574727
110.900000  78.790500  2.629730
111.000000  79.616000  0.797616
111.100000  79.485500  0.415072
111.200000  79.134000  0.315370
111.300000  78.912000  1.968585
111.400000  78.938000  0.523259
111.500000  78.570000  0.674580
111.600000  79.291500  1.225416
111.700000  78.191500  0.007778
111.800000  79.650500  0.809637
111.900000  80.150500  0.891662
112.000000  78.346500  1.597354
112.100000  79.749000  0.738219
112.200000  80.205000  1.426941
112.300000  79.628000  0.889540
112.400000  79.170500  0.627204
112.500000  79.488500  2.643872
112.600000  78.682000  0.359210
112.700000  79.586500  2.011719
112.800000  78.884000  0.493561
112.900000  79.535000  0.041012
113.000000  78.942500  2.051317
113.100000  79.212500  2.311532
113.200000  79.233000  1.422699
113.300000  79.494000  1.900703
113.400000  78.872500  1.065610
113.500000  78.842500  1.663822
113.600000  78.800000  0.760847
113.700000  79.290000  1.192182
113.800000  78.626000  0.458205
113.900000  78.295500  0.548008
114.000000  78.740500  0.579120
114.100000  78.855500  2.962070
114.200000  78.520500  1.443205
114.300000  77.695500  2.130513
114.400000  78.047000  0.841457
114.500000  78.852500  1.612911
114.600000  78.536500  0.938331
114.700000  77.532500  0.139300
114.800000  78.482000  0.007071
114.900000  78.483000  1.978485
115.000000  78.521000  3.962626
115.100000  78.746500  3.656449
115.200000  77.949500  0.153442
115.300000  77.674000  1.718269
115.400000  78.027000  2.015254
115.500000  81.061000  0.395980
115.600000  79.526000  1.050761
115.700000  78.931000  1.503309
115.800000  78.895000  1.110158
115.900000  79.123500  0.190212
116.000000  79.061500  0.574878
116.100000  79.417000  0.388909
116.200000  78.037000  1.161069
116.300000  78.113500  1.617153
116.400000  80.081000  0.701450
116.500000  78.975500  1.236730
116.600000  79.187500  0.647003
116.700000  78.241000  0.108894
116.800000  78.474500  0.852064
116.900000  78.728500  0.143543
117.000000  79.986000  0.418607
117.100000  78.604500  2.387900
117.200000  77.563500  2.172939
117.300000  79.070000  0.354968
117.400000  77.707000  0.271529
117.500000  78.137500  1.273499
117.600000  78.656500  0.441942
117.700000  78.886000  0.800445
117.800000  78.865500  0.344361
117.900000  79.850000  1.496238
118.000000  79.475000  0.065054
118.100000  79.539000  0.113137
118.200000  79.622500  0.792667
118.300000  78.883000  0.899440
118.400000  78.748500  0.682358
118.500000  79.339000  1.030962
118.600000  79.380500  1.593112
118.700000  78.874500  0.494268
118.800000  78.331000  1.108743
118.900000  77.407500  2.578818
119.000000  78.461000  0.417193
119.100000  77.569500  1.564827
119.200000  77.832500  0.710642
119.300000  78.558000  0.951766
119.400000  79.002000  0.531744
119.500000  78.154000  0.998435
119.600000  79.659500  0.058690
119.700000  78.756500  0.726199
119.800000  77.855500  0.282136
119.900000  79.284500  0.102530
120.000000  77.973000  0.818830
120.100000  78.569000  1.166726
120.200000  78.885500  1.672308
120.300000  78.943500  1.570484
120.400000  78.267000  0.096167
120.500000  79.546000  0.453963
120.600000  78.740000  0.492146
120.700000  79.078500  0.091217
120.800000  79.441500  1.140563
120.900000  79.053500  0.043134
121.000000  78.819500  1.158948
121.100000  79.965000  0.077782
121.200000  79.250500  0.345775
121.300000  78.949500  0.364160
121.400000  80.182500  0.594677
121.500000  79.709000  0.558614
121.600000  80.709000  1.165312
121.700000  78.748500  0.779939
121.800000  78.836000  1.291177
121.900000  77.499000  0.016971
122.000000  79.301000  0.231931
122.100000  80.005500  0.484368
122.200000  79.152000  0.951766
122.300000  80.164500  0.301935
122.400000  79.819500  0.921360
122.500000  79.586500  0.443356
122.600000  79.752000  0.152735
122.700000  79.966000  0.858428
122.800000  80.071000  0.251730
122.900000  78.832000  0.456791
123.000000  81.358000  0.326683
123.100000  79.352500  0.103945
123.200000  79.678500  0.861963
123.300000  81.365500  1.197132
123.400000  79.547000  0.304056
123.500000  81.307000  1.260064
123.600000  79.767000  1.418456
123.700000  80.500500  1.253700
123.800000  79.716500  0.791252
123.900000  81.034000  0.569928
124.000000  80.178500  0.934088
124.100000  81.648000  1.036619
124.200000  79.176000  1.076217
124.300000  80.995500  0.139300
124.400000  80.605000  0.585484
124.500000  81.149500  0.744583
124.600000  80.081500  2.071116
124.700000  81.258500  1.707663
124.800000  81.638500  2.674985
124.900000  80.343000  1.025305
125.000000  80.028000  1.127128
125.100000  79.765500  2.491137
125.200000  80.313500  0.304763
125.300000  79.565000  0.069296
125.400000  79.117000  0.893783
125.500000  78.559500  0.297692
125.600000  79.219000  0.492146
125.700000  78.325000  1.475025
125.800000  79.497000  0.661852
125.900000  79.840000  0.434164
126.000000  79.522500  1.239558
126.100000  80.295500  0.207182
126.200000  78.112000  0.193747
126.300000  77.848500  0.292035
126.400000  79.854500  0.652660
126.500000  78.717000  0.560029
126.600000  77.714000  0.094752
126.700000  78.972000  0.227688
126.800000  79.099500  3.014396
126.900000  79.265000  0.192333
127.000000  79.989500  1.388051
127.100000  78.461500  1.465832
127.200000  79.484000  0.258801
127.300000  79.083500  1.679379
127.400000  79.666500  1.219759
127.500000  79.192000  0.195161
127.600000  79.057500  0.925603
127.700000  79.743000  1.931816
127.800000  82.377000  0.425678
127.900000  79.984500  0.034648
128.000000  79.359500  0.311834
128.100000  79.890500  0.905804
128.200000  80.319500  3.151575
128.300000  79.438000  1.356231
128.400000  79.689500  1.197132
128.500000  80.014000  1.568363
128.600000  79.336500  1.431891
128.700000  79.563500  0.318905
128.800000  79.840000  2.474874
128.900000  79.979500  0.198697
129.000000  78.959000  0.753776
129.100000  80.909000  0.626497
129.200000  80.610500  0.355675
129.300000  79.936000  0.035355
129.400000  80.132500  0.283550
129.500000  78.724500  1.059953
129.600000  79.935000  0.135765
129.700000  80.074000  1.773424
129.800000  80.963500  2.329917
129.900000  79.663000  0.275772
130.000000  79.852000  1.202082
130.100000  82.302500  1.639781
130.200000  81.092500  0.287792
130.300000  80.749000  0.357796
130.400000  82.507000  0.156978
130.500000  82.185500  0.989242
130.600000  81.085500  1.300369
130.700000  81.388500  0.103945
130.800000  80.718500  0.309006
130.900000  82.125500  0.518309
131.000000  80.370500  0.542351
131.100000  81.590000  1.319461
131.200000  80.571500  1.621396
131.300000  81.408000  0.222032
131.400000  79.181000  0.697207
131.500000  81.119000  1.476439
131.600000  80.354500  0.399515
131.700000  79.249500  0.262337
131.800000  80.445500  0.127986
131.900000  81.510000  0.189505
132.000000  80.270000  0.359210
132.100000  79.778500  1.259357
132.200000  79.459500  0.768625
132.300000  80.653000  1.878076
132.400000  80.876500  1.307440
132.500000  81.325500  2.150312
132.600000  80.578500  0.637103
132.700000  80.117000  0.312541
132.800000  80.406000  1.001263
132.900000  79.559500  1.801001
133.000000  80.643000  0.486489
133.100000  78.369500  1.905653
133.200000  79.461500  0.009192
133.300000  80.356000  0.919239
133.400000  79.346000  0.619426
133.500000  80.508000  0.989949
133.600000  79.692000  1.088944
133.700000  80.592500  1.817972
133.800000  80.596500  1.991920
133.900000  79.661000  1.220466
134.000000  81.437000  0.405879
134.100000  80.886500  0.310420
134.200000  80.333500  0.685186
134.300000  78.900000  0.591141
134.400000  80.403000  1.230366
134.500000  79.830000  1.391586
134.600000  78.539000  0.851357
134.700000  79.350000  0.089095
134.800000  81.811000  0.807516
134.900000  80.229500  0.567807
135.000000  78.812000  0.712764
135.100000  80.171500  0.207182
135.200000  80.535500  0.798324
135.300000  79.773500  0.217082
135.400000  79.939500  0.415072
135.500000  80.954500  0.120915
135.600000  80.691000  0.403051
135.700000  80.696000  0.093338
135.800000  81.454500  0.423557
135.900000  80.178500  2.315775
136.000000  81.307500  0.060104
136.100000  81.633000  1.252993
136.200000  80.868000  1.153998
136.300000  79.849500  0.205768
136.400000  79.633000  0.278600
136.500000  80.600000  0.910754
136.600000  79.952000  0.154149
136.700000  80.309000  0.364867
136.800000  80.202000  0.606698
136.900000  79.452500  0.521138
137.000000  80.121500  0.303349
137.100000  79.276500  2.376586
137.200000  81.513500  0.142128
137.300000  80.735000  1.050761
137.400000  80.415500  0.825194
137.500000  80.366500  0.471640
137.600000  79.692500  0.160513
137.700000  79.738500  2.189910
137.800000  80.710000  0.050912
137.900000  79.777500  0.077075
138.000000  79.169000  1.364716
138.100000  79.369000  0.438406
138.200000  79.606000  1.319461
138.300000  79.614500  0.874691
138.400000  78.395500  0.863377
138.500000  79.797000  0.026870
138.600000  79.796500  0.953887
138.700000  79.181500  1.253700
138.800000  79.762000  0.190919
138.900000  79.113000  1.634831
139.000000  79.792500  2.269106
139.100000  79.737000  0.152735
139.200000  78.881500  0.194454
139.300000  78.927500  1.144806
139.400000  80.081000  1.791809
139.500000  81.886000  1.042275
139.600000  80.158500  1.013284
139.700000  80.495500  1.320168
139.800000  79.792500  0.221324
139.900000  79.650500  0.949644
140.000000  80.257500  0.013435
140.100000  81.639500  1.726048
140.200000  80.041000  1.732412
140.300000  79.793000  0.319612
140.400000  79.535500  0.146371
140.500000  80.956500  0.833679
140.600000  80.465500  0.570635
140.700000  81.033500  0.062933
140.800000  80.315500  0.265165
140.900000  79.931500  0.050205
141.000000  78.826500  0.408001
141.100000  79.109500  0.760140
141.200000  80.260000  1.678671
141.300000  80.022000  1.472196
141.400000  78.759000  0.421436
141.500000  78.123500  1.512501
141.600000  79.023000  1.367545
141.700000  78.762500  0.153442
141.800000  80.332500  0.519723
141.900000  79.017000  1.217638
142.000000  80.409000  0.199404
142.100000  79.243000  2.176475
142.200000  80.592000  1.274206
142.300000  79.143500  1.573313
142.400000  78.747000  1.063489
142.500000  79.807000  2.193445
142.600000  78.429500  2.445882
142.700000  79.355500  2.380829
142.800000  78.264500  1.311683
142.900000  78.762500  1.702006
143.000000  78.857500  3.082278
143.100000  77.791000  1.096016
143.200000  79.088000  2.237286
143.300000  78.619500  1.300369
143.400000  80.077000  2.551241
143.500000  78.956000  1.333603
143.600000  80.341500  1.076924
143.700000  80.995500  1.358352
143.800000  79.871000  0.127279
143.900000  80.172000  1.694228
144.000000  81.053500  0.232638
144.100000  79.515500  3.546141
144.200000  80.703000  1.052175
144.300000  80.761000  2.296683
144.400000  79.486500  3.277440
144.500000  79.697500  0.379716
144.600000  80.012000  1.182283
144.700000  78.709500  0.777110
144.800000  79.238500  3.181273
144.900000  78.470000  1.224709
145.000000  79.837500  0.091217
145.100000  78.808500  0.324562
145.200000  80.094000  1.780495
145.300000  80.049000  0.404465
145.400000  80.606000  0.743876
145.500000  78.798000  0.255973
145.600000  79.783500  1.218345
145.700000  79.705000  0.869741
145.800000  79.114000  0.724077
145.900000  79.646000  1.818679
146.000000  79.609000  1.568363
146.100000  78.220500  0.246780
146.200000  78.993000  0.140007
146.300000  80.043500  0.562150
146.400000  79.278000  0.207889
146.500000  78.838500  0.894490
146.600000  78.656000  0.128693
146.700000  79.508000  1.593819
146.800000  78.980000  0.868327
146.900000  79.131000  0.022627
147.000000  78.944000  0.632153
147.100000  79.230500  1.216931
147.200000  80.068000  1.292591
147.300000  79.332000  0.002828
147.400000  78.594500  1.098137
147.500000  78.822000  1.325118
147.600000  80.897500  1.315926
147.700000  79.351500  1.781202
147.800000  81.199000  2.155261
147.900000  80.112500  1.827871
148.000000  78.985000  0.050912
148.100000  80.438500  0.861963
148.200000  80.214500  1.328654
148.300000  80.025500  0.031820
148.400000  79.250000  1.607961
148.500000  79.376000  0.196576
148.600000  78.796000  1.294005
148.700000  80.130500  0.260922
148.800000  79.468500  0.768625
148.900000  80.237000  1.975656
149.000000  79.298500  0.330219
149.100000  79.634000  0.547301
149.200000  80.330500  0.081317
149.300000  80.754500  0.597505
149.400000  79.310500  0.067175
149.500000  79.131500  1.611496
149.600000  80.098000  1.445326
149.700000  80.410000  0.275772
149.800000  80.598000  0.239002
149.900000  80.450000  0.872570
150.000000  80.875500  1.076924
150.100000  79.731000  0.313955
150.200000  81.128000  1.459468
150.300000  79.636000  1.278449
150.400000  79.081000  0.305470
150.500000  79.899000  0.642053
150.600000  80.799500  0.304763
150.700000  79.582000  0.848528
150.800000  79.930500  0.597505
150.900000  80.164000  0.493561
151.000000  80.356000  0.181019
151.100000  79.727000  0.282843
151.200000  79.369500  0.012021
151.300000  80.517000  1.568363
151.400000  80.392500  0.446184
151.500000  79.516500  0.464569
151.600000  79.268000  0.468105
151.700000  79.346500  0.231224
151.800000  79.719500  1.076924
151.900000  78.852000  0.248902
152.000000  80.692000  1.032376
152.100000  79.293000  1.165312
152.200000  80.807000  0.941866
152.300000  80.378500  0.962372
152.400000  79.679000  1.288349
152.500000  79.927000  0.123037
152.600000  80.181000  0.957423
152.700000  80.599000  1.195010
152.800000  80.547500  0.723370
152.900000  80.766000  0.185262
153.000000  81.204000  0.128693
153.100000  79.598000  0.328098
153.200000  79.318500  1.044397
153.300000  81.063000  2.399920
153.400000  79.490500  1.399364
153.500000  81.615500  1.894339
153.600000  80.155000  1.609375
153.700000  79.896000  0.832972
153.800000  79.663000  0.759433
153.900000  80.008500  0.721956
154.000000  80.331000  0.528916
154.100000  79.624000  1.179454
154.200000  79.842000  0.476590
154.300000  79.964500  0.458912
154.400000  79.424000  0.524673
154.500000  78.772000  1.745140
154.600000  79.169500  0.266579
154.700000  78.096500  3.090764
154.800000  79.700000  0.165463
154.900000  78.896000  0.803273
155.000000  79.078500  1.491288
155.100000  78.875500  0.067175
155.200000  79.503500  0.929845
155.300000  79.704500  1.414921
155.400000  80.291500  0.144957
155.500000  80.592000  0.049497
155.600000  79.443000  1.391586
155.700000  79.049000  1.080459
155.800000  78.753500  1.304612
155.900000  79.338000  0.668923
156.000000  79.079000  0.031113
156.100000  79.867500  1.993334
156.200000  79.657000  1.661701
156.300000  80.628000  1.182283
156.400000  81.332000  0.719835
156.500000  79.168000  0.042426
156.600000  80.818000  0.468105
156.700000  79.304500  0.451841
156.800000  78.918000  1.170969
156.900000  81.552000  1.723926
157.000000  79.304500  1.194303
157.100000  79.737500  0.925603
157.200000  80.511000  0.660438
157.300000  79.090000  1.060660
157.400000  79.024000  0.158392
157.500000  78.397000  0.090510
157.600000  78.501500  1.690692
157.700000  79.636500  2.723068
157.800000  80.980500  0.919946
157.900000  79.605500  0.949644
158.000000  80.109000  0.449720
158.100000  79.359000  1.135613
158.200000  79.619500  2.150312
158.300000  79.952000  0.436992
158.400000  79.546500  0.405172
158.500000  78.925000  0.241831
158.600000  79.353500  0.811051
158.700000  79.874000  1.876661
158.800000  79.476000  0.801859
158.900000  79.211000  0.325269
159.000000  79.053000  1.605132
159.100000  79.904000  0.414365
159.200000  79.389000  0.301227
159.300000  79.964500  0.901561
159.400000  78.266500  1.617153
159.500000  80.554000  0.421436
159.600000  78.813000  0.741048
159.700000  78.833500  1.058539
159.800000  79.583500  2.674985
159.900000  79.517000  0.063640
160.000000  79.673000  0.572756
160.100000  81.202000  0.735391
160.200000  80.140500  0.026163
160.300000  80.022500  0.037477
160.400000  79.670000  0.687308
160.500000  81.114500  1.050054
160.600000  80.630000  0.431335
160.700000  80.011500  0.041719
160.800000  80.277000  1.046518
160.900000  80.594000  0.261630
161.000000  79.594500  0.156271
161.100000  80.792500  2.560434
161.200000  79.606500  1.167433
161.300000  80.289500  0.559321
161.400000  79.051000  1.654630
161.500000  80.121500  0.471640
161.600000  79.648000  0.578413
161.700000  79.162500  0.529623
161.800000  79.268000  0.568514
161.900000  79.382000  2.102936
162.000000  79.081500  1.262186
162.100000  78.427000  1.466539
162.200000  79.317500  1.277742
162.300000  79.616500  0.550836
162.400000  78.858000  0.746705
162.500000  79.122000  0.159806
162.600000  78.101000  0.342240
162.700000  79.332500  0.976514
162.800000  79.751500  1.491288
162.900000  79.284000  0.914996
163.000000  79.946000  0.251730
163.100000  80.419000  1.009748
163.200000  79.642500  2.144655
163.300000  81.113000  1.309562
163.400000  80.506000  0.083439
163.500000  80.442500  3.195416
163.600000  80.632500  1.151877
163.700000  80.036000  0.981464
163.800000  81.303500  0.826608
163.900000  81.601500  1.338553
164.000000  78.787500  0.037477
164.100000  79.361000  0.084853
164.200000  79.773000  0.854185
164.300000  79.902500  1.351281
164.400000  80.289000  0.950352
164.500000  78.930500  1.632710
164.600000  78.914000  2.183546
164.700000  78.936500  0.871863
164.800000  80.790500  0.177484
164.900000  79.608000  0.125865
165.000000  78.966500  1.315926
165.100000  79.909500  0.225567
165.200000  79.520500  1.088237
165.300000  79.199000  1.087530
165.400000  80.267000  2.141119
165.500000  79.746500  0.829436
165.600000  79.916000  0.794788
165.700000  80.856000  0.599627
165.800000  81.290500  2.133341
165.900000  81.238500  2.212537
166.000000  80.769000  0.514774
166.100000  80.597500  1.042983
166.200000  81.314000  0.237588
166.300000  80.278000  1.790394
166.400000  79.435000  1.452397
166.500000  79.959000  0.711349
166.600000  78.111000  0.939038
166.700000  79.805000  2.958535
166.800000  81.198000  1.767767
166.900000  80.090500  0.222739
167.000000  80.989000  1.112986
167.100000  79.859500  1.212688
167.200000  80.619000  0.956008
167.300000  80.952000  2.251428
167.400000  81.242500  0.415072
167.500000  79.599500  2.250721
167.600000  81.196000  2.484773
167.700000  80.029000  2.662964
167.800000  80.293000  1.445326
167.900000  79.673500  1.566242
168.000000  79.616500  0.095459
168.100000  79.978500  1.378151
168.200000  79.442500  2.775394
168.300000  79.605500  2.010305
168.400000  79.972000  0.137179
168.500000  79.661500  1.006213
168.600000  79.994000  1.294005
168.700000  80.326500  1.993334
168.800000  79.503500  0.088388
168.900000  79.208500  1.202789
169.000000  79.839500  0.726199
169.100000  78.932500  1.526644
169.200000  80.338500  2.666500
169.300000  79.357500  1.545028
169.400000  79.747000  1.128542
169.500000  79.794500  0.108187
169.600000  80.520500  0.070004
169.700000  81.232000  0.367696
169.800000  78.514000  0.169706
169.900000  79.189000  1.042275
170.000000  79.705500  0.706400
170.100000  79.699000  0.410122
170.200000  79.972000  0.367696
170.300000  81.927000  0.690136
170.400000  80.300500  0.103945
170.500000  79.744000  1.316633
170.600000  79.792000  3.008032
170.700000  80.186000  0.026870
170.800000  81.145500  0.775696
170.900000  80.862500  1.300369
171.000000  79.947000  3.009446
171.100000  80.302000  0.503460
171.200000  81.128500  1.853327
171.300000  80.541500  2.406284
171.400000  79.845000  0.371938
171.500000  81.010500  0.258094
171.600000  79.936500  0.621547
171.700000  80.671000  0.018385
171.800000  80.872000  1.728169
171.900000  80.077500  1.041568
172.000000  80.807000  1.135613
172.100000  80.432500  0.802566
172.200000  79.367000  0.031113
172.300000  80.646000  0.434164
172.400000  81.069500  1.682207
172.500000  80.061500  1.078338
172.600000  81.131500  1.313097
172.700000  81.657500  2.006062
172.800000  79.934500  0.704985
172.900000  80.852500  1.062781
173.000000  80.537000  0.056569
173.100000  79.791000  0.800445
173.200000  80.047500  0.485782
173.300000  80.537500  0.741755
173.400000  80.968500  1.737361
173.500000  79.837500  0.484368
173.600000  79.983500  0.651245
173.700000  79.733500  0.999142
173.800000  80.368500  0.055861
173.900000  79.783500  0.030406
174.000000  79.709000  0.431335
174.100000  78.790000  1.067731
174.200000  80.987500  0.413657
174.300000  79.900500  2.814992
174.400000  80.441000  1.408557
174.500000  82.352500  0.567807
174.600000  81.367000  1.793223
174.700000  81.731500  0.082731
174.800000  80.128000  1.931816
174.900000  80.282500  0.258094
175.000000  81.118500  0.293449
175.100000  81.215500  0.275065
175.200000  80.078500  0.161927
175.300000  81.197500  0.200111
175.400000  79.446000  0.881055
175.500000  80.286000  1.954443
175.600000  79.739000  0.182434
175.700000  80.768000  0.132936
175.800000  80.858000  1.045104
175.900000  80.677000  0.469519
176.000000  80.415000  1.220466
176.100000  81.730000  3.295118
176.200000  81.265000  2.026568
176.300000  82.651000  0.009899
176.400000  80.355000  1.213395
176.500000  81.372000  2.192031
176.600000  79.828000  1.351988
176.700000  80.006500  1.405021
176.800000  80.276500  1.639781
176.900000  81.087500  1.284813
177.000000  79.110000  1.419870
177.100000  80.537000  0.509117
177.200000  80.293500  2.795193
177.300000  79.676500  1.332896
177.400000  80.757500  1.491288
177.500000  80.503500  0.070004
177.600000  80.045500  0.794081
177.700000  78.676000  0.667509
177.800000  79.986000  1.066317
177.900000  79.912000  0.470933
178.000000  80.160000  0.009899
178.100000  78.626000  0.362039
178.200000  79.478500  0.235467
178.300000  80.114000  0.094752
178.400000  79.567500  0.813880
178.500000  81.120500  1.894339
178.600000  80.278000  1.798880
178.700000  80.811000  0.721249
178.800000  80.847000  0.623668
178.900000  80.906500  0.430628
179.000000  80.849000  2.773273
179.100000  81.056000  0.371938
179.200000  81.188000  0.231931
179.300000  80.967000  0.192333
179.400000  80.585500  0.154856
179.500000  79.735000  2.156676
179.600000  82.144000  0.329512
179.700000  79.901000  0.311127
179.800000  79.296000  0.649124
179.900000  80.239000  1.408557
180.000000  81.097500  0.635689
180.100000  80.863500  1.406435
180.200000  81.505500  1.390879
180.300000  80.103500  0.392444
180.400000  81.115000  2.015254
180.500000  80.063000  0.971565
180.600000  80.478000  1.023891
180.700000  81.319000  0.149907
180.800000  80.459500  0.559321
180.900000  79.966000  1.105915
181.000000  80.250500  2.188495
181.100000  80.263500  0.045962
181.200000  79.844500  2.061216
181.300000  81.087500  0.673873
181.400000  80.845500  2.112128
181.500000  79.243000  0.370524
181.600000  81.640500  1.088237
181.700000  80.573000  0.280014
181.800000  79.078000  1.079045
181.900000  80.291000  1.646145
182.000000  79.854500  0.144957
182.100000  79.062000  0.524673
182.200000  81.258000  0.046669
182.300000  80.625000  0.087681
182.400000  81.092500  0.939745
182.500000  80.994000  1.023891
182.600000  80.274000  0.974393
182.700000  81.420500  0.614476
182.800000  80.416000  0.656195
182.900000  80.997000  0.403051
183.000000  81.579000  1.695642
183.100000  80.103000  2.162333
183.200000  81.452500  0.012021
183.300000  80.793500  2.457196
183.400000  79.764500  0.522552
183.500000  80.807000  0.288500
183.600000  80.642000  0.031113
183.700000  81.542000  0.002828
183.800000  81.137500  1.375323
183.900000  81.279000  1.732412
184.000000  80.564000  0.753776
184.100000  80.385000  1.865348
184.200000  81.734500  0.972272
184.300000  79.929500  0.246780
184.400000  81.882000  1.227537
184.500000  81.715500  1.245215
184.600000  81.733500  1.864641
184.700000  80.366000  2.259913
184.800000  80.596500  0.045962
184.900000  81.219500  1.570484
185.000000  81.721500  0.474469
185.100000  82.073000  0.970151
185.200000  80.827500  1.069853
185.300000  79.713500  1.639781
185.400000  79.091500  0.361332
185.500000  80.264500  0.085560
185.600000  80.138000  1.200667
185.700000  81.071000  0.510531
185.800000  81.094500  0.729027
185.900000  80.387500  1.222588
186.000000  81.275500  0.347189
186.100000  81.404500  0.197283
186.200000  80.498000  1.736654
186.300000  80.591000  1.216224
186.400000  80.658000  1.426941
186.500000  80.916000  0.769332
186.600000  82.205500  0.485782
186.700000  80.731500  0.997728
186.800000  79.980000  0.224860
186.900000  80.250000  0.333754
187.000000  79.320000  0.268701
187.100000  81.321500  0.994899
187.200000  80.372000  1.566949
187.300000  80.338000  0.294156
187.400000  80.879500  0.659731
187.500000  81.628000  0.373352
187.600000  81.954500  0.177484
187.700000  81.690500  0.359917
187.800000  80.074000  1.163898
187.900000  78.975000  0.899440
188.000000  79.348500  0.228395
188.100000  79.910500  1.511087
188.200000  78.861000  1.260064
188.300000  79.395500  1.532300
188.400000  81.221500  3.768172
188.500000  81.315000  2.288198
188.600000  81.600000  2.114249
188.700000  81.582500  2.086672
188.800000  82.035500  0.119501
188.900000  81.437000  0.222032
189.000000  80.540500  1.624224
189.100000  81.659500  0.958130
189.200000  81.222500  0.794081
189.300000  81.781500  1.505430
189.400000  81.234500  0.181726
189.500000  80.224000  2.220315
189.600000  81.347500  0.170413
189.700000  83.235500  0.038891
189.800000  81.561500  1.948079
189.900000  82.581500  0.170413
190.000000  82.339500  0.704985
190.100000  81.234500  0.935502
190.200000  80.756500  1.372494
190.300000  80.632000  0.077782
190.400000  81.045000  1.613618
190.500000  80.655000  0.627911
190.600000  80.559000  0.281428
190.700000  80.562500  0.190212
190.800000  81.867500  1.420578
190.900000  81.868500  1.827871
191.000000  81.711500  0.941159
191.100000  81.453500  1.153291
191.200000  82.568500  1.272085
191.300000  82.713500  0.863377
191.400000  82.239500  1.761403
191.500000  81.449500  1.843427
191.600000  81.365000  0.152735
191.700000  82.409000  0.325269
191.800000  82.027000  2.494673
191.900000  81.081500  0.033234
192.000000  81.684000  0.135765
192.100000  82.412000  1.088944
192.200000  81.230000  0.140007
192.300000  80.953000  1.637659
192.400000  81.284500  2.793779
192.500000  83.180000  1.327947
192.600000  83.231500  0.666802
192.700000  83.009500  0.917117
192.800000  82.411500  0.533866
192.900000  80.293000  0.176777
193.000000  80.150500  1.970707
193.100000  80.684000  0.346482
193.200000  79.718500  0.908632
193.300000  80.594500  0.030406
193.400000  81.045000  1.473611
193.500000  81.209500  2.926715
193.600000  81.872500  0.945402
193.700000  79.743500  0.900147
193.800000  80.457000  0.432749
193.900000  80.905000  1.056418
194.000000  80.645500  1.673722
194.100000  79.947000  0.506288
194.200000  79.580000  0.446891
194.300000  79.466000  0.342240
194.400000  80.342000  0.077782
194.500000  80.524000  0.328098
194.600000  80.026000  0.125865
194.700000  81.687000  0.166877
194.800000  80.610500  0.156271
194.900000  79.569000  2.285369
195.000000  79.555500  2.438811
195.100000  79.463500  1.205617
195.200000  79.259500  0.584777
195.300000  81.814000  1.465125
195.400000  81.100500  0.505581
195.500000  81.333500  0.323148
195.600000  79.299500  1.000556
195.700000  81.113500  0.671044
195.800000  81.305500  0.799738
195.900000  80.932000  0.070711
196.000000  80.973500  1.457347
196.100000  81.637000  0.917825
196.200000  81.995000  1.876661
196.300000  80.897500  0.239709
196.400000  80.473500  0.034648
196.500000  80.679500  0.719128
196.600000  81.778000  1.087530
196.700000  80.105000  2.059095
196.800000  80.117000  0.838629
196.900000  80.281500  2.075358
197.000000  81.282000  0.892369
197.100000  80.910000  0.905097
197.200000  79.991000  1.330775
197.300000  79.645500  0.762968
197.400000  80.214000  1.967171
197.500000  79.353500  0.028991
197.600000  79.737500  0.610233
197.700000  80.619500  1.296127
197.800000  81.623500  0.721956
197.900000  80.983500  1.369666
198.000000  79.724500  0.492853
198.100000  80.839500  1.953736
198.200000  80.364000  0.697207
198.300000  80.623500  0.480126
198.400000  81.045500  0.026163
198.500000  81.657000  0.731148
198.600000  81.138500  0.221324
198.700000  79.656500  0.801152
198.800000  80.237500  1.315926
198.900000  80.243000  1.757867
199.000000  80.284000  0.268701
199.100000  80.911500  0.628618
199.200000  80.448500  0.160513
199.300000  80.060000  1.438255
199.400000  80.445500  0.058690
199.500000  78.971500  2.195567
199.600000  80.147000  0.128693
199.700000  80.056500  1.366837
199.800000  79.824500  2.659429
199.900000  80.174500  2.295976
200.000000  79.963000  0.118794
