# aggregated from 2 replicates
# x  mean  std
0.000000  58.634188  0.000000
0.100000  50.702128  2.407551
0.200000  55.905903  0.695499
0.300000  55.172281  4.725522
0.400000  56.204151  7.537536
0.500000  57.595439  2.948229
0.600000  55.956013  0.580584
0.700000  57.728370  1.501441
0.800000  58.527682  3.658401
0.900000  58.685085  2.406509
1.000000  60.229601  3.413505
1.100000  59.624376  1.401319
1.200000  56.810031  1.229063
1.300000  56.190964  2.809570
1.400000  57.786517  1.480045
1.500000  59.094528  3.203682
1.600000  59.112889  2.855552
1.700000  59.114271  2.506071
1.800000  59.803143  11.114056
1.900000  59.428055  7.923496
2.000000  60.650356  0.881221
2.100000  61.153852  2.733910
2.200000  62.918552  0.825054
2.300000  59.001633  8.589961
2.400000  59.616370  10.575161
2.500000  59.780316  3.954088
2.600000  59.817624  4.760792
2.700000  59.591727  0.633546
2.800000  60.043559  3.657028
2.900000  55.395212  6.462235
3.000000  56.149262  7.122793
3.100000  52.444462  4.240777
3.200000  55.309433  9.023380
3.300000  56.125660  9.769937
3.400000  60.330202  6.612841
3.500000  57.391574  9.780803
3.600000  56.292091  5.572140
3.700000  62.982138  7.666905
3.800000  58.006226  8.768668
3.900000  56.625201  6.399783
4.000000  58.924880  7.929646
4.100000  57.539473  4.434022
4.200000  56.605912  10.291820
4.300000  61.965532  14.131755
4.400000  59.409376  10.984419
4.500000  62.129471  12.363840
4.600000  60.046326  7.298847
4.700000  61.654445  8.954872
4.800000  61.567615  9.953692
4.900000  62.191521  0.864560
5.000000  63.658513  9.265622
5.100000  60.763581  10.150661
5.200000  57.998727  10.406424
5.300000  60.068533  9.724821
5.400000  62.552663  4.369188
5.500000  64.217217  9.003442
5.600000  59.032888  7.715983
5.700000  64.073356  7.473260
5.800000  62.940810  1.583886
5.900000  59.583323  5.740028
6.000000  57.771053  2.738716
6.100000  59.794921  9.097033
6.200000  57.495712  5.801323
6.300000  63.796341  2.145477
6.400000  59.806302  2.160651
6.500000  59.939099  0.750747
6.600000  58.445101  1.361689
6.700000  56.127728  6.048334
6.800000  59.305475  8.900203
6.900000  59.393584  3.544866
7.000000  55.769245  0.933689
7.100000  58.194655  2.688103
7.200000  55.658468  0.679178
7.300000  60.286969  3.135842
7.400000  56.119698  0.424882
7.500000  61.623660  3.449995
7.600000  58.046379  5.155937
7.700000  54.592633  5.224970
7.800000  53.690102  0.841190
7.900000  54.914676  0.788370
8.000000  55.527084  2.976181
8.100000  53.216980  1.054240
8.200000  50.580427  0.519314
8.300000  52.530364  1.670041
8.400000  51.511862  0.748506
8.500000  56.972660  1.109052
8.600000  52.615494  0.060467
8.700000  52.954723  0.080399
8.800000  52.560094  0.663386
8.900000  51.255062  1.603191
9.000000  59.241290  6.322865
9.100000  58.119624  0.721891
9.200000  56.100209  4.163426
9.300000  53.822232  0.785654
9.400000  55.871395  0.884019
9.500000  55.395861  1.107664
9.600000  52.046865  0.103650
9.700000  53.020412  2.025016
9.800000  52.418684  0.096231
9.900000  57.124966  2.609884
10.000000  55.929380  0.940730
10.100000  53.350242  2.316558
10.200000  52.782311  2.815839
10.300000  53.488433  2.909471
10.400000  54.792733  0.457425
10.500000  54.022222  5.305817
10.600000  54.791855  1.875630
10.700000  56.283280  1.320479
10.800000  53.890416  2.192378
10.900000  54.395271  0.813285
11.000000  51.216226  1.092455
11.100000  57.465418  1.565942
11.200000  54.302733  2.228603
11.300000  56.092080  0.445592
11.400000  51.984296  1.694091
11.500000  53.137341  5.015346
11.600000  55.157048  5.049725
11.700000  55.132613  7.250473
11.800000  58.093552  6.680903
11.900000  55.898877  2.256818
12.000000  53.600705  1.165562
12.100000  54.793881  0.860217
12.200000  53.294655  1.498018
12.300000  54.253697  2.698191
12.400000  54.358727  2.890242
12.500000  54.668115  4.248247
12.600000  51.878580  0.775870
12.700000  56.078167  3.083908
12.800000  53.301744  1.814478
12.900000  54.862773  2.678175
13.000000  53.939538  2.481181
13.100000  53.690729  0.412226
13.200000  54.721108  0.760903
13.300000  54.485056  3.738508
13.400000  52.092535  1.714725
13.500000  55.038784  3.010009
13.600000  56.231637  4.608162
13.700000  57.462214  2.535034
13.800000  56.880375  9.817774
13.900000  56.620150  3.214913
14.000000  56.109195  2.728917
14.100000  55.027529  4.182469
14.200000  56.007606  4.314577
14.300000  56.372945  6.583342
14.400000  55.067875  3.360023
14.500000  52.466721  3.690497
14.600000  54.261910  6.233865
14.700000  56.256990  7.688887
14.800000  56.283592  6.313775
14.900000  54.717890  6.665790
15.000000  55.993947  3.792142
15.100000  56.778177  7.278695
15.200000  56.840818  3.981750
15.300000  56.163061  5.054570
15.400000  53.092484  5.811216
15.500000  56.010044  3.030071
15.600000  56.411823  7.589543
15.700000  54.725480  5.961117
15.800000  59.333102  7.006958
15.900000  55.979981  4.061692
16.000000  55.227097  5.185205
16.100000  54.933416  2.365778
16.200000  55.068674  3.562125
16.300000  57.052728  3.834599
16.400000  56.634880  4.220143
16.500000  55.169886  7.685650
16.600000  55.461482  0.965441
16.700000  56.264878  1.451808
16.800000  56.084499  6.584277
16.900000  56.107796  3.835030
17.000000  56.743699  4.803247
17.100000  56.731575  3.865133
17.200000  53.138990  2.907832
17.300000  56.609506  2.295489
17.400000  55.648515  7.624839
17.500000  57.372752  5.910242
17.600000  56.257126  8.145431
17.700000  54.928154  1.385207
17.800000  54.060816  3.560848
17.900000  53.844774  10.069816
18.000000  54.529790  6.995014
18.100000  56.085088  3.900621
18.200000  55.812897  3.048193
18.300000  54.594358  7.245188
18.400000  55.516616  7.705843
18.500000  57.791269  5.243564
18.600000  58.826130  1.173140
18.700000  57.996429  6.214257
18.800000  53.033771  1.357031
18.900000  57.184274  4.353947
19.000000  53.517283  2.234534
19.100000  55.565758  4.522419
19.200000  53.081452  1.706063
19.300000  56.242474  1.531308
19.400000  56.261308  6.562160
19.500000  56.414812  3.938261
19.600000  57.680974  5.582410
19.700000  55.819676  2.226341
19.800000  56.389977  2.955734
19.900000  55.322707  1.923862
20.000000  50.985048  2.180783
20.100000  49.784754  3.395429
20.200000  53.521248  0.104538
20.300000  53.099302  0.433109
20.400000  54.677207  2.913301
20.500000  52.741354  2.377352
20.600000  52.013130  0.948112
20.700000  52.555609  0.734673
20.800000  50.377060  1.455272
20.900000  54.298158  6.081466
21.000000  49.510608  2.824849
21.100000  55.232429  2.508420
21.200000  54.333472  3.186681
21.300000  55.262600  0.628317
21.400000  55.250879  0.983629
21.500000  53.758485  1.083215
21.600000  52.420196  1.798125
21.700000  55.634972  0.365761
21.800000  55.021093  2.062396
21.900000  52.400653  0.057809
22.000000  53.806891  0.426136
22.100000  55.216291  1.426760
22.200000  57.032192  4.441258
22.300000  55.036919  2.912013
22.400000  54.166638  3.257254
22.500000  49.623018  5.200594
22.600000  51.457858  4.093551
22.700000  57.214923  6.110010
22.800000  52.713542  5.316957
22.900000  53.138253  1.642232
23.000000  53.404333  0.271332
23.100000  55.798739  1.336399
23.200000  54.779149  0.481871
23.300000  57.749939  1.436760
23.400000  52.882119  2.079486
23.500000  54.989631  3.243860
23.600000  53.440238  1.110965
23.700000  53.828383  1.275174
23.800000  56.156071  3.347864
23.900000  54.403873  0.736735
24.000000  56.230719  1.758917
24.100000  53.400317  2.926604
24.200000  54.423445  0.514975
24.300000  53.573707  2.659615
24.400000  54.764879  1.548835
24.500000  55.024885  2.286982
24.600000  54.583162  2.484649
24.700000  55.682405  3.843460
24.800000  56.433407  1.132470
24.900000  54.121624  0.390850
25.000000  51.835465  0.415355
25.100000  55.564149  1.080491
25.200000  54.793358  0.337558
25.300000  57.629763  3.009205
25.400000  56.544887  1.311295
25.500000  51.917018  0.147483
25.600000  53.045878  0.424732
25.700000  54.989999  0.500274
25.800000  53.418052  2.365049
25.900000  53.342638  0.254022
26.000000  53.428906  1.673186
26.100000  53.200520  1.096344
26.200000  54.565451  0.333329
26.300000  53.993298  1.498860
26.400000  53.616116  1.926696
26.500000  50.078182  0.667630
26.600000  52.653560  2.782390
26.700000  50.414203  1.904690
26.800000  56.512345  0.657616
26.900000  50.238229  3.864220
27.000000  55.140890  1.628562
27.100000  56.879355  4.159045
27.200000  54.076269  3.531419
27.300000  54.334637  1.525451
27.400000  54.926437  0.586346
27.500000  52.127031  1.952644
27.600000  55.844217  2.425083
27.700000  54.239328  2.922250
27.800000  53.584337  0.354335
27.900000  55.608041  0.440381
28.000000  53.438934  0.450848
28.100000  54.977159  0.649021
28.200000  55.996974  0.804676
28.300000  52.621707  0.206710
28.400000  54.863492  3.908760
28.500000  53.784427  0.315923
28.600000  52.316205  2.110352
28.700000  54.182291  2.198333
28.800000  52.364577  1.789540
28.900000  57.425064  2.287413
29.000000  55.563544  3.295494
29.100000  50.169021  0.578341
29.200000  54.967992  0.796105
29.300000  52.891858  0.809143
29.400000  53.114548  2.932385
29.500000  53.055892  1.706948
29.600000  54.847895  6.349356
29.700000  53.584524  1.436435
29.800000  50.514268  1.862181
29.900000  53.750248  7.312128
30.000000  55.057609  0.397967
30.100000  57.741910  2.389465
30.200000  53.725967  2.981545
30.300000  55.687884  4.725663
30.400000  55.160323  2.927032
30.500000  53.677587  4.949927
30.600000  57.611854  7.125011
30.700000  54.950289  2.818231
30.800000  54.689279  1.544732
30.900000  53.423364  4.628794
31.000000  54.819818  5.375260
31.100000  57.768654  12.143619
31.200000  58.033669  5.222700
31.300000  58.458608  9.272638
31.400000  55.670130  3.267693
31.500000  58.539261  7.362170
31.600000  56.358344  4.021924
31.700000  57.202753  8.021158
31.800000  58.385151  10.743661
31.900000  59.183224  8.878049
32.000000  57.280124  8.916201
32.100000  56.069908  7.285796
32.200000  56.639044  4.225701
32.300000  56.732563  5.402473
32.400000  56.873845  4.189560
32.500000  59.201335  3.743800
32.600000  57.083663  4.912308
32.700000  56.499443  3.217602
32.800000  57.424639  6.210720
32.900000  57.440884  2.461454
33.000000  55.221887  2.356528
33.100000  54.673931  2.210301
33.200000  56.953564  0.460658
33.300000  58.192833  2.067944
33.400000  54.488738  1.730042
33.500000  56.146131  0.492558
33.600000  56.760294  3.771191
33.700000  56.379796  3.131749
33.800000  51.087150  2.286081
33.900000  53.530641  2.428541
34.000000  54.999406  1.354761
34.100000  55.286812  1.965685
34.200000  54.633380  2.514675
34.300000  55.061363  0.379779
34.400000  53.380674  0.134004
34.500000  55.752608  1.647938
34.600000  53.765026  4.154834
34.700000  56.751159  0.421504
34.800000  56.589388  0.860026
34.900000  59.627167  1.896160
35.000000  56.315364  4.077777
35.100000  56.814759  2.606652
35.200000  54.224396  6.877140
35.300000  58.273060  6.535871
35.400000  56.744839  5.860789
35.500000  57.903425  1.803149
35.600000  56.921293  11.405036
35.700000  57.114891  8.537689
35.800000  58.020913  10.955311
35.900000  57.944024  2.208249
36.000000  53.832621  8.625325
36.100000  59.031407  4.164526
36.200000  54.231115  3.297376
36.300000  53.962972  3.673604
36.400000  55.269624  6.105139
36.500000  58.065534  4.380580
36.600000  54.599607  2.797804
36.700000  56.405935  4.627736
36.800000  55.072256  5.865393
36.900000  54.025605  3.458304
37.000000  57.464218  7.562001
37.100000  55.579443  5.239991
37.200000  56.217637  7.419709
37.300000  57.097637  5.544383
37.400000  55.897944  2.482832
37.500000  59.515208  8.945755
37.600000  57.250510  6.857289
37.700000  52.659734  2.160363
37.800000  54.437067  2.612441
37.900000  60.466608  10.210541
38.000000  54.082748  2.895745
38.100000  54.672303  1.059179
38.200000  54.166826  4.301920
38.300000  54.036561  0.827658
38.400000  52.863888  1.484615
38.500000  52.600701  0.355209
38.600000  58.333905  4.780207
38.700000  56.469990  2.565364
38.800000  57.085096  6.369481
38.900000  59.515462  6.113656
39.000000  58.112681  6.463782
39.100000  57.045283  10.138959
39.200000  56.812112  4.740259
39.300000  57.795407  7.956403
39.400000  56.790695  8.809428
39.500000  57.073336  10.409038
39.600000  61.346196  7.143992
39.700000  57.331536  6.568369
39.800000  61.062138  9.801121
39.900000  58.918677  11.102353
40.000000  58.089259  5.274237
40.100000  56.903243  6.738441
40.200000  60.032659  5.018198
40.300000  57.212775  8.199781
40.400000  58.776398  8.819063
40.500000  60.270229  4.098967
40.600000  58.828545  8.925497
40.700000  55.396833  11.296182
40.800000  57.225544  9.211113
40.900000  56.724565  4.657175
41.000000  62.266150  11.767950
41.100000  58.816192  6.258092
41.200000  58.484632  10.670772
41.300000  61.150695  8.274112
41.400000  58.079441  3.827425
41.500000  59.887248  7.251355
41.600000  55.761894  5.933322
41.700000  57.008730  8.259097
41.800000  59.391088  7.428560
41.900000  58.478616  11.067388
42.000000  59.290830  8.459746
42.100000  62.190829  5.027743
42.200000  57.155535  9.283786
42.300000  60.809515  10.260135
42.400000  56.094004  2.778684
42.500000  58.242856  7.089517
42.600000  56.893159  7.010984
42.700000  54.874870  4.230281
42.800000  55.502909  2.086189
42.900000  61.450610  3.367753
43.000000  60.483386  7.902669
43.100000  60.239625  6.361720
43.200000  57.650853  5.277677
43.300000  56.992873  4.190730
43.400000  56.886662  6.762882
43.500000  54.787285  6.450210
43.600000  55.949265  5.130693
43.700000  52.358347  5.135358
43.800000  56.201265  7.651349
43.900000  55.998762  8.505635
44.000000  58.632643  6.440739
44.100000  58.625683  5.220740
44.200000  55.587776  0.418357
44.300000  54.242563  0.755230
44.400000  50.629251  2.423753
44.500000  53.416170  2.477894
44.600000  54.905580  3.148027
44.700000  55.062703  2.044606
44.800000  54.678221  0.842830
44.900000  55.558840  0.780801
45.000000  57.694212  7.739734
45.100000  50.134419  2.915166
45.200000  52.165082  3.542135
45.300000  54.241909  0.361775
45.400000  54.671085  3.063433
45.500000  55.906220  1.942110
45.600000  55.248805  1.042794
45.700000  53.432587  3.356733
45.800000  59.697986  4.390784
45.900000  58.891759  8.029645
46.000000  51.273350  6.331690
46.100000  55.367831  3.932700
46.200000  53.444056  4.643990
46.300000  58.367878  3.809099
46.400000  55.936808  9.076261
46.500000  54.562835  5.657969
46.600000  56.132052  1.924051
46.700000  53.623326  0.331631
46.800000  55.206495  7.052735
46.900000  53.002294  0.736196
47.000000  54.189494  4.970162
47.100000  53.936372  2.936508
47.200000  54.068456  1.169053
47.300000  54.865740  2.729641
47.400000  54.342091  2.017144
47.500000  52.122519  2.165846
47.600000  55.121087  0.623175
47.700000  52.916899  1.722048
47.800000  54.552137  8.107735
47.900000  55.644746  3.179406
48.000000  51.907561  0.838962
48.100000  53.533237  0.874432
48.200000  50.702597  0.220829
48.300000  55.002556  3.053022
48.400000  55.545614  3.306524
48.500000  53.861728  2.156017
48.600000  54.881976  3.114732
48.700000  52.917697  2.103172
48.800000  53.184267  2.988243
48.900000  54.482905  0.669509
49.000000  53.533615  2.886585
49.100000  55.483419  7.760814
49.200000  52.862853  0.859180
49.300000  60.374999  4.172733
49.400000  60.993148  10.392698
49.500000  60.898030  9.973011
49.600000  57.624916  9.620002
49.700000  53.393369  1.197478
49.800000  55.755733  2.859658
49.900000  54.212017  2.179679
50.000000  54.692013  3.006043
50.100000  50.917597  1.879452
50.200000  57.256983  0.205518
50.300000  56.091847  0.494188
50.400000  56.659754  1.308727
50.500000  54.177811  4.121940
50.600000  55.146048  7.161036
50.700000  55.992497  5.344394
50.800000  57.521574  6.129456
50.900000  56.757324  2.227355
51.000000  60.293687  4.585397
51.100000  55.711937  3.471887
51.200000  52.974007  2.672301
51.300000  58.271716  4.115943
51.400000  52.602447  0.031219
51.500000  53.993316  2.363511
51.600000  52.808707  4.943138
51.700000  53.358605  1.689748
51.800000  54.140198  2.467932
51.900000  54.404979  1.336655
52.000000  50.260938  0.988042
52.100000  53.822508  3.713129
52.200000  53.084534  2.667405
52.300000  54.914638  1.524989
52.400000  55.130797  4.640963
52.500000  54.602925  1.126271
52.600000  53.962775  4.644528
52.700000  56.995952  1.684962
52.800000  52.593069  1.964345
52.900000  54.898412  2.133957
53.000000  54.564901  3.159398
53.100000  53.112096  2.799640
53.200000  53.076858  4.396062
53.300000  54.682129  3.617006
53.400000  54.884038  2.327398
53.500000  54.407693  4.167513
53.600000  57.069157  1.190490
53.700000  53.568995  3.345942
53.800000  49.839374  3.629977
53.900000  55.317362  1.122141
54.000000  53.953700  0.549170
54.100000  52.504162  1.556234
54.200000  54.366639  2.088891
54.300000  54.746239  0.345767
54.400000  53.973876  0.183107
54.500000  56.164743  5.240423
54.600000  55.644968  3.139646
54.700000  51.709237  1.117968
54.800000  54.885079  4.287686
54.900000  55.343486  0.204763
55.000000  55.349364  4.766151
55.100000  52.858188  1.755462
55.200000  53.258429  1.624864
55.300000  52.602041  2.256530
55.400000  55.485401  3.653573
55.500000  52.329675  3.368563
55.600000  54.166504  1.034014
55.700000  53.850302  2.046649
55.800000  52.667806  0.473059
55.900000  53.177242  2.912001
56.000000  52.606518  1.437760
56.100000  51.751860  3.691001
56.200000  54.423511  2.206213
56.300000  51.381086  1.309490
56.400000  52.545001  0.633894
56.500000  57.863965  1.244344
56.600000  53.390238  0.007195
56.700000  53.008226  3.682280
56.800000  52.257385  5.537606
56.900000  53.880468  0.966635
57.000000  57.340590  1.756943
57.100000  54.664257  0.863158
57.200000  55.638382  4.942449
57.300000  53.680561  0.135550
57.400000  53.714547  3.985796
57.500000  54.971125  1.403659
57.600000  57.362620  5.385105
57.700000  54.691620  5.488779
57.800000  57.367629  3.640593
57.900000  54.739846  7.660449
58.000000  57.337023  4.585206
58.100000  54.950581  0.922252
58.200000  57.498687  7.706070
58.300000  57.640885  7.874584
58.400000  55.471443  3.759068
58.500000  53.884390  1.422403
58.600000  58.826830  5.019254
58.700000  57.604836  9.664840
58.800000  60.710212  3.986793
58.900000  52.388230  0.285976
59.000000  55.545085  1.868848
59.100000  52.706921  0.274412
59.200000  55.624927  0.544319
59.300000  53.761554  1.790188
59.400000  52.544752  0.485098
59.500000  54.051437  1.055437
59.600000  51.853471  4.223126
59.700000  50.769100  0.521841
59.800000  52.370073  1.644048
59.900000  53.605345  0.658978
60.000000  55.615513  6.828327
60.100000  53.944893  5.183506
60.200000  54.097967  0.473038
60.300000  51.591897  0.829371
60.400000  53.133344  0.505820
60.500000  52.104757  2.791664
60.600000  53.126817  2.374008
60.700000  52.047825  3.539704
60.800000  50.034051  2.017062
60.900000  52.767235  1.131120
61.000000  54.969195  5.608775
61.100000  51.080289  3.176320
61.200000  55.684635  2.146433
61.300000  57.964581  4.966246
61.400000  52.234625  5.206711
61.500000  53.750436  1.616108
61.600000  56.687137  0.089287
61.700000  53.096063  4.041049
61.800000  53.288364  4.124463
61.900000  50.259868  0.894335
62.000000  54.710838  0.090699
62.100000  54.223919  2.018028
62.200000  53.803601  1.084407
62.300000  55.464042  0.258219
62.400000  51.487270  0.283000
62.500000  51.012994  4.329169
62.600000  56.642584  5.299125
62.700000  59.727342  9.240510
62.800000  53.404472  6.236273
62.900000  53.513475  2.332943
63.000000  53.575304  5.323496
63.100000  52.110101  2.552117
63.200000  56.040896  0.970241
63.300000  54.025073  3.567949
63.400000  54.687485  7.376373
63.500000  53.662108  2.966880
63.600000  52.221625  4.000621
63.700000  57.368931  6.409289
63.800000  60.689177  9.984978
63.900000  59.160935  10.740915
64.000000  57.891810  10.645185
64.100000  59.372170  9.164231
64.200000  55.753771  6.023650
64.300000  58.468255  8.591132
64.400000  57.148851  6.130362
64.500000  54.142463  5.193793
64.600000  57.857605  0.680044
64.700000  62.401323  12.795739
64.800000  59.179703  5.443462
64.900000  55.913363  5.632774
65.000000  58.881919  6.246323
65.100000  57.980746  5.863105
65.200000  59.123949  9.880199
65.300000  61.269984  16.554400
65.400000  57.953284  3.282325
65.500000  58.119304  6.859518
65.600000  59.844351  4.804228
65.700000  56.515499  0.098406
65.800000  54.319068  2.912733
65.900000  53.342198  1.007465
66.000000  55.430993  1.130051
66.100000  49.277357  3.788086
66.200000  50.673827  1.357777
66.300000  53.743423  4.652185
66.400000  56.917184  5.375941
66.500000  51.868809  1.103927
66.600000  52.208638  0.055038
66.700000  56.570862  5.603552
66.800000  54.737970  6.463726
66.900000  53.105405  5.365491
67.000000  55.557864  1.624231
67.100000  51.882375  1.608302
67.200000  53.674347  1.190356
67.300000  51.556762  2.274589
67.400000  52.647751  3.533903
67.500000  51.574044  3.270137
67.600000  55.630073  3.839890
67.700000  55.344040  3.242655
67.800000  51.143286  0.094006
67.900000  51.556372  0.947781
68.000000  53.586273  3.826771
68.100000  51.874971  0.206471
68.200000  55.031273  1.202420
68.300000  52.216900  2.277285
68.400000  51.912133  3.145474
68.500000  57.083667  5.074098
68.600000  59.306078  5.467469
68.700000  57.449681  8.041013
68.800000  56.407957  7.632523
68.900000  56.754374  6.856363
69.000000  55.044743  1.860875
69.100000  56.000037  5.328830
69.200000  56.013846  6.280143
69.300000  57.530540  5.439918
69.400000  57.248814  7.437884
69.500000  56.455643  9.845473
69.600000  59.818731  8.457732
69.700000  57.521217  9.141620
69.800000  54.973645  8.875787
69.900000  56.819114  12.425661
70.000000  60.922281  10.116969
70.100000  59.157930  10.473521
70.200000  60.235957  5.960864
70.300000  54.006962  3.998459
70.400000  58.694359  9.012663
70.500000  53.813848  0.413083
70.600000  55.943761  2.244472
70.700000  55.432502  8.409822
70.800000  59.982806  12.084289
70.900000  58.393304  9.983891
71.000000  62.992916  13.673534
71.100000  60.643290  9.289131
71.200000  59.580510  8.803112
71.300000  62.546684  11.725245
71.400000  61.599827  12.504657
71.500000  56.465687  10.001371
71.600000  61.104610  5.815721
71.700000  58.144621  12.988004
71.800000  57.787451  6.812774
71.900000  60.500528  10.689057
72.000000  55.896849  5.795965
72.100000  52.812719  3.904471
72.200000  57.986576  3.137154
72.300000  56.152471  8.933502
72.400000  51.148545  0.788809
72.500000  56.151100  5.617924
72.600000  54.019845  3.543994
72.700000  53.644149  3.208860
72.800000  52.538843  1.962859
72.900000  52.495076  2.494364
73.000000  54.285722  0.548077
73.100000  51.019360  0.930766
73.200000  53.935941  2.246102
73.300000  54.625055  1.049749
73.400000  57.746293  0.382927
73.500000  54.051223  0.092132
73.600000  58.260174  1.084637
73.700000  56.113399  0.156178
73.800000  54.031662  8.259181
73.900000  58.463392  3.772625
74.000000  56.134269  2.988495
74.100000  56.081927  7.854385
74.200000  57.194788  1.484286
74.300000  55.183470  2.674029
74.400000  56.874976  3.679378
74.500000  55.032720  5.370979
74.600000  53.525690  6.965197
74.700000  56.671212  3.664978
74.800000  59.241124  1.094420
74.900000  58.411313  6.040612
75.000000  55.916542  4.356689
75.100000  56.661886  5.161574
75.200000  54.091885  4.228145
75.300000  55.839272  4.988692
75.400000  58.068912  2.565223
75.500000  56.626100  1.415202
75.600000  57.081634  4.953254
75.700000  52.644358  0.733582
75.800000  51.853383  0.519027
75.900000  53.141445  0.320464
76.000000  54.119296  7.106879
76.100000  51.140815  2.699773
76.200000  55.301575  3.791247
76.300000  59.188892  1.630358
76.400000  55.711845  6.318703
76.500000  59.571460  9.710400
76.600000  58.269997  8.779556
76.700000  58.714018  7.233523
76.800000  57.465974  7.284287
76.900000  57.868307  10.644244
77.000000  56.543874  7.823244
77.100000  56.302070  11.591964
77.200000  55.655721  6.436037
77.300000  58.751151  7.371848
77.400000  57.093261  9.040137
77.500000  60.705619  8.355168
77.600000  57.635294  6.853024
77.700000  57.500839  5.006703
77.800000  58.956932  9.845345
77.900000  58.571832  8.020248
78.000000  60.067288  8.672764
78.100000  60.319921  6.090232
78.200000  59.875118  5.871619
78.300000  59.514636  8.820370
78.400000  59.848874  7.681464
78.500000  60.233065  7.363327
78.600000  56.895034  8.755270
78.700000  57.228316  7.450006
78.800000  61.820482  13.471558
78.900000  59.809691  5.085305
79.000000  59.049691  6.014466
79.100000  59.211894  5.152101
79.200000  62.660912  14.609934
79.300000  64.097635  13.691700
79.400000  61.370842  12.497478
79.500000  60.445510  13.762049
79.600000  55.946724  7.128721
79.700000  57.356222  4.158708
79.800000  57.070556  7.519191
79.900000  60.788173  10.418731
80.000000  58.085487  6.851938
80.100000  58.518787  7.156211
80.200000  58.840949  6.826833
80.300000  60.697323  2.934136
80.400000  59.396662  11.403856
80.500000  62.706682  3.953959
80.600000  57.438754  6.879799
80.700000  60.010601  12.965905
80.800000  59.715815  8.905258
80.900000  58.900532  9.332678
81.000000  60.678028  4.320468
81.100000  57.216143  8.395059
81.200000  57.978755  2.835138
81.300000  58.806409  7.477007
81.400000  55.379133  2.616537
81.500000  57.686354  10.539974
81.600000  56.780193  4.030326
81.700000  57.955654  9.528695
81.800000  59.399609  5.676814
81.900000  58.784774  6.026890
82.000000  58.475805  6.753119
82.100000  62.176289  9.271743
82.200000  58.956888  5.979768
82.300000  59.609760  5.768198
82.400000  58.731154  10.520371
82.500000  58.762683  4.856534
82.600000  55.957338  6.010251
82.700000  58.536766  3.900592
82.800000  56.972096  4.923848
82.900000  57.573969  7.689868
83.000000  56.002673  10.063618
83.100000  56.054173  9.398607
83.200000  58.396490  8.188801
83.300000  61.941181  8.750615
83.400000  56.393641  10.102756
83.500000  56.866347  6.992563
83.600000  57.109231  7.164979
83.700000  56.105357  4.523296
83.800000  60.211594  4.237216
83.900000  56.279808  6.956633
84.000000  57.436295  3.357508
84.100000  57.955020  9.288845
84.200000  58.028757  6.865472
84.300000  58.032329  4.875300
84.400000  58.774881  11.206602
84.500000  57.917617  6.965945
84.600000  58.677560  3.856042
84.700000  55.861612  7.033046
84.800000  58.156968  4.265083
84.900000  56.882707  5.602756
85.000000  55.935617  10.678930
85.100000  58.822699  7.999645
85.200000  60.323654  6.803652
85.300000  56.704456  6.576698
85.400000  59.609913  7.988442
85.500000  55.986918  6.971827
85.600000  54.140776  5.308854
85.700000  58.393469  9.000168
85.800000  55.164103  4.353258
85.900000  53.499757  3.955312
86.000000  53.676890  9.813820
86.100000  55.253472  8.304448
86.200000  55.400590  6.206106
86.300000  55.614527  8.407800
86.400000  57.289024  4.782534
86.500000  58.633956  8.809071
86.600000  54.944389  8.675313
86.700000  56.459606  2.082306
86.800000  55.854715  8.507948
86.900000  54.900635  2.989126
87.000000  53.787256  2.057563
87.100000  53.034353  1.991855
87.200000  49.046616  0.718852
87.300000  51.117682  2.140071
87.400000  55.976071  1.158119
87.500000  53.013575  4.259977
87.600000  57.328625  0.601835
87.700000  57.653226  0.757077
87.800000  56.996278  2.601420
87.900000  56.727790  3.032843
88.000000  55.043312  3.007391
88.100000  55.835036  5.384730
88.200000  55.599796  4.093805
88.300000  56.216304  1.693834
88.400000  53.573611  4.941612
88.500000  55.961998  3.461701
88.600000  58.151150  4.986277
88.700000  54.293577  0.973913
88.800000  55.224562  1.909412
88.900000  55.923266  2.655291
89.000000  53.515698  1.094858
89.100000  53.650678  2.393374
89.200000  56.799318  1.653231
89.300000  55.440320  2.537706
89.400000  56.139815  2.929195
89.500000  53.580048  2.021747
89.600000  55.326513  4.491747
89.700000  57.573686  1.833121
89.800000  55.931734  0.639369
89.900000  56.693774  0.181455
90.000000  53.425662  1.180818
90.100000  53.789100  2.137114
90.200000  55.487893  1.077680
90.300000  52.553539  1.960748
90.400000  51.133104  0.501439
90.500000  52.398554  0.767601
90.600000  52.157010  1.886357
90.700000  52.234765  4.246062
90.800000  54.655249  1.364312
90.900000  52.927306  3.048537
91.000000  51.304144  0.565768
91.100000  57.047375  0.323670
91.200000  54.194219  0.944310
91.300000  55.352446  1.610030
91.400000  56.461775  4.068870
91.500000  50.807784  1.301127
91.600000  52.067338  0.655124
91.700000  52.752907  2.181311
91.800000  53.915086  6.940690
91.900000  48.695366  5.948706
92.000000  54.349242  0.885100
92.100000  53.262495  5.072794
92.200000  51.388858  1.872837
92.300000  50.091177  5.278892
92.400000  55.823430  1.721434
92.500000  54.472034  2.306104
92.600000  50.069913  5.662052
92.700000  48.580185  4.230070
92.800000  46.686159  9.881223
92.900000  49.137340  6.717917
93.000000  53.949359  7.704625
93.100000  57.334744  4.572065
93.200000  60.981515  7.580790
93.300000  53.114719  2.716592
93.400000  52.404328  3.280123
93.500000  56.686388  6.026276
93.600000  54.196426  2.909735
93.700000  49.163788  7.286361
93.800000  51.046436  0.762576
93.900000  48.171717  5.391305
94.000000  47.724559  9.658750
94.100000  51.454335  1.059552
94.200000  52.509739  6.609268
94.300000  47.663612  8.620315
94.400000  41.509288  18.352056
94.500000  42.284741  14.286850
94.600000  50.546560  10.707836
94.700000  48.356147  10.383418
94.800000  42.277354  16.430328
94.900000  47.954294  9.058573
95.000000  44.876180  13.463033
95.100000  47.656272  10.936630
95.200000  46.143513  12.409434
95.300000  45.355308  16.658789
95.400000  44.236808  11.262890
95.500000  47.835771  2.064332
95.600000  54.866888  0.429368
95.700000  52.219765  6.230297
95.800000  49.988557  6.061053
95.900000  51.172371  8.029239
96.000000  48.325324  7.583235
96.100000  52.052253  9.417836
96.200000  49.849817  8.261960
96.300000  47.047431  5.764711
96.400000  50.289391  4.569993
96.500000  47.200049  6.357240
96.600000  47.146750  11.033338
96.700000  50.222982  8.043002
96.800000  53.031160  1.173821
96.900000  46.732555  10.575905
97.000000  48.570120  8.105958
97.100000  48.227673  10.332988
97.200000  50.167569  6.420574
97.300000  47.618732  11.858582
97.400000  51.877701  5.522871
97.500000  48.839410  9.520829
97.600000  47.140769  14.879504
97.700000  44.733632  10.882835
97.800000  47.963983  9.189196
97.900000  53.972240  0.487746
98.000000  57.752425  3.853743
98.100000  56.548318  0.361616
98.200000  52.256234  8.379345
98.300000  52.707382  9.032978
98.400000  50.151725  5.566384
98.500000  53.771997  1.640635
98.600000  52.657697  4.341580
98.700000  52.053147  5.110280
98.800000  50.474734  9.873992
98.900000  49.313524  8.355186
99.000000  50.181346  7.472483
99.100000  50.543089  5.216512
99.200000  48.135849  9.088613
99.300000  49.930182  7.868221
99.400000  47.679363  11.018906
99.500000  49.886719  9.120929
99.600000  48.188551  11.202958
99.700000  46.652255  10.941180
99.800000  44.470411  13.508156
99.900000  44.026251  19.240767
100.000000  53.514503  6.245989
100.100000  52.635132  2.263125
100.200000  49.269082  8.279054
100.300000  47.024245  10.202124
100.400000  49.622574  9.687399
100.500000  45.821730  8.617430
100.600000  45.779604  13.879030
100.700000  48.249108  10.082648
100.800000  41.926763  14.473141
100.900000  47.077584  5.904372
101.000000  45.990036  16.042597
101.100000  51.457201  6.407038
101.200000  49.901834  8.787246
101.300000  46.592248  12.988691
101.400000  48.856941  8.360688
101.500000  44.568970  14.246097
101.600000  48.732303  10.902320
101.700000  46.538680  10.448994
101.800000  45.087264  13.003863
101.900000  49.959290  9.077506
102.000000  46.205819  13.693652
102.100000  48.752944  7.599085
102.200000  46.217858  14.925942
102.300000  48.462929  8.764664
102.400000  48.670301  10.207779
102.500000  51.940455  8.839987
102.600000  46.376400  6.681151
102.700000  47.816061  10.054312
102.800000  48.648706  9.125625
102.900000  46.099294  9.711685
103.000000  45.421985  13.615088
103.100000  49.963197  9.093533
103.200000  46.531235  7.310986
103.300000  51.227718  6.203814
103.400000  51.719058  3.709945
103.500000  54.275001  5.602103
103.600000  47.548062  6.175086
103.700000  46.055670  12.378445
103.800000  49.272789  8.753822
103.900000  48.305748  3.206886
104.000000  46.549875  9.045396
104.100000  47.170997  12.318145
104.200000  44.125948  10.684987
104.300000  45.980108  8.552570
104.400000  43.260376  10.085048
104.500000  48.311456  8.064060
104.600000  51.053015  3.872866
104.700000  47.039086  12.020888
104.800000  46.699435  13.421516
104.900000  48.822061  5.579611
105.000000  48.554543  4.292306
105.100000  45.170464  10.654370
105.200000  49.187150  12.766008
105.300000  46.782758  7.628928
105.400000  48.996838  4.400009
105.500000  46.778880  12.480239
105.600000  42.332510  13.781805
105.700000  50.042142  9.887620
105.800000  47.215863  7.002090
105.900000  47.718750  13.032278
106.000000  46.200277  10.135560
106.100000  46.544792  9.666464
106.200000  47.739745  8.952970
106.300000  44.594741  11.569305
106.400000  44.131039  9.383843
106.500000  47.221256  6.646717
106.600000  53.510272  0.647047
106.700000  49.662121  7.445645
106.800000  46.048199  8.132206
106.900000  47.584184  14.086188
107.000000  46.769600  9.774420
107.100000  46.660728  13.406578
107.200000  47.905860  9.835391
107.300000  45.317003  13.313245
107.400000  46.964544  7.300696
107.500000  46.170163  6.023570
107.600000  48.856434  6.306311
107.700000  45.313495  9.262095
107.800000  50.846858  9.569471
107.900000  47.297786  10.188564
108.000000  47.111545  9.226333
108.100000  45.605758  14.764696
108.200000  48.353035  4.515770
108.300000  49.144645  2.083301
108.400000  46.668360  8.611970
108.500000  49.381468  12.091104
108.600000  49.666057  11.998828
108.700000  48.477248  8.319789
108.800000  47.532411  10.599866
108.900000  49.945970  5.190906
109.000000  48.391435  5.755043
109.100000  52.026535  12.547920
109.200000  55.518952  15.613428
109.300000  51.592098  7.039605
109.400000  47.755869  8.778049
109.500000  45.600604  10.694999
109.600000  48.463958  13.032513
109.700000  47.760053  9.073432
109.800000  48.330582  7.273150
109.900000  49.562262  8.048783
110.000000  47.995636  9.306378
110.100000  50.117540  5.733408
110.200000  48.249879  10.953468
110.300000  48.853744  9.119410
110.400000  43.927773  7.384844
110.500000  47.892357  7.320432
110.600000  44.639018  10.241964
110.700000  47.217399  7.167691
110.800000  45.628527  13.147835
110.900000  42.976982  13.283514
111.000000  49.103659  7.342866
111.100000  45.314556  13.653447
111.200000  51.476631  5.842572
111.300000  47.958611  6.465338
111.400000  46.730742  5.579729
111.500000  49.493103  4.964551
111.600000  48.729625  9.055767
111.700000  47.463050  11.165636
111.800000  47.462641  7.518603
111.900000  47.948569  12.238582
112.000000  46.291761  8.344560
112.100000  45.658530  14.296263
112.200000  46.348199  13.360409
112.300000  41.087733  14.875852
112.400000  41.082744  18.349985
112.500000  40.776166  19.662620
112.600000  39.605677  15.893333
112.700000  42.263123  16.607673
112.800000  41.199372  19.068857
112.900000  41.354503  17.636483
113.000000  42.978155  16.745941
113.100000  43.057615  14.732323
113.200000  43.554209  12.364527
113.300000  41.493617  16.215325
113.400000  40.989002  19.796931
113.500000  44.206165  14.073332
113.600000  43.962010  18.516150
113.700000  42.366621  19.436132
113.800000  43.150084  14.370930
113.900000  41.326055  14.803829
114.000000  42.518606  19.788020
114.100000  42.537244  15.885361
114.200000  43.736626  14.071244
114.300000  43.144149  18.967456
114.400000  40.852494  14.084219
114.500000  37.929972  15.525377
114.600000  41.701808  17.416787
114.700000  40.860678  21.086704
114.800000  39.545800  19.231109
114.900000  38.865138  22.216115
115.000000  43.825888  15.441135
115.100000  41.650522  14.041790
115.200000  43.066605  16.485878
115.300000  45.902431  14.854872
115.400000  42.946557  16.374746
115.500000  43.349081  16.714908
115.600000  44.328052  16.380109
115.700000  44.012298  16.401184
115.800000  43.298456  14.523055
115.900000  41.276381  18.088197
116.000000  43.338260  16.725234
116.100000  39.691749  19.097678
116.200000  41.665481  15.252597
116.300000  42.234760  16.041725
116.400000  38.385073  19.379058
116.500000  39.652361  17.051753
116.600000  37.974030  16.149280
116.700000  40.045159  20.316091
116.800000  39.199226  18.024937
116.900000  43.872775  12.022906
117.000000  42.695739  18.344730
117.100000  40.941077  17.424566
117.200000  43.371696  15.249833
117.300000  42.369279  16.021688
117.400000  41.063992  18.938765
117.500000  40.305881  18.688296
117.600000  41.001578  18.132579
117.700000  40.472083  19.449534
117.800000  41.091391  19.343694
117.900000  40.481203  22.760754
118.000000  38.652360  18.424438
118.100000  45.604115  9.139058
118.200000  42.622718  16.606041
118.300000  39.237017  19.606827
118.400000  41.752451  17.533372
118.500000  39.888227  19.360952
118.600000  45.171413  11.061866
118.700000  38.990007  22.993256
118.800000  42.292024  18.398648
118.900000  40.838484  19.893582
119.000000  39.230595  23.050491
119.100000  40.794010  20.211363
119.200000  40.510514  19.483521
119.300000  41.763777  21.408800
119.400000  40.168731  20.027213
119.500000  42.159297  18.440795
119.600000  42.691966  17.518262
119.700000  41.377527  20.528523
119.800000  45.236764  15.034579
119.900000  36.690843  20.180852
120.000000  40.760602  18.228317
120.100000  43.247932  12.240915
120.200000  46.437842  13.161255
120.300000  44.885852  12.668143
120.400000  43.912790  18.496557
120.500000  44.145287  14.181688
120.600000  46.489301  10.010712
120.700000  44.073155  14.239553
120.800000  44.640173  11.184993
120.900000  44.218662  13.844831
121.000000  44.641148  16.984471
121.100000  46.849582  15.794398
121.200000  42.790501  11.965928
121.300000  44.205171  14.185705
121.400000  44.146890  18.370097
121.500000  47.078847  16.091756
121.600000  45.148775  14.823694
121.700000  43.322167  17.818563
121.800000  43.995363  15.155971
121.900000  46.718460  12.313971
122.000000  43.577061  16.276953
122.100000  42.160364  17.577969
122.200000  40.228004  20.326586
122.300000  41.616318  18.048780
122.400000  39.471500  18.150292
122.500000  42.095149  15.112775
122.600000  41.672675  16.951003
122.700000  42.705092  14.988300
122.800000  40.805239  17.962719
122.900000  42.821671  13.387808
123.000000  43.528712  14.212347
123.100000  42.202052  19.380110
123.200000  41.047849  18.902907
123.300000  41.107875  17.812704
123.400000  38.080514  19.933803
123.500000  40.262437  18.462988
123.600000  40.186398  17.789194
123.700000  39.632170  19.057863
123.800000  46.148032  13.126512
123.900000  37.593063  17.465476
124.000000  39.343710  16.162744
124.100000  41.118736  15.791551
124.200000  43.578985  18.187933
124.300000  41.037461  20.520337
124.400000  39.938924  13.754911
124.500000  41.543316  10.912046
124.600000  43.077762  16.268119
124.700000  40.608731  19.769354
124.800000  40.692554  16.375762
124.900000  41.779371  17.525612
125.000000  40.286971  16.958166
125.100000  42.549626  13.494996
125.200000  42.386940  11.213695
125.300000  40.901983  18.046484
125.400000  39.765047  15.014652
125.500000  37.308548  18.490305
125.600000  38.999894  21.833734
125.700000  42.669874  15.075578
125.800000  40.650737  15.049862
125.900000  38.351748  16.128452
126.000000  41.066525  15.973426
126.100000  40.057308  18.236080
126.200000  40.987851  14.113627
126.300000  43.318583  12.961530
126.400000  48.435243  10.532417
126.500000  45.856185  9.627728
126.600000  44.147241  14.244682
126.700000  44.217469  16.734042
126.800000  44.662565  15.851031
126.900000  47.424037  9.074962
127.000000  44.927989  10.878849
127.100000  43.349604  11.719292
127.200000  44.003501  12.794220
127.300000  45.712443  16.783847
127.400000  44.436631  14.739444
127.500000  44.361324  10.987193
127.600000  43.537833  6.235302
127.700000  47.322012  12.125987
127.800000  45.506406  10.768695
127.900000  44.185249  10.922841
128.000000  43.894200  11.312613
128.100000  47.717067  9.534339
128.200000  44.485686  10.754446
128.300000  44.475662  4.276408
128.400000  43.799413  7.638077
128.500000  43.694958  12.033797
128.600000  43.082245  12.619066
128.700000  44.551116  10.852349
128.800000  45.171570  8.216686
128.900000  45.963669  12.682063
129.000000  43.651697  11.467258
129.100000  44.245574  12.100344
129.200000  44.314627  11.580934
129.300000  43.129125  10.309209
129.400000  43.223077  12.869042
129.500000  40.838790  14.260191
129.600000  45.595757  13.928639
129.700000  46.172895  9.391789
129.800000  44.205472  9.389705
129.900000  45.914609  7.277347
130.000000  42.540636  12.486716
130.100000  46.094825  9.971205
130.200000  43.922397  10.706192
130.300000  42.736748  7.557984
130.400000  44.123073  15.541173
130.500000  46.283490  11.700017
130.600000  42.078236  9.908052
130.700000  45.142849  9.481304
130.800000  42.658326  5.549525
130.900000  42.596512  15.045206
131.000000  43.948065  11.296176
131.100000  44.272048  13.908800
131.200000  42.955251  9.436152
131.300000  45.155096  13.627740
131.400000  44.173593  13.232913
131.500000  43.907986  15.685461
131.600000  41.267483  13.795724
131.700000  43.444840  12.828067
131.800000  41.901116  15.884397
131.900000  43.543998  7.705121
132.000000  43.031777  13.709393
132.100000  44.061065  13.652075
132.200000  43.286705  12.880258
132.300000  44.455667  13.091637
132.400000  43.973479  16.678799
132.500000  45.979655  10.712307
132.600000  45.053540  8.364667
132.700000  42.849937  12.482282
132.800000  44.249927  14.354125
132.900000  46.042924  13.630302
133.000000  44.338426  10.861068
133.100000  42.063358  10.609710
133.200000  43.134774  16.258494
133.300000  43.668188  15.310623
133.400000  44.844537  9.880170
133.500000  44.054880  11.021576
133.600000  42.442816  18.349863
133.700000  46.999612  12.443811
133.800000  42.729883  13.480324
133.900000  42.619616  15.039904
134.000000  41.829248  11.133990
134.100000  44.513686  14.963978
134.200000  44.439892  11.858382
134.300000  40.534246  10.902231
134.400000  45.631217  12.659439
134.500000  45.675009  12.751624
134.600000  43.547235  11.866160
134.700000  45.362454  10.284466
134.800000  45.062615  12.139947
134.900000  43.322721  11.665490
135.000000  42.133274  13.483935
135.100000  45.856066  12.280512
135.200000  42.030456  18.444646
135.300000  45.272494  13.433896
135.400000  43.636100  14.053776
135.500000  45.797773  13.949072
135.600000  46.465882  11.248106
135.700000  44.642432  12.670364
135.800000  39.552348  15.063274
135.900000  44.264811  12.855302
136.000000  43.695553  16.053150
136.100000  43.503996  14.203663
136.200000  44.198093  14.100059
136.300000  45.638151  13.789805
136.400000  45.098147  15.029151
136.500000  43.506068  16.959632
136.600000  44.993837  9.920372
136.700000  44.771051  13.700856
136.800000  45.042434  14.062842
136.900000  43.281149  11.889066
137.000000  43.324829  15.145969
137.100000  43.173886  13.616378
137.200000  43.542799  14.302122
137.300000  43.858691  14.876542
137.400000  43.420991  14.487857
137.500000  40.876369  13.173805
137.600000  47.928455  13.778722
137.700000  43.334998  13.987030
137.800000  45.536930  14.514188
137.900000  44.334812  11.874475
138.000000  42.179978  14.070835
138.100000  42.264825  14.597797
138.200000  42.601349  13.224752
138.300000  44.700598  13.419789
138.400000  44.578299  14.599923
138.500000  43.033017  12.141224
138.600000  45.461399  6.688117
138.700000  42.156663  11.629162
138.800000  47.153740  11.261688
138.900000  44.534607  12.694162
139.000000  47.757107  14.919407
139.100000  44.452405  11.276315
139.200000  44.945972  13.360765
139.300000  42.537308  11.759086
139.400000  46.885024  12.266946
139.500000  43.856721  16.260111
139.600000  45.522896  13.733935
139.700000  41.486252  16.771959
139.800000  41.502424  13.970473
139.900000  42.830397  19.055640
140.000000  41.851214  13.729388
140.100000  42.652513  13.742980
140.200000  44.220581  13.783698
140.300000  47.337462  17.902254
140.400000  42.936941  14.249172
140.500000  44.000170  14.283405
140.600000  44.237960  12.013123
140.700000  44.664306  15.860139
140.800000  43.386672  13.416230
140.900000  42.489527  10.160666
141.000000  44.501637  13.569058
141.100000  42.620847  11.200871
141.200000  43.302744  15.987396
141.300000  43.348973  15.567343
141.400000  45.464359  16.528895
141.500000  43.382942  18.162021
141.600000  42.171385  15.134594
141.700000  41.969634  14.616473
141.800000  42.136926  16.310585
141.900000  46.588764  10.530619
142.000000  45.791697  9.868653
142.100000  42.245649  19.622307
142.200000  43.947085  16.434062
142.300000  43.213721  13.536229
142.400000  43.092870  14.909390
142.500000  45.080850  17.316950
142.600000  41.561482  16.587993
142.700000  43.506027  13.915222
142.800000  43.667096  12.893700
142.900000  44.398624  14.051358
143.000000  44.833523  10.980461
143.100000  44.437178  13.854567
143.200000  43.357220  16.628653
143.300000  42.122985  16.742680
143.400000  44.186916  13.395265
143.500000  44.196659  12.845312
143.600000  44.232742  10.017015
143.700000  47.517038  13.425413
143.800000  43.208638  13.180586
143.900000  43.647061  13.860545
144.000000  43.230416  15.038705
144.100000  45.701319  14.872685
144.200000  44.445210  14.305977
144.300000  44.298226  14.604020
144.400000  43.029718  12.778550
144.500000  45.097093  18.047043
144.600000  44.444468  14.117973
144.700000  47.004406  15.016917
144.800000  45.019441  17.156265
144.900000  44.072633  13.770669
145.000000  46.274245  15.946840
145.100000  42.317720  14.674211
145.200000  46.075107  11.232178
145.300000  45.918044  12.751322
145.400000  45.335972  11.378436
145.500000  44.866673  15.702659
145.600000  45.364575  17.908176
145.700000  43.953008  17.681670
145.800000  44.209182  14.256847
145.900000  44.601871  18.050815
146.000000  45.801498  14.040806
146.100000  48.318358  9.765039
146.200000  46.702824  12.178005
146.300000  44.469690  13.521757
146.400000  43.625012  14.513942
146.500000  47.405431  12.683576
146.600000  43.297784  12.097659
146.700000  45.309910  13.692602
146.800000  43.589283  13.072048
146.900000  46.556445  13.664815
147.000000  41.224492  15.829469
147.100000  43.392085  14.305607
147.200000  47.456700  12.970845
147.300000  46.725697  17.543461
147.400000  44.954758  18.460594
147.500000  46.565855  13.456433
147.600000  44.771434  15.547796
147.700000  45.717432  12.523587
147.800000  46.276770  14.133913
147.900000  44.756782  15.031541
148.000000  42.113945  13.298964
148.100000  42.708557  14.172557
148.200000  45.462919  13.198475
148.300000  45.763866  14.353631
148.400000  46.990687  13.627191
148.500000  42.451390  13.210974
148.600000  42.771653  18.982012
148.700000  45.193804  14.653111
148.800000  46.486373  14.567494
148.900000  45.915292  13.531154
149.000000  44.797664  11.051788
149.100000  41.668427  12.301457
149.200000  43.416810  13.290479
149.300000  44.634263  14.063748
149.400000  45.151484  12.543183
149.500000  43.067988  15.685560
149.600000  46.404418  10.014137
149.700000  44.851243  15.743477
149.800000  49.563779  9.323255
149.900000  42.369487  15.031672
150.000000  44.400806  14.548880
150.100000  45.048556  8.366890
150.200000  42.057434  12.552239
150.300000  44.445718  12.211578
150.400000  43.655440  12.074315
150.500000  47.000191  6.889370
150.600000  46.501920  13.214960
150.700000  45.453581  11.548261
150.800000  44.055363  10.159370
150.900000  44.160050  11.793436
151.000000  40.521727  13.089647
151.100000  47.309936  6.759268
151.200000  43.639358  14.756723
151.300000  46.084137  11.004586
151.400000  46.169385  13.145418
151.500000  45.889180  9.951408
151.600000  46.661091  11.316569
151.700000  42.597440  12.629332
151.800000  41.756324  11.648180
151.900000  45.944646  16.244066
152.000000  46.093745  11.253354
152.100000  44.909170  12.598372
152.200000  42.215235  14.023354
152.300000  43.516668  17.883815
152.400000  43.616285  18.061534
152.500000  42.259751  13.495595
152.600000  43.444060  21.984861
152.700000  42.754399  17.115276
152.800000  45.947057  9.857618
152.900000  39.193079  20.567355
153.000000  44.227745  19.652209
153.100000  42.303619  15.938415
153.200000  42.029932  19.430600
153.300000  42.031126  18.302804
153.400000  41.927695  21.233326
153.500000  47.664085  5.914225
153.600000  40.985637  13.409437
153.700000  40.621977  19.091935
153.800000  45.225920  16.234793
153.900000  40.144523  15.628695
154.000000  40.940850  18.295140
154.100000  43.464295  14.550089
154.200000  41.089982  14.839428
154.300000  39.285945  20.348350
154.400000  43.653008  13.986925
154.500000  39.841835  12.993692
154.600000  46.441680  14.851741
154.700000  49.518335  5.726218
154.800000  45.089136  7.278049
154.900000  46.828216  9.150316
155.000000  47.523305  3.856264
155.100000  49.263844  2.621760
155.200000  46.658983  16.119809
155.300000  47.275363  8.434178
155.400000  49.659682  13.584547
155.500000  44.927847  16.142196
155.600000  44.333182  12.271345
155.700000  45.681715  8.685852
155.800000  45.940593  11.654634
155.900000  44.156641  14.045946
156.000000  45.695530  13.606119
156.100000  44.165973  12.284115
156.200000  49.485984  10.898179
156.300000  46.682255  17.167783
156.400000  45.592211  16.820597
156.500000  46.938517  14.623112
156.600000  45.701822  12.334737
156.700000  47.913545  14.373538
156.800000  52.511683  1.430068
156.900000  43.592085  8.842800
157.000000  45.544977  11.900964
157.100000  48.411948  12.388341
157.200000  52.502573  9.420621
157.300000  47.642930  12.687333
157.400000  45.652774  16.555570
157.500000  44.723073  12.894558
157.600000  48.734791  14.937798
157.700000  46.015309  15.240630
157.800000  47.106759  15.322372
157.900000  50.174572  8.622269
158.000000  51.857543  8.272757
158.100000  51.280655  11.098584
158.200000  46.766269  16.393074
158.300000  49.209992  13.803506
158.400000  46.836271  10.062213
158.500000  48.064718  18.745523
158.600000  48.855522  13.812962
158.700000  45.804494  17.209022
158.800000  48.591636  15.638153
158.900000  45.612083  21.979945
159.000000  45.698794  18.515264
159.100000  48.111126  12.310365
159.200000  47.375062  16.872399
159.300000  45.308008  19.235368
159.400000  45.122298  17.666266
159.500000  46.513289  16.172617
159.600000  43.757061  16.222232
159.700000  48.919304  18.134562
159.800000  46.745061  13.596332
159.900000  47.748658  15.347632
160.000000  46.563073  12.715824
160.100000  47.777973  15.601332
160.200000  49.567816  14.279662
160.300000  48.679923  16.728311
160.400000  48.918205  19.561387
160.500000  48.669546  12.967060
160.600000  49.581161  13.756132
160.700000  47.755971  16.247232
160.800000  45.049022  20.959298
160.900000  48.711673  15.144969
161.000000  48.433146  16.159458
161.100000  47.056938  11.994966
161.200000  46.387957  18.330562
161.300000  46.843162  19.989743
161.400000  48.428483  18.233446
161.500000  45.916888  17.865205
161.600000  49.923991  18.578341
161.700000  50.090614  13.201319
161.800000  47.261085  18.354281
161.900000  47.115324  13.459180
162.000000  45.447457  18.353930
162.100000  44.494495  16.645220
162.200000  46.207702  15.398864
162.300000  43.910478  18.523534
162.400000  46.577685  18.146319
162.500000  46.984375  13.621618
162.600000  49.227575  13.078474
162.700000  48.909531  12.476683
162.800000  48.803036  17.240936
162.900000  49.602508  13.612033
163.000000  48.463102  18.756735
163.100000  47.485287  14.046787
163.200000  48.835745  12.176200
163.300000  49.951262  11.924135
163.400000  50.657431  10.048241
163.500000  46.480964  15.313035
163.600000  48.064014  15.429451
163.700000  49.526294  11.778371
163.800000  49.343570  14.099687
163.900000  49.806438  12.683311
164.000000  48.072417  15.839854
164.100000  51.805178  10.478190
164.200000  49.559874  12.725589
164.300000  49.950896  13.868907
164.400000  55.620401  3.457084
164.500000  52.513869  12.666371
164.600000  48.736871  11.599916
164.700000  51.881971  11.465781
164.800000  46.020229  19.435498
164.900000  45.667006  15.740828
165.000000  44.949044  17.148887
165.100000  46.967108  12.191006
165.200000  49.220344  14.821899
165.300000  47.587717  13.818064
165.400000  49.284442  14.009678
165.500000  46.468232  13.539571
165.600000  49.458113  14.845000
165.700000  43.009676  15.297365
165.800000  48.459605  11.658564
165.900000  47.788108  12.297663
166.000000  42.965200  16.466807
166.100000  51.347124  11.843088
166.200000  47.551640  13.440405
166.300000  45.432961  14.730759
166.400000  47.353942  15.136137
166.500000  42.700460  20.870597
166.600000  50.233104  10.346408
166.700000  49.081575  17.468275
166.800000  48.730230  8.073054
166.900000  45.674410  15.858477
167.000000  48.645324  8.677483
167.100000  47.074184  10.949197
167.200000  47.842320  14.192754
167.300000  47.991889  11.127285
167.400000  47.883661  13.086902
167.500000  49.236598  11.137826
167.600000  48.717106  14.851994
167.700000  48.176310  10.201244
167.800000  48.797576  11.928139
167.900000  49.411619  13.971375
168.000000  48.037113  8.951037
168.100000  47.398865  11.953427
168.200000  49.575528  14.790336
168.300000  54.148444  7.584672
168.400000  51.799971  8.608808
168.500000  52.993885  6.346729
168.600000  53.078645  12.327545
168.700000  53.965916  10.045580
168.800000  50.463957  11.085172
168.900000  47.537655  13.464425
169.000000  52.304919  14.822198
169.100000  47.020957  13.659858
169.200000  47.655778  12.137602
169.300000  45.438486  13.463883
169.400000  46.655301  12.972752
169.500000  47.764655  15.092197
169.600000  48.902687  13.695088
169.700000  52.330978  10.567219
169.800000  49.863743  12.399219
169.900000  51.293886  10.254326
170.000000  51.076546  13.023431
170.100000  48.512721  13.128917
170.200000  47.758761  10.195054
170.300000  45.587519  13.740999
170.400000  52.080459  10.201038
170.500000  48.012411  10.042843
170.600000  49.573353  19.724428
170.700000  45.211169  13.346123
170.800000  44.582509  20.263613
170.900000  49.873247  12.729391
171.000000  49.987390  10.565553
171.100000  48.058531  12.703289
171.200000  45.815054  17.331177
171.300000  47.719936  10.278124
171.400000  45.607358  12.723272
171.500000  46.173467  9.456919
171.600000  48.501022  10.124416
171.700000  48.445609  14.598742
171.800000  46.666652  11.671262
171.900000  45.280949  10.341739
172.000000  47.597724  12.538178
172.100000  48.471823  2.599590
172.200000  46.102196  8.432037
172.300000  48.023931  19.575181
172.400000  49.071085  11.949632
172.500000  48.798783  9.765053
172.600000  46.989808  15.122113
172.700000  45.502096  14.345707
172.800000  50.602808  9.756509
172.900000  48.078791  12.729524
173.000000  45.538398  18.932474
173.100000  46.681515  14.623919
173.200000  48.463290  8.354391
173.300000  43.117365  10.685945
173.400000  46.826345  16.416359
173.500000  40.165504  22.945927
173.600000  38.741554  18.103143
173.700000  45.290239  12.024586
173.800000  43.260045  20.646537
173.900000  47.992551  10.150077
174.000000  46.131199  15.434834
174.100000  46.782407  17.248351
174.200000  43.217029  11.138331
174.300000  47.243033  17.164031
174.400000  44.590338  13.277401
174.500000  49.309576  18.282110
174.600000  45.817638  15.117365
174.700000  49.809658  7.874277
174.800000  50.389212  11.867975
174.900000  49.779066  9.762287
175.000000  47.749226  10.044090
175.100000  48.266139  13.729106
175.200000  49.192227  11.915234
175.300000  49.249626  11.348538
175.400000  47.813854  11.522898
175.500000  49.696098  7.714099
175.600000  51.650787  13.306758
175.700000  45.278991  15.936818
175.800000  44.557927  16.544083
175.900000  43.477580  16.819531
176.000000  47.712913  10.227324
176.100000  47.762896  10.026317
176.200000  45.884053  13.700579
176.300000  49.989137  13.626094
176.400000  48.781623  10.314101
176.500000  49.423214  13.582140
176.600000  49.755358  9.416960
176.700000  52.077531  6.380928
176.800000  48.492452  15.741900
176.900000  48.153590  11.203470
177.000000  48.196880  11.507503
177.100000  48.290292  8.989278
177.200000  48.912010  17.361912
177.300000  51.510835  14.212950
177.400000  49.397216  11.127981
177.500000  47.082826  12.816198
177.600000  45.790576  14.053992
177.700000  50.765610  15.109564
177.800000  49.750513  10.328942
177.900000  48.348696  15.352603
178.000000  47.597505  12.889943
178.100000  50.430092  15.256589
178.200000  50.372267  14.770320
178.300000  50.927141  10.578132
178.400000  53.337177  11.904100
178.500000  50.184544  10.986706
178.600000  47.956513  16.686854
178.700000  48.922455  18.283727
178.800000  50.920763  14.787404
178.900000  47.084736  12.006079
179.000000  48.939580  11.316997
179.100000  48.844676  15.667040
179.200000  46.832555  12.268948
179.300000  50.340841  15.350626
179.400000  46.570599  15.181498
179.500000  45.173855  15.003384
179.600000  45.522928  10.754543
179.700000  47.965040  11.923232
179.800000  50.241155  16.014882
179.900000  48.748767  12.403271
180.000000  45.581418  10.359770
180.100000  44.775838  13.391369
180.200000  47.506542  15.992894
180.300000  47.970827  12.765628
180.400000  48.195521  9.777739
180.500000  47.937841  11.464174
180.600000  50.218798  11.251852
180.700000  51.051242  9.869461
180.800000  47.419134  13.960288
180.900000  45.632966  13.019278
181.000000  47.135284  18.517852
181.100000  48.046516  13.494731
181.200000  47.522727  15.535735
181.300000  47.463045  16.614498
181.400000  48.255374  12.926505
181.500000  46.230780  13.911878
181.600000  47.845759  9.147625
181.700000  49.853611  15.327809
181.800000  44.803440  16.100732
181.900000  46.445903  14.861697
182.000000  45.648966  16.372975
182.100000  47.401911  12.993499
182.200000  45.031739  11.414178
182.300000  47.835436  15.964632
182.400000  47.018800  11.822344
182.500000  47.706485  15.740343
182.600000  48.412101  10.211569
182.700000  47.668195  13.137016
182.800000  47.555135  10.634115
182.900000  48.729799  8.934439
183.000000  44.037954  8.741197
183.100000  44.537461  14.049866
183.200000  46.181847  11.984409
183.300000  46.672887  9.242310
183.400000  48.177753  7.150359
183.500000  51.557116  9.015742
183.600000  47.910517  13.045511
183.700000  49.724721  11.040561
183.800000  49.452262  9.011036
183.900000  48.687441  16.209440
184.000000  49.833731  13.880596
184.100000  49.621858  10.938937
184.200000  49.993572  13.203944
184.300000  48.488460  18.732949
184.400000  46.538879  12.463193
184.500000  52.089408  10.434354
184.600000  50.280726  9.506408
184.700000  48.258398  15.102130
184.800000  49.164046  9.123349
184.900000  49.335370  8.633987
185.000000  47.770960  14.792977
185.100000  49.001912  11.048138
185.200000  47.346129  14.069192
185.300000  47.339494  15.700266
185.400000  48.404269  12.179944
185.500000  50.809970  12.585072
185.600000  48.842739  13.003869
185.700000  46.747170  14.194738
185.800000  45.029072  13.500255
185.900000  46.901007  8.508263
186.000000  50.268794  9.680522
186.100000  44.307947  16.062575
186.200000  49.544148  11.767856
186.300000  49.047946  10.814751
186.400000  48.984575  12.130543
186.500000  48.122916  17.843513
186.600000  47.344341  15.685591
186.700000  48.039872  13.071228
186.800000  47.560075  14.731385
186.900000  46.728093  9.501539
187.000000  49.300016  9.792273
187.100000  48.944457  7.587878
187.200000  48.642412  15.569669
187.300000  50.848590  13.007936
187.400000  48.423412  9.062396
187.500000  50.948880  11.529375
187.600000  48.016542  9.910712
187.700000  52.016674  12.403844
187.800000  47.334112  8.619195
187.900000  46.022572  12.201994
188.000000  49.753939  9.654323
188.100000  50.784823  10.006748
188.200000  50.006036  13.809436
188.300000  49.019701  8.867661
188.400000  50.226128  13.493895
188.500000  51.828412  8.719473
188.600000  50.492007  10.886331
188.700000  47.195881  7.956865
188.800000  48.220062  12.747417
188.900000  47.430082  10.615450
189.000000  50.761519  11.715674
189.100000  49.704065  12.762503
189.200000  47.980742  7.818212
189.300000  46.900962  13.693958
189.400000  46.056846  10.941422
189.500000  49.493253  12.816538
189.600000  51.536721  11.437121
189.700000  48.480666  10.229446
189.800000  49.556325  12.649068
189.900000  47.200369  14.253728
190.000000  50.028876  13.991775
190.100000  53.152611  11.581449
190.200000  49.783304  12.342371
190.300000  50.776434  20.975583
190.400000  55.373609  14.760237
190.500000  51.640456  20.245043
190.600000  48.311491  19.300559
190.700000  50.956346  11.627339
190.800000  48.881225  11.521273
190.900000  50.955970  12.254914
191.000000  52.930165  11.464551
191.100000  47.243105  13.888612
191.200000  48.609766  11.905889
191.300000  47.740972  6.817373
191.400000  45.501652  12.366823
191.500000  48.815723  16.611396
191.600000  48.135852  10.789945
191.700000  49.897874  9.072689
191.800000  48.902782  12.918088
191.900000  50.862049  11.336893
192.000000  50.873667  13.546092
192.100000  49.607648  10.380016
192.200000  51.761719  12.852270
192.300000  51.264349  11.527280
192.400000  51.392303  8.952064
192.500000  49.639087  11.721619
192.600000  49.625172  20.660168
192.700000  49.045962  15.348465
192.800000  48.323869  10.966266
192.900000  50.169688  10.707407
193.000000  46.677682  13.826684
193.100000  47.228791  16.842402
193.200000  46.704430  13.006542
193.300000  49.474682  11.495786
193.400000  50.879101  12.442556
193.500000  51.075769  16.404469
193.600000  51.083978  14.744682
193.700000  47.596182  14.448336
193.800000  48.301241  13.520218
193.900000  52.427537  15.169625
194.000000  49.953713  12.924107
194.100000  50.137671  10.257805
194.200000  49.569471  6.894268
194.300000  49.888442  12.004453
194.400000  49.843723  5.058823
194.500000  47.331753  10.250090
194.600000  49.921809  11.950867
194.700000  49.687305  9.308424
194.800000  48.774639  10.823838
194.900000  48.330101  10.316539
195.000000  53.848196  10.870816
195.100000  50.207644  7.820713
195.200000  48.864553  12.325941
195.300000  48.417476  13.455391
195.400000  50.619850  11.224072
195.500000  48.732797  8.289206
195.600000  49.733680  13.243790
195.700000  47.483038  14.163915
195.800000  48.852472  12.001199
195.900000  45.867410  14.749976
196.000000  46.159228  11.383544
196.100000  49.443853  12.878871
196.200000  50.594989  14.958981
196.300000  48.868116  9.245231
196.400000  48.619724  8.536715
196.500000  47.860630  14.822622
196.600000  49.112241  11.704199
196.700000  48.543817  13.307002
196.800000  49.953291  13.517260
196.900000  49.919732  6.869059
197.000000  45.881994  10.121147
197.100000  49.410909  11.790536
197.200000  50.654744  13.269202
197.300000  50.069185  12.446737
197.400000  49.235610  13.801038
197.500000  49.099559  12.960021
197.600000  48.930008  12.860609
197.700000  46.536017  8.941938
197.800000  50.970809  14.418240
197.900000  50.365556  8.567003
198.000000  52.163547  11.797781
198.100000  49.031342  8.008199
198.200000  45.796548  15.445699
198.300000  48.369219  14.848352
198.400000  52.019504  10.600966
198.500000  47.463910  13.087122
198.600000  47.907363  10.908866
198.700000  50.598665  15.492159
198.800000  51.327832  11.186866
198.900000  49.028120  10.581130
199.000000  48.342425  11.411244
199.100000  49.545811  13.929850
199.200000  46.677681  12.983954
199.300000  49.629657  8.635523
199.400000  48.586565  9.519670
199.500000  47.711157  12.782750
199.600000  49.976157  16.210217
199.700000  48.753845  6.270188
199.800000  48.585042  10.591461
199.900000  49.417840  10.754379
200.000000  48.367487  16.316671
