# aggregated from 2 replicates
# x  mean  std
0.000000  7.184900  0.000000
0.100000  7.298500  0.170696
0.200000  7.562050  0.035002
0.300000  7.857750  0.006576
0.400000  7.477500  0.224294
0.500000  7.389550  0.725987
0.600000  7.465650  0.645801
0.700000  7.729900  0.074105
0.800000  7.546050  0.327461
0.900000  7.433950  0.557271
1.000000  7.507950  0.212061
1.100000  7.864650  0.319259
1.200000  7.683100  0.042426
1.300000  7.717150  0.042780
1.400000  7.707000  0.141846
1.500000  7.741700  0.492712
1.600000  7.507650  0.571130
1.700000  7.986250  0.170059
1.800000  7.456350  0.081105
1.900000  7.418500  0.010465
2.000000  7.367100  1.316350
2.100000  7.504150  0.217294
2.200000  7.704350  0.196788
2.300000  8.132250  1.137806
2.400000  8.130950  1.167221
2.500000  8.142900  0.828022
2.600000  8.093450  0.900925
2.700000  8.428250  1.561928
2.800000  8.365600  0.143684
2.900000  8.266850  1.267347
3.000000  7.844550  0.755544
3.100000  7.855900  0.788283
3.200000  7.989550  0.679035
3.300000  7.629200  0.517319
3.400000  7.778800  0.704844
3.500000  7.840250  0.493207
3.600000  7.619000  0.487621
3.700000  7.464450  0.503389
3.800000  7.450700  0.367978
3.900000  7.605650  0.034436
4.000000  7.348700  0.146230
4.100000  7.248750  0.135552
4.200000  7.320300  0.283974
4.300000  7.428250  0.495045
4.400000  7.610400  0.411678
4.500000  7.508900  0.175787
4.600000  7.671550  0.494480
4.700000  7.664150  0.363382
4.800000  7.571300  0.200394
4.900000  7.375800  0.355250
5.000000  7.668950  0.424476
5.100000  7.395250  0.536906
5.200000  7.596900  0.757170
5.300000  7.324100  0.202657
5.400000  7.499700  0.738219
5.500000  7.179500  0.541785
5.600000  7.953850  0.361968
5.700000  7.122700  0.240982
5.800000  7.140900  0.149200
5.900000  7.407850  0.604081
6.000000  7.786550  0.447104
6.100000  7.746250  0.526300
6.200000  7.959300  0.812466
6.300000  7.642950  0.846478
6.400000  7.664200  0.670620
6.500000  7.651550  0.675641
6.600000  7.614800  0.937199
6.700000  7.698500  0.987970
6.800000  7.832850  0.765867
6.900000  7.945050  0.976727
7.000000  7.663000  0.699187
7.100000  7.903100  0.453255
7.200000  7.719650  0.951836
7.300000  7.665750  1.053801
7.400000  7.655750  0.708875
7.500000  7.849550  1.172878
7.600000  7.900550  0.846336
7.700000  7.858250  1.162130
7.800000  7.943150  1.018022
7.900000  7.855550  0.745644
8.000000  7.765050  0.990869
8.100000  8.001800  0.693247
8.200000  7.904850  1.010951
8.300000  7.759200  1.105915
8.400000  8.038650  0.973191
8.500000  7.687500  0.556917
8.600000  7.648550  0.884237
8.700000  7.702550  0.979131
8.800000  7.823750  1.212476
8.900000  7.737900  1.051751
9.000000  8.018500  1.012577
9.100000  7.742000  0.611789
9.200000  7.822350  0.907430
9.300000  7.767200  1.055003
9.400000  8.103000  1.697056
9.500000  7.948450  0.813809
9.600000  8.179500  1.255680
9.700000  7.937600  0.944553
9.800000  7.984600  1.014133
9.900000  8.156950  0.715239
10.000000  8.021100  0.948654
10.100000  7.961100  0.871721
10.200000  7.910450  0.897248
10.300000  8.047000  0.492146
10.400000  7.970300  0.681368
10.500000  7.984700  0.703996
10.600000  7.600250  0.679035
10.700000  7.860000  1.049912
10.800000  7.705050  1.260135
10.900000  7.897650  0.648346
11.000000  7.999800  0.914006
11.100000  8.016500  0.298116
11.200000  7.697700  0.202374
11.300000  7.867800  0.408849
11.400000  7.272900  0.347614
11.500000  7.432400  0.204637
11.600000  7.456550  0.282348
11.700000  7.234850  0.004738
11.800000  7.311250  0.334674
11.900000  7.324450  0.458134
12.000000  7.436550  0.667721
12.100000  7.579400  0.689995
12.200000  7.804900  0.215243
12.300000  7.398300  0.336724
12.400000  7.423350  0.562928
12.500000  7.559350  0.455730
12.600000  7.642300  0.977646
12.700000  7.532450  0.292389
12.800000  7.311250  0.236103
12.900000  7.548600  0.398525
13.000000  7.811350  0.305258
13.100000  7.570600  0.389192
13.200000  7.344600  0.519441
13.300000  7.623550  0.621618
13.400000  7.650800  0.640780
13.500000  7.328350  0.031325
13.600000  7.023300  0.230941
13.700000  7.125950  0.230163
13.800000  7.461300  0.541644
13.900000  7.147850  0.125087
14.000000  7.530750  0.463933
14.100000  7.710900  0.433739
14.200000  7.384000  0.197707
14.300000  7.373050  0.301015
14.400000  7.411500  0.152735
14.500000  7.530450  0.858781
14.600000  7.421550  0.532946
14.700000  7.198850  0.161715
14.800000  7.407700  0.274357
14.900000  7.293900  0.679388
15.000000  7.443550  0.605778
15.100000  7.406850  0.931755
15.200000  7.291400  0.795778
15.300000  7.249300  0.181444
15.400000  7.157450  0.321804
15.500000  7.455700  0.537684
15.600000  7.259350  0.348250
15.700000  7.642350  0.657397
15.800000  7.222650  0.335381
15.900000  7.243950  0.361402
16.000000  7.360800  0.461034
16.100000  7.527700  0.467539
16.200000  7.257300  0.205061
16.300000  7.526800  0.638659
16.400000  7.682850  0.522198
16.500000  7.634850  0.694308
16.600000  7.554350  0.570847
16.700000  7.340500  0.886005
16.800000  7.534050  0.818759
16.900000  7.512600  0.347614
17.000000  7.332700  0.296561
17.100000  7.348300  0.855175
17.200000  7.450400  0.444346
17.300000  7.566100  0.484227
17.400000  7.375050  0.621193
17.500000  7.601750  0.575373
17.600000  7.355250  0.515693
17.700000  7.417950  0.546240
17.800000  7.419200  0.613203
17.900000  7.382700  0.408849
18.000000  7.368250  0.721602
18.100000  7.324750  0.576363
18.200000  7.371400  0.928007
18.300000  7.342900  0.683207
18.400000  7.355650  0.436073
18.500000  7.222050  0.652589
18.600000  7.484450  0.860195
18.700000  7.340850  0.605071
18.800000  7.753000  0.700036
18.900000  7.691650  0.463226
19.000000  7.374500  0.411819
19.100000  7.268250  0.281641
19.200000  7.352650  0.694591
19.300000  7.721150  0.439043
19.400000  7.414200  0.648700
19.500000  7.000850  0.210930
19.600000  7.822600  0.628477
19.700000  7.369700  0.300520
19.800000  7.378600  0.648841
19.900000  7.610500  0.377736
20.000000  7.658000  0.944836
20.100000  7.666300  0.649548
20.200000  7.746650  0.508056
20.300000  7.619650  0.482742
20.400000  7.473550  0.712552
20.500000  7.629050  0.746917
20.600000  7.604100  0.574878
20.700000  7.837550  0.827951
20.800000  7.609700  0.608395
20.900000  7.630300  0.566251
21.000000  7.614500  0.808364
21.100000  7.912750  1.057478
21.200000  7.857050  1.218557
21.300000  7.811150  1.084631
21.400000  7.957850  1.169484
21.500000  7.860000  1.175494
21.600000  7.948250  1.458266
21.700000  7.881750  1.429275
21.800000  7.946100  1.434720
21.900000  7.953450  1.254478
22.000000  7.984350  1.410042
22.100000  7.909450  0.859630
22.200000  7.642250  0.709440
22.300000  7.768000  0.533159
22.400000  7.846200  0.907784
22.500000  7.602750  0.784111
22.600000  7.237950  0.493490
22.700000  7.422250  0.860620
22.800000  7.267800  0.686884
22.900000  7.385100  0.534856
23.000000  7.355500  0.402202
23.100000  7.227850  0.307804
23.200000  7.343500  0.605283
23.300000  7.264400  0.595242
23.400000  7.258600  0.431618
23.500000  7.533800  0.766221
23.600000  7.637050  0.520077
23.700000  7.425400  0.214819
23.800000  7.388050  0.735603
23.900000  7.194250  0.518804
24.000000  7.353950  0.761625
24.100000  7.358850  0.676206
24.200000  7.520400  0.335451
24.300000  7.526600  0.195444
24.400000  7.636850  0.407930
24.500000  7.612500  0.475317
24.600000  7.420050  0.063427
24.700000  7.421150  0.727118
24.800000  7.493400  0.502046
24.900000  7.495400  0.533017
25.000000  7.575650  0.060599
25.100000  7.402950  0.605778
25.200000  7.471900  0.526370
25.300000  7.782650  0.086903
25.400000  7.654200  0.073963
25.500000  8.084850  0.116885
25.600000  7.684350  0.223234
25.700000  7.520300  0.455235
25.800000  7.325650  0.190424
25.900000  7.608750  0.459549
26.000000  7.743500  0.572615
26.100000  7.887100  0.805536
26.200000  7.505800  0.426244
26.300000  7.290700  0.115258
26.400000  7.561800  0.344361
26.500000  7.791200  0.904107
26.600000  7.758550  0.767423
26.700000  7.723900  0.482247
26.800000  7.622350  0.429426
26.900000  7.765150  0.336229
27.000000  7.517550  0.338492
27.100000  7.821400  0.041436
27.200000  7.532550  0.140644
27.300000  7.714150  0.537048
27.400000  7.518700  0.302500
27.500000  7.546500  0.425254
27.600000  7.466300  0.390747
27.700000  7.497650  0.122117
27.800000  7.722800  0.281994
27.900000  7.645100  0.484651
28.000000  7.752800  0.544896
28.100000  7.485250  0.319259
28.200000  7.578700  0.432749
28.300000  7.654400  0.189787
28.400000  7.597400  0.735250
28.500000  7.573800  0.514067
28.600000  7.637100  0.585767
28.700000  7.553550  0.700248
28.800000  7.768150  0.630810
28.900000  7.554800  0.640639
29.000000  7.549200  0.436143
29.100000  7.442950  0.463791
29.200000  7.210250  0.706895
29.300000  7.538100  0.530613
29.400000  7.501150  0.486702
29.500000  7.479950  0.460539
29.600000  7.483250  0.337785
29.700000  7.242200  0.400647
29.800000  7.425250  0.160584
29.900000  7.617800  0.637952
30.000000  7.472850  0.449791
30.100000  7.493050  0.533512
30.200000  7.535900  0.303490
30.300000  7.357500  0.042002
30.400000  7.520200  0.364726
30.500000  7.594500  0.600475
30.600000  7.595000  0.188939
30.700000  7.488900  0.350866
30.800000  7.585300  0.311127
30.900000  7.636050  0.479065
31.000000  7.361850  0.248124
31.100000  7.373650  0.747483
31.200000  7.303250  0.263256
31.300000  7.574650  0.323784
31.400000  7.261000  0.287510
31.500000  7.289800  0.297833
31.600000  7.330350  0.453185
31.700000  7.359600  0.143118
31.800000  7.328900  0.108470
31.900000  7.350750  0.038537
32.000000  7.329900  0.424971
32.100000  7.336950  0.365221
32.200000  7.654850  0.552604
32.300000  7.267950  0.397748
32.400000  7.263500  0.308157
32.500000  7.304150  0.205556
32.600000  7.477000  0.562998
32.700000  7.560950  0.087893
32.800000  7.392750  0.177272
32.900000  7.204050  0.297621
33.000000  7.448300  0.344927
33.100000  7.602550  0.811122
33.200000  7.467200  0.195161
33.300000  7.547600  0.285247
33.400000  7.344500  0.393434
33.500000  7.585950  0.913370
33.600000  7.493050  0.420941
33.700000  7.854300  0.718845
33.800000  7.456250  0.409768
33.900000  7.602650  0.175292
34.000000  7.372500  0.448023
34.100000  7.326650  0.396475
34.200000  7.500550  0.140361
34.300000  7.314750  0.365645
34.400000  7.404950  0.408496
34.500000  7.565800  0.519723
34.600000  7.421550  0.275560
34.700000  7.465500  0.611789
34.800000  7.535200  0.425395
34.900000  7.478400  0.460892
35.000000  7.200850  0.017324
35.100000  7.572250  0.323926
35.200000  7.360700  0.271670
35.300000  7.260650  0.227052
35.400000  7.172650  0.235820
35.500000  7.506300  0.028001
35.600000  6.978750  0.202303
35.700000  7.270450  0.057346
35.800000  7.194750  0.135552
35.900000  7.528850  0.137249
36.000000  7.356850  0.547654
36.100000  7.041950  0.167231
36.200000  7.246750  0.214041
36.300000  7.287300  0.109036
36.400000  7.535200  0.638800
36.500000  7.235700  0.028567
36.600000  7.552950  0.632083
36.700000  7.331450  0.248972
36.800000  7.373150  0.493631
36.900000  7.379450  0.230446
37.000000  7.471250  0.066822
37.100000  7.401100  0.013435
37.200000  7.621500  0.038608
37.300000  7.418900  0.183989
37.400000  7.459400  0.373211
37.500000  7.698150  0.365079
37.600000  7.826150  0.636184
37.700000  7.299450  0.549068
37.800000  7.397050  0.298046
37.900000  7.704000  0.986414
38.000000  7.868800  0.783191
38.100000  7.744500  0.718562
38.200000  7.831700  0.750099
38.300000  7.668250  0.692611
38.400000  7.718650  0.860195
38.500000  7.613000  0.868893
38.600000  7.420250  0.550765
38.700000  7.549250  0.298753
38.800000  7.498050  0.541007
38.900000  7.419350  0.123390
39.000000  7.531550  0.197778
39.100000  7.593050  0.941796
39.200000  7.763250  0.773504
39.300000  7.577850  0.642689
39.400000  7.707650  0.720047
39.500000  7.508750  0.784535
39.600000  7.696350  0.558685
39.700000  7.391550  0.703925
39.800000  7.593850  0.583575
39.900000  7.633700  0.451134
40.000000  7.586650  0.680025
40.100000  7.540700  0.327390
40.200000  7.489500  0.539381
40.300000  7.601200  1.144947
40.400000  7.698150  0.732209
40.500000  7.631150  0.698551
40.600000  7.570450  0.406091
40.700000  7.490850  0.667155
40.800000  7.559650  0.901208
40.900000  7.561000  0.875257
41.000000  7.315850  0.281075
41.100000  7.466950  0.908279
41.200000  7.601850  1.202294
41.300000  7.478000  0.679530
41.400000  7.553750  0.783545
41.500000  7.469600  0.396404
41.600000  7.416950  0.580605
41.700000  7.560550  0.444982
41.800000  7.498000  0.366140
41.900000  7.708150  0.692611
42.000000  7.611550  0.737583
42.100000  7.485050  0.762332
42.200000  7.553950  0.956221
42.300000  7.485750  0.858074
42.400000  7.777700  0.662559
42.500000  7.516500  0.626214
42.600000  7.489550  0.816920
42.700000  7.336650  0.172322
42.800000  7.688600  1.047649
42.900000  7.769150  0.774070
43.000000  7.454150  0.366352
43.100000  7.296150  0.483873
43.200000  7.373400  0.275347
43.300000  7.443350  0.534361
43.400000  7.521550  0.264953
43.500000  7.712450  0.548220
43.600000  7.490650  0.182787
43.700000  7.286650  0.372009
43.800000  7.589200  0.565827
43.900000  7.653650  0.696854
44.000000  7.277250  0.671964
44.100000  7.803150  1.021840
44.200000  7.546900  0.572898
44.300000  8.010950  0.731219
44.400000  7.830500  0.961948
44.500000  7.659250  0.819325
44.600000  7.772300  0.790263
44.700000  7.802800  1.070418
44.800000  7.831450  0.876883
44.900000  7.816800  0.512652
45.000000  7.616500  0.519299
45.100000  8.016900  1.191758
45.200000  7.963400  1.284672
45.300000  7.936450  0.878156
45.400000  7.941450  1.171040
45.500000  8.043300  0.953463
45.600000  7.779100  0.891379
45.700000  7.800900  0.541220
45.800000  8.165750  0.274711
45.900000  7.885950  0.031608
46.000000  8.218050  0.710854
46.100000  8.211550  0.662347
46.200000  7.954000  1.354109
46.300000  7.410800  0.521279
46.400000  7.701950  0.508622
46.500000  7.446200  0.464852
46.600000  7.530350  0.732350
46.700000  7.882600  1.009466
46.800000  8.026200  1.276469
46.900000  7.777650  1.167787
47.000000  7.718050  1.096369
47.100000  7.756650  1.051821
47.200000  7.966950  0.732916
47.300000  7.831400  0.895197
47.400000  7.914650  0.778312
47.500000  7.969300  0.889823
47.600000  7.673100  0.520572
47.700000  7.909000  0.927724
47.800000  7.770450  1.022830
47.900000  7.713000  0.758160
48.000000  7.849600  1.034639
48.100000  7.895250  1.063135
48.200000  7.691450  1.047862
48.300000  7.936300  1.017810
48.400000  8.010750  0.792455
48.500000  8.118100  1.079893
48.600000  7.892950  1.235528
48.700000  7.812350  0.923835
48.800000  7.985050  1.109804
48.900000  7.894600  1.192323
49.000000  8.297100  0.972272
49.100000  7.699200  1.024881
49.200000  7.715000  0.585909
49.300000  7.942100  1.204627
49.400000  8.101100  1.155837
49.500000  7.615950  1.128755
49.600000  7.971500  1.272368
49.700000  7.457400  0.725633
49.800000  7.662500  1.012153
49.900000  7.683650  0.925108
50.000000  7.791800  0.707531
50.100000  7.805450  0.945755
50.200000  7.833850  0.954099
50.300000  7.861700  0.748260
50.400000  7.766100  1.222305
50.500000  7.587050  0.969373
50.600000  7.956050  0.942644
50.700000  8.078700  0.939179
50.800000  7.768300  0.910329
50.900000  7.488300  0.641204
51.000000  7.583550  0.665034
51.100000  7.606750  0.764312
51.200000  7.630000  0.672176
51.300000  7.480650  0.630386
51.400000  7.743300  0.871580
51.500000  7.717650  1.106410
51.600000  7.816900  0.724502
51.700000  7.620600  0.846407
51.800000  7.640000  0.724077
51.900000  7.639000  1.124583
52.000000  7.821150  0.990162
52.100000  7.519050  0.805182
52.200000  7.948950  0.887631
52.300000  7.770200  1.467812
52.400000  7.699550  0.836719
52.500000  7.813450  0.896682
52.600000  7.904600  0.825759
52.700000  7.683750  0.652589
52.800000  7.569950  0.987899
52.900000  7.954050  0.385020
53.000000  7.837650  1.087742
53.100000  7.824200  0.598637
53.200000  7.543800  0.464428
53.300000  7.540050  1.149685
53.400000  7.524300  0.792667
53.500000  7.766500  0.941866
53.600000  7.905450  0.667721
53.700000  7.822750  0.518663
53.800000  7.734250  1.014486
53.900000  7.730000  1.083288
54.000000  8.086900  1.066458
54.100000  7.612900  0.851639
54.200000  7.715350  1.106551
54.300000  8.103000  0.890106
54.400000  7.831000  0.928573
54.500000  7.350100  0.386363
54.600000  7.612150  0.757948
54.700000  7.588200  0.634133
54.800000  7.707350  1.065539
54.900000  7.595400  0.793515
55.000000  7.852400  0.657185
55.100000  7.925300  0.766787
55.200000  7.694650  0.508056
55.300000  7.748250  1.125785
55.400000  7.763550  0.989596
55.500000  7.911300  0.960534
55.600000  7.429800  0.373070
55.700000  7.762750  0.485429
55.800000  7.877150  1.285449
55.900000  7.679200  0.735108
56.000000  8.007800  0.645871
56.100000  7.845050  1.064974
56.200000  7.813900  1.156685
56.300000  7.850100  0.833396
56.400000  7.751850  0.545109
56.500000  7.590350  0.654286
56.600000  7.579600  0.459761
56.700000  7.721700  0.946392
56.800000  7.702000  0.676560
56.900000  7.739600  0.633143
57.000000  7.753800  0.773858
57.100000  7.799550  0.660933
57.200000  7.500350  0.026517
57.300000  7.300100  0.135199
57.400000  7.111600  0.265589
57.500000  7.124500  0.261064
57.600000  7.331950  0.060033
57.700000  7.359000  0.025456
57.800000  7.106350  0.252791
57.900000  7.564500  0.208172
58.000000  7.245800  0.329512
58.100000  7.345300  0.133502
58.200000  7.252350  0.167514
58.300000  7.447800  0.310703
58.400000  7.228000  0.379999
58.500000  7.131250  0.245295
58.600000  7.638400  0.352281
58.700000  7.620200  0.488187
58.800000  7.547600  0.864933
58.900000  7.815100  0.576858
59.000000  7.581750  0.752149
59.100000  7.707900  0.811759
59.200000  7.517950  0.308652
59.300000  7.617100  0.554230
59.400000  7.671000  0.865074
59.500000  7.827100  0.863660
59.600000  8.034800  0.970292
59.700000  7.883150  0.868822
59.800000  8.007200  1.300511
59.900000  7.767100  0.707531
60.000000  7.794200  0.968171
60.100000  7.563250  0.702228
60.200000  7.684750  0.398455
60.300000  7.654400  1.012153
60.400000  7.713200  0.710501
60.500000  7.379800  0.319754
60.600000  7.220850  0.298187
60.700000  7.567850  0.968524
60.800000  7.858450  1.111218
60.900000  7.616850  0.944058
61.000000  7.884100  0.729876
61.100000  7.597000  0.151321
61.200000  7.696050  0.795283
61.300000  7.365550  0.545391
61.400000  7.359900  0.706965
61.500000  7.467400  0.271105
61.600000  7.312500  0.683489
61.700000  7.765200  0.464852
61.800000  7.752650  0.884661
61.900000  7.690000  0.703288
62.000000  7.529650  0.668287
62.100000  7.541200  0.723229
62.200000  7.780850  0.900925
62.300000  7.900400  1.212547
62.400000  7.677200  0.656195
62.500000  7.768200  0.833113
62.600000  7.507850  1.011941
62.700000  8.108150  0.686247
62.800000  7.716950  0.976868
62.900000  7.780150  1.040790
63.000000  7.924850  0.542563
63.100000  7.531500  0.587747
63.200000  7.665700  0.776262
63.300000  7.750600  0.869600
63.400000  7.753650  0.868964
63.500000  7.997850  0.915208
63.600000  7.828200  0.911319
63.700000  7.814950  1.030891
63.800000  8.151100  1.207456
63.900000  7.819250  1.058327
64.000000  7.775950  0.888763
64.100000  7.918850  1.133421
64.200000  7.865750  0.801647
64.300000  7.992000  1.158948
64.400000  7.943050  1.309491
64.500000  7.919850  1.121683
64.600000  7.890600  0.979484
64.700000  7.713200  0.838487
64.800000  8.106400  1.488036
64.900000  7.920750  1.054650
65.000000  7.955700  0.789555
65.100000  7.643600  1.009607
65.200000  7.898250  1.018022
65.300000  7.859500  1.028416
65.400000  8.055550  1.493763
65.500000  7.867200  0.816001
65.600000  7.700600  0.759574
65.700000  7.620700  0.889257
65.800000  7.925400  1.109592
65.900000  7.924100  1.348453
66.000000  8.047450  1.258297
66.100000  7.615050  1.373555
66.200000  7.852300  0.889257
66.300000  7.962800  1.112562
66.400000  7.821550  0.819325
66.500000  7.730650  0.900218
66.600000  7.693400  1.071125
66.700000  7.470100  1.081732
66.800000  7.983400  0.987404
66.900000  7.941250  1.252640
67.000000  7.875800  0.745432
67.100000  7.864800  1.093329
67.200000  7.914100  1.124158
67.300000  7.516150  0.921431
67.400000  7.585350  1.038811
67.500000  7.650950  0.855104
67.600000  7.668000  1.317057
67.700000  7.712200  0.800728
67.800000  7.902800  0.572474
67.900000  7.782350  0.881267
68.000000  7.661250  0.732916
68.100000  7.750050  0.793445
68.200000  8.111900  0.249750
68.300000  7.673150  0.942927
68.400000  7.822650  0.960887
68.500000  7.852650  0.621759
68.600000  7.700650  1.043336
68.700000  7.834900  1.200102
68.800000  8.008850  0.889328
68.900000  7.933050  0.989455
69.000000  7.846700  0.832689
69.100000  7.869450  0.542422
69.200000  7.884000  1.190202
69.300000  8.222500  1.088803
69.400000  8.459300  1.396112
69.500000  7.936250  1.115461
69.600000  8.239950  0.993131
69.700000  7.805550  1.154776
69.800000  7.964200  1.489591
69.900000  7.625800  0.979626
70.000000  8.142950  1.430831
70.100000  8.080100  1.352130
70.200000  7.907400  1.074378
70.300000  8.202150  1.185182
70.400000  7.682400  0.937906
70.500000  7.764100  1.325542
70.600000  7.541500  0.914713
70.700000  7.847750  0.925815
70.800000  7.754900  0.850791
70.900000  8.203500  1.759423
71.000000  7.640600  1.349018
71.100000  8.049500  1.241114
71.200000  7.985150  0.966827
71.300000  8.017150  0.824840
71.400000  7.892750  1.268620
71.500000  7.431450  0.769827
71.600000  7.770550  0.856094
71.700000  8.154050  1.557544
71.800000  8.154650  1.464772
71.900000  8.025050  1.048003
72.000000  7.953900  1.112279
72.100000  7.817950  0.959473
72.200000  8.180950  1.024951
72.300000  8.045850  1.296480
72.400000  8.013400  0.743876
72.500000  7.915150  0.933735
72.600000  7.928350  1.157746
72.700000  7.734900  0.875964
72.800000  7.841400  1.087813
72.900000  7.692800  1.268974
73.000000  7.902200  1.002960
73.100000  7.834050  1.090712
73.200000  7.704900  1.231497
73.300000  7.983350  0.881267
73.400000  7.977200  0.955018
73.500000  7.894700  0.937765
73.600000  7.772700  0.649831
73.700000  7.615500  0.312683
73.800000  7.543100  0.309147
73.900000  7.539950  0.950705
74.000000  7.898650  0.713824
74.100000  7.357550  0.802495
74.200000  7.606150  0.626850
74.300000  7.299250  0.723441
74.400000  7.284450  0.091005
74.500000  7.260700  0.524532
74.600000  7.341200  0.327956
74.700000  7.457250  0.338209
74.800000  7.423300  0.503036
74.900000  7.540000  0.122471
75.000000  7.507700  0.482954
75.100000  7.567800  0.163766
75.200000  7.352250  0.366352
75.300000  7.559450  0.590505
75.400000  7.564750  0.472559
75.500000  7.556800  0.895621
75.600000  7.558100  0.393576
75.700000  7.576000  1.098137
75.800000  8.044300  0.853336
75.900000  7.534600  0.702440
76.000000  7.603650  0.843649
76.100000  7.626350  1.098773
76.200000  7.924800  1.194162
76.300000  7.654050  0.516117
76.400000  7.653200  0.751655
76.500000  7.515100  0.536835
76.600000  7.744550  0.807728
76.700000  7.600850  0.549634
76.800000  7.600000  0.607970
76.900000  7.670750  0.484439
77.000000  7.458900  0.451417
77.100000  7.324050  0.497025
77.200000  7.589100  0.244376
77.300000  7.516850  0.859913
77.400000  7.499600  0.534573
77.500000  7.612500  0.509541
77.600000  7.577350  0.628123
77.700000  7.402350  0.704490
77.800000  7.381750  0.361827
77.900000  7.423750  0.368756
78.000000  7.275400  0.519016
78.100000  7.333900  0.367554
78.200000  7.264050  0.781141
78.300000  7.301500  0.374201
78.400000  7.360550  0.222668
78.500000  7.444300  0.277893
78.600000  7.438900  0.004950
78.700000  7.610000  0.581242
78.800000  7.593700  0.292884
78.900000  7.543400  0.595667
79.000000  7.337500  0.728320
79.100000  7.353550  0.181514
79.200000  7.426850  0.949432
79.300000  7.478200  0.812041
79.400000  7.245600  0.397253
79.500000  7.626400  0.690702
79.600000  7.635050  0.259720
79.700000  7.507550  0.563211
79.800000  7.355800  0.337714
79.900000  7.177850  0.159594
80.000000  7.279950  0.635053
80.100000  7.540550  0.704349
80.200000  7.359600  0.353978
80.300000  7.316700  0.440810
80.400000  7.514050  0.480762
80.500000  7.323800  0.406162
80.600000  7.369000  0.504167
80.700000  7.286800  0.658741
80.800000  7.481700  0.860973
80.900000  7.289350  0.541149
81.000000  7.808000  0.599768
81.100000  7.418050  0.688227
81.200000  7.447200  0.884732
81.300000  7.719100  0.703006
81.400000  7.848050  0.785666
81.500000  7.609500  0.625224
81.600000  7.473050  0.769969
81.700000  7.764000  0.748968
81.800000  7.746000  0.623385
81.900000  7.507950  0.721602
82.000000  7.475100  0.665529
82.100000  7.481500  0.896187
82.200000  7.554650  0.500985
82.300000  7.346250  0.533936
82.400000  7.482550  0.672529
82.500000  7.331050  0.613415
82.600000  7.341950  0.186181
82.700000  7.466100  0.505440
82.800000  7.735700  0.248760
82.900000  7.786650  0.801223
83.000000  7.688400  0.566393
83.100000  7.293100  0.596515
83.200000  7.583000  0.680802
83.300000  7.633250  0.757523
83.400000  7.721350  0.535633
83.500000  7.527300  0.548291
83.600000  7.537300  0.532734
83.700000  7.595850  0.779020
83.800000  7.586900  0.480550
83.900000  7.753700  0.380423
84.000000  7.446500  0.581666
84.100000  7.363950  0.658670
84.200000  7.368050  0.358998
84.300000  7.563900  0.429780
84.400000  7.594050  0.147290
84.500000  7.693850  0.350230
84.600000  7.361200  0.232780
84.700000  7.791100  0.594818
84.800000  7.547750  0.513006
84.900000  7.605050  0.712127
85.000000  7.677600  0.573888
85.100000  7.648350  0.376393
85.200000  7.816450  0.295076
85.300000  7.730450  0.336936
85.400000  7.940500  0.032103
85.500000  7.692600  0.256963
85.600000  7.717550  0.872075
85.700000  7.483200  0.709228
85.800000  7.752650  0.678186
85.900000  7.545850  0.526441
86.000000  7.525850  0.229456
86.100000  7.544050  0.111511
86.200000  7.597350  0.412738
86.300000  7.439400  0.451700
86.400000  7.758650  0.232992
86.500000  7.792200  0.615607
86.600000  7.570600  0.231082
86.700000  7.966000  0.622113
86.800000  8.215950  0.791040
86.900000  7.847000  1.155978
87.000000  8.076650  0.974322
87.100000  7.999750  1.042770
87.200000  8.095050  0.544826
87.300000  7.846850  0.449084
87.400000  7.714150  0.659518
87.500000  7.967300  1.227255
87.600000  7.983350  1.120552
87.700000  7.640850  0.401000
87.800000  7.981550  0.704490
87.900000  7.909900  1.109451
88.000000  7.987900  0.933947
88.100000  7.587250  0.852276
88.200000  8.286700  0.948654
88.300000  8.110650  0.639154
88.400000  7.800700  1.209435
88.500000  8.211100  0.370665
88.600000  7.679500  0.887278
88.700000  7.819950  0.697985
88.800000  7.851500  0.622678
88.900000  8.077500  0.973686
89.000000  8.065550  0.965696
89.100000  7.823100  0.912026
89.200000  8.024250  0.828376
89.300000  7.753350  0.923976
89.400000  7.877400  0.922492
89.500000  7.853900  0.839901
89.600000  7.821650  0.761200
89.700000  7.819350  0.459973
89.800000  8.005600  0.886005
89.900000  8.016150  1.049841
90.000000  7.803850  0.777322
90.100000  7.878000  0.775838
90.200000  7.816100  0.646861
90.300000  8.130850  0.947452
90.400000  8.150600  0.985424
90.500000  8.167100  1.045245
90.600000  8.015050  1.107259
90.700000  8.057400  1.188081
90.800000  8.012300  0.687166
90.900000  7.915450  1.604920
91.000000  8.059150  0.775625
91.100000  7.841400  0.546028
91.200000  7.903600  0.778949
91.300000  7.824900  1.047084
91.400000  8.140450  1.306663
91.500000  8.191050  0.800657
91.600000  7.738750  0.217577
91.700000  8.070050  0.700248
91.800000  8.298050  0.676489
91.900000  8.228800  1.366555
92.000000  7.818400  0.808082
92.100000  8.142050  0.963999
92.200000  7.930550  0.767423
92.300000  7.992700  1.021769
92.400000  7.840650  0.698834
92.500000  7.945150  0.798960
92.600000  8.239550  0.995536
92.700000  8.055900  0.915138
92.800000  7.865700  0.899016
92.900000  8.292950  1.229871
93.000000  8.175900  0.793798
93.100000  8.500500  1.520704
93.200000  8.206250  1.475520
93.300000  8.396000  1.320027
93.400000  8.489950  1.584556
93.500000  8.327800  1.324270
93.600000  8.267000  1.259499
93.700000  8.398900  1.129957
93.800000  8.439750  1.081237
93.900000  8.207000  0.748260
94.000000  8.313750  1.106693
94.100000  8.495850  1.618921
94.200000  8.241500  1.407991
94.300000  8.183950  0.814233
94.400000  8.354400  1.298248
94.500000  7.859650  1.138371
94.600000  8.054200  1.206183
94.700000  7.878700  0.930128
94.800000  7.867700  0.741472
94.900000  7.874100  0.464145
95.000000  7.893150  0.862034
95.100000  7.958000  1.003667
95.200000  7.925400  0.861397
95.300000  8.108900  0.972696
95.400000  8.070700  0.620981
95.500000  8.020350  0.755685
95.600000  8.055850  0.782979
95.700000  7.864900  0.640214
95.800000  8.114150  0.619496
95.900000  7.913100  0.547442
96.000000  8.037500  0.350018
96.100000  7.982050  0.274570
96.200000  7.889350  0.881126
96.300000  8.144650  0.344432
96.400000  8.197600  0.574312
96.500000  8.172600  0.212839
96.600000  8.268200  0.384100
96.700000  8.129900  0.413940
96.800000  8.036550  0.004313
96.900000  7.961050  0.614688
97.000000  8.068050  0.811122
97.100000  7.978450  0.699541
97.200000  7.926200  0.935219
97.300000  7.823600  0.250033
97.400000  8.071400  0.884025
97.500000  8.188400  0.651952
97.600000  7.666650  0.528138
97.700000  7.959150  0.833891
97.800000  7.865500  0.582797
97.900000  7.988750  0.788212
98.000000  8.017250  0.602809
98.100000  7.750000  0.433032
98.200000  8.031150  0.858640
98.300000  8.155550  0.727401
98.400000  8.142350  0.941088
98.500000  8.007750  0.667438
98.600000  8.163500  0.580676
98.700000  7.980250  0.794859
98.800000  7.873150  0.461811
98.900000  7.842700  0.032385
99.000000  7.812350  0.737725
99.100000  7.832250  1.037538
99.200000  7.937550  0.607193
99.300000  7.685350  0.152523
99.400000  7.609050  0.547937
99.500000  7.829150  0.478782
99.600000  7.754100  0.459902
99.700000  7.760250  0.369180
99.800000  7.926300  0.147361
99.900000  7.927900  0.106773
100.000000  8.141050  0.230588
100.100000  8.178000  0.790828
100.200000  7.964750  0.525875
100.300000  7.944850  0.360271
100.400000  8.130950  0.837427
100.500000  8.342050  0.386434
100.600000  7.709550  0.515693
100.700000  7.957700  0.183141
100.800000  7.944050  0.375120
100.900000  7.735450  0.397040
101.000000  7.726600  0.441659
101.100000  7.939600  0.286944
101.200000  7.910550  0.828800
101.300000  7.798950  0.880560
101.400000  7.946150  0.496035
101.500000  7.896450  0.683277
101.600000  7.450350  0.841952
101.700000  7.716900  1.152160
101.800000  8.357750  0.761766
101.900000  8.228100  1.005223
102.000000  8.108400  1.336573
102.100000  8.547550  1.064974
102.200000  8.407700  0.965201
102.300000  8.229500  1.394415
102.400000  8.238000  1.368252
102.500000  8.714800  1.540220
102.600000  8.354250  1.615951
102.700000  8.440300  1.690692
102.800000  8.259450  1.552029
102.900000  8.110600  1.677682
103.000000  8.263100  1.348877
103.100000  8.436300  1.889389
103.200000  7.985200  1.358352
103.300000  8.025700  1.405163
103.400000  8.399300  1.168140
103.500000  8.293000  1.583636
103.600000  8.480700  1.650246
103.700000  8.346200  1.432033
103.800000  8.532250  1.373131
103.900000  8.311150  1.745917
104.000000  8.112350  1.401415
104.100000  8.483350  1.683126
104.200000  8.593600  1.751786
104.300000  8.313250  1.225628
104.400000  8.102500  1.093046
104.500000  8.392250  1.739553
104.600000  8.603400  1.542483
104.700000  8.679200  0.951059
104.800000  8.444950  1.203708
104.900000  8.377300  1.754756
105.000000  8.049450  1.533502
105.100000  8.546350  1.434932
105.200000  8.389400  1.427790
105.300000  8.131800  1.582788
105.400000  8.324150  1.565039
105.500000  8.365700  1.746412
105.600000  8.447100  1.840175
105.700000  8.255100  1.647276
105.800000  8.442900  1.602870
105.900000  8.091200  1.031386
106.000000  8.197800  1.010597
106.100000  8.379450  1.612133
106.200000  8.278900  1.412092
106.300000  8.220200  1.205900
106.400000  8.222850  1.039518
106.500000  8.095750  1.212900
106.600000  8.413400  1.300511
106.700000  7.981950  1.535482
106.800000  8.564900  1.615032
106.900000  8.768600  1.648266
107.000000  8.232050  1.358281
107.100000  8.197750  1.596011
107.200000  8.319000  1.675560
107.300000  8.270250  1.538594
107.400000  8.476300  1.651377
107.500000  8.574400  1.768333
107.600000  9.114000  1.595374
107.700000  8.607550  1.658095
107.800000  8.340050  1.394485
107.900000  8.148000  1.007203
108.000000  8.165500  1.292733
108.100000  8.482350  1.523037
108.200000  8.549800  1.588445
108.300000  8.494900  1.423265
108.400000  8.399750  1.539866
108.500000  8.266500  1.201799
108.600000  8.391500  0.803132
108.700000  8.437400  1.244367
108.800000  8.224700  0.911319
108.900000  8.587000  1.408840
109.000000  8.454000  1.053306
109.100000  8.704700  0.734684
109.200000  8.696950  0.585555
109.300000  8.445850  0.960039
109.400000  8.426950  1.540149
109.500000  8.086450  1.395051
109.600000  8.642900  0.949927
109.700000  8.367550  0.904319
109.800000  8.525950  1.048993
109.900000  8.528200  1.284389
110.000000  8.609150  1.337351
110.100000  8.395650  1.604213
110.200000  8.478250  1.110228
110.300000  8.499350  1.658660
110.400000  8.274300  1.218911
110.500000  8.464250  1.757372
110.600000  8.559700  1.427649
110.700000  8.047700  1.158665
110.800000  8.264500  1.319744
110.900000  8.496450  1.471136
111.000000  8.300350  1.454731
111.100000  8.348650  1.581303
111.200000  8.705150  1.646074
111.300000  8.468450  1.660075
111.400000  8.229150  1.445114
111.500000  8.796100  1.822921
111.600000  8.329750  1.265933
111.700000  8.456100  1.037608
111.800000  8.233000  1.743301
111.900000  8.679600  1.813022
112.000000  8.740000  1.751786
112.100000  8.474800  1.176484
112.200000  8.594550  1.570131
112.300000  8.424100  1.268832
112.400000  8.434450  1.320098
112.500000  8.465750  1.284177
112.600000  8.493250  1.331836
112.700000  8.155700  1.097854
112.800000  8.353000  1.297541
112.900000  8.633800  1.468095
113.000000  8.599100  1.290046
113.100000  8.548700  1.292308
113.200000  8.350950  1.131442
113.300000  8.188000  0.855316
113.400000  8.418750  1.548493
113.500000  8.707800  1.802132
113.600000  8.703700  1.256670
113.700000  8.522650  1.290116
113.800000  8.562550  1.588940
113.900000  8.390150  1.006001
114.000000  8.182950  1.149261
114.100000  8.609950  1.187162
114.200000  8.256200  0.949644
114.300000  8.213550  0.696995
114.400000  8.113200  0.810486
114.500000  7.989650  0.764453
114.600000  8.061100  0.303914
114.700000  7.995200  0.735674
114.800000  8.021950  0.596020
114.900000  8.077400  0.574312
115.000000  8.506000  1.224850
115.100000  8.530550  0.919734
115.200000  8.093000  0.760564
115.300000  8.219700  1.122037
115.400000  8.208500  1.211698
115.500000  7.996250  0.880843
115.600000  8.304600  0.958695
115.700000  8.223550  1.417820
115.800000  8.193050  0.807728
115.900000  8.209150  0.397748
116.000000  8.401400  1.431467
116.100000  8.385000  0.917259
116.200000  8.393950  0.351503
116.300000  8.038450  0.695440
116.400000  8.027550  1.085055
116.500000  8.126100  1.066600
116.600000  8.095850  0.767282
116.700000  7.788700  0.703854
116.800000  7.934400  0.641204
116.900000  8.225400  0.704137
117.000000  8.015500  0.937906
117.100000  7.957700  1.009748
117.200000  7.895900  0.784040
117.300000  8.074850  1.185182
117.400000  8.148400  0.870873
117.500000  8.220750  0.575938
117.600000  8.003300  0.683065
117.700000  8.264600  0.682217
117.800000  8.206400  0.946675
117.900000  8.039850  0.671822
118.000000  8.211050  0.651740
118.100000  8.533600  1.564686
118.200000  8.085300  0.880631
118.300000  8.030100  0.470509
118.400000  8.097650  0.868398
118.500000  8.019700  0.531320
118.600000  8.169400  0.494268
118.700000  7.818600  0.332340
118.800000  8.171100  0.629184
118.900000  8.225050  0.029345
119.000000  8.120700  0.689146
119.100000  8.104150  0.415849
119.200000  8.530800  0.828729
119.300000  8.257700  1.122603
119.400000  8.306650  0.804900
119.500000  8.223550  0.844922
119.600000  8.416650  0.898238
119.700000  8.194750  0.822860
119.800000  8.189350  0.942644
119.900000  8.155250  0.614547
120.000000  8.059000  0.363453
120.100000  7.847450  0.572686
120.200000  7.616350  0.077287
120.300000  8.004650  0.327178
120.400000  7.920150  0.086055
120.500000  7.917700  0.260640
120.600000  7.798650  0.473691
120.700000  7.858200  0.297551
120.800000  8.040050  0.210647
120.900000  7.886800  0.102530
121.000000  7.745250  0.117450
121.100000  7.693200  0.152876
121.200000  8.146400  0.040871
121.300000  7.679950  0.017607
121.400000  8.029400  0.256680
121.500000  7.734300  0.379999
121.600000  7.837550  0.405950
121.700000  7.636850  0.386717
121.800000  7.926350  0.177272
121.900000  7.825400  0.350725
122.000000  7.817450  0.772656
122.100000  7.773750  0.242750
122.200000  8.076800  0.683065
122.300000  8.233800  0.636255
122.400000  8.138700  0.787010
122.500000  7.766050  0.391949
122.600000  7.935300  0.623810
122.700000  7.911900  0.442649
122.800000  8.176300  0.758301
122.900000  8.083300  0.323713
123.000000  8.522250  1.264378
123.100000  8.493300  1.078055
123.200000  8.285850  1.139644
123.300000  8.051100  0.746846
123.400000  7.988550  0.854397
123.500000  8.174200  0.542634
123.600000  8.033200  0.530896
123.700000  7.816150  0.550624
123.800000  8.277300  1.278873
123.900000  7.844950  0.317703
124.000000  7.848900  0.819395
124.100000  7.910050  0.635901
124.200000  8.207250  0.785525
124.300000  8.559900  1.797465
124.400000  8.399350  1.348806
124.500000  8.043000  1.010597
124.600000  8.657700  1.523249
124.700000  8.320650  0.654003
124.800000  8.412850  1.135543
124.900000  8.322350  1.139361
125.000000  8.273450  0.789909
125.100000  8.341400  1.296127
125.200000  8.411750  1.233124
125.300000  8.198550  0.992000
125.400000  8.038600  0.833820
125.500000  8.159250  1.655266
125.600000  8.119650  0.752008
125.700000  8.012800  0.802708
125.800000  8.099100  0.872711
125.900000  8.160950  1.026507
126.000000  7.922500  1.041285
126.100000  7.998500  0.629608
126.200000  7.837800  0.353836
126.300000  7.992300  0.908774
126.400000  8.062350  1.245286
126.500000  8.084900  0.905380
126.600000  7.730000  0.519582
126.700000  8.565850  0.775201
126.800000  8.280350  0.749038
126.900000  8.388650  0.639154
127.000000  7.908150  1.011516
127.100000  7.887400  0.640639
127.200000  8.028950  0.540583
127.300000  8.227750  0.352917
127.400000  8.123800  0.684479
127.500000  7.879800  0.828729
127.600000  8.088850  0.159170
127.700000  7.876150  0.988040
127.800000  8.387150  0.645376
127.900000  8.177100  0.503743
128.000000  8.041650  0.828376
128.100000  7.978950  0.899369
128.200000  8.250850  0.461529
128.300000  8.189700  0.727189
128.400000  8.328500  0.613910
128.500000  7.796900  0.384242
128.600000  8.342250  0.567170
128.700000  8.029400  0.735815
128.800000  7.913300  1.031386
128.900000  8.051950  0.860054
129.000000  7.762800  0.910612
129.100000  7.915600  0.872994
129.200000  8.123950  0.444982
129.300000  8.173200  0.914148
129.400000  7.987450  0.550765
129.500000  7.769350  0.576787
129.600000  7.887650  0.633073
129.700000  8.121600  0.573039
129.800000  7.685450  0.731078
129.900000  7.766100  1.021911
130.000000  7.771700  0.635123
130.100000  8.068600  0.426527
130.200000  8.077050  0.988747
130.300000  7.825100  0.711208
130.400000  7.919850  0.541290
130.500000  7.930700  0.424547
130.600000  8.080550  0.428719
130.700000  7.940550  0.822294
130.800000  7.850350  0.580464
130.900000  7.881450  0.632224
131.000000  7.779450  0.504804
131.100000  7.571650  0.263963
131.200000  7.743350  0.363099
131.300000  7.902450  0.303278
131.400000  7.834400  0.362180
131.500000  7.811200  0.008485
131.600000  7.606550  0.030335
131.700000  7.629700  0.016688
131.800000  7.447900  0.463579
131.900000  7.827450  0.128481
132.000000  7.369650  0.245012
132.100000  7.548200  0.524390
132.200000  7.740600  0.333189
132.300000  7.909750  0.345846
132.400000  7.835650  0.647073
132.500000  7.768050  0.416415
132.600000  7.685800  0.727613
132.700000  7.560700  0.317067
132.800000  7.698650  0.325623
132.900000  7.688150  0.657114
133.000000  7.636550  0.747907
133.100000  7.762800  0.292318
133.200000  7.790250  0.870519
133.300000  7.572650  0.391242
133.400000  7.858500  0.756463
133.500000  7.944450  0.532946
133.600000  7.686950  0.247700
133.700000  7.902150  0.417264
133.800000  7.971100  0.156978
133.900000  7.683050  0.150684
134.000000  7.865650  0.202020
134.100000  7.523200  0.124592
134.200000  7.814550  0.202728
134.300000  7.813150  0.636608
134.400000  7.722250  0.839265
134.500000  7.805050  0.376676
134.600000  7.661750  0.485287
134.700000  7.566100  0.577848
134.800000  7.675100  0.347189
134.900000  7.640950  0.526017
135.000000  7.676950  0.302712
135.100000  7.594250  0.418395
135.200000  7.700100  0.125016
135.300000  7.859250  0.216163
135.400000  7.744800  0.675004
135.500000  7.922700  0.536553
135.600000  7.977300  0.594111
135.700000  7.878450  0.326330
135.800000  7.776850  0.309501
135.900000  7.673100  0.424264
136.000000  7.724950  0.049851
136.100000  7.740400  0.054447
136.200000  7.574650  0.365645
136.300000  7.870950  0.241194
136.400000  7.734850  0.249397
136.500000  7.814250  0.238224
136.600000  7.924850  0.400293
136.700000  7.961100  0.410829
136.800000  7.704150  0.188868
136.900000  7.765150  0.440881
137.000000  7.733800  0.320178
137.100000  7.477900  0.034224
137.200000  7.926000  0.607829
137.300000  8.056800  0.416344
137.400000  8.036350  0.443851
137.500000  7.725050  0.470862
137.600000  7.885400  0.337431
137.700000  7.981650  0.505369
137.800000  7.876050  0.510178
137.900000  7.744100  0.071559
138.000000  7.679500  0.691975
138.100000  7.753550  0.345987
138.200000  7.758800  0.154291
138.300000  7.668850  0.302854
138.400000  7.912100  0.362746
138.500000  7.781650  0.729805
138.600000  7.822550  0.493773
138.700000  7.712400  0.512652
138.800000  7.761500  0.697066
138.900000  7.777700  0.417052
139.000000  7.858900  0.315652
139.100000  7.589300  0.132795
139.200000  7.646750  0.309076
139.300000  7.955300  0.044265
139.400000  7.860500  0.448164
139.500000  7.784400  0.274075
139.600000  7.874050  0.338351
139.700000  7.747150  0.058761
139.800000  7.823650  0.026234
139.900000  7.841550  0.259155
140.000000  7.754050  0.446255
140.100000  7.881400  0.119642
140.200000  7.767250  0.590505
140.300000  7.690400  0.290055
140.400000  7.817550  0.595879
140.500000  7.748800  0.344220
140.600000  7.865750  0.697702
140.700000  7.761350  0.503389
140.800000  7.727450  0.480479
140.900000  7.747500  0.686459
141.000000  7.737500  0.752644
141.100000  7.625650  0.170059
141.200000  7.710550  0.529269
141.300000  7.697050  0.468034
141.400000  7.791750  0.532805
141.500000  7.832350  0.461104
141.600000  7.876250  0.040517
141.700000  7.665750  0.527290
141.800000  7.769400  0.439113
141.900000  7.944650  0.638730
142.000000  7.990950  0.377100
142.100000  7.632900  0.303914
142.200000  7.653400  0.341957
142.300000  7.549800  0.326400
142.400000  7.608850  0.399586
142.500000  7.766600  0.301935
142.600000  7.774550  0.402839
142.700000  7.793650  0.509046
142.800000  7.823600  0.003960
142.900000  7.761450  0.552038
143.000000  8.022250  0.637457
143.100000  7.661400  0.591283
143.200000  7.941300  0.236598
143.300000  7.687150  0.368191
143.400000  7.806100  0.404041
143.500000  8.000950  0.514703
143.600000  7.943350  0.381343
143.700000  7.794700  0.471640
143.800000  7.738700  0.262761
143.900000  7.909350  0.440740
144.000000  7.837400  0.493278
144.100000  7.895550  0.465347
144.200000  7.907100  0.528633
144.300000  7.971450  0.834315
144.400000  7.984750  0.661640
144.500000  7.957250  0.214324
144.600000  7.815450  0.649619
144.700000  7.884950  0.264529
144.800000  7.750900  0.286378
144.900000  7.861150  0.679459
145.000000  7.745150  0.596303
145.100000  7.721450  0.611435
145.200000  7.845450  0.636184
145.300000  7.784400  0.793657
145.400000  7.841950  0.713683
145.500000  7.863000  0.387212
145.600000  7.794300  0.754766
145.700000  7.913400  0.837639
145.800000  7.935200  0.499783
145.900000  7.730400  0.645164
146.000000  7.924650  0.559816
146.100000  7.974100  0.772019
146.200000  7.854400  0.674721
146.300000  7.923800  0.602455
146.400000  7.932050  0.452195
146.500000  8.165150  0.795566
146.600000  7.874400  0.751089
146.700000  7.723500  0.498086
146.800000  7.927700  0.654215
146.900000  7.938600  0.478570
147.000000  7.709850  0.505935
147.100000  8.037850  0.733906
147.200000  7.728550  0.521491
147.300000  7.966350  0.712552
147.400000  7.857700  0.745998
147.500000  7.714900  0.862529
147.600000  7.695350  0.783969
147.700000  7.895550  0.691763
147.800000  7.939400  0.637669
147.900000  7.840200  0.692399
148.000000  7.826500  0.712057
148.100000  8.041400  1.026860
148.200000  7.878350  0.623597
148.300000  7.758500  0.585202
148.400000  7.720800  0.471216
148.500000  7.645800  0.586333
148.600000  7.678550  0.632931
148.700000  7.865500  0.888833
148.800000  7.949250  0.638730
148.900000  7.864150  0.270044
149.000000  7.984550  0.136118
149.100000  7.655800  0.224294
149.200000  7.610000  0.555927
149.300000  7.747150  0.174868
149.400000  7.690500  0.180736
149.500000  7.345650  0.152382
149.600000  7.671250  0.716653
149.700000  7.526650  0.271458
149.800000  7.817000  0.362887
149.900000  7.871800  0.144108
150.000000  8.022950  0.229315
150.100000  7.824100  0.487479
150.200000  7.829200  0.266155
150.300000  7.655450  0.535492
150.400000  7.656050  0.469165
150.500000  7.714800  0.165746
150.600000  7.782350  0.754836
150.700000  7.915950  0.059185
150.800000  7.760200  0.248760
150.900000  7.785950  0.273580
151.000000  7.645700  0.612354
151.100000  7.821850  0.427729
151.200000  7.952800  0.447174
151.300000  8.081750  0.732209
151.400000  7.715400  0.400647
151.500000  7.688300  0.059963
151.600000  7.894700  0.219062
151.700000  7.673300  0.488328
151.800000  7.832400  0.006081
151.900000  7.598400  0.113137
152.000000  8.003000  0.499217
152.100000  7.992400  0.827032
152.200000  7.908800  0.408991
152.300000  7.587750  0.395768
152.400000  7.815800  0.287651
152.500000  7.693650  0.403829
152.600000  8.083100  0.322724
152.700000  7.898700  0.546452
152.800000  7.904250  0.235396
152.900000  8.196050  0.278105
153.000000  7.887150  0.634204
153.100000  7.825650  0.424476
153.200000  7.582800  0.075378
153.300000  7.718000  0.379151
153.400000  8.259900  0.198980
153.500000  7.951300  0.300520
153.600000  7.900500  0.224294
153.700000  7.661150  0.185757
153.800000  7.982700  0.744866
153.900000  8.123600  0.758584
154.000000  7.778800  0.331633
154.100000  7.978250  0.328593
154.200000  8.100350  0.324491
154.300000  8.190650  0.857367
154.400000  8.037050  0.809001
154.500000  7.911650  0.922421
154.600000  8.153650  0.928926
154.700000  7.868650  0.152099
154.800000  8.011150  0.477085
154.900000  7.986450  0.737583
155.000000  7.922350  0.425042
155.100000  8.090750  0.823850
155.200000  8.335050  0.968524
155.300000  8.027750  0.734330
155.400000  8.064750  0.249679
155.500000  7.999600  0.450286
155.600000  8.068150  0.449508
155.700000  7.976300  0.599344
155.800000  7.861400  0.416769
155.900000  8.043700  0.568514
156.000000  8.093850  0.486419
156.100000  8.095300  0.616456
156.200000  8.308450  0.648488
156.300000  8.037300  0.707248
156.400000  8.009900  0.561584
156.500000  7.963150  0.612708
156.600000  7.980250  0.597576
156.700000  8.028050  0.602101
156.800000  8.094150  0.607900
156.900000  8.143250  0.671539
157.000000  8.001850  0.726411
157.100000  8.088900  0.723653
157.200000  8.134700  0.450568
157.300000  7.921400  0.599627
157.400000  7.767150  0.612849
157.500000  8.001500  0.296985
157.600000  8.032500  0.599061
157.700000  7.747150  0.586404
157.800000  7.873600  0.458064
157.900000  8.052250  0.532522
158.000000  8.070750  0.702228
158.100000  7.868050  0.361827
158.200000  7.822450  0.442012
158.300000  7.953500  0.341674
158.400000  8.158050  0.472135
158.500000  7.906250  0.358715
158.600000  7.992350  0.563069
158.700000  8.460100  0.577282
158.800000  8.188800  0.515905
158.900000  7.833000  0.395273
159.000000  8.030450  0.024537
159.100000  8.035400  0.510107
159.200000  7.796700  0.619991
159.300000  7.816900  0.399515
159.400000  7.669000  0.544755
159.500000  8.055900  0.557907
159.600000  7.962850  0.431689
159.700000  7.913250  0.521916
159.800000  7.875400  0.617304
159.900000  8.166150  0.712693
160.000000  7.805200  0.339694
160.100000  8.069650  0.466337
160.200000  7.912450  0.674509
160.300000  7.992600  0.490874
160.400000  7.890850  0.605778
160.500000  7.869400  0.700177
160.600000  7.784600  0.455377
160.700000  8.094250  0.743947
160.800000  7.824750  0.776333
160.900000  8.156150  0.612284
161.000000  8.090900  0.951341
161.100000  7.987200  0.701167
161.200000  7.657200  0.415779
161.300000  7.935450  0.414435
161.400000  7.828250  0.388697
161.500000  7.893750  0.523754
161.600000  7.991950  0.323643
161.700000  7.983200  0.511804
161.800000  7.937850  0.844498
161.900000  7.974800  0.540230
162.000000  8.081300  0.612779
162.100000  8.149700  0.235042
162.200000  7.876750  0.601111
162.300000  7.899200  0.536553
162.400000  7.946450  0.503389
162.500000  7.995000  0.565827
162.600000  7.923700  0.738078
162.700000  7.997750  0.946462
162.800000  8.068750  0.971211
162.900000  7.923950  0.698409
163.000000  7.877950  0.705056
163.100000  8.058600  0.618860
163.200000  7.804750  0.647356
163.300000  7.785650  0.618082
163.400000  7.809800  0.506006
163.500000  8.005750  0.429709
163.600000  7.952250  0.686813
163.700000  8.111900  0.802990
163.800000  8.063850  0.471994
163.900000  8.021650  0.617941
164.000000  7.833950  0.560806
164.100000  7.805750  0.681156
164.200000  7.933650  0.537755
164.300000  8.071900  0.712622
164.400000  7.968500  0.465135
164.500000  7.855550  0.287015
164.600000  7.921650  0.599980
164.700000  7.797500  0.343512
164.800000  7.722650  0.408496
164.900000  7.782850  0.338916
165.000000  7.844400  0.113703
165.100000  7.941450  0.125936
165.200000  7.864900  0.443073
165.300000  7.935400  0.336159
165.400000  7.854100  0.469660
165.500000  7.964400  0.541785
165.600000  7.829850  0.794010
165.700000  7.705000  0.585767
165.800000  7.824750  0.435648
165.900000  7.929500  0.451134
166.000000  7.849500  0.328380
166.100000  7.967750  0.690348
166.200000  7.799050  0.692187
166.300000  7.887550  0.159311
166.400000  7.888400  0.581949
166.500000  8.024550  0.390394
166.600000  8.009100  0.567100
166.700000  8.007350  0.472135
166.800000  7.938050  0.509329
166.900000  7.906300  0.598071
167.000000  8.221050  0.694874
167.100000  8.134850  0.408920
167.200000  7.876950  0.460680
167.300000  8.000250  0.480620
167.400000  7.988100  0.736947
167.500000  7.942650  0.286025
167.600000  8.050550  0.810415
167.700000  7.857950  0.644528
167.800000  7.911850  0.740694
167.900000  7.853800  0.550695
168.000000  7.839000  0.393858
168.100000  7.776850  0.598283
168.200000  8.170600  0.736098
168.300000  7.932900  0.446467
168.400000  7.983500  0.800869
168.500000  7.761500  0.502187
168.600000  7.829750  0.382050
168.700000  7.893150  0.878297
168.800000  8.123000  1.022618
168.900000  8.003650  0.663478
169.000000  7.792550  0.486702
169.100000  7.844900  0.688439
169.200000  8.450150  0.545957
169.300000  8.068300  0.271246
169.400000  7.672650  0.694591
169.500000  7.802950  0.762049
169.600000  8.154000  0.486489
169.700000  7.932950  1.047154
169.800000  8.233700  0.673024
169.900000  7.987350  0.817628
170.000000  7.926200  0.841457
170.100000  8.024150  0.605496
170.200000  7.876350  0.697419
170.300000  7.819250  0.511026
170.400000  7.865700  0.729451
170.500000  7.932450  0.574949
170.600000  8.014400  0.306602
170.700000  7.787650  0.516400
170.800000  7.945300  0.443497
170.900000  7.979300  0.611223
171.000000  7.942100  0.761413
171.100000  7.744300  0.641912
171.200000  7.707350  0.604506
171.300000  7.798750  0.498722
171.400000  7.802500  0.819395
171.500000  7.900450  0.578343
171.600000  7.661850  0.862600
171.700000  7.958850  0.797829
171.800000  8.190900  0.488894
171.900000  7.994950  0.497167
172.000000  8.080500  0.957705
172.100000  8.176350  0.535775
172.200000  8.097000  0.347472
172.300000  8.098250  0.431406
172.400000  7.993950  0.986060
172.500000  8.007250  0.557695
172.600000  8.119600  0.661428
172.700000  7.971650  0.428295
172.800000  8.252400  0.371514
172.900000  8.008500  0.452265
173.000000  8.101600  0.533441
173.100000  7.874500  0.539381
173.200000  7.996350  0.730795
173.300000  7.934550  0.128481
173.400000  7.830300  0.403051
173.500000  7.987850  0.519229
173.600000  7.824650  0.702652
173.700000  7.699700  0.466408
173.800000  7.995200  0.782343
173.900000  8.036300  0.392161
174.000000  8.008900  0.590576
174.100000  7.873600  0.436568
174.200000  8.005950  0.624446
174.300000  8.131500  0.586616
174.400000  7.953450  0.447245
174.500000  7.823400  0.387212
174.600000  7.889450  0.642689
174.700000  7.854400  0.667509
174.800000  7.999350  0.525592
174.900000  8.092950  0.540017
175.000000  8.152800  0.852912
175.100000  7.731350  0.546806
175.200000  8.128850  0.463226
175.300000  7.830650  0.939533
175.400000  7.940200  0.523118
175.500000  8.600950  1.143462
175.600000  8.123100  0.911178
175.700000  7.897550  1.043195
175.800000  8.022750  0.573251
175.900000  7.916200  0.733977
176.000000  8.056400  0.579969
176.100000  8.042900  0.773433
176.200000  7.948550  0.845205
176.300000  7.970950  0.720047
176.400000  7.983650  0.921997
176.500000  8.186650  0.463650
176.600000  8.116750  0.892157
176.700000  7.965950  1.007981
176.800000  8.061600  0.733694
176.900000  8.020950  0.728815
177.000000  7.991950  0.803768
177.100000  8.122650  0.706329
177.200000  8.126750  0.804193
177.300000  7.968100  0.897884
177.400000  7.916950  0.612142
177.500000  8.070300  0.739492
177.600000  7.970050  0.924401
177.700000  7.881550  0.855387
177.800000  7.834950  0.878863
177.900000  8.029100  0.826749
178.000000  7.852000  0.870307
178.100000  7.978750  0.831063
178.200000  8.001250  0.717218
178.300000  7.944550  0.450356
178.400000  8.188700  0.885581
178.500000  8.007650  0.623032
178.600000  7.918200  0.699329
178.700000  7.944900  0.707672
178.800000  8.099050  0.609172
178.900000  7.925500  0.639225
179.000000  7.862350  0.622608
179.100000  7.911100  0.903258
179.200000  7.835850  0.592061
179.300000  7.962250  0.823567
179.400000  7.889150  0.607051
179.500000  7.849850  0.702511
179.600000  7.908000  0.879641
179.700000  7.963150  0.774494
179.800000  8.116350  0.607617
179.900000  7.915750  1.024810
180.000000  7.927700  0.731431
180.100000  7.909900  0.364584
180.200000  7.898300  0.649265
180.300000  7.716000  0.491298
180.400000  7.896600  0.684338
180.500000  7.801250  0.733199
180.600000  7.673700  0.537118
180.700000  7.960650  0.847609
180.800000  8.089100  0.680661
180.900000  8.010000  0.395273
181.000000  8.191600  0.941725
181.100000  7.865150  0.696995
181.200000  7.881350  0.372433
181.300000  7.826250  0.830073
181.400000  7.776350  0.502399
181.500000  7.798150  0.555432
181.600000  7.857900  0.596657
181.700000  7.972550  0.543553
181.800000  7.767700  0.426385
181.900000  8.026000  0.520713
182.000000  7.922500  0.133926
182.100000  8.034900  0.807799
182.200000  7.901300  0.600192
182.300000  7.907200  0.385939
182.400000  7.825500  0.600192
182.500000  7.650100  0.429638
182.600000  7.835600  0.046245
182.700000  7.840000  0.489318
182.800000  7.892900  0.553099
182.900000  7.929700  0.112571
183.000000  7.769950  0.326188
183.100000  7.754050  0.421648
183.200000  8.062700  0.337856
183.300000  7.901000  0.004384
183.400000  7.935800  0.648275
183.500000  7.839300  0.373635
183.600000  7.807700  0.408708
183.700000  7.966250  0.709864
183.800000  7.971400  0.419880
183.900000  7.636650  0.678610
184.000000  7.724200  0.385656
184.100000  7.918150  0.819325
184.200000  7.797100  0.692540
184.300000  7.842050  0.477085
184.400000  7.812500  0.670620
184.500000  8.008750  0.623880
184.600000  8.103000  1.049346
184.700000  8.089550  0.603233
184.800000  8.026350  0.822719
184.900000  7.923750  0.681439
185.000000  7.876700  0.433598
185.100000  8.256750  0.473125
185.200000  8.089850  0.558685
185.300000  7.700400  0.634558
185.400000  7.985950  0.741684
185.500000  7.803800  0.696217
185.600000  7.825400  0.797475
185.700000  8.107800  0.625224
185.800000  7.960500  0.318905
185.900000  8.008800  1.115673
186.000000  7.932400  0.697066
186.100000  7.942400  0.662842
186.200000  8.059950  0.594465
186.300000  8.133900  0.558332
186.400000  7.999500  0.769474
186.500000  8.209800  0.548998
186.600000  8.104300  0.342381
186.700000  8.080050  0.703359
186.800000  7.746300  0.608678
186.900000  7.907500  0.679247
187.000000  7.970550  0.832335
187.100000  7.918550  0.673519
187.200000  7.895550  0.416839
187.300000  8.094550  0.687803
187.400000  8.204300  0.181868
187.500000  8.253050  0.511450
187.600000  8.199950  0.663337
187.700000  8.094350  0.730512
187.800000  7.873400  0.262054
187.900000  8.094950  0.701945
188.000000  7.990550  0.351361
188.100000  7.896200  0.699329
188.200000  7.857300  0.556634
188.300000  7.934500  0.555503
188.400000  8.150350  0.445831
188.500000  8.236700  0.675711
188.600000  7.992400  0.658034
188.700000  8.311200  0.382969
188.800000  8.032350  0.388555
188.900000  8.093450  0.147856
189.000000  7.934450  0.314026
189.100000  8.078350  0.645659
189.200000  8.373950  0.054801
189.300000  8.123500  0.303490
189.400000  7.927350  0.522905
189.500000  8.335800  0.020648
189.600000  8.044600  0.526653
189.700000  8.153950  0.559109
189.800000  7.931650  0.677196
189.900000  8.035200  0.580252
190.000000  7.776850  0.323219
190.100000  7.910750  0.251801
190.200000  8.147250  0.759928
190.300000  7.832850  0.514420
190.400000  8.246100  0.801859
190.500000  8.227300  0.227123
190.600000  8.040750  0.023547
190.700000  7.964500  0.481540
190.800000  8.122100  0.593121
190.900000  8.103250  0.491369
191.000000  8.366650  0.981676
191.100000  8.065300  0.745008
191.200000  7.958350  0.892581
191.300000  8.019300  0.614052
191.400000  7.947400  0.677833
191.500000  7.948750  0.447952
191.600000  7.896550  0.748331
191.700000  8.067600  1.016537
191.800000  7.904500  0.638659
191.900000  8.010450  0.769827
192.000000  8.068350  0.391666
192.100000  8.205200  0.834527
192.200000  7.932200  0.524249
192.300000  7.996400  0.618153
192.400000  8.318600  0.526370
192.500000  8.377000  0.666377
192.600000  8.148850  0.492358
192.700000  7.970600  0.341533
192.800000  8.113700  0.773858
192.900000  8.181000  0.913299
193.000000  7.990600  0.498510
193.100000  8.128750  0.428719
193.200000  7.820550  0.713259
193.300000  7.877350  0.431406
193.400000  8.074300  0.508693
193.500000  8.086600  0.512652
193.600000  8.112800  0.508551
193.700000  8.081950  0.368473
193.800000  7.842050  0.852700
193.900000  7.964200  0.866630
194.000000  8.090950  0.626567
194.100000  7.812300  0.360907
194.200000  8.261850  0.608748
194.300000  7.988500  0.602314
194.400000  8.016950  0.625436
194.500000  8.133850  0.276267
194.600000  8.270350  0.536482
194.700000  8.281950  0.564908
194.800000  8.170550  0.691904
194.900000  8.039100  0.364867
195.000000  8.027300  0.744159
195.100000  7.952550  0.624870
195.200000  7.967950  0.821446
195.300000  8.035600  0.740341
195.400000  8.012500  0.884732
195.500000  7.840300  0.602031
195.600000  7.973750  0.783969
195.700000  8.087900  0.885581
195.800000  7.927500  0.637810
195.900000  7.766350  0.225779
196.000000  8.124800  0.662842
196.100000  7.953400  0.563564
196.200000  8.117050  0.674226
196.300000  8.052200  0.450993
196.400000  7.906000  0.595525
196.500000  8.133300  0.764665
196.600000  7.928050  0.733058
196.700000  8.097600  0.793091
196.800000  8.121350  0.414294
196.900000  8.017150  0.891025
197.000000  8.015400  0.519299
197.100000  8.018600  0.616173
197.200000  8.209300  0.486489
197.300000  7.871450  0.651175
197.400000  7.922050  0.421082
197.500000  8.160850  0.435790
197.600000  8.308350  0.266791
197.700000  8.097750  0.408778
197.800000  7.938150  0.819042
197.900000  8.163250  0.884520
198.000000  7.904650  0.841669
198.100000  8.105800  0.816567
198.200000  7.903700  0.203081
198.300000  7.888350  0.405384
198.400000  8.154000  0.644599
198.500000  7.941900  0.576999
198.600000  7.961450  0.499147
198.700000  7.852100  0.895197
198.800000  7.970600  0.827456
198.900000  7.997100  0.755473
199.000000  7.719150  0.703359
199.100000  8.043950  0.536482
199.200000  7.986400  0.346482
199.300000  7.907450  0.672671
199.400000  8.051500  0.643467
199.500000  7.899600  0.399798
199.600000  7.985450  0.607051
199.700000  7.972150  0.615678
199.800000  7.929250  0.487550
199.900000  8.218500  0.550836
200.000000  7.963350  0.652872
