# aggregated from 2 replicates
# x  mean  std
0.000000  40.454900  0.840467
1.000000  68.303700  2.006628
2.000000  25.808200  1.577272
3.000000  57.488800  7.459835
4.000000  37.810800  21.582596
6.000000  22.778700  12.972864
7.000000  14.298600  2.494956
11.000000  35.010850  8.118647
12.000000  14.795900  0.145947
13.000000  22.426100  3.505270
14.000000  51.018750  14.207684
15.000000  53.947300  1.426376
16.000000  8.267550  0.059609
17.000000  20.965500  3.239539
18.000000  59.666450  1.488106
19.000000  50.584800  27.392044
20.000000  40.469700  0.227123
21.000000  31.923750  8.989802
22.000000  42.458500  9.100040
23.000000  54.052250  9.648967
24.000000  57.048000  39.929754
25.000000  19.373700  4.932353
26.000000  27.767200  13.671485
28.000000  19.459100  1.439811
29.000000  57.862550  4.471955
30.000000  63.044400  1.799587
31.000000  51.744700  0.880631
32.000000  36.178050  19.955048
33.000000  28.697200  12.125043
34.000000  22.883200  1.303198
35.000000  42.019950  6.646167
36.000000  12.573850  1.451620
38.000000  57.023700  16.511650
39.000000  27.658900  4.697593
40.000000  15.735950  0.121127
41.000000  18.494000  4.616983
42.000000  42.855650  1.753130
43.000000  52.550300  8.794994
45.000000  20.104650  6.626651
46.000000  60.872650  30.561791
48.000000  25.646650  22.079763
49.000000  24.562700  0.796061
50.000000  39.144350  20.389212
52.000000  9.355950  2.198466
53.000000  9.298100  0.954736
54.000000  32.619450  11.020613
55.000000  7.680650  0.923128
56.000000  12.397500  2.059661
57.000000  50.308700  6.962173
58.000000  16.688950  10.521961
60.000000  40.356450  13.376551
61.000000  41.829600  19.628860
63.000000  17.536650  5.843743
64.000000  9.094050  1.664741
65.000000  10.036200  1.441508
66.000000  18.824000  8.089160
67.000000  69.220850  1.813658
68.000000  59.358200  2.956696
69.000000  63.310000  14.755621
70.000000  20.643150  0.171898
71.000000  10.179650  1.451054
74.000000  7.897200  0.533017
76.000000  53.362250  29.713970
77.000000  49.575450  30.113627
78.000000  23.055000  18.881165
79.000000  45.050200  0.436568
80.000000  21.622450  5.022509
81.000000  76.927300  15.538389
82.000000  78.585000  3.950464
83.000000  55.284700  7.853976
84.000000  14.192800  3.129937
85.000000  10.011400  1.066458
86.000000  65.818450  23.754050
87.000000  46.836250  14.354763
88.000000  17.629400  8.119283
89.000000  37.453850  3.243711
90.000000  21.912250  10.343912
91.000000  34.996900  28.821814
93.000000  46.936250  8.901131
94.000000  21.147550  18.237062
95.000000  12.445350  2.654125
96.000000  28.049200  26.428399
97.000000  47.715500  21.038124
98.000000  11.233500  0.423416
100.000000  8.477450  0.293379
101.000000  11.495600  0.314521
102.000000  39.452450  9.041845
103.000000  20.645050  4.279340
104.000000  17.211600  0.997162
105.000000  7.817150  0.618365
106.000000  37.078100  7.532243
107.000000  9.041150  0.873065
109.000000  9.809000  0.712339
110.000000  14.589500  1.393000
111.000000  10.214150  1.104430
112.000000  69.320350  0.125370
113.000000  33.771150  14.069799
114.000000  58.979250  0.838841
115.000000  25.651900  17.630859
116.000000  46.374350  7.834107
117.000000  60.561150  4.824943
122.000000  20.934450  1.550756
124.000000  26.269850  0.073751
125.000000  25.629000  0.428224
126.000000  45.714850  4.179355
127.000000  7.863000  0.057134
128.000000  14.408600  8.555144
129.000000  58.382050  34.072294
130.000000  10.032050  1.987041
131.000000  28.860250  22.553949
132.000000  24.858300  16.187937
133.000000  33.478450  33.250636
134.000000  15.172850  5.237469
135.000000  8.675900  1.078904
136.000000  14.237400  0.227123
137.000000  49.852850  3.514533
138.000000  48.914000  5.493088
139.000000  49.557150  5.801316
