# aggregated from 2 replicates
# x  mean  std
0.000000  63.000000  0.000000
0.100000  64.500000  17.677670
0.200000  65.500000  19.091883
0.300000  62.000000  14.142136
0.400000  69.500000  14.849242
0.500000  73.000000  21.213203
0.600000  69.500000  28.991378
0.700000  74.500000  10.606602
0.800000  66.500000  21.920310
0.900000  63.500000  23.334524
1.000000  69.500000  16.263456
1.100000  66.000000  18.384776
1.200000  67.000000  14.142136
1.300000  63.500000  21.920310
1.400000  70.500000  10.606602
1.500000  65.000000  15.556349
1.600000  72.000000  21.213203
1.700000  66.000000  12.727922
1.800000  69.000000  15.556349
1.900000  69.500000  12.020815
2.000000  66.000000  14.142136
2.100000  61.500000  24.748737
2.200000  70.500000  28.991378
2.300000  69.000000  26.870058
2.400000  57.500000  14.849242
2.500000  68.000000  28.284271
2.600000  56.500000  33.234019
2.700000  73.000000  21.213203
2.800000  60.500000  33.234019
2.900000  61.500000  20.506097
3.000000  60.500000  40.305087
3.100000  52.500000  27.577164
3.200000  64.000000  28.284271
3.300000  60.500000  28.991378
3.400000  64.500000  28.991378
3.500000  62.500000  38.890873
3.600000  54.000000  18.384776
3.700000  57.000000  19.798990
3.800000  54.000000  32.526912
3.900000  66.000000  29.698485
4.000000  57.500000  30.405592
4.100000  58.000000  36.769553
4.200000  61.500000  13.435029
4.300000  61.000000  31.112698
4.400000  64.500000  27.577164
4.500000  62.500000  28.991378
4.600000  63.500000  28.991378
4.700000  61.500000  12.020815
4.800000  62.500000  34.648232
4.900000  61.000000  33.941125
5.000000  58.500000  43.133514
5.100000  58.000000  38.183766
5.200000  60.000000  29.698485
5.300000  65.500000  33.234019
5.400000  71.000000  25.455844
5.500000  65.500000  10.606602
5.600000  64.500000  13.435029
5.700000  66.500000  9.192388
5.800000  67.500000  16.263456
5.900000  60.500000  30.405592
6.000000  76.000000  31.112698
6.100000  59.000000  28.284271
6.200000  65.000000  25.455844
6.300000  72.500000  33.234019
6.400000  70.000000  19.798990
6.500000  70.500000  34.648232
6.600000  53.500000  23.334524
6.700000  72.500000  34.648232
6.800000  64.500000  26.162951
6.900000  61.000000  26.870058
7.000000  60.500000  38.890873
7.100000  62.000000  22.627417
7.200000  60.000000  26.870058
7.300000  78.500000  21.920310
7.400000  63.000000  18.384776
7.500000  68.000000  36.769553
7.600000  69.500000  33.234019
7.700000  60.000000  19.798990
7.800000  70.000000  32.526912
7.900000  60.500000  30.405592
8.000000  58.000000  32.526912
8.100000  59.500000  27.577164
8.200000  61.500000  27.577164
8.300000  61.000000  26.870058
8.400000  60.500000  34.648232
8.500000  62.000000  35.355339
8.600000  72.000000  31.112698
8.700000  65.000000  31.112698
8.800000  66.500000  36.062446
8.900000  67.500000  30.405592
9.000000  65.000000  39.597980
9.100000  68.500000  30.405592
9.200000  69.000000  50.911688
9.300000  65.000000  36.769553
9.400000  73.000000  43.840620
9.500000  77.500000  38.890873
9.600000  69.500000  37.476659
9.700000  82.000000  38.183766
9.800000  76.500000  44.547727
9.900000  66.000000  21.213203
10.000000  79.000000  48.083261
10.100000  76.000000  33.941125
10.200000  70.500000  43.133514
10.300000  75.000000  39.597980
10.400000  69.500000  47.376154
10.500000  80.000000  29.698485
10.600000  71.500000  38.890873
10.700000  78.000000  26.870058
10.800000  80.500000  36.062446
10.900000  75.000000  19.798990
11.000000  76.000000  33.941125
11.100000  81.000000  16.970563
11.200000  82.000000  25.455844
11.300000  75.000000  19.798990
11.400000  73.500000  16.263456
11.500000  67.500000  17.677670
11.600000  64.500000  21.920310
11.700000  62.000000  16.970563
11.800000  68.500000  16.263456
11.900000  71.500000  24.748737
12.000000  68.500000  13.435029
12.100000  79.500000  26.162951
12.200000  68.500000  21.920310
12.300000  70.000000  22.627417
12.400000  65.000000  25.455844
12.500000  75.500000  36.062446
12.600000  77.000000  33.941125
12.700000  67.000000  25.455844
12.800000  71.000000  24.041631
12.900000  72.500000  13.435029
13.000000  79.000000  8.485281
13.100000  77.000000  29.698485
13.200000  76.000000  36.769553
13.300000  72.000000  26.870058
13.400000  69.500000  33.234019
13.500000  78.500000  38.890873
13.600000  77.500000  40.305087
13.700000  75.500000  38.890873
13.800000  80.500000  27.577164
13.900000  77.000000  31.112698
14.000000  71.500000  13.435029
14.100000  72.000000  25.455844
14.200000  79.000000  16.970563
14.300000  70.000000  19.798990
14.400000  79.000000  32.526912
14.500000  71.500000  17.677670
14.600000  76.000000  25.455844
14.700000  70.500000  21.920310
14.800000  76.500000  24.748737
14.900000  78.500000  14.849242
15.000000  74.500000  34.648232
15.100000  70.000000  28.284271
15.200000  70.500000  23.334524
15.300000  73.000000  22.627417
15.400000  73.000000  31.112698
15.500000  67.500000  21.920310
15.600000  75.500000  23.334524
15.700000  69.500000  26.162951
15.800000  79.500000  16.263456
15.900000  71.500000  34.648232
16.000000  67.000000  26.870058
16.100000  69.500000  33.234019
16.200000  78.000000  18.384776
16.300000  72.500000  20.506097
16.400000  62.000000  25.455844
16.500000  70.000000  11.313708
16.600000  83.000000  19.798990
16.700000  68.500000  17.677670
16.800000  80.000000  22.627417
16.900000  77.500000  21.920310
17.000000  74.000000  26.870058
17.100000  78.500000  30.405592
17.200000  80.500000  31.819805
17.300000  65.500000  30.405592
17.400000  77.500000  20.506097
17.500000  77.000000  14.142136
17.600000  80.000000  14.142136
17.700000  72.000000  24.041631
17.800000  66.500000  6.363961
17.900000  78.500000  17.677670
18.000000  73.500000  16.263456
18.100000  70.500000  14.849242
18.200000  69.500000  26.162951
18.300000  80.000000  15.556349
18.400000  68.500000  26.162951
18.500000  66.500000  26.162951
18.600000  71.000000  16.970563
18.700000  72.000000  11.313708
18.800000  72.000000  9.899495
18.900000  73.500000  6.363961
19.000000  72.000000  15.556349
19.100000  68.000000  1.414214
19.200000  61.000000  15.556349
19.300000  75.000000  19.798990
19.400000  81.500000  16.263456
19.500000  69.500000  14.849242
19.600000  67.500000  20.506097
19.700000  76.000000  14.142136
19.800000  71.000000  0.000000
19.900000  70.000000  5.656854
20.000000  65.500000  10.606602
20.100000  71.000000  9.899495
20.200000  70.000000  16.970563
20.300000  77.000000  2.828427
20.400000  60.000000  0.000000
20.500000  77.000000  11.313708
20.600000  72.500000  14.849242
20.700000  60.500000  3.535534
20.800000  74.500000  21.920310
20.900000  76.500000  14.849242
21.000000  71.500000  24.748737
21.100000  72.000000  18.384776
21.200000  63.500000  13.435029
21.300000  72.000000  25.455844
21.400000  86.500000  19.091883
21.500000  71.000000  31.112698
21.600000  67.000000  8.485281
21.700000  65.500000  17.677670
21.800000  75.000000  32.526912
21.900000  75.000000  19.798990
22.000000  69.500000  30.405592
22.100000  61.500000  14.849242
22.200000  74.000000  22.627417
22.300000  71.500000  23.334524
22.400000  77.500000  19.091883
22.500000  79.000000  16.970563
22.600000  68.000000  9.899495
22.700000  65.000000  24.041631
22.800000  64.500000  14.849242
22.900000  69.500000  24.748737
23.000000  77.500000  20.506097
23.100000  79.500000  23.334524
23.200000  67.000000  11.313708
23.300000  69.000000  16.970563
23.400000  76.500000  28.991378
23.500000  70.000000  22.627417
23.600000  79.500000  23.334524
23.700000  71.000000  19.798990
23.800000  74.000000  14.142136
23.900000  69.000000  21.213203
24.000000  72.000000  12.727922
24.100000  77.000000  26.870058
24.200000  82.000000  36.769553
24.300000  78.500000  34.648232
24.400000  75.000000  35.355339
24.500000  72.500000  17.677670
24.600000  82.500000  19.091883
24.700000  87.500000  21.920310
24.800000  66.000000  39.597980
24.900000  77.000000  31.112698
25.000000  75.000000  12.727922
25.100000  75.000000  12.727922
25.200000  69.000000  33.941125
25.300000  71.500000  7.778175
25.400000  70.000000  11.313708
25.500000  79.000000  22.627417
25.600000  61.500000  33.234019
25.700000  67.000000  14.142136
25.800000  68.000000  9.899495
25.900000  77.500000  17.677670
26.000000  86.500000  23.334524
26.100000  78.000000  14.142136
26.200000  71.000000  7.071068
26.300000  77.500000  23.334524
26.400000  72.500000  21.920310
26.500000  65.000000  21.213203
26.600000  68.500000  9.192388
26.700000  67.000000  21.213203
26.800000  61.000000  11.313708
26.900000  71.500000  13.435029
27.000000  67.000000  31.112698
27.100000  66.500000  14.849242
27.200000  65.000000  7.071068
27.300000  60.000000  15.556349
27.400000  55.500000  31.819805
27.500000  80.000000  7.071068
27.600000  65.000000  8.485281
27.700000  79.500000  21.920310
27.800000  62.000000  21.213203
27.900000  80.000000  26.870058
28.000000  76.500000  3.535534
28.100000  72.500000  14.849242
28.200000  72.000000  11.313708
28.300000  62.500000  38.890873
28.400000  65.000000  24.041631
28.500000  75.500000  7.778175
28.600000  68.000000  19.798990
28.700000  74.000000  18.384776
28.800000  68.000000  25.455844
28.900000  65.000000  31.112698
29.000000  62.000000  19.798990
29.100000  66.500000  24.748737
29.200000  73.000000  8.485281
29.300000  69.500000  7.778175
29.400000  71.000000  8.485281
29.500000  69.500000  19.091883
29.600000  69.000000  18.384776
29.700000  74.000000  28.284271
29.800000  68.500000  10.606602
29.900000  77.000000  22.627417
30.000000  76.000000  21.213203
30.100000  74.500000  13.435029
30.200000  63.500000  23.334524
30.300000  65.500000  14.849242
30.400000  85.500000  23.334524
30.500000  73.000000  14.142136
30.600000  79.000000  32.526912
30.700000  63.500000  10.606602
30.800000  64.000000  19.798990
30.900000  81.500000  28.991378
31.000000  82.000000  8.485281
31.100000  65.500000  9.192388
31.200000  76.000000  29.698485
31.300000  82.000000  19.798990
31.400000  86.500000  28.991378
31.500000  79.500000  13.435029
31.600000  83.500000  26.162951
31.700000  70.000000  31.112698
31.800000  77.500000  26.162951
31.900000  74.500000  21.920310
32.000000  72.000000  9.899495
32.100000  75.500000  23.334524
32.200000  85.500000  28.991378
32.300000  80.500000  13.435029
32.400000  72.000000  31.112698
32.500000  75.000000  8.485281
32.600000  72.500000  24.748737
32.700000  83.500000  20.506097
32.800000  78.500000  19.091883
32.900000  67.000000  15.556349
33.000000  74.000000  21.213203
33.100000  81.000000  24.041631
33.200000  73.000000  28.284271
33.300000  72.000000  21.213203
33.400000  78.500000  21.920310
33.500000  79.000000  25.455844
33.600000  74.500000  20.506097
33.700000  77.000000  25.455844
33.800000  71.500000  27.577164
33.900000  71.500000  19.091883
34.000000  64.500000  4.949747
34.100000  73.500000  9.192388
34.200000  72.000000  22.627417
34.300000  73.000000  14.142136
34.400000  80.000000  25.455844
34.500000  86.000000  11.313708
34.600000  79.500000  28.991378
34.700000  76.000000  12.727922
34.800000  76.000000  16.970563
34.900000  68.500000  34.648232
35.000000  75.000000  16.970563
35.100000  82.500000  31.819805
35.200000  70.500000  33.234019
35.300000  70.500000  31.819805
35.400000  77.000000  21.213203
35.500000  76.500000  34.648232
35.600000  74.500000  12.020815
35.700000  74.000000  22.627417
35.800000  86.000000  25.455844
35.900000  79.500000  26.162951
36.000000  72.000000  24.041631
36.100000  70.000000  9.899495
36.200000  70.500000  19.091883
36.300000  73.500000  23.334524
36.400000  70.000000  22.627417
36.500000  78.500000  20.506097
36.600000  83.500000  17.677670
36.700000  75.500000  16.263456
36.800000  88.500000  17.677670
36.900000  73.500000  10.606602
37.000000  80.000000  19.798990
37.100000  81.000000  22.627417
37.200000  65.000000  4.242641
37.300000  66.500000  16.263456
37.400000  77.000000  25.455844
37.500000  80.500000  14.849242
37.600000  78.500000  0.707107
37.700000  81.000000  18.384776
37.800000  80.500000  13.435029
37.900000  80.500000  19.091883
38.000000  75.500000  6.363961
38.100000  87.500000  17.677670
38.200000  83.000000  19.798990
38.300000  80.000000  22.627417
38.400000  84.000000  9.899495
38.500000  80.000000  7.071068
38.600000  75.500000  10.606602
38.700000  63.500000  2.121320
38.800000  71.500000  3.535534
38.900000  80.500000  19.091883
39.000000  75.000000  8.485281
39.100000  73.500000  9.192388
39.200000  77.500000  4.949747
39.300000  79.500000  19.091883
39.400000  77.000000  19.798990
39.500000  69.500000  17.677670
39.600000  74.500000  20.506097
39.700000  70.000000  22.627417
39.800000  73.000000  4.242641
39.900000  76.000000  9.899495
40.000000  77.000000  16.970563
40.100000  83.500000  12.020815
40.200000  79.500000  12.020815
40.300000  66.000000  2.828427
40.400000  80.000000  16.970563
40.500000  70.500000  13.435029
40.600000  75.000000  1.414214
40.700000  75.000000  2.828427
40.800000  79.000000  1.414214
40.900000  79.000000  16.970563
41.000000  71.500000  2.121320
41.100000  81.500000  7.778175
41.200000  66.500000  10.606602
41.300000  68.500000  0.707107
41.400000  74.500000  7.778175
41.500000  81.500000  12.020815
41.600000  74.000000  9.899495
41.700000  79.000000  24.041631
41.800000  77.500000  17.677670
41.900000  85.500000  10.606602
42.000000  77.500000  28.991378
42.100000  76.500000  20.506097
42.200000  80.000000  22.627417
42.300000  86.000000  21.213203
42.400000  77.000000  11.313708
42.500000  67.500000  19.091883
42.600000  76.500000  6.363961
42.700000  78.500000  6.363961
42.800000  82.500000  12.020815
42.900000  77.000000  18.384776
43.000000  73.000000  11.313708
43.100000  84.000000  16.970563
43.200000  74.000000  26.870058
43.300000  79.000000  22.627417
43.400000  90.500000  14.849242
43.500000  71.000000  16.970563
43.600000  77.000000  22.627417
43.700000  70.500000  3.535534
43.800000  78.000000  1.414214
43.900000  79.000000  12.727922
44.000000  81.500000  14.849242
44.100000  69.000000  16.970563
44.200000  86.500000  19.091883
44.300000  72.500000  21.920310
44.400000  62.500000  26.162951
44.500000  72.500000  28.991378
44.600000  72.000000  14.142136
44.700000  75.500000  34.648232
44.800000  76.000000  12.727922
44.900000  83.000000  9.899495
45.000000  80.500000  2.121320
45.100000  77.000000  26.870058
45.200000  84.000000  11.313708
45.300000  85.000000  4.242641
45.400000  86.500000  3.535534
45.500000  81.000000  25.455844
45.600000  79.000000  16.970563
45.700000  81.000000  22.627417
45.800000  80.500000  23.334524
45.900000  79.500000  23.334524
46.000000  82.500000  17.677670
46.100000  82.500000  19.091883
46.200000  87.000000  24.041631
46.300000  77.000000  12.727922
46.400000  77.500000  10.606602
46.500000  79.500000  16.263456
46.600000  90.500000  31.819805
46.700000  82.500000  26.162951
46.800000  89.500000  13.435029
46.900000  76.000000  25.455844
47.000000  74.500000  21.920310
47.100000  79.500000  7.778175
47.200000  84.000000  11.313708
47.300000  78.000000  8.485281
47.400000  76.500000  9.192388
47.500000  80.500000  16.263456
47.600000  93.000000  16.970563
47.700000  76.000000  12.727922
47.800000  70.500000  13.435029
47.900000  82.000000  11.313708
48.000000  92.000000  21.213203
48.100000  90.000000  14.142136
48.200000  86.500000  27.577164
48.300000  88.000000  28.284271
48.400000  76.000000  11.313708
48.500000  84.500000  14.849242
48.600000  75.500000  30.405592
48.700000  77.000000  19.798990
48.800000  74.500000  27.577164
48.900000  76.500000  9.192388
49.000000  64.500000  19.091883
49.100000  68.500000  2.121320
49.200000  66.500000  3.535534
49.300000  68.000000  8.485281
49.400000  73.500000  0.707107
49.500000  71.500000  2.121320
49.600000  78.000000  4.242641
49.700000  79.000000  5.656854
49.800000  70.500000  14.849242
49.900000  71.000000  2.828427
50.000000  76.500000  3.535534
50.100000  68.000000  8.485281
50.200000  72.000000  11.313708
50.300000  77.000000  11.313708
50.400000  73.500000  16.263456
50.500000  80.500000  0.707107
50.600000  72.500000  19.091883
50.700000  67.500000  6.363961
50.800000  71.500000  20.506097
50.900000  75.000000  1.414214
51.000000  71.000000  5.656854
51.100000  79.000000  14.142136
51.200000  70.500000  0.707107
51.300000  78.000000  7.071068
51.400000  73.500000  7.778175
51.500000  69.500000  9.192388
51.600000  77.000000  1.414214
51.700000  73.000000  9.899495
51.800000  74.000000  7.071068
51.900000  68.000000  15.556349
52.000000  78.000000  8.485281
52.100000  81.000000  12.727922
52.200000  85.000000  7.071068
52.300000  74.500000  14.849242
52.400000  69.000000  21.213203
52.500000  72.500000  14.849242
52.600000  82.500000  2.121320
52.700000  67.000000  12.727922
52.800000  78.500000  7.778175
52.900000  84.500000  9.192388
53.000000  71.500000  13.435029
53.100000  79.000000  7.071068
53.200000  83.000000  1.414214
53.300000  82.500000  17.677670
53.400000  85.000000  21.213203
53.500000  78.000000  8.485281
53.600000  81.500000  6.363961
53.700000  75.500000  13.435029
53.800000  80.000000  9.899495
53.900000  79.500000  24.748737
54.000000  78.000000  12.727922
54.100000  77.000000  15.556349
54.200000  73.500000  24.748737
54.300000  78.500000  21.920310
54.400000  83.500000  3.535534
54.500000  83.000000  11.313708
54.600000  80.000000  4.242641
54.700000  83.500000  23.334524
54.800000  81.000000  16.970563
54.900000  68.000000  21.213203
55.000000  80.000000  8.485281
55.100000  72.500000  14.849242
55.200000  83.500000  19.091883
55.300000  88.000000  4.242641
55.400000  81.500000  7.778175
55.500000  76.500000  13.435029
55.600000  76.000000  22.627417
55.700000  80.000000  5.656854
55.800000  74.500000  14.849242
55.900000  89.000000  18.384776
56.000000  78.000000  4.242641
56.100000  70.500000  21.920310
56.200000  68.000000  28.284271
56.300000  61.000000  8.485281
56.400000  63.500000  3.535534
56.500000  63.000000  0.000000
56.600000  69.000000  11.313708
56.700000  70.000000  11.313708
56.800000  64.500000  16.263456
56.900000  67.000000  1.414214
57.000000  62.000000  1.414214
57.100000  69.000000  22.627417
57.200000  68.500000  0.707107
57.300000  82.000000  7.071068
57.400000  62.500000  12.020815
57.500000  79.000000  1.414214
57.600000  71.000000  2.828427
57.700000  62.500000  14.849242
57.800000  67.000000  7.071068
57.900000  67.500000  7.778175
58.000000  84.000000  8.485281
58.100000  66.500000  6.363961
58.200000  68.500000  13.435029
58.300000  61.500000  2.121320
58.400000  61.500000  10.606602
58.500000  68.500000  10.606602
58.600000  70.500000  16.263456
58.700000  70.500000  14.849242
58.800000  74.000000  5.656854
58.900000  64.000000  1.414214
59.000000  60.500000  6.363961
59.100000  61.500000  9.192388
59.200000  51.000000  1.414214
59.300000  62.500000  3.535534
59.400000  70.000000  4.242641
59.500000  65.000000  8.485281
59.600000  69.000000  7.071068
59.700000  66.500000  3.535534
59.800000  74.500000  10.606602
59.900000  58.500000  0.707107
60.000000  63.500000  3.535534
60.100000  73.000000  24.041631
60.200000  66.500000  6.363961
60.300000  77.000000  24.041631
60.400000  75.500000  21.920310
60.500000  66.000000  9.899495
60.600000  72.500000  21.920310
60.700000  68.000000  28.284271
60.800000  69.500000  14.849242
60.900000  62.500000  19.091883
61.000000  76.500000  0.707107
61.100000  64.000000  1.414214
61.200000  69.000000  1.414214
61.300000  64.000000  1.414214
61.400000  66.500000  6.363961
61.500000  72.000000  15.556349
61.600000  77.500000  0.707107
61.700000  66.500000  4.949747
61.800000  65.500000  0.707107
61.900000  67.500000  4.949747
62.000000  71.500000  6.363961
62.100000  69.500000  2.121320
62.200000  61.500000  6.363961
62.300000  65.000000  4.242641
62.400000  57.000000  8.485281
62.500000  62.500000  2.121320
62.600000  61.000000  2.828427
62.700000  78.500000  7.778175
62.800000  73.500000  13.435029
62.900000  70.000000  2.828427
63.000000  71.000000  11.313708
63.100000  66.500000  7.778175
63.200000  66.500000  10.606602
63.300000  74.500000  4.949747
63.400000  71.000000  5.656854
63.500000  69.000000  7.071068
63.600000  73.000000  2.828427
63.700000  71.000000  26.870058
63.800000  68.000000  8.485281
63.900000  70.000000  8.485281
64.000000  64.500000  9.192388
64.100000  74.000000  2.828427
64.200000  74.500000  9.192388
64.300000  65.500000  3.535534
64.400000  63.500000  2.121320
64.500000  66.500000  12.020815
64.600000  66.500000  0.707107
64.700000  63.000000  2.828427
64.800000  63.500000  6.363961
64.900000  62.000000  15.556349
65.000000  74.000000  1.414214
65.100000  66.000000  5.656854
65.200000  65.500000  9.192388
65.300000  66.000000  8.485281
65.400000  68.000000  5.656854
65.500000  80.000000  28.284271
65.600000  72.500000  13.435029
65.700000  69.000000  2.828427
65.800000  74.500000  7.778175
65.900000  70.000000  1.414214
66.000000  81.000000  1.414214
66.100000  74.000000  0.000000
66.200000  78.000000  1.414214
66.300000  70.000000  1.414214
66.400000  64.500000  0.707107
66.500000  63.000000  1.414214
66.600000  63.500000  9.192388
66.700000  70.000000  1.414214
66.800000  72.500000  9.192388
66.900000  56.000000  4.242641
67.000000  71.000000  14.142136
67.100000  64.000000  1.414214
67.200000  61.500000  14.849242
67.300000  71.500000  3.535534
67.400000  67.000000  1.414214
67.500000  62.500000  7.778175
67.600000  62.500000  4.949747
67.700000  66.000000  14.142136
67.800000  64.500000  2.121320
67.900000  68.000000  15.556349
68.000000  60.500000  2.121320
68.100000  68.000000  2.828427
68.200000  69.500000  3.535534
68.300000  67.500000  9.192388
68.400000  65.000000  0.000000
68.500000  76.000000  0.000000
68.600000  63.000000  4.242641
68.700000  67.500000  2.121320
68.800000  56.500000  13.435029
68.900000  68.000000  9.899495
69.000000  66.000000  11.313708
69.100000  61.000000  5.656854
69.200000  68.000000  18.384776
69.300000  65.000000  1.414214
69.400000  59.000000  5.656854
69.500000  68.000000  7.071068
69.600000  74.500000  3.535534
69.700000  67.500000  0.707107
69.800000  60.000000  8.485281
69.900000  67.500000  13.435029
70.000000  71.500000  0.707107
70.100000  61.000000  0.000000
70.200000  70.500000  9.192388
70.300000  66.000000  1.414214
70.400000  77.000000  4.242641
70.500000  67.000000  12.727922
70.600000  67.500000  3.535534
70.700000  75.500000  6.363961
70.800000  71.000000  5.656854
70.900000  76.000000  7.071068
71.000000  64.500000  3.535534
71.100000  69.000000  14.142136
71.200000  71.000000  1.414214
71.300000  68.000000  15.556349
71.400000  54.000000  2.828427
71.500000  67.500000  16.263456
71.600000  62.000000  2.828427
71.700000  69.000000  4.242641
71.800000  71.500000  6.363961
71.900000  70.000000  5.656854
72.000000  73.500000  0.707107
72.100000  61.500000  7.778175
72.200000  73.500000  12.020815
72.300000  71.500000  6.363961
72.400000  65.000000  7.071068
72.500000  80.000000  16.970563
72.600000  73.000000  0.000000
72.700000  65.500000  7.778175
72.800000  70.000000  2.828427
72.900000  74.000000  4.242641
73.000000  68.500000  4.949747
73.100000  71.000000  1.414214
73.200000  76.000000  2.828427
73.300000  66.500000  4.949747
73.400000  63.000000  5.656854
73.500000  75.000000  15.556349
73.600000  65.500000  0.707107
73.700000  58.500000  3.535534
73.800000  72.500000  4.949747
73.900000  75.500000  3.535534
74.000000  61.500000  3.535534
74.100000  63.000000  2.828427
74.200000  63.500000  12.020815
74.300000  59.000000  5.656854
74.400000  65.500000  4.949747
74.500000  64.500000  3.535534
74.600000  69.500000  6.363961
74.700000  62.000000  9.899495
74.800000  69.500000  10.606602
74.900000  69.000000  5.656854
75.000000  76.500000  7.778175
75.100000  62.500000  0.707107
75.200000  71.000000  4.242641
75.300000  74.500000  6.363961
75.400000  65.000000  1.414214
75.500000  66.500000  4.949747
75.600000  67.500000  16.263456
75.700000  73.500000  9.192388
75.800000  65.500000  0.707107
75.900000  66.000000  0.000000
76.000000  71.000000  11.313708
76.100000  80.000000  2.828427
76.200000  72.000000  7.071068
76.300000  63.000000  1.414214
76.400000  69.000000  7.071068
76.500000  72.500000  9.192388
76.600000  69.500000  14.849242
76.700000  80.500000  12.020815
76.800000  79.000000  8.485281
76.900000  71.500000  6.363961
77.000000  64.500000  4.949747
77.100000  71.500000  4.949747
77.200000  63.500000  10.606602
77.300000  71.500000  10.606602
77.400000  67.000000  5.656854
77.500000  59.500000  6.363961
77.600000  67.500000  4.949747
77.700000  66.000000  2.828427
77.800000  77.000000  18.384776
77.900000  76.500000  14.849242
78.000000  68.500000  9.192388
78.100000  62.500000  6.363961
78.200000  67.000000  2.828427
78.300000  76.500000  3.535534
78.400000  65.000000  5.656854
78.500000  66.500000  6.363961
78.600000  71.000000  1.414214
78.700000  73.500000  0.707107
78.800000  68.000000  12.727922
78.900000  74.000000  2.828427
79.000000  66.000000  7.071068
79.100000  70.000000  2.828427
79.200000  63.000000  8.485281
79.300000  64.500000  4.949747
79.400000  73.000000  4.242641
79.500000  67.500000  4.949747
79.600000  67.500000  17.677670
79.700000  68.500000  0.707107
79.800000  76.000000  11.313708
79.900000  67.000000  18.384776
80.000000  77.500000  7.778175
80.100000  67.500000  6.363961
80.200000  73.000000  0.000000
80.300000  63.500000  3.535534
80.400000  75.500000  6.363961
80.500000  63.500000  4.949747
80.600000  65.500000  4.949747
80.700000  62.000000  12.727922
80.800000  56.000000  7.071068
80.900000  71.500000  14.849242
81.000000  55.500000  9.192388
81.100000  65.500000  9.192388
81.200000  67.500000  6.363961
81.300000  69.500000  0.707107
81.400000  82.500000  4.949747
81.500000  76.000000  11.313708
81.600000  72.000000  11.313708
81.700000  73.000000  25.455844
81.800000  76.500000  16.263456
81.900000  73.500000  9.192388
82.000000  71.000000  12.727922
82.100000  74.500000  3.535534
82.200000  67.000000  8.485281
82.300000  67.500000  3.535534
82.400000  64.500000  0.707107
82.500000  73.000000  14.142136
82.600000  69.500000  19.091883
82.700000  72.000000  16.970563
82.800000  72.000000  22.627417
82.900000  63.000000  2.828427
83.000000  69.000000  9.899495
83.100000  65.000000  24.041631
83.200000  62.000000  1.414214
83.300000  68.500000  17.677670
83.400000  66.000000  7.071068
83.500000  62.000000  15.556349
83.600000  79.500000  2.121320
83.700000  59.500000  10.606602
83.800000  74.000000  12.727922
83.900000  68.500000  7.778175
84.000000  62.500000  0.707107
84.100000  67.500000  2.121320
84.200000  71.000000  12.727922
84.300000  61.000000  12.727922
84.400000  71.000000  11.313708
84.500000  70.500000  4.949747
84.600000  70.000000  1.414214
84.700000  70.500000  0.707107
84.800000  68.500000  14.849242
84.900000  59.000000  5.656854
85.000000  65.000000  4.242641
85.100000  61.500000  6.363961
85.200000  61.500000  10.606602
85.300000  56.000000  12.727922
85.400000  68.000000  1.414214
85.500000  63.500000  6.363961
85.600000  65.000000  5.656854
85.700000  58.000000  15.556349
85.800000  67.000000  7.071068
85.900000  71.500000  12.020815
86.000000  70.000000  2.828427
86.100000  67.500000  20.506097
86.200000  76.500000  2.121320
86.300000  61.500000  0.707107
86.400000  59.000000  7.071068
86.500000  58.500000  9.192388
86.600000  60.000000  4.242641
86.700000  62.000000  14.142136
86.800000  70.500000  24.748737
86.900000  69.000000  2.828427
87.000000  61.000000  5.656854
87.100000  66.000000  8.485281
87.200000  58.000000  9.899495
87.300000  65.500000  2.121320
87.400000  63.500000  4.949747
87.500000  64.500000  2.121320
87.600000  65.000000  5.656854
87.700000  65.500000  9.192388
87.800000  65.500000  4.949747
87.900000  65.000000  12.727922
88.000000  55.000000  0.000000
88.100000  59.500000  4.949747
88.200000  61.500000  4.949747
88.300000  54.500000  0.707107
88.400000  55.000000  1.414214
88.500000  58.000000  5.656854
88.600000  60.000000  7.071068
88.700000  62.000000  7.071068
88.800000  61.500000  0.707107
88.900000  67.500000  3.535534
89.000000  60.000000  9.899495
89.100000  62.500000  3.535534
89.200000  58.500000  6.363961
89.300000  61.500000  0.707107
89.400000  57.000000  4.242641
89.500000  66.000000  8.485281
89.600000  63.500000  3.535534
89.700000  56.500000  7.778175
89.800000  61.500000  10.606602
89.900000  60.500000  14.849242
90.000000  64.000000  5.656854
90.100000  70.500000  14.849242
90.200000  59.500000  2.121320
90.300000  77.500000  12.020815
90.400000  67.000000  19.798990
90.500000  69.000000  1.414214
90.600000  59.500000  17.677670
90.700000  55.500000  7.778175
90.800000  66.500000  6.363961
90.900000  65.000000  5.656854
91.000000  62.000000  11.313708
91.100000  57.000000  12.727922
91.200000  60.000000  2.828427
91.300000  65.500000  10.606602
91.400000  63.500000  12.020815
91.500000  72.000000  5.656854
91.600000  75.500000  0.707107
91.700000  61.500000  19.091883
91.800000  72.000000  2.828427
91.900000  62.500000  2.121320
92.000000  60.500000  13.435029
92.100000  75.500000  13.435029
92.200000  61.500000  0.707107
92.300000  64.500000  17.677670
92.400000  62.500000  0.707107
92.500000  62.500000  16.263456
92.600000  61.500000  3.535534
92.700000  74.500000  0.707107
92.800000  57.500000  0.707107
92.900000  60.000000  4.242641
93.000000  65.000000  8.485281
93.100000  69.500000  0.707107
93.200000  57.000000  5.656854
93.300000  60.500000  2.121320
93.400000  66.500000  12.020815
93.500000  64.500000  7.778175
93.600000  65.000000  5.656854
93.700000  70.000000  16.970563
93.800000  65.000000  2.828427
93.900000  67.500000  10.606602
94.000000  74.000000  2.828427
94.100000  63.000000  9.899495
94.200000  59.500000  4.949747
94.300000  70.500000  2.121320
94.400000  60.500000  17.677670
94.500000  68.500000  2.121320
94.600000  61.500000  9.192388
94.700000  66.500000  3.535534
94.800000  68.000000  1.414214
94.900000  55.000000  8.485281
95.000000  63.000000  2.828427
95.100000  60.500000  0.707107
95.200000  63.500000  0.707107
95.300000  67.500000  14.849242
95.400000  57.000000  1.414214
95.500000  72.500000  0.707107
95.600000  64.500000  3.535534
95.700000  76.000000  5.656854
95.800000  64.500000  4.949747
95.900000  72.500000  9.192388
96.000000  72.500000  2.121320
96.100000  79.000000  16.970563
96.200000  84.500000  2.121320
96.300000  72.000000  15.556349
96.400000  65.000000  11.313708
96.500000  77.000000  5.656854
96.600000  63.000000  18.384776
96.700000  74.500000  2.121320
96.800000  71.000000  2.828427
96.900000  79.500000  14.849242
97.000000  64.000000  9.899495
97.100000  71.000000  1.414214
97.200000  69.500000  0.707107
97.300000  66.500000  2.121320
97.400000  56.500000  6.363961
97.500000  57.500000  4.949747
97.600000  69.000000  15.556349
97.700000  63.000000  5.656854
97.800000  66.500000  9.192388
97.900000  67.500000  0.707107
98.000000  61.500000  2.121320
98.100000  65.500000  0.707107
98.200000  63.000000  7.071068
98.300000  67.500000  0.707107
98.400000  62.500000  7.778175
98.500000  70.500000  14.849242
98.600000  66.500000  7.778175
98.700000  64.500000  6.363961
98.800000  65.000000  1.414214
98.900000  59.500000  2.121320
99.000000  59.000000  7.071068
99.100000  59.000000  8.485281
99.200000  63.000000  0.000000
99.300000  55.000000  8.485281
99.400000  62.000000  1.414214
99.500000  63.500000  3.535534
99.600000  63.000000  15.556349
99.700000  63.000000  7.071068
99.800000  59.500000  4.949747
99.900000  66.500000  0.707107
100.000000  58.000000  1.414214
100.100000  61.000000  1.414214
100.200000  59.500000  10.606602
100.300000  67.000000  14.142136
100.400000  56.000000  5.656854
100.500000  57.000000  4.242641
100.600000  56.500000  6.363961
100.700000  62.000000  9.899495
100.800000  59.500000  0.707107
100.900000  64.500000  3.535534
101.000000  60.000000  8.485281
101.100000  68.500000  20.506097
101.200000  62.500000  3.535534
101.300000  57.500000  10.606602
101.400000  68.500000  33.234019
101.500000  64.000000  0.000000
101.600000  59.000000  4.242641
101.700000  64.000000  5.656854
101.800000  73.500000  0.707107
101.900000  65.500000  10.606602
102.000000  69.500000  0.707107
102.100000  69.000000  7.071068
102.200000  73.000000  9.899495
102.300000  70.000000  9.899495
102.400000  68.500000  12.020815
102.500000  72.500000  20.506097
102.600000  68.500000  21.920310
102.700000  70.000000  15.556349
102.800000  64.000000  0.000000
102.900000  69.500000  6.363961
103.000000  69.500000  0.707107
103.100000  66.500000  3.535534
103.200000  67.000000  2.828427
103.300000  66.000000  7.071068
103.400000  75.000000  4.242641
103.500000  74.500000  9.192388
103.600000  74.500000  9.192388
103.700000  72.000000  9.899495
103.800000  67.500000  14.849242
103.900000  61.500000  2.121320
104.000000  69.000000  25.455844
104.100000  57.500000  4.949747
104.200000  58.500000  19.091883
104.300000  63.000000  12.727922
104.400000  60.500000  7.778175
104.500000  70.000000  18.384776
104.600000  77.500000  0.707107
104.700000  75.000000  19.798990
104.800000  75.000000  16.970563
104.900000  92.000000  26.870058
105.000000  79.500000  36.062446
105.100000  77.500000  6.363961
105.200000  72.500000  2.121320
105.300000  87.000000  9.899495
105.400000  65.000000  5.656854
105.500000  69.000000  4.242641
105.600000  76.500000  6.363961
105.700000  74.000000  1.414214
105.800000  76.500000  0.707107
105.900000  66.000000  14.142136
106.000000  73.500000  6.363961
106.100000  69.500000  6.363961
106.200000  67.500000  4.949747
106.300000  60.500000  6.363961
106.400000  68.000000  4.242641
106.500000  65.000000  14.142136
106.600000  66.500000  9.192388
106.700000  71.500000  13.435029
106.800000  63.500000  14.849242
106.900000  77.500000  7.778175
107.000000  65.500000  3.535534
107.100000  70.500000  13.435029
107.200000  68.000000  4.242641
107.300000  75.000000  5.656854
107.400000  67.000000  4.242641
107.500000  62.500000  7.778175
107.600000  71.000000  18.384776
107.700000  64.000000  11.313708
107.800000  73.000000  0.000000
107.900000  65.000000  1.414214
108.000000  61.500000  3.535534
108.100000  69.000000  16.970563
108.200000  62.000000  8.485281
108.300000  76.500000  16.263456
108.400000  69.500000  3.535534
108.500000  66.500000  2.121320
108.600000  74.500000  9.192388
108.700000  62.000000  5.656854
108.800000  60.500000  6.363961
108.900000  65.000000  18.384776
109.000000  62.500000  16.263456
109.100000  62.500000  7.778175
109.200000  72.000000  2.828427
109.300000  62.000000  2.828427
109.400000  69.000000  5.656854
109.500000  63.000000  2.828427
109.600000  64.500000  7.778175
109.700000  60.000000  14.142136
109.800000  68.000000  9.899495
109.900000  64.000000  9.899495
110.000000  64.500000  6.363961
110.100000  60.500000  2.121320
110.200000  67.000000  5.656854
110.300000  65.000000  4.242641
110.400000  68.500000  2.121320
110.500000  67.500000  0.707107
110.600000  70.000000  0.000000
110.700000  57.500000  4.949747
110.800000  56.500000  3.535534
110.900000  72.000000  15.556349
111.000000  74.500000  9.192388
111.100000  67.000000  19.798990
111.200000  65.500000  4.949747
111.300000  59.500000  3.535534
111.400000  57.000000  4.242641
111.500000  77.000000  14.142136
111.600000  73.000000  5.656854
111.700000  78.000000  9.899495
111.800000  76.000000  12.727922
111.900000  73.000000  9.899495
112.000000  66.000000  14.142136
112.100000  67.000000  8.485281
112.200000  66.000000  9.899495
112.300000  71.500000  2.121320
112.400000  71.000000  9.899495
112.500000  77.000000  15.556349
112.600000  73.000000  1.414214
112.700000  64.000000  4.242641
112.800000  73.500000  20.506097
112.900000  69.500000  4.949747
113.000000  77.500000  2.121320
113.100000  81.500000  9.192388
113.200000  79.000000  4.242641
113.300000  74.000000  1.414214
113.400000  76.000000  5.656854
113.500000  69.500000  2.121320
113.600000  66.000000  5.656854
113.700000  62.500000  10.606602
113.800000  66.500000  9.192388
113.900000  67.000000  1.414214
114.000000  69.000000  0.000000
114.100000  73.500000  12.020815
114.200000  76.000000  4.242641
114.300000  81.000000  16.970563
114.400000  62.500000  7.778175
114.500000  70.500000  2.121320
114.600000  71.000000  19.798990
114.700000  76.500000  6.363961
114.800000  65.500000  3.535534
114.900000  70.000000  5.656854
115.000000  62.500000  7.778175
115.100000  65.500000  2.121320
115.200000  70.500000  12.020815
115.300000  60.500000  3.535534
115.400000  64.500000  2.121320
115.500000  78.000000  9.899495
115.600000  68.000000  5.656854
115.700000  73.000000  2.828427
115.800000  72.500000  0.707107
115.900000  67.000000  2.828427
116.000000  82.500000  4.949747
116.100000  64.500000  6.363961
116.200000  72.500000  2.121320
116.300000  71.000000  4.242641
116.400000  79.500000  10.606602
116.500000  63.500000  3.535534
116.600000  81.500000  3.535534
116.700000  65.500000  6.363961
116.800000  79.000000  25.455844
116.900000  80.000000  11.313708
117.000000  76.000000  8.485281
117.100000  77.000000  7.071068
117.200000  78.500000  2.121320
117.300000  71.500000  2.121320
117.400000  61.500000  10.606602
117.500000  72.500000  4.949747
117.600000  70.000000  14.142136
117.700000  67.000000  9.899495
117.800000  65.000000  22.627417
117.900000  71.500000  12.020815
118.000000  74.000000  1.414214
118.100000  67.000000  9.899495
118.200000  70.000000  1.414214
118.300000  69.500000  7.778175
118.400000  73.500000  12.020815
118.500000  73.500000  4.949747
118.600000  82.500000  0.707107
118.700000  64.500000  3.535534
118.800000  74.000000  5.656854
118.900000  78.000000  1.414214
119.000000  85.000000  8.485281
119.100000  68.500000  3.535534
119.200000  74.500000  19.091883
119.300000  65.500000  3.535534
119.400000  73.000000  4.242641
119.500000  72.000000  11.313708
119.600000  68.500000  0.707107
119.700000  62.000000  7.071068
119.800000  67.000000  5.656854
119.900000  78.500000  16.263456
120.000000  72.500000  3.535534
120.100000  71.500000  9.192388
120.200000  70.500000  2.121320
120.300000  72.000000  1.414214
120.400000  68.000000  14.142136
120.500000  64.500000  2.121320
120.600000  71.000000  2.828427
120.700000  69.000000  8.485281
120.800000  58.000000  5.656854
120.900000  74.000000  9.899495
121.000000  66.500000  0.707107
121.100000  64.500000  16.263456
121.200000  70.500000  6.363961
121.300000  67.000000  11.313708
121.400000  72.000000  12.727922
121.500000  63.000000  11.313708
121.600000  72.500000  6.363961
121.700000  63.500000  4.949747
121.800000  63.500000  2.121320
121.900000  73.500000  10.606602
122.000000  78.500000  9.192388
122.100000  77.000000  15.556349
122.200000  74.000000  2.828427
122.300000  75.500000  10.606602
122.400000  70.500000  6.363961
122.500000  66.500000  10.606602
122.600000  80.000000  9.899495
122.700000  79.500000  7.778175
122.800000  59.500000  2.121320
122.900000  74.000000  7.071068
123.000000  62.000000  0.000000
123.100000  68.500000  4.949747
123.200000  68.000000  4.242641
123.300000  74.000000  1.414214
123.400000  64.500000  4.949747
123.500000  65.500000  7.778175
123.600000  64.000000  8.485281
123.700000  70.000000  11.313708
123.800000  66.000000  2.828427
123.900000  66.500000  9.192388
124.000000  63.000000  7.071068
124.100000  57.000000  5.656854
124.200000  70.500000  10.606602
124.300000  59.500000  7.778175
124.400000  70.000000  18.384776
124.500000  66.500000  4.949747
124.600000  68.000000  11.313708
124.700000  67.000000  21.213203
124.800000  73.500000  12.020815
124.900000  67.500000  20.506097
125.000000  78.500000  10.606602
125.100000  74.000000  16.970563
125.200000  68.000000  21.213203
125.300000  74.000000  11.313708
125.400000  69.500000  10.606602
125.500000  70.500000  2.121320
125.600000  71.000000  4.242641
125.700000  68.000000  5.656854
125.800000  67.000000  9.899495
125.900000  68.500000  14.849242
126.000000  58.000000  4.242641
126.100000  66.000000  1.414214
126.200000  71.500000  12.020815
126.300000  64.000000  1.414214
126.400000  64.000000  16.970563
126.500000  68.500000  16.263456
126.600000  64.000000  21.213203
126.700000  69.000000  9.899495
126.800000  76.000000  18.384776
126.900000  75.500000  13.435029
127.000000  62.500000  14.849242
127.100000  67.000000  4.242641
127.200000  61.500000  13.435029
127.300000  72.500000  19.091883
127.400000  73.500000  19.091883
127.500000  73.500000  4.949747
127.600000  67.000000  18.384776
127.700000  61.000000  9.899495
127.800000  62.500000  19.091883
127.900000  75.500000  19.091883
128.000000  64.000000  16.970563
128.100000  63.500000  2.121320
128.200000  64.500000  4.949747
128.300000  70.000000  8.485281
128.400000  68.000000  9.899495
128.500000  61.500000  24.748737
128.600000  69.000000  11.313708
128.700000  66.500000  12.020815
128.800000  79.500000  23.334524
128.900000  73.500000  0.707107
129.000000  61.500000  7.778175
129.100000  69.500000  4.949747
129.200000  73.500000  2.121320
129.300000  74.500000  7.778175
129.400000  69.500000  2.121320
129.500000  67.000000  7.071068
129.600000  68.500000  16.263456
129.700000  61.000000  1.414214
129.800000  66.000000  19.798990
129.900000  79.500000  14.849242
130.000000  71.000000  22.627417
130.100000  72.000000  9.899495
130.200000  72.500000  16.263456
130.300000  71.000000  4.242641
130.400000  72.500000  16.263456
130.500000  68.000000  19.798990
130.600000  75.500000  12.020815
130.700000  60.500000  6.363961
130.800000  66.500000  10.606602
130.900000  69.000000  14.142136
131.000000  60.500000  12.020815
131.100000  67.500000  10.606602
131.200000  66.500000  4.949747
131.300000  70.000000  25.455844
131.400000  75.000000  26.870058
131.500000  74.500000  4.949747
131.600000  68.000000  2.828427
131.700000  74.000000  8.485281
131.800000  70.500000  0.707107
131.900000  66.500000  2.121320
132.000000  65.500000  9.192388
132.100000  60.500000  0.707107
132.200000  68.000000  1.414214
132.300000  71.500000  19.091883
132.400000  69.500000  13.435029
132.500000  58.000000  8.485281
132.600000  61.000000  5.656854
132.700000  70.000000  4.242641
132.800000  61.000000  12.727922
132.900000  62.500000  12.020815
133.000000  67.000000  9.899495
133.100000  58.500000  2.121320
133.200000  63.000000  2.828427
133.300000  72.500000  4.949747
133.400000  69.500000  20.506097
133.500000  75.000000  15.556349
133.600000  74.500000  3.535534
133.700000  72.000000  21.213203
133.800000  70.500000  6.363961
133.900000  64.000000  1.414214
134.000000  61.000000  2.828427
134.100000  59.000000  0.000000
134.200000  69.000000  4.242641
134.300000  71.000000  7.071068
134.400000  68.500000  2.121320
134.500000  75.000000  2.828427
134.600000  67.500000  13.435029
134.700000  68.500000  2.121320
134.800000  61.000000  5.656854
134.900000  72.500000  2.121320
135.000000  67.500000  0.707107
135.100000  70.000000  9.899495
135.200000  62.500000  0.707107
135.300000  59.500000  9.192388
135.400000  64.500000  6.363961
135.500000  68.500000  2.121320
135.600000  60.500000  13.435029
135.700000  59.000000  1.414214
135.800000  62.000000  18.384776
135.900000  61.500000  0.707107
136.000000  62.500000  4.949747
136.100000  70.500000  3.535534
136.200000  57.000000  2.828427
136.300000  73.000000  4.242641
136.400000  67.000000  5.656854
136.500000  60.000000  0.000000
136.600000  58.500000  4.949747
136.700000  70.500000  12.020815
136.800000  65.000000  12.727922
136.900000  73.000000  2.828427
137.000000  67.500000  3.535534
137.100000  77.000000  7.071068
137.200000  71.500000  10.606602
137.300000  63.500000  0.707107
137.400000  64.000000  2.828427
137.500000  71.000000  9.899495
137.600000  61.000000  5.656854
137.700000  65.000000  5.656854
137.800000  66.500000  2.121320
137.900000  70.500000  12.020815
138.000000  75.000000  12.727922
138.100000  71.500000  2.121320
138.200000  70.500000  0.707107
138.300000  77.500000  4.949747
138.400000  74.000000  0.000000
138.500000  65.500000  0.707107
138.600000  66.000000  4.242641
138.700000  61.000000  4.242641
138.800000  64.500000  3.535534
138.900000  67.000000  4.242641
139.000000  65.500000  4.949747
139.100000  75.500000  0.707107
139.200000  71.000000  15.556349
139.300000  79.000000  1.414214
139.400000  70.000000  4.242641
139.500000  69.000000  7.071068
139.600000  77.500000  13.435029
139.700000  65.500000  4.949747
139.800000  70.000000  8.485281
139.900000  73.500000  2.121320
140.000000  60.500000  2.121320
140.100000  64.500000  7.778175
140.200000  66.500000  7.778175
140.300000  68.000000  9.899495
140.400000  69.000000  9.899495
140.500000  62.500000  2.121320
140.600000  65.000000  7.071068
140.700000  62.500000  2.121320
140.800000  61.000000  7.071068
140.900000  63.000000  5.656854
141.000000  69.500000  2.121320
141.100000  68.500000  9.192388
141.200000  70.500000  0.707107
141.300000  68.500000  3.535534
141.400000  64.500000  3.535534
141.500000  66.000000  9.899495
141.600000  63.000000  9.899495
141.700000  62.500000  4.949747
141.800000  61.500000  12.020815
141.900000  62.500000  3.535534
142.000000  63.500000  9.192388
142.100000  67.000000  9.899495
142.200000  55.000000  5.656854
142.300000  71.000000  7.071068
142.400000  72.500000  6.363961
142.500000  75.000000  14.142136
142.600000  66.500000  10.606602
142.700000  76.000000  9.899495
142.800000  71.500000  6.363961
142.900000  67.000000  5.656854
143.000000  63.500000  10.606602
143.100000  67.500000  4.949747
143.200000  81.500000  12.020815
143.300000  66.000000  5.656854
143.400000  68.000000  9.899495
143.500000  68.500000  4.949747
143.600000  76.500000  9.192388
143.700000  58.000000  2.828427
143.800000  66.000000  5.656854
143.900000  63.000000  4.242641
144.000000  65.000000  4.242641
144.100000  54.000000  7.071068
144.200000  70.500000  3.535534
144.300000  63.500000  2.121320
144.400000  58.000000  15.556349
144.500000  60.500000  13.435029
144.600000  63.500000  2.121320
144.700000  65.500000  4.949747
144.800000  71.500000  4.949747
144.900000  59.500000  9.192388
145.000000  61.000000  4.242641
145.100000  61.500000  6.363961
145.200000  65.000000  2.828427
145.300000  62.000000  8.485281
145.400000  75.000000  12.727922
145.500000  67.000000  7.071068
145.600000  60.500000  4.949747
145.700000  66.500000  0.707107
145.800000  77.000000  26.870058
145.900000  78.500000  12.020815
146.000000  71.000000  4.242641
146.100000  61.500000  3.535534
146.200000  73.000000  9.899495
146.300000  69.000000  2.828427
146.400000  64.000000  5.656854
146.500000  66.500000  3.535534
146.600000  63.500000  7.778175
146.700000  61.000000  2.828427
146.800000  61.000000  4.242641
146.900000  68.500000  2.121320
147.000000  67.500000  6.363961
147.100000  67.000000  8.485281
147.200000  74.500000  0.707107
147.300000  70.500000  7.778175
147.400000  63.000000  2.828427
147.500000  64.500000  12.020815
147.600000  69.000000  4.242641
147.700000  68.000000  11.313708
147.800000  62.000000  2.828427
147.900000  65.500000  2.121320
148.000000  53.500000  0.707107
148.100000  61.000000  9.899495
148.200000  64.000000  4.242641
148.300000  68.500000  4.949747
148.400000  69.500000  0.707107
148.500000  63.000000  1.414214
148.600000  61.000000  12.727922
148.700000  63.000000  5.656854
148.800000  63.500000  7.778175
148.900000  58.500000  6.363961
149.000000  65.500000  9.192388
149.100000  62.500000  2.121320
149.200000  56.500000  7.778175
149.300000  60.000000  0.000000
149.400000  56.500000  2.121320
149.500000  62.500000  16.263456
149.600000  63.000000  4.242641
149.700000  68.000000  14.142136
149.800000  55.000000  0.000000
149.900000  67.500000  0.707107
150.000000  53.500000  0.707107
150.100000  60.000000  2.828427
150.200000  60.500000  12.020815
150.300000  57.500000  3.535534
150.400000  58.000000  4.242641
150.500000  55.500000  3.535534
150.600000  60.500000  0.707107
150.700000  52.500000  6.363961
150.800000  63.000000  7.071068
150.900000  57.000000  4.242641
151.000000  56.500000  2.121320
151.100000  53.500000  9.192388
151.200000  56.500000  6.363961
151.300000  56.000000  0.000000
151.400000  66.000000  5.656854
151.500000  55.500000  0.707107
151.600000  53.000000  7.071068
151.700000  67.000000  1.414214
151.800000  64.000000  24.041631
151.900000  70.500000  4.949747
152.000000  57.000000  7.071068
152.100000  57.500000  4.949747
152.200000  63.500000  7.778175
152.300000  66.500000  14.849242
152.400000  54.000000  9.899495
152.500000  56.000000  4.242641
152.600000  59.500000  20.506097
152.700000  54.000000  1.414214
152.800000  56.500000  0.707107
152.900000  56.000000  12.727922
153.000000  62.000000  12.727922
153.100000  58.000000  1.414214
153.200000  53.500000  0.707107
153.300000  61.500000  0.707107
153.400000  60.500000  4.949747
153.500000  64.500000  4.949747
153.600000  60.500000  7.778175
153.700000  60.000000  5.656854
153.800000  66.000000  9.899495
153.900000  59.500000  6.363961
154.000000  58.000000  4.242641
154.100000  58.000000  8.485281
154.200000  61.500000  4.949747
154.300000  65.000000  7.071068
154.400000  60.000000  4.242641
154.500000  68.000000  1.414214
154.600000  56.000000  1.414214
154.700000  51.000000  14.142136
154.800000  63.500000  2.121320
154.900000  50.000000  1.414214
155.000000  65.500000  2.121320
155.100000  63.000000  11.313708
155.200000  64.000000  16.970563
155.300000  67.000000  2.828427
155.400000  66.500000  14.849242
155.500000  72.500000  13.435029
155.600000  66.500000  21.920310
155.700000  65.500000  12.020815
155.800000  64.000000  12.727922
155.900000  67.500000  4.949747
156.000000  61.000000  11.313708
156.100000  63.500000  2.121320
156.200000  69.500000  2.121320
156.300000  64.000000  1.414214
156.400000  66.000000  4.242641
156.500000  71.000000  22.627417
156.600000  68.000000  0.000000
156.700000  65.500000  0.707107
156.800000  68.000000  15.556349
156.900000  61.500000  4.949747
157.000000  69.500000  7.778175
157.100000  71.000000  5.656854
157.200000  76.000000  12.727922
157.300000  68.500000  20.506097
157.400000  69.000000  12.727922
157.500000  63.500000  4.949747
157.600000  69.500000  3.535534
157.700000  70.500000  13.435029
157.800000  73.500000  12.020815
157.900000  75.500000  13.435029
158.000000  76.000000  4.242641
158.100000  74.500000  9.192388
158.200000  82.500000  0.707107
158.300000  69.500000  2.121320
158.400000  66.500000  3.535534
158.500000  71.000000  2.828427
158.600000  75.000000  1.414214
158.700000  67.000000  5.656854
158.800000  68.500000  3.535534
158.900000  75.500000  10.606602
159.000000  69.500000  10.606602
159.100000  77.500000  4.949747
159.200000  74.000000  12.727922
159.300000  53.500000  3.535534
159.400000  72.500000  2.121320
159.500000  78.500000  12.020815
159.600000  70.500000  9.192388
159.700000  59.500000  7.778175
159.800000  77.000000  1.414214
159.900000  71.000000  0.000000
160.000000  63.500000  4.949747
160.100000  71.000000  7.071068
160.200000  61.000000  14.142136
160.300000  69.500000  12.020815
160.400000  74.000000  8.485281
160.500000  70.500000  17.677670
160.600000  68.500000  7.778175
160.700000  67.500000  2.121320
160.800000  70.000000  11.313708
160.900000  79.500000  6.363961
161.000000  64.500000  3.535534
161.100000  72.000000  0.000000
161.200000  64.000000  1.414214
161.300000  73.000000  15.556349
161.400000  68.500000  6.363961
161.500000  65.500000  4.949747
161.600000  74.500000  0.707107
161.700000  78.500000  0.707107
161.800000  75.000000  11.313708
161.900000  65.000000  9.899495
162.000000  60.000000  4.242641
162.100000  63.000000  0.000000
162.200000  55.000000  0.000000
162.300000  69.000000  5.656854
162.400000  63.500000  3.535534
162.500000  70.500000  12.020815
162.600000  58.000000  5.656854
162.700000  69.500000  13.435029
162.800000  66.500000  12.020815
162.900000  59.500000  0.707107
163.000000  66.000000  2.828427
163.100000  63.000000  5.656854
163.200000  67.500000  6.363961
163.300000  66.000000  5.656854
163.400000  75.000000  1.414214
163.500000  55.500000  7.778175
163.600000  69.500000  6.363961
163.700000  64.000000  21.213203
163.800000  72.000000  2.828427
163.900000  68.000000  2.828427
164.000000  68.500000  3.535534
164.100000  61.500000  3.535534
164.200000  65.000000  18.384776
164.300000  62.500000  12.020815
164.400000  58.500000  13.435029
164.500000  62.000000  14.142136
164.600000  51.000000  1.414214
164.700000  60.500000  0.707107
164.800000  56.000000  8.485281
164.900000  55.500000  2.121320
165.000000  61.000000  1.414214
165.100000  61.500000  12.020815
165.200000  63.500000  4.949747
165.300000  72.500000  21.920310
165.400000  62.000000  7.071068
165.500000  57.000000  12.727922
165.600000  62.000000  5.656854
165.700000  63.000000  1.414214
165.800000  60.500000  3.535534
165.900000  63.000000  4.242641
166.000000  67.500000  0.707107
166.100000  65.000000  8.485281
166.200000  57.500000  7.778175
166.300000  66.000000  4.242641
166.400000  71.500000  2.121320
166.500000  70.500000  3.535534
166.600000  80.000000  7.071068
166.700000  64.000000  4.242641
166.800000  57.000000  7.071068
166.900000  70.500000  10.606602
167.000000  78.000000  12.727922
167.100000  61.000000  4.242641
167.200000  75.500000  3.535534
167.300000  67.000000  5.656854
167.400000  70.500000  7.778175
167.500000  67.500000  13.435029
167.600000  72.500000  4.949747
167.700000  71.500000  6.363961
167.800000  71.000000  14.142136
167.900000  70.000000  8.485281
168.000000  61.500000  6.363961
168.100000  64.500000  17.677670
168.200000  69.000000  15.556349
168.300000  69.500000  3.535534
168.400000  58.000000  1.414214
168.500000  73.500000  16.263456
168.600000  74.000000  24.041631
168.700000  77.000000  8.485281
168.800000  63.000000  22.627417
168.900000  67.500000  3.535534
169.000000  67.000000  8.485281
169.100000  64.000000  0.000000
169.200000  62.000000  11.313708
169.300000  58.500000  19.091883
169.400000  69.500000  0.707107
169.500000  61.500000  6.363961
169.600000  65.500000  6.363961
169.700000  63.500000  0.707107
169.800000  65.000000  5.656854
169.900000  77.500000  9.192388
170.000000  70.000000  4.242641
170.100000  65.500000  0.707107
170.200000  72.500000  10.606602
170.300000  64.000000  8.485281
170.400000  71.000000  15.556349
170.500000  59.500000  4.949747
170.600000  53.500000  12.020815
170.700000  64.500000  12.020815
170.800000  64.500000  2.121320
170.900000  54.000000  2.828427
171.000000  61.000000  0.000000
171.100000  56.500000  3.535534
171.200000  62.500000  7.778175
171.300000  63.000000  0.000000
171.400000  62.500000  7.778175
171.500000  57.500000  3.535534
171.600000  68.500000  0.707107
171.700000  62.000000  9.899495
171.800000  62.000000  0.000000
171.900000  64.000000  2.828427
172.000000  75.000000  11.313708
172.100000  61.000000  9.899495
172.200000  75.000000  4.242641
172.300000  75.500000  4.949747
172.400000  68.000000  8.485281
172.500000  69.500000  9.192388
172.600000  65.500000  13.435029
172.700000  65.000000  9.899495
172.800000  76.500000  2.121320
172.900000  65.500000  3.535534
173.000000  66.500000  0.707107
173.100000  66.500000  4.949747
173.200000  70.000000  8.485281
173.300000  59.500000  2.121320
173.400000  56.000000  2.828427
173.500000  54.000000  11.313708
173.600000  63.000000  12.727922
173.700000  59.000000  2.828427
173.800000  53.000000  8.485281
173.900000  63.000000  5.656854
174.000000  68.000000  2.828427
174.100000  58.000000  4.242641
174.200000  72.500000  3.535534
174.300000  63.000000  4.242641
174.400000  68.000000  4.242641
174.500000  76.000000  14.142136
174.600000  60.500000  9.192388
174.700000  63.500000  2.121320
174.800000  63.000000  2.828427
174.900000  63.000000  1.414214
175.000000  56.000000  5.656854
175.100000  55.500000  6.363961
175.200000  68.500000  9.192388
175.300000  70.000000  8.485281
175.400000  65.500000  0.707107
175.500000  62.000000  4.242641
175.600000  64.500000  16.263456
175.700000  60.500000  13.435029
175.800000  62.000000  1.414214
175.900000  67.500000  2.121320
176.000000  57.500000  2.121320
176.100000  66.500000  2.121320
176.200000  68.000000  4.242641
176.300000  68.000000  5.656854
176.400000  69.000000  4.242641
176.500000  72.000000  7.071068
176.600000  74.500000  10.606602
176.700000  66.500000  0.707107
176.800000  65.000000  8.485281
176.900000  75.000000  0.000000
177.000000  68.500000  10.606602
177.100000  55.500000  4.949747
177.200000  61.000000  1.414214
177.300000  64.500000  3.535534
177.400000  70.500000  3.535534
177.500000  61.500000  12.020815
177.600000  63.500000  14.849242
177.700000  63.500000  10.606602
177.800000  70.000000  5.656854
177.900000  64.500000  14.849242
178.000000  67.500000  20.506097
178.100000  66.000000  7.071068
178.200000  59.500000  7.778175
178.300000  69.500000  2.121320
178.400000  61.500000  0.707107
178.500000  65.500000  9.192388
178.600000  72.500000  2.121320
178.700000  67.000000  5.656854
178.800000  58.000000  7.071068
178.900000  79.000000  12.727922
179.000000  68.500000  3.535534
179.100000  57.500000  3.535534
179.200000  62.000000  5.656854
179.300000  64.000000  1.414214
179.400000  65.000000  8.485281
179.500000  63.000000  9.899495
179.600000  57.000000  8.485281
179.700000  70.000000  16.970563
179.800000  64.500000  13.435029
179.900000  54.500000  0.707107
180.000000  64.500000  12.020815
180.100000  73.000000  12.727922
180.200000  66.000000  8.485281
180.300000  65.500000  7.778175
180.400000  55.500000  2.121320
180.500000  61.500000  16.263456
180.600000  65.500000  0.707107
180.700000  47.500000  6.363961
180.800000  52.000000  11.313708
180.900000  63.000000  2.828427
181.000000  54.000000  7.071068
181.100000  57.000000  15.556349
181.200000  62.000000  2.828427
181.300000  68.000000  5.656854
181.400000  59.500000  2.121320
181.500000  56.500000  9.192388
181.600000  53.000000  14.142136
181.700000  52.000000  7.071068
181.800000  54.500000  3.535534
181.900000  60.000000  11.313708
182.000000  57.000000  16.970563
182.100000  50.000000  12.727922
182.200000  55.500000  7.778175
182.300000  50.500000  12.020815
182.400000  61.000000  1.414214
182.500000  52.500000  2.121320
182.600000  56.500000  6.363961
182.700000  54.000000  12.727922
182.800000  63.000000  5.656854
182.900000  59.000000  7.071068
183.000000  53.500000  3.535534
183.100000  51.000000  9.899495
183.200000  62.000000  2.828427
183.300000  59.500000  7.778175
183.400000  60.000000  15.556349
183.500000  61.000000  0.000000
183.600000  63.000000  1.414214
183.700000  58.000000  5.656854
183.800000  57.500000  0.707107
183.900000  62.000000  2.828427
184.000000  58.000000  1.414214
184.100000  57.500000  16.263456
184.200000  60.500000  4.949747
184.300000  56.000000  0.000000
184.400000  49.000000  2.828427
184.500000  52.500000  4.949747
184.600000  52.000000  0.000000
184.700000  62.000000  7.071068
184.800000  56.500000  4.949747
184.900000  54.500000  20.506097
185.000000  55.000000  0.000000
185.100000  60.500000  13.435029
185.200000  65.500000  6.363961
185.300000  53.000000  4.242641
185.400000  63.000000  2.828427
185.500000  57.000000  7.071068
185.600000  59.000000  5.656854
185.700000  52.000000  1.414214
185.800000  58.000000  1.414214
185.900000  55.000000  4.242641
186.000000  57.000000  11.313708
186.100000  55.500000  2.121320
186.200000  58.000000  5.656854
186.300000  52.000000  8.485281
186.400000  53.000000  5.656854
186.500000  58.000000  9.899495
186.600000  57.500000  4.949747
186.700000  57.000000  0.000000
186.800000  57.500000  7.778175
186.900000  57.000000  1.414214
187.000000  58.000000  4.242641
187.100000  62.000000  2.828427
187.200000  69.000000  1.414214
187.300000  66.000000  9.899495
187.400000  58.000000  2.828427
187.500000  57.500000  2.121320
187.600000  64.000000  8.485281
187.700000  61.500000  14.849242
187.800000  68.500000  7.778175
187.900000  57.000000  2.828427
188.000000  59.500000  3.535534
188.100000  53.500000  6.363961
188.200000  57.000000  2.828427
188.300000  60.500000  4.949747
188.400000  59.500000  0.707107
188.500000  55.000000  5.656854
188.600000  59.500000  4.949747
188.700000  61.000000  5.656854
188.800000  65.500000  10.606602
188.900000  74.000000  4.242641
189.000000  60.500000  2.121320
189.100000  61.000000  9.899495
189.200000  56.500000  3.535534
189.300000  60.000000  4.242641
189.400000  63.000000  4.242641
189.500000  60.500000  2.121320
189.600000  59.500000  7.778175
189.700000  60.000000  4.242641
189.800000  64.500000  4.949747
189.900000  62.000000  5.656854
190.000000  54.000000  9.899495
190.100000  60.000000  4.242641
190.200000  62.000000  1.414214
190.300000  57.500000  3.535534
190.400000  71.500000  3.535534
190.500000  66.000000  0.000000
190.600000  68.000000  1.414214
190.700000  59.500000  12.020815
190.800000  64.000000  4.242641
190.900000  60.000000  5.656854
191.000000  65.500000  3.535534
191.100000  66.500000  0.707107
191.200000  63.000000  0.000000
191.300000  63.000000  2.828427
191.400000  65.000000  5.656854
191.500000  57.000000  7.071068
191.600000  64.500000  4.949747
191.700000  65.000000  1.414214
191.800000  65.500000  7.778175
191.900000  53.000000  5.656854
192.000000  61.500000  0.707107
192.100000  64.500000  4.949747
192.200000  58.000000  0.000000
192.300000  57.000000  7.071068
192.400000  58.000000  2.828427
192.500000  58.000000  1.414214
192.600000  57.000000  1.414214
192.700000  64.500000  0.707107
192.800000  60.000000  4.242641
192.900000  60.000000  7.071068
193.000000  66.000000  4.242641
193.100000  57.500000  3.535534
193.200000  56.000000  14.142136
193.300000  62.000000  4.242641
193.400000  59.500000  13.435029
193.500000  62.500000  6.363961
193.600000  62.000000  11.313708
193.700000  65.500000  9.192388
193.800000  66.000000  2.828427
193.900000  54.000000  1.414214
194.000000  60.000000  1.414214
194.100000  63.500000  12.020815
194.200000  54.500000  9.192388
194.300000  60.500000  2.121320
194.400000  62.000000  16.970563
194.500000  59.500000  9.192388
194.600000  57.500000  6.363961
194.700000  54.500000  3.535534
194.800000  65.500000  13.435029
194.900000  64.000000  1.414214
195.000000  60.000000  11.313708
195.100000  57.000000  0.000000
195.200000  57.500000  0.707107
195.300000  66.000000  7.071068
195.400000  65.500000  19.091883
195.500000  61.000000  1.414214
195.600000  55.000000  12.727922
195.700000  59.500000  0.707107
195.800000  62.000000  22.627417
195.900000  60.500000  2.121320
196.000000  60.500000  3.535534
196.100000  62.000000  2.828427
196.200000  62.000000  11.313708
196.300000  60.000000  2.828427
196.400000  60.000000  8.485281
196.500000  56.000000  2.828427
196.600000  59.000000  1.414214
196.700000  65.000000  8.485281
196.800000  69.500000  0.707107
196.900000  65.000000  18.384776
197.000000  60.500000  10.606602
197.100000  67.000000  9.899495
197.200000  62.000000  1.414214
197.300000  71.000000  8.485281
197.400000  57.000000  2.828427
197.500000  52.000000  8.485281
197.600000  64.000000  8.485281
197.700000  62.000000  1.414214
197.800000  54.000000  2.828427
197.900000  66.000000  11.313708
198.000000  68.000000  4.242641
198.100000  65.500000  2.121320
198.200000  57.000000  7.071068
198.300000  50.500000  3.535534
198.400000  60.000000  7.071068
198.500000  66.500000  16.263456
198.600000  62.500000  2.121320
198.700000  59.500000  14.849242
198.800000  64.000000  11.313708
198.900000  51.500000  0.707107
199.000000  57.500000  6.363961
199.100000  53.500000  7.778175
199.200000  61.500000  13.435029
199.300000  60.000000  14.142136
199.400000  67.000000  15.556349
199.500000  63.500000  4.949747
199.600000  58.000000  12.727922
199.700000  68.000000  5.656854
199.800000  61.000000  1.414214
199.900000  65.000000  1.414214
200.000000  55.500000  6.363961
