# Secondary Structure Percentages Over Time
# Time(ns)	α-helix(H)	β-bridge(B)	β-strand(E)	3-helix(G)	π-helix(I)	Turn(T)	Bend(S)	Coil(-)
0.0000	38.91	0.00	15.95	0.00	0.00	0.00	0.00	45.14
0.1000	38.13	0.00	15.56	0.00	0.00	0.00	0.00	46.30
0.2000	40.08	0.00	13.62	0.00	0.00	0.00	0.00	46.30
0.3000	37.35	0.00	15.18	0.00	0.00	0.00	0.00	47.47
0.4000	35.02	0.00	15.18	0.00	0.00	0.00	0.00	49.81
0.5000	35.80	0.00	15.18	0.00	0.00	0.00	0.00	49.03
0.6000	39.69	0.00	15.56	0.00	0.00	0.00	0.00	44.75
0.7000	37.35	0.00	15.56	0.00	0.00	0.00	0.00	47.08
0.8000	36.96	0.00	15.18	0.00	0.00	0.00	0.00	47.86
0.9000	38.91	0.00	14.40	0.00	0.00	0.00	0.00	46.69
1.0000	38.13	0.00	12.84	0.00	0.00	0.00	0.00	49.03
