# aggregated from 2 replicates
# x  mean  std
0.000000  53.271093  0.000000
0.100000  56.486979  7.831591
0.200000  56.106200  4.099070
0.300000  57.435891  5.032114
0.400000  51.585801  5.747064
0.500000  55.491618  2.221616
0.600000  55.243135  4.806008
0.700000  55.503985  3.428095
0.800000  60.773329  1.893021
0.900000  57.182803  4.740538
1.000000  53.069321  4.804091
1.100000  57.424900  2.809877
1.200000  55.997926  1.212524
1.300000  60.359322  0.149567
1.400000  55.734590  2.184702
1.500000  54.844300  1.555279
1.600000  53.099793  5.709907
1.700000  55.026060  7.070559
1.800000  51.548785  13.734512
1.900000  55.508133  6.996793
2.000000  52.660393  7.347477
2.100000  50.861717  12.034492
2.200000  46.712778  6.567006
2.300000  52.859166  7.767635
2.400000  50.613571  10.272169
2.500000  51.729561  8.994644
2.600000  57.642094  11.131735
2.700000  53.565356  9.187154
2.800000  60.173080  11.696656
2.900000  62.453259  13.285791
3.000000  61.926044  15.157704
3.100000  57.518200  15.033951
3.200000  55.275227  13.050618
3.300000  61.195269  18.891484
3.400000  57.181668  21.911707
3.500000  58.422318  24.853103
3.600000  57.695038  23.379916
3.700000  57.033421  23.034780
3.800000  59.443056  25.704929
3.900000  59.106975  18.606062
4.000000  64.387739  15.929681
4.100000  60.057928  22.898205
4.200000  58.553591  17.948187
4.300000  60.851886  17.232291
4.400000  57.546807  8.287708
4.500000  63.489994  13.640979
4.600000  60.124240  11.637806
4.700000  59.509025  11.702605
4.800000  58.546437  1.052849
4.900000  63.141040  7.727503
5.000000  62.684103  5.776440
5.100000  63.823949  14.725775
5.200000  53.952579  8.681629
5.300000  64.473304  16.764142
5.400000  62.241027  10.818329
5.500000  59.691474  1.168936
5.600000  49.227783  5.716282
5.700000  53.969293  0.637197
5.800000  49.110264  3.607726
5.900000  52.209485  2.475331
6.000000  47.164463  8.282134
6.100000  46.905476  14.745192
6.200000  51.208098  9.689199
6.300000  50.326543  10.764307
6.400000  51.047725  3.928334
6.500000  57.940294  1.681426
6.600000  50.407898  2.504574
6.700000  56.520260  2.853607
6.800000  57.084230  2.611876
6.900000  49.048774  9.587938
7.000000  49.755787  11.481271
7.100000  48.582096  7.975205
7.200000  50.221553  3.020878
7.300000  51.207357  3.261497
7.400000  45.855025  4.151167
7.500000  48.037382  1.202254
7.600000  49.278720  4.449089
7.700000  51.020071  2.618182
7.800000  49.133289  6.045753
7.900000  51.727751  9.334857
8.000000  48.494272  4.758970
8.100000  49.134535  5.767753
8.200000  52.770345  7.293454
8.300000  46.439149  0.280214
8.400000  57.925654  14.884409
8.500000  46.513390  2.244281
8.600000  53.002518  4.714485
8.700000  56.520251  14.877450
8.800000  53.081730  9.654955
8.900000  50.236519  10.184177
9.000000  56.330924  14.770588
9.100000  47.943433  3.838946
9.200000  49.998816  5.578627
9.300000  56.644655  11.191365
9.400000  50.974610  9.978679
9.500000  58.051300  14.734668
9.600000  64.274118  26.524444
9.700000  62.353388  22.949730
9.800000  53.266413  14.010859
9.900000  65.333074  32.116959
10.000000  63.673045  27.426183
10.100000  56.524797  19.513444
10.200000  60.325744  25.325341
10.300000  58.078483  20.898974
10.400000  64.545943  33.743865
10.500000  66.278060  27.869594
10.600000  56.417316  24.997120
10.700000  55.313264  18.018028
10.800000  46.054188  1.457999
10.900000  52.459105  8.560594
11.000000  47.448744  5.495897
11.100000  68.527371  26.968645
11.200000  61.547148  23.563379
11.300000  50.914728  4.811944
11.400000  67.903570  26.963284
11.500000  64.733387  23.874115
11.600000  53.991821  9.513625
11.700000  57.876985  9.919853
11.800000  54.228352  5.930640
11.900000  58.905433  16.546750
12.000000  56.180498  13.209866
12.100000  56.582581  15.066772
12.200000  53.523125  8.940178
12.300000  52.742894  11.898168
12.400000  53.754939  9.892011
12.500000  56.583041  10.144714
12.600000  54.416427  7.734173
12.700000  54.456176  9.745953
12.800000  56.388760  10.345957
12.900000  52.880823  12.670762
13.000000  54.634017  12.626957
13.100000  54.704567  14.625598
13.200000  50.477371  9.782636
13.300000  52.446444  14.732906
13.400000  55.319925  14.558477
13.500000  55.481318  18.275899
13.600000  52.409121  13.569647
13.700000  56.582651  14.717341
13.800000  53.189534  13.433683
13.900000  51.464006  13.881082
14.000000  56.296897  12.059134
14.100000  56.533769  16.426315
14.200000  53.526876  9.226468
14.300000  50.940072  11.927829
14.400000  53.592506  18.054878
14.500000  54.710043  14.529211
14.600000  52.154121  14.580630
14.700000  58.421931  18.091614
14.800000  57.854465  15.061040
14.900000  55.715754  8.285020
15.000000  54.926562  11.803005
15.100000  55.353131  13.293604
15.200000  50.122418  14.308335
15.300000  50.216409  9.149815
15.400000  49.036439  9.165599
15.500000  55.036254  16.235718
15.600000  55.815149  15.758814
15.700000  52.385737  12.622165
15.800000  52.407885  14.726573
15.900000  49.493217  12.324051
16.000000  48.485298  5.891013
16.100000  52.331306  0.559464
16.200000  49.793922  7.512646
16.300000  58.249294  16.102441
16.400000  55.909723  11.337248
16.500000  58.049311  18.305543
16.600000  56.397890  10.068816
16.700000  57.093900  10.140299
16.800000  55.344802  5.649165
16.900000  51.109127  4.346459
17.000000  50.587877  2.175183
17.100000  49.364375  1.110541
17.200000  58.600951  7.501989
17.300000  55.465741  4.248572
17.400000  52.120637  0.408048
17.500000  53.938146  5.815924
17.600000  44.872023  0.906353
17.700000  59.255620  9.712653
17.800000  50.850426  3.064747
17.900000  47.350017  2.582621
18.000000  52.293737  0.316852
18.100000  56.424635  5.554738
18.200000  55.544421  3.082547
18.300000  53.082441  2.529597
18.400000  48.690654  3.608240
18.500000  51.201206  0.009168
18.600000  47.212154  5.815372
18.700000  49.409561  0.558376
18.800000  47.964254  0.593326
18.900000  49.895331  4.327327
19.000000  49.622853  6.797667
19.100000  50.128123  2.729943
19.200000  50.409048  7.387503
19.300000  49.769812  7.804683
19.400000  48.684993  7.705990
19.500000  54.503444  5.483434
19.600000  50.887417  4.376771
19.700000  52.365192  7.379684
19.800000  49.105129  9.907208
19.900000  48.138140  7.629215
20.000000  51.945687  5.637151
20.100000  46.872109  11.207014
20.200000  48.693862  13.546901
20.300000  51.918081  8.999470
20.400000  49.455354  2.889167
20.500000  51.135786  3.460695
20.600000  49.961160  5.611189
20.700000  49.439369  4.957460
20.800000  51.109521  5.241638
20.900000  52.863277  1.229225
21.000000  50.886203  3.118020
21.100000  47.785497  6.237788
21.200000  48.337125  6.976374
21.300000  47.449897  7.999281
21.400000  46.533601  11.103577
21.500000  46.641412  5.273197
21.600000  47.494293  9.728665
21.700000  46.540960  5.442936
21.800000  51.519627  5.501638
21.900000  48.816203  2.620423
22.000000  49.073803  4.962581
22.100000  49.939021  5.218353
22.200000  50.075872  5.786688
22.300000  47.638458  2.598096
22.400000  51.891583  3.981480
22.500000  51.465499  2.907788
22.600000  51.619062  2.394044
22.700000  51.629832  1.421091
22.800000  46.664471  3.601597
22.900000  50.557639  0.483805
23.000000  49.778756  0.192664
23.100000  50.866726  3.161375
23.200000  51.647876  4.229115
23.300000  50.328774  1.507932
23.400000  51.334063  1.351085
23.500000  50.115209  0.565683
23.600000  51.724615  1.371262
23.700000  47.912739  1.684841
23.800000  49.931710  0.323532
23.900000  49.587602  4.522060
24.000000  45.848298  0.521307
24.100000  48.081514  4.217320
24.200000  49.198404  0.644751
24.300000  50.407290  0.670070
24.400000  49.500346  2.458962
24.500000  49.747533  0.061952
24.600000  47.767341  2.281954
24.700000  50.139302  3.568749
24.800000  49.102176  3.289784
24.900000  48.045916  1.701913
25.000000  49.247835  9.224020
25.100000  46.806369  5.694020
25.200000  48.679688  0.212935
25.300000  43.455546  5.975614
25.400000  46.149700  8.308428
25.500000  46.246808  12.392152
25.600000  50.795012  8.742317
25.700000  48.513717  4.402112
25.800000  50.719481  0.404259
25.900000  50.822350  4.771914
26.000000  48.686438  2.226287
26.100000  47.509484  0.197733
26.200000  50.161723  0.312867
26.300000  54.143095  0.095090
26.400000  50.515051  3.356478
26.500000  49.737488  1.964635
26.600000  48.088113  1.891980
26.700000  51.433684  3.843881
26.800000  50.474218  0.456520
26.900000  50.070162  3.396717
27.000000  51.138340  0.780815
27.100000  48.137805  1.733043
27.200000  47.706775  3.687249
27.300000  47.356254  3.541574
27.400000  50.964966  3.831384
27.500000  48.202153  0.935654
27.600000  49.160043  2.058512
27.700000  48.191159  2.821277
27.800000  52.236842  2.177849
27.900000  47.698791  9.867718
28.000000  44.896856  8.899655
28.100000  49.249744  2.002608
28.200000  52.817847  0.984515
28.300000  48.556303  4.256580
28.400000  50.057477  3.267567
28.500000  51.206768  3.506931
28.600000  49.721170  5.844897
28.700000  48.473412  2.484898
28.800000  50.586605  1.536106
28.900000  50.649367  3.212771
29.000000  52.262577  0.345321
29.100000  49.084415  3.124572
29.200000  48.809621  2.521807
29.300000  52.023511  0.442190
29.400000  50.337053  7.090775
29.500000  50.796796  1.857522
29.600000  50.344769  2.793747
29.700000  52.878517  3.860676
29.800000  52.273017  3.691228
29.900000  52.140109  4.348017
30.000000  48.492987  2.106621
30.100000  51.423627  1.220232
30.200000  50.681610  1.095662
30.300000  51.699389  0.336673
30.400000  53.700076  2.863596
30.500000  49.983827  0.538421
30.600000  54.145175  0.120835
30.700000  54.946110  0.627537
30.800000  52.916786  1.969693
30.900000  53.490210  0.465083
31.000000  50.322352  5.136117
31.100000  55.305287  2.900704
31.200000  48.121820  2.324830
31.300000  52.060970  1.137815
31.400000  50.752082  0.246555
31.500000  50.465132  4.886073
31.600000  47.277647  1.565206
31.700000  48.535073  0.311998
31.800000  46.176974  0.132653
31.900000  47.535979  3.621452
32.000000  49.126953  3.888114
32.100000  48.143598  4.219288
32.200000  50.626443  4.114957
32.300000  50.356816  5.360748
32.400000  45.559853  3.292627
32.500000  48.741493  2.604641
32.600000  50.785784  7.543457
32.700000  45.385863  2.581908
32.800000  51.636111  2.003255
32.900000  46.102041  5.903342
33.000000  49.065213  1.748232
33.100000  49.175209  2.979229
33.200000  49.239984  2.115717
33.300000  50.188222  0.244595
33.400000  47.013098  7.134364
33.500000  51.624967  5.359957
33.600000  49.901255  9.703590
33.700000  51.510786  5.566871
33.800000  51.108396  5.759273
33.900000  48.081235  10.606848
34.000000  49.066050  8.424737
34.100000  51.111630  8.169284
34.200000  49.983984  7.782403
34.300000  42.016748  12.551228
34.400000  50.210837  8.755262
34.500000  48.252367  7.613962
34.600000  48.371472  5.258061
34.700000  46.012506  0.801408
34.800000  48.030324  1.508003
34.900000  48.266163  4.071625
35.000000  49.195314  4.627648
35.100000  47.352578  3.944934
35.200000  48.092750  5.550910
35.300000  48.608072  5.614324
35.400000  51.469257  5.858342
35.500000  48.236159  1.435512
35.600000  50.361354  7.712302
35.700000  46.045626  2.126226
35.800000  48.365730  7.989789
35.900000  48.291494  5.014998
36.000000  52.084424  0.894040
36.100000  47.202678  7.103289
36.200000  46.088255  5.912386
36.300000  41.736658  9.162024
36.400000  48.587434  5.502968
36.500000  46.106951  7.495010
36.600000  48.895061  5.085050
36.700000  45.188878  7.965856
36.800000  46.195703  9.991690
36.900000  46.128920  10.746089
37.000000  49.308194  3.031044
37.100000  48.215190  2.310749
37.200000  50.004343  7.327247
37.300000  47.291535  11.582642
37.400000  50.132537  8.660389
37.500000  47.557126  3.922624
37.600000  48.417777  7.372827
37.700000  53.242783  3.889052
37.800000  52.055863  0.635679
37.900000  54.423337  0.241041
38.000000  49.930097  5.127712
38.100000  50.050747  6.462175
38.200000  51.291245  6.496788
38.300000  55.728767  2.077543
38.400000  52.634246  4.935559
38.500000  48.604736  6.947692
38.600000  50.158468  5.056130
38.700000  55.465762  2.784405
38.800000  52.776945  6.356558
38.900000  51.004117  7.243195
39.000000  46.754158  9.774590
39.100000  52.919952  7.545637
39.200000  56.605176  6.058188
39.300000  61.997733  8.599794
39.400000  59.940756  9.535367
39.500000  61.727505  9.089473
39.600000  64.485561  8.653782
39.700000  67.856302  13.553266
39.800000  67.567491  16.734439
39.900000  60.674230  8.849346
40.000000  64.029931  20.273730
40.100000  62.696598  13.962456
40.200000  54.171005  0.168186
40.300000  55.979669  0.060464
40.400000  60.665257  10.356062
40.500000  53.442206  1.348720
40.600000  54.032871  3.824851
40.700000  58.110013  7.190360
40.800000  56.580151  4.433449
40.900000  64.285636  5.396377
41.000000  62.624967  13.703137
41.100000  57.339005  0.409805
41.200000  61.240910  12.692451
41.300000  60.317213  6.952866
41.400000  63.701246  7.277313
41.500000  57.982496  1.414363
41.600000  58.356271  4.727429
41.700000  58.755924  6.945964
41.800000  63.033881  7.187579
41.900000  67.796616  14.531843
42.000000  67.900443  12.110684
42.100000  63.071948  17.980859
42.200000  65.011955  17.467983
42.300000  64.743369  14.977336
42.400000  69.359062  17.225561
42.500000  59.001553  5.570002
42.600000  60.216824  13.470859
42.700000  58.448065  3.942534
42.800000  64.116220  14.414191
42.900000  63.031793  7.299369
43.000000  62.141146  11.229957
43.100000  60.852201  9.648321
43.200000  64.319819  12.301321
43.300000  57.340633  0.737189
43.400000  57.203315  0.064245
43.500000  53.577455  3.186059
43.600000  54.160606  2.101605
43.700000  55.314695  0.834510
43.800000  53.030196  1.702849
43.900000  57.108508  5.886246
44.000000  56.036181  6.968296
44.100000  61.237265  7.439362
44.200000  60.404043  10.345731
44.300000  56.963151  7.323986
44.400000  58.416902  6.152433
44.500000  59.991194  7.107977
44.600000  60.450731  9.984846
44.700000  56.247748  8.169471
44.800000  61.946545  6.343941
44.900000  59.388790  4.499173
45.000000  61.423209  12.736268
45.100000  59.776961  2.801679
45.200000  64.515239  16.788613
45.300000  64.746617  10.909481
45.400000  65.081614  14.382190
45.500000  61.552675  9.537250
45.600000  62.680284  11.980733
45.700000  65.568593  12.531530
45.800000  61.598636  13.277835
45.900000  63.153788  17.571197
46.000000  66.824667  19.117067
46.100000  63.279618  13.283895
46.200000  66.864676  20.321514
46.300000  62.551000  11.928769
46.400000  66.953944  19.612855
46.500000  57.930322  9.651085
46.600000  58.740110  2.851187
46.700000  58.887467  7.774351
46.800000  64.494636  16.059896
46.900000  60.115966  4.462844
47.000000  59.978782  7.526191
47.100000  60.542781  14.881771
47.200000  67.216034  17.479588
47.300000  59.368577  1.566215
47.400000  62.894958  15.343767
47.500000  54.682845  4.864661
47.600000  54.068590  5.957785
47.700000  61.969164  10.425911
47.800000  58.932700  10.806214
47.900000  61.459994  9.301472
48.000000  61.134884  7.617787
48.100000  57.768989  5.662617
48.200000  59.938769  10.008447
48.300000  58.847107  8.390092
48.400000  57.584840  6.783813
48.500000  56.467488  4.054192
48.600000  57.187663  3.986463
48.700000  58.968497  8.346389
48.800000  59.078722  8.019205
48.900000  59.472762  4.592462
49.000000  66.449854  13.411130
49.100000  57.714535  9.883944
49.200000  61.930588  10.002025
49.300000  58.283102  6.604966
49.400000  58.676536  6.296752
49.500000  60.602992  10.589147
49.600000  59.629610  10.181293
49.700000  60.251053  11.671832
49.800000  57.098154  1.537244
49.900000  53.815019  4.879636
50.000000  54.650647  0.190347
50.100000  52.517994  0.461559
50.200000  52.622310  3.474077
50.300000  57.476168  9.789370
50.400000  53.278159  6.961041
50.500000  56.273077  1.876504
50.600000  54.344065  0.484611
50.700000  56.571464  2.390169
50.800000  53.779450  2.918733
50.900000  57.750879  4.492755
51.000000  54.698724  4.668590
51.100000  56.154308  4.594277
51.200000  58.741336  1.503832
51.300000  61.643225  5.945218
51.400000  57.564277  4.267833
51.500000  57.063009  5.456953
51.600000  58.842849  9.858372
51.700000  61.197235  9.166416
51.800000  59.442602  5.881175
51.900000  56.628397  6.262213
52.000000  57.307038  7.304243
52.100000  57.402530  4.743629
52.200000  58.763943  5.960681
52.300000  57.160403  0.654557
52.400000  54.121802  0.270540
52.500000  57.393169  7.443350
52.600000  57.788950  6.311103
52.700000  57.025792  2.719890
52.800000  59.757734  6.705015
52.900000  57.628743  6.507192
53.000000  56.600003  8.609139
53.100000  56.661912  6.857831
53.200000  58.076414  6.218619
53.300000  55.437936  9.562766
53.400000  58.401752  4.322104
53.500000  56.712909  8.169404
53.600000  56.763129  6.689636
53.700000  54.382140  0.109423
53.800000  57.365904  6.110595
53.900000  57.553974  1.651749
54.000000  58.256050  1.516958
54.100000  53.455498  3.579902
54.200000  57.495626  0.758873
54.300000  58.987798  3.473695
54.400000  61.675490  7.293879
54.500000  57.427496  1.622840
54.600000  56.399606  1.115638
54.700000  54.592686  1.774059
54.800000  55.330481  0.536428
54.900000  58.668720  0.152276
55.000000  55.653301  3.468598
55.100000  56.736263  4.456699
55.200000  54.756876  3.066865
55.300000  57.123553  5.013734
55.400000  60.563877  4.404690
55.500000  54.663426  4.316859
55.600000  59.693084  3.888516
55.700000  57.924079  3.699330
55.800000  57.450781  4.611465
55.900000  59.675987  7.396060
56.000000  53.947674  3.008983
56.100000  54.519596  3.764735
56.200000  51.853494  2.941314
56.300000  56.780258  9.230815
56.400000  58.972301  7.516317
56.500000  56.801581  6.309766
56.600000  53.398056  3.205155
56.700000  55.693902  0.668015
56.800000  59.411869  6.327561
56.900000  54.333545  0.579574
57.000000  58.054507  6.821004
57.100000  57.735829  5.983103
57.200000  59.618109  9.728142
57.300000  59.985619  9.672964
57.400000  54.729783  7.721894
57.500000  57.326954  9.731342
57.600000  56.799942  9.170028
57.700000  55.911456  10.609024
57.800000  57.614216  7.632311
57.900000  57.368521  2.233453
58.000000  59.162578  6.702146
58.100000  57.303365  5.810672
58.200000  57.540778  6.415851
58.300000  54.800263  9.447063
58.400000  53.015699  3.106382
58.500000  59.254510  8.506063
58.600000  60.630886  10.954258
58.700000  55.458961  7.558686
58.800000  56.742552  2.928751
58.900000  55.901497  1.875696
59.000000  54.827612  3.143834
59.100000  59.070070  9.627884
59.200000  57.539067  7.498788
59.300000  56.552285  5.054729
59.400000  60.736370  10.151422
59.500000  55.573515  0.484704
59.600000  54.270970  0.183115
59.700000  53.345861  4.541919
59.800000  55.805422  2.258078
59.900000  56.191727  6.902604
60.000000  56.450240  2.677524
60.100000  57.512951  7.948514
60.200000  55.413524  7.692112
60.300000  57.216068  8.637741
60.400000  55.078125  9.454270
60.500000  60.184196  11.801108
60.600000  55.959705  7.068082
60.700000  53.063908  6.333205
60.800000  52.239932  7.308744
60.900000  57.886592  10.836077
61.000000  51.952354  5.344069
61.100000  60.455446  11.456274
61.200000  56.199697  7.748393
61.300000  56.726149  4.797336
61.400000  58.271396  7.484746
61.500000  59.894407  12.636122
61.600000  59.147427  10.212377
61.700000  58.054220  6.743715
61.800000  56.498834  6.473601
61.900000  59.155037  5.731197
62.000000  60.071867  10.978518
62.100000  59.791261  11.764664
62.200000  58.810858  13.390758
62.300000  60.423226  8.858501
62.400000  58.219149  12.512583
62.500000  56.024931  8.949935
62.600000  59.131033  14.582375
62.700000  58.627243  12.736862
62.800000  59.067101  14.140505
62.900000  58.248592  12.035664
63.000000  60.142801  9.286542
63.100000  61.732277  11.409442
63.200000  56.047595  9.235788
63.300000  56.550621  9.849628
63.400000  54.263703  7.456654
63.500000  54.863801  8.218131
63.600000  53.969934  2.530636
63.700000  56.185147  10.369198
63.800000  55.512750  6.670218
63.900000  58.507953  6.666864
64.000000  53.693399  6.470072
64.100000  54.373593  4.780914
64.200000  51.732546  3.910249
64.300000  53.627771  4.001659
64.400000  49.126101  1.233911
64.500000  55.345486  4.631187
64.600000  59.079206  6.970693
64.700000  59.125195  9.971251
64.800000  56.942143  12.063019
64.900000  53.591358  5.747816
65.000000  56.834384  2.970931
65.100000  56.652892  5.347325
65.200000  59.749041  10.585075
65.300000  58.046757  8.628389
65.400000  56.506571  6.754193
65.500000  56.247909  4.917894
65.600000  57.955876  7.290187
65.700000  58.058978  8.828072
65.800000  56.471629  2.579936
65.900000  57.006135  7.973376
66.000000  54.832622  4.838527
66.100000  57.655316  6.775687
66.200000  57.825321  8.220558
66.300000  58.240388  8.674732
66.400000  53.701197  2.153723
66.500000  54.120564  1.361231
66.600000  56.280039  3.072921
66.700000  57.090756  5.902756
66.800000  57.548901  3.234292
66.900000  54.487026  3.631167
67.000000  53.492729  2.377632
67.100000  54.927370  4.004329
67.200000  57.388957  7.869908
67.300000  55.680217  3.091322
67.400000  55.075891  9.371369
67.500000  58.048853  6.631653
67.600000  56.450741  5.862054
67.700000  55.821541  5.418171
67.800000  60.418805  9.524292
67.900000  56.857936  8.379339
68.000000  57.949870  5.935140
68.100000  54.912334  6.560393
68.200000  55.320589  7.546222
68.300000  54.944771  2.608040
68.400000  55.966551  2.871460
68.500000  55.126666  6.283072
68.600000  60.887915  10.214756
68.700000  58.089544  6.322829
68.800000  59.258533  10.688517
68.900000  55.302880  3.244791
69.000000  60.916980  9.216952
69.100000  59.013179  11.399968
69.200000  59.120686  8.358673
69.300000  59.021175  10.170169
69.400000  58.437565  9.988096
69.500000  58.867003  7.656837
69.600000  60.177767  13.588891
69.700000  61.577320  11.503225
69.800000  55.571544  8.020192
69.900000  60.052322  7.314083
70.000000  60.357616  11.051134
70.100000  60.773463  7.314763
70.200000  62.143231  11.706514
70.300000  58.059880  8.890466
70.400000  57.551139  13.007052
70.500000  58.766088  11.315076
70.600000  56.892742  7.125007
70.700000  56.749101  6.510583
70.800000  60.758466  11.793024
70.900000  55.461430  10.011949
71.000000  58.103727  10.885032
71.100000  60.373260  9.160747
71.200000  56.383430  5.918797
71.300000  59.258460  8.439249
71.400000  56.467668  12.585999
71.500000  60.355517  11.487203
71.600000  61.669006  9.258085
71.700000  59.584815  5.603357
71.800000  62.690168  15.044639
71.900000  59.547776  12.596307
72.000000  63.465557  13.406808
72.100000  55.027207  8.727803
72.200000  58.928545  7.549527
72.300000  60.757212  16.673881
72.400000  61.059028  13.040139
72.500000  57.868146  14.213367
72.600000  58.411658  7.521986
72.700000  60.900975  12.600004
72.800000  58.378782  8.585609
72.900000  60.330663  13.665129
73.000000  60.619663  11.974302
73.100000  60.411409  15.150786
73.200000  56.697076  10.494018
73.300000  58.600346  10.144271
73.400000  58.113563  12.089736
73.500000  61.393950  16.165013
73.600000  62.375546  10.512372
73.700000  61.449528  10.770302
73.800000  60.109881  10.142395
73.900000  56.785446  7.260753
74.000000  58.245200  8.772604
74.100000  60.184486  11.471589
74.200000  60.539618  6.274726
74.300000  57.797481  6.837083
74.400000  63.366950  7.768770
74.500000  57.130902  5.577532
74.600000  61.198324  3.200298
74.700000  54.853665  2.624944
74.800000  57.497726  2.524158
74.900000  56.868355  7.567513
75.000000  59.458582  8.253253
75.100000  57.906463  8.390120
75.200000  60.364006  7.689833
75.300000  61.530119  8.682549
75.400000  58.659707  4.414946
75.500000  63.712637  12.217655
75.600000  58.581524  12.647166
75.700000  58.241177  9.313045
75.800000  59.183023  9.700713
75.900000  57.931134  10.597231
76.000000  60.910067  8.669765
76.100000  60.407690  6.119815
76.200000  59.760897  10.297797
76.300000  57.498334  9.980375
76.400000  59.276296  9.327874
76.500000  61.666394  10.092477
76.600000  60.501486  8.983239
76.700000  56.050417  9.195703
76.800000  55.107764  5.237669
76.900000  58.233888  6.821656
77.000000  54.562356  4.730184
77.100000  57.587656  7.549078
77.200000  62.977680  10.196583
77.300000  56.945437  11.098501
77.400000  61.018291  13.692537
77.500000  60.735161  9.206908
77.600000  56.327679  6.694632
77.700000  59.289060  8.432325
77.800000  56.721268  5.827331
77.900000  59.068491  5.183603
78.000000  61.150636  13.454977
78.100000  59.057575  9.097679
78.200000  59.287819  9.969713
78.300000  63.041459  9.829868
78.400000  61.346415  9.343582
78.500000  59.980983  10.550161
78.600000  56.023450  4.678566
78.700000  58.367559  9.491559
78.800000  69.310572  19.729331
78.900000  60.222552  10.060280
79.000000  62.144423  12.080706
79.100000  61.953744  7.879143
79.200000  59.509217  10.126927
79.300000  61.006790  10.750702
79.400000  62.841110  13.171280
79.500000  59.043662  11.719417
79.600000  59.425586  13.346976
79.700000  59.348415  9.206788
79.800000  60.806522  19.067750
79.900000  60.389853  11.082185
80.000000  61.017673  11.988744
80.100000  60.072983  9.069668
80.200000  59.315387  10.505172
80.300000  58.001624  11.274332
80.400000  55.821514  7.539815
80.500000  62.065883  11.532994
80.600000  55.883579  12.110030
80.700000  59.946379  17.813315
80.800000  57.013262  10.162368
80.900000  60.541947  18.716646
81.000000  55.197318  10.651399
81.100000  55.948864  12.716920
81.200000  54.834357  9.326291
81.300000  57.709288  13.031421
81.400000  57.152199  12.729284
81.500000  58.234085  14.847154
81.600000  58.998402  14.920166
81.700000  59.832865  16.829997
81.800000  60.147198  12.778168
81.900000  55.080180  9.758617
82.000000  57.914784  12.195184
82.100000  52.740102  0.887542
82.200000  55.487768  5.449568
82.300000  55.410899  4.575628
82.400000  58.970137  7.351955
82.500000  56.807780  5.988978
82.600000  57.590548  8.039658
82.700000  54.520439  9.790634
82.800000  54.903634  9.426156
82.900000  53.399907  4.832116
83.000000  57.963002  8.452166
83.100000  55.870471  7.169492
83.200000  59.919150  10.983992
83.300000  57.254349  4.221939
83.400000  60.425146  10.476564
83.500000  56.892957  8.652389
83.600000  57.075940  4.458083
83.700000  61.474093  10.638523
83.800000  59.386725  9.094827
83.900000  55.545256  9.061112
84.000000  54.974504  8.167047
84.100000  58.608649  8.304404
84.200000  57.132748  9.357138
84.300000  58.831353  11.211753
84.400000  54.273522  8.875005
84.500000  53.954011  9.371973
84.600000  55.466390  8.264633
84.700000  56.699027  5.835474
84.800000  53.803189  7.035374
84.900000  60.399175  14.702791
85.000000  57.711346  12.694510
85.100000  53.800794  6.386477
85.200000  57.573723  9.056323
85.300000  59.474911  14.897983
85.400000  54.032513  7.933253
85.500000  56.949174  10.656617
85.600000  57.157524  7.116912
85.700000  57.744532  12.587757
85.800000  55.305120  4.626874
85.900000  53.809503  4.711391
86.000000  58.446900  10.329418
86.100000  55.761414  5.339841
86.200000  56.724653  6.338451
86.300000  55.202230  2.002917
86.400000  57.285691  6.670992
86.500000  56.699510  5.192675
86.600000  58.989100  4.305316
86.700000  57.019401  6.420614
86.800000  53.522317  5.967951
86.900000  53.015153  0.622300
87.000000  52.933346  1.090555
87.100000  52.925138  3.170266
87.200000  55.857945  0.886745
87.300000  54.046112  1.693862
87.400000  52.981024  6.878076
87.500000  54.744662  1.371943
87.600000  55.270489  0.773008
87.700000  52.324091  0.926489
87.800000  57.158762  3.325686
87.900000  53.279649  1.118255
88.000000  56.999153  5.324184
88.100000  54.980232  3.590941
88.200000  52.859172  1.030646
88.300000  55.407551  4.440916
88.400000  61.647743  12.450151
88.500000  57.370334  5.536594
88.600000  58.257618  7.608415
88.700000  59.411097  7.687186
88.800000  60.236526  7.745472
88.900000  62.565194  9.492217
89.000000  50.501936  2.793625
89.100000  54.331031  7.616469
89.200000  51.795711  0.350518
89.300000  56.409819  4.011140
89.400000  55.405467  4.204173
89.500000  61.463752  10.965504
89.600000  52.496815  2.366490
89.700000  58.512788  9.788239
89.800000  51.704351  3.516154
89.900000  55.827320  3.398532
90.000000  57.908610  7.237565
90.100000  56.271087  9.582056
90.200000  60.096764  12.443348
90.300000  57.301574  9.410371
90.400000  53.184526  0.170332
90.500000  55.831778  1.996966
90.600000  53.905454  3.365286
90.700000  53.022513  2.318895
90.800000  52.242825  3.917969
90.900000  54.947648  2.503371
91.000000  51.131138  0.322287
91.100000  53.120305  4.670335
91.200000  51.176944  2.316778
91.300000  53.569596  1.402737
91.400000  51.853846  0.523229
91.500000  52.820842  3.580763
91.600000  50.981592  2.251877
91.700000  53.733120  2.726671
91.800000  52.191969  1.113567
91.900000  56.275387  3.514973
92.000000  53.428542  0.902192
92.100000  57.727790  1.830639
92.200000  53.529570  1.506818
92.300000  54.368890  1.753595
92.400000  53.404384  0.541548
92.500000  54.221436  1.994762
92.600000  54.066490  1.510920
92.700000  56.314940  7.784614
92.800000  55.966477  3.347517
92.900000  53.215343  3.236733
93.000000  53.406816  5.039172
93.100000  49.136289  1.339423
93.200000  50.448796  0.798264
93.300000  52.709440  1.289065
93.400000  53.974935  0.185338
93.500000  56.346717  7.726898
93.600000  57.355063  8.699505
93.700000  58.337605  6.469055
93.800000  55.142863  6.610311
93.900000  55.604966  2.193886
94.000000  56.049914  7.253658
94.100000  52.445178  2.559707
94.200000  58.037908  7.375625
94.300000  56.400800  3.478612
94.400000  55.876126  1.679634
94.500000  57.748822  3.995025
94.600000  58.628665  0.947387
94.700000  56.645620  2.833191
94.800000  58.296731  11.199453
94.900000  58.754240  11.377853
95.000000  53.278626  3.726091
95.100000  54.662281  8.775346
95.200000  53.674894  7.229192
95.300000  53.824881  5.260375
95.400000  51.412447  2.615366
95.500000  52.859170  4.259279
95.600000  52.246443  1.050803
95.700000  51.313849  1.432743
95.800000  55.421201  3.230909
95.900000  58.838863  4.274574
96.000000  56.528384  1.943153
96.100000  57.389865  4.201254
96.200000  57.064648  4.824889
96.300000  58.477286  2.809175
96.400000  53.957731  0.757946
96.500000  55.215033  4.730334
96.600000  55.696313  0.188928
96.700000  63.900498  8.983222
96.800000  65.243140  11.669146
96.900000  59.461346  10.487041
97.000000  64.910458  8.047397
97.100000  60.778738  6.280834
97.200000  67.543850  12.416264
97.300000  66.154515  14.468310
97.400000  66.401725  14.995527
97.500000  62.930675  13.744684
97.600000  60.252995  6.731435
97.700000  62.911592  7.293606
97.800000  60.756267  9.549201
97.900000  59.489173  11.483487
98.000000  59.095483  10.341758
98.100000  65.548930  10.987770
98.200000  58.772242  4.522826
98.300000  64.848163  16.464550
98.400000  60.229893  9.045259
98.500000  59.007320  7.634158
98.600000  61.819892  13.897016
98.700000  65.328791  14.161056
98.800000  62.767884  13.577715
98.900000  61.336105  11.750133
99.000000  62.071476  14.014904
99.100000  62.434483  12.373933
99.200000  68.314634  16.780563
99.300000  65.678781  9.082215
99.400000  64.125861  17.908477
99.500000  68.132524  21.520064
99.600000  66.027434  17.123224
99.700000  63.557561  12.350810
99.800000  68.204628  17.345787
99.900000  68.634518  16.557947
100.000000  66.385161  16.585904
100.100000  68.242312  19.820423
100.200000  62.280218  9.442661
100.300000  63.869129  15.030078
100.400000  63.436067  15.785263
100.500000  62.676441  14.462138
100.600000  61.663528  9.398690
100.700000  63.100578  7.786468
100.800000  65.590238  13.462204
100.900000  63.762647  8.795826
101.000000  66.356498  14.570590
101.100000  63.517709  15.798190
101.200000  64.714495  14.917888
101.300000  61.132506  12.061324
101.400000  65.202185  11.740945
101.500000  61.431089  6.691012
101.600000  62.460209  12.010953
101.700000  62.742886  12.648156
101.800000  66.222705  15.490172
101.900000  67.831151  22.584493
102.000000  69.446663  22.748388
102.100000  62.629099  13.658433
102.200000  65.560251  18.665334
102.300000  63.042529  18.358514
102.400000  62.337016  14.436615
102.500000  63.474260  9.819750
102.600000  63.381768  14.452788
102.700000  59.426835  8.911373
102.800000  60.007816  7.871173
102.900000  60.525092  9.009572
103.000000  61.304591  6.538269
103.100000  60.280548  8.020316
103.200000  59.112197  6.826543
103.300000  57.465685  6.045547
103.400000  59.643666  11.684198
103.500000  61.144551  1.951319
103.600000  58.931325  8.892980
103.700000  63.642142  14.902813
103.800000  59.215127  12.061646
103.900000  57.964788  7.813968
104.000000  67.511458  15.865877
104.100000  62.541680  12.992265
104.200000  63.895263  17.617968
104.300000  68.120352  16.231559
104.400000  60.407466  9.939735
104.500000  62.111521  13.479202
104.600000  65.068005  12.231129
104.700000  62.821858  18.761605
104.800000  57.679698  6.563649
104.900000  56.659755  5.754873
105.000000  62.119671  8.985199
105.100000  54.691315  4.096954
105.200000  62.762690  10.761754
105.300000  62.498789  12.626263
105.400000  59.876710  6.619497
105.500000  62.743759  10.328350
105.600000  63.424045  14.592198
105.700000  64.447649  10.504091
105.800000  63.209189  11.165509
105.900000  60.442856  9.481955
106.000000  65.529212  18.418473
106.100000  65.226225  17.355484
106.200000  59.829346  9.999304
106.300000  64.342348  11.717462
106.400000  60.453150  16.110198
106.500000  61.471125  10.296052
106.600000  61.532397  13.357282
106.700000  60.446530  11.883840
106.800000  54.447363  3.928833
106.900000  59.774859  4.862906
107.000000  60.140179  4.738592
107.100000  64.692047  14.032354
107.200000  62.185100  10.239427
107.300000  60.212158  10.837329
107.400000  63.380021  9.745892
107.500000  62.449569  11.805693
107.600000  60.919173  8.079452
107.700000  61.772018  13.630009
107.800000  59.299554  6.744650
107.900000  64.806745  11.194028
108.000000  69.552005  17.427646
108.100000  62.818724  13.430557
108.200000  60.499488  14.579998
108.300000  63.429854  12.850961
108.400000  59.868847  12.460826
108.500000  63.383182  18.046706
108.600000  65.930676  13.884520
108.700000  60.529001  4.925542
108.800000  63.639995  13.586509
108.900000  67.601741  16.302488
109.000000  66.758792  17.686250
109.100000  62.296176  12.012459
109.200000  60.760391  12.156902
109.300000  62.975915  14.638229
109.400000  61.798488  10.437499
109.500000  61.619824  11.762566
109.600000  65.147436  18.736989
109.700000  60.187795  16.103873
109.800000  64.958298  15.931215
109.900000  62.360007  15.909364
110.000000  61.318092  9.707843
110.100000  59.449523  8.234483
110.200000  63.624929  15.130793
110.300000  63.652810  19.953665
110.400000  62.760278  16.384907
110.500000  60.923643  7.645497
110.600000  58.750672  8.454279
110.700000  55.853594  5.409987
110.800000  60.590091  12.355908
