# aggregated from 2 replicates
# x  mean  std
0.000000  89.532000  0.000000
0.100000  89.888000  1.947372
0.200000  90.763500  1.774131
0.300000  90.474500  0.092631
0.400000  90.014500  2.093743
0.500000  90.813500  1.727462
0.600000  89.677000  1.839892
0.700000  90.367000  2.470631
0.800000  89.697000  2.274055
0.900000  90.962500  0.714885
1.000000  90.640500  0.095459
1.100000  89.018000  0.506288
1.200000  91.271000  3.160767
1.300000  89.009000  2.261327
1.400000  90.541000  1.019648
1.500000  90.538000  1.493410
1.600000  91.919500  0.535280
1.700000  90.450500  2.679228
1.800000  90.819500  0.055861
1.900000  90.723000  1.093187
2.000000  90.372000  1.912017
2.100000  90.392000  1.224709
2.200000  90.287000  0.089095
2.300000  91.558000  1.028133
2.400000  89.460000  0.818830
2.500000  90.932500  1.942422
2.600000  89.930000  0.861256
2.700000  89.981000  1.871005
2.800000  89.540500  1.204203
2.900000  89.723500  0.532451
3.000000  91.214500  0.942573
3.100000  91.239500  1.595940
3.200000  90.942500  1.068438
3.300000  90.846500  2.010305
3.400000  90.053000  1.114400
3.500000  90.178500  0.512652
3.600000  91.488000  0.028284
3.700000  91.594000  0.953180
3.800000  89.567500  0.572049
3.900000  90.516500  0.762968
4.000000  91.344000  0.506288
4.100000  92.087000  0.316784
4.200000  92.012000  0.251730
4.300000  91.195000  0.861256
4.400000  91.353000  1.699885
4.500000  90.835500  1.426234
4.600000  90.111500  0.337290
4.700000  89.633500  0.569221
4.800000  90.898000  0.313955
4.900000  90.759500  0.594677
5.000000  90.711000  1.422699
5.100000  90.811500  2.435983
5.200000  90.320000  2.012426
5.300000  91.447500  0.730441
5.400000  90.838500  1.044397
5.500000  90.743000  1.755039
5.600000  89.438500  1.273499
5.700000  89.799000  2.402749
5.800000  89.999500  1.769888
5.900000  90.359000  0.247487
6.000000  89.156000  3.715139
6.100000  90.634500  1.050054
6.200000  89.362500  1.091066
6.300000  92.795000  1.694228
6.400000  91.400000  3.446438
6.500000  90.178500  0.528209
6.600000  90.694500  0.624375
6.700000  92.189500  0.686601
6.800000  92.328500  3.500886
6.900000  91.990000  1.708370
7.000000  91.782500  2.703269
7.100000  92.357000  1.063489
7.200000  92.754000  0.883883
7.300000  93.713500  0.792667
7.400000  93.088000  1.183697
7.500000  92.934500  1.265014
7.600000  92.050500  0.709228
7.700000  92.400500  1.680793
7.800000  93.280000  0.564271
7.900000  92.073000  2.556898
8.000000  93.286500  2.023033
8.100000  92.858000  1.236023
8.200000  92.722500  1.949493
8.300000  93.062000  0.275772
8.400000  93.922000  1.056418
8.500000  92.081000  0.497803
8.600000  91.646000  0.236174
8.700000  93.072500  2.161625
8.800000  91.664000  3.604830
8.900000  91.148500  0.702157
9.000000  92.042000  1.073388
9.100000  91.895000  0.533159
9.200000  90.130500  1.916966
9.300000  92.282000  1.097430
9.400000  91.697000  0.110309
9.500000  92.528000  1.203496
9.600000  93.046000  0.763675
9.700000  92.649500  1.304612
9.800000  92.717500  2.891360
9.900000  91.365000  1.842720
10.000000  92.639000  1.520280
10.100000  92.183500  0.552250
10.200000  92.763000  1.865348
10.300000  93.009500  0.318905
10.400000  91.882000  1.534422
10.500000  92.260500  0.440528
10.600000  92.739500  2.373757
10.700000  92.542500  1.642609
10.800000  92.672000  0.496389
10.900000  94.322500  1.364009
11.000000  93.700000  0.705693
11.100000  93.430500  1.202789
11.200000  94.031500  1.331482
11.300000  92.535000  1.527351
11.400000  92.790500  0.085560
11.500000  93.229000  1.203496
11.600000  92.693000  0.055154
11.700000  92.760000  0.452548
11.800000  92.106000  1.880904
11.900000  92.989500  1.125007
12.000000  93.138000  1.896460
12.100000  92.333500  2.482652
12.200000  93.095000  1.634831
12.300000  92.837500  1.153291
12.400000  93.792500  0.990657
12.500000  91.661000  1.590990
12.600000  92.208500  1.037326
12.700000  93.220000  0.220617
12.800000  92.033500  0.105359
12.900000  91.885000  1.261478
13.000000  92.326500  1.857570
13.100000  91.091000  0.048083
13.200000  91.833000  0.240416
13.300000  93.267500  2.239407
13.400000  92.386500  0.555079
13.500000  91.689000  0.975807
13.600000  91.339000  1.047932
13.700000  92.749500  0.280721
13.800000  91.591500  1.000556
13.900000  93.076000  0.011314
14.000000  92.764500  0.272236
14.100000  92.864000  0.012728
14.200000  93.889000  1.643316
14.300000  91.529000  0.152735
14.400000  92.977000  0.315370
14.500000  91.297000  0.937624
14.600000  91.359000  0.268701
14.700000  90.756500  0.434871
14.800000  92.179000  0.627911
14.900000  91.443500  2.066873
15.000000  92.233000  0.070711
15.100000  92.598000  1.439669
15.200000  93.040000  0.579828
15.300000  92.328500  1.535129
15.400000  92.632000  0.346482
15.500000  91.029500  1.106622
15.600000  93.211500  2.107885
15.700000  92.262500  1.253700
15.800000  92.572000  1.443912
15.900000  91.912000  0.140007
16.000000  91.163500  0.214253
16.100000  93.707000  0.318198
16.200000  92.759000  0.494975
16.300000  93.075500  2.438811
16.400000  91.521500  1.444619
16.500000  92.630500  1.825043
16.600000  93.274500  1.038740
16.700000  92.013500  0.540937
16.800000  92.253000  0.660438
16.900000  92.031000  0.299813
17.000000  90.753000  1.684328
17.100000  93.044500  0.655488
17.200000  90.921500  0.910046
17.300000  91.428000  1.145513
17.400000  93.896500  0.241123
17.500000  92.416500  0.874691
17.600000  92.900500  0.325976
17.700000  91.853500  0.528209
17.800000  92.976000  0.948937
17.900000  91.899500  0.276479
18.000000  91.775000  0.872570
18.100000  91.627000  1.726755
18.200000  92.070000  1.268550
18.300000  93.112500  1.184404
18.400000  91.890500  0.290621
18.500000  92.968500  0.820951
18.600000  93.525500  0.341533
18.700000  93.049000  0.189505
18.800000  91.282000  0.022627
18.900000  91.659000  0.203647
19.000000  91.261500  0.914289
19.100000  91.525500  1.335725
19.200000  91.587000  0.700036
19.300000  93.145500  0.457498
19.400000  91.870500  0.590434
19.500000  92.973500  1.300369
19.600000  92.699500  0.386787
19.700000  92.237000  0.124451
19.800000  91.602000  0.875398
19.900000  91.138500  0.847821
20.000000  91.050000  0.780646
20.100000  91.500500  1.308855
20.200000  92.507500  2.277591
20.300000  91.643500  0.849235
20.400000  91.351500  0.979343
20.500000  91.661500  1.222588
20.600000  89.914500  1.656751
20.700000  90.676500  1.795344
20.800000  89.889500  0.716299
20.900000  92.174000  1.313804
21.000000  92.419500  0.508410
21.100000  91.780000  0.663266
21.200000  91.967500  0.103945
21.300000  91.208500  0.470226
21.400000  92.432500  0.540937
21.500000  91.656500  0.338704
21.600000  91.198500  0.374059
21.700000  92.301000  1.148341
21.800000  92.521000  0.746705
21.900000  91.847000  0.420021
22.000000  92.661000  0.892369
22.100000  92.064500  0.180312
22.200000  92.069000  1.385929
22.300000  91.685500  0.949644
22.400000  90.206000  1.182283
22.500000  90.158500  0.861963
22.600000  90.846500  1.338553
22.700000  90.582000  3.034902
22.800000  90.703500  2.023033
22.900000  91.306500  0.480126
23.000000  91.190500  0.280721
23.100000  91.386500  1.116522
23.200000  92.643500  0.294864
23.300000  91.223500  0.512652
23.400000  90.169500  1.819386
23.500000  92.514500  1.287641
23.600000  92.835000  0.258801
23.700000  92.533000  0.415779
23.800000  92.480500  0.282136
23.900000  92.285000  0.261630
24.000000  91.287000  2.077480
24.100000  92.271000  0.948937
24.200000  92.663500  0.972272
24.300000  92.015500  0.883176
24.400000  92.714000  0.004243
24.500000  91.778000  0.926310
24.600000  91.589500  0.663973
24.700000  92.552500  0.109602
24.800000  90.982000  0.444063
24.900000  90.884000  2.497501
25.000000  93.086500  0.847821
25.100000  91.676000  0.214960
25.200000  92.629000  2.084551
25.300000  92.694000  3.000961
25.400000  92.006500  2.583061
25.500000  91.470500  1.035911
25.600000  91.161500  0.548008
25.700000  92.965500  1.659580
25.800000  92.599000  1.698470
25.900000  91.964500  0.314663
26.000000  91.614000  2.008183
26.100000  92.426000  0.410122
26.200000  92.811500  0.153442
26.300000  92.237000  0.998435
26.400000  91.266000  0.322441
26.500000  91.812000  1.250165
26.600000  92.323000  1.449569
26.700000  92.510000  0.586899
26.800000  92.031500  1.283399
26.900000  92.045500  0.383959
27.000000  92.320500  0.550836
27.100000  91.811000  0.992778
27.200000  92.604500  0.293449
27.300000  91.846500  0.323148
27.400000  91.643500  1.054296
27.500000  93.582500  0.219910
27.600000  93.547500  1.181575
27.700000  93.612000  0.237588
27.800000  92.205500  3.553212
27.900000  93.233500  1.556342
28.000000  90.917000  0.462448
28.100000  91.767500  1.324411
28.200000  91.952000  0.236174
28.300000  92.426500  1.164605
28.400000  90.658500  0.152028
28.500000  93.069000  0.050912
28.600000  92.804000  1.339260
28.700000  91.872000  0.572756
28.800000  92.799500  2.109300
28.900000  92.462000  2.460732
29.000000  92.649500  0.371231
29.100000  91.741000  2.740746
29.200000  92.047000  3.965455
29.300000  93.456500  0.424971
29.400000  91.519500  1.665236
29.500000  91.982000  0.524673
29.600000  92.317500  0.296278
29.700000  91.748000  0.653367
29.800000  92.211000  0.704278
29.900000  91.526500  2.843276
30.000000  90.742500  2.034346
30.100000  92.668000  0.398808
30.200000  92.933500  1.646852
30.300000  92.247000  0.937624
30.400000  91.811500  1.530886
30.500000  94.230500  0.267993
30.600000  93.302500  0.829436
30.700000  91.981500  0.368403
30.800000  92.894500  2.336988
30.900000  92.557500  1.529472
31.000000  93.122000  0.741048
31.100000  93.412000  0.557200
31.200000  92.937000  1.172383
31.300000  92.841500  2.144655
31.400000  93.208500  0.280721
31.500000  93.087500  1.932523
31.600000  92.864500  1.454519
31.700000  92.496000  0.366281
31.800000  92.671000  2.064752
31.900000  91.581000  0.271529
32.000000  92.031500  1.347038
32.100000  93.956500  0.654074
32.200000  92.615000  1.356231
32.300000  92.157000  3.006618
32.400000  91.629500  1.887268
32.500000  91.596000  1.964343
32.600000  92.468500  0.231224
32.700000  91.719000  0.306884
32.800000  91.651500  1.031669
32.900000  91.603500  0.727613
33.000000  92.237500  1.239558
33.100000  91.736000  2.382950
33.200000  92.365000  0.022627
33.300000  91.526000  0.168291
33.400000  91.821500  0.499924
33.500000  91.746500  0.823779
33.600000  91.461500  0.299106
33.700000  91.422500  1.014698
33.800000  90.216500  0.924189
33.900000  91.752000  1.080459
34.000000  91.174000  0.967322
34.100000  91.235500  0.006364
34.200000  91.016000  1.278449
34.300000  91.699000  2.315068
34.400000  91.228000  0.362039
34.500000  91.303000  1.138442
34.600000  92.485000  1.670186
34.700000  91.387000  1.230366
34.800000  91.442500  1.345624
34.900000  92.634000  1.138442
35.000000  91.785500  1.844842
35.100000  92.311000  1.986970
35.200000  89.826500  1.675136
35.300000  91.139500  0.966615
35.400000  90.122000  0.786303
35.500000  92.578000  1.719684
35.600000  91.553000  0.224860
35.700000  90.602000  0.418607
35.800000  91.631500  1.354109
35.900000  91.358500  0.867620
36.000000  90.976500  1.214102
36.100000  91.112500  0.676701
36.200000  90.855000  0.511945
36.300000  91.226500  0.310420
36.400000  92.066000  0.459619
36.500000  91.445500  1.601597
36.600000  91.743000  3.040559
36.700000  91.065500  1.154705
36.800000  92.266500  0.327390
36.900000  90.612000  1.807365
37.000000  91.823500  1.905653
37.100000  92.863500  0.591848
37.200000  93.231000  2.271227
37.300000  91.538500  2.988940
37.400000  92.070500  2.157383
37.500000  90.866500  2.170111
37.600000  92.510500  1.840599
37.700000  92.642000  1.523108
37.800000  92.510000  3.321988
37.900000  92.075500  3.396234
38.000000  92.675000  2.709633
38.100000  92.928500  0.137886
38.200000  91.574000  2.036468
38.300000  92.104500  2.109300
38.400000  91.846000  1.752211
38.500000  92.911000  2.429619
38.600000  92.406000  3.077329
38.700000  91.939000  0.992778
38.800000  90.514000  1.045104
38.900000  92.359500  2.953585
39.000000  91.170500  0.494268
39.100000  91.465000  3.077329
39.200000  91.821000  1.047932
39.300000  92.656500  3.420276
39.400000  91.838000  2.381536
39.500000  94.476500  3.317038
39.600000  92.293500  1.925452
39.700000  92.426000  2.206173
39.800000  91.838000  1.169555
39.900000  92.313500  2.126270
40.000000  91.963500  1.744432
40.100000  92.255000  3.000961
40.200000  92.491500  1.410678
40.300000  91.585500  0.255266
40.400000  91.089000  0.533159
40.500000  93.412500  3.110563
40.600000  92.222500  1.580384
40.700000  92.292000  1.781909
40.800000  93.917500  2.776808
40.900000  93.095000  0.043841
41.000000  93.428500  1.001970
41.100000  92.193000  0.049497
41.200000  93.068000  1.045104
41.300000  92.745000  0.329512
41.400000  93.558500  0.607405
41.500000  93.344500  1.266428
41.600000  93.797500  2.161625
41.700000  91.383000  0.130108
41.800000  93.497500  1.402193
41.900000  93.208000  1.390172
42.000000  94.562500  1.481389
42.100000  93.279000  1.596647
42.200000  93.867000  1.394415
42.300000  93.438000  0.524673
42.400000  93.120000  1.798880
42.500000  91.509000  3.886259
42.600000  92.646000  1.073388
42.700000  92.556500  0.074246
42.800000  92.055500  0.555079
42.900000  93.438000  1.548564
43.000000  91.939000  1.381687
43.100000  91.843000  1.937473
43.200000  91.942000  2.546999
43.300000  91.600500  2.875803
43.400000  90.510500  1.492702
43.500000  91.516500  3.990204
43.600000  91.619500  1.235316
43.700000  92.609500  1.980606
43.800000  92.645000  2.462146
43.900000  91.146000  1.813022
44.000000  91.522500  1.174504
44.100000  91.672500  1.686450
44.200000  92.057500  0.068589
44.300000  90.903500  1.205617
44.400000  92.439500  1.593112
44.500000  91.314000  0.821658
44.600000  91.353500  0.550836
44.700000  91.728000  0.825901
44.800000  90.722000  0.318198
44.900000  91.037500  0.519723
45.000000  92.273500  0.412243
45.100000  91.701000  1.001263
45.200000  91.549500  1.714734
45.300000  91.342500  0.294864
45.400000  91.484500  0.869034
45.500000  93.195000  0.299813
45.600000  92.543000  0.219203
45.700000  92.856000  0.825901
45.800000  91.900500  1.242387
45.900000  92.129500  3.626751
46.000000  91.099500  0.702157
46.100000  91.330500  2.452953
46.200000  92.122500  2.611345
46.300000  92.025500  1.786859
46.400000  93.007000  1.691399
46.500000  91.482500  0.112430
46.600000  92.128000  1.022476
46.700000  90.551500  1.009041
46.800000  93.070000  3.224407
46.900000  92.250500  0.088388
47.000000  91.171500  2.870146
47.100000  93.163500  2.027275
47.200000  93.231000  1.462297
47.300000  92.234000  0.790545
47.400000  91.292000  2.310825
47.500000  92.108000  1.615032
47.600000  92.322000  0.745291
47.700000  93.469500  0.610233
47.800000  91.663000  1.465125
47.900000  92.294000  2.708219
48.000000  91.540500  0.176070
48.100000  91.796500  1.864641
48.200000  91.840500  1.023184
48.300000  92.226000  3.114098
48.400000  92.654500  0.867620
48.500000  93.229000  1.080459
48.600000  91.327000  0.758018
48.700000  91.647500  0.505581
48.800000  90.514500  1.359766
48.900000  91.854500  0.919946
49.000000  90.941000  1.408557
49.100000  92.332000  0.161220
49.200000  91.833000  0.579828
49.300000  91.612500  0.234052
49.400000  92.398000  0.816001
49.500000  92.392000  1.875247
49.600000  91.026500  0.608819
49.700000  91.796000  0.328098
49.800000  91.147500  0.081317
49.900000  91.395000  0.065054
50.000000  91.534000  0.246073
50.100000  91.977500  0.589020
50.200000  91.971000  1.012577
50.300000  91.711000  0.173948
50.400000  91.360500  0.707814
50.500000  92.203000  0.411536
50.600000  91.302000  0.561443
50.700000  90.777500  0.197283
50.800000  92.007000  2.752060
50.900000  91.755000  1.736654
51.000000  91.609000  1.650387
51.100000  93.423500  0.639932
51.200000  91.237000  0.458205
51.300000  91.897000  0.182434
51.400000  92.849500  0.422143
51.500000  90.072000  0.579828
51.600000  90.592000  1.285520
51.700000  91.805500  2.283248
51.800000  91.972500  0.207182
51.900000  91.822500  1.743018
52.000000  90.912500  0.280721
52.100000  92.527500  1.175919
52.200000  92.114000  0.045255
52.300000  91.832000  0.847114
52.400000  91.328500  0.116673
52.500000  90.872000  1.551392
52.600000  92.107500  0.825194
52.700000  91.222000  0.947523
52.800000  91.612000  1.551392
52.900000  90.431500  0.893076
53.000000  91.525000  0.159806
53.100000  91.343000  0.452548
53.200000  91.862000  3.575132
53.300000  93.295500  1.481389
53.400000  91.941000  1.059246
53.500000  92.962500  0.556493
53.600000  91.303500  0.509824
53.700000  93.023000  2.196274
53.800000  91.298000  0.066468
53.900000  91.794000  0.132936
54.000000  91.294500  0.617304
54.100000  91.907000  0.005657
54.200000  92.231500  0.004950
54.300000  93.200500  0.167584
54.400000  93.242500  0.586192
54.500000  93.030500  0.400930
54.600000  92.025500  0.420729
54.700000  92.754500  1.861812
54.800000  92.849000  1.166726
54.900000  93.038000  0.776403
55.000000  92.332000  1.301076
55.100000  91.997500  0.004950
55.200000  91.560500  0.854892
55.300000  92.817500  1.386636
55.400000  92.469000  0.015556
55.500000  92.476500  0.383959
55.600000  93.244000  0.967322
55.700000  92.777000  2.865197
55.800000  93.762500  0.358503
55.900000  91.917500  2.023033
56.000000  93.295500  0.893076
56.100000  93.075500  0.344361
56.200000  93.318000  0.340825
56.300000  92.554500  0.477297
56.400000  93.259500  1.556342
56.500000  93.064500  2.134755
56.600000  92.190500  2.154554
56.700000  93.154500  2.062630
56.800000  92.809000  2.554070
56.900000  92.707000  0.188090
57.000000  93.058500  0.328805
57.100000  91.654000  0.825901
57.200000  91.184000  0.817415
57.300000  91.988000  0.767918
57.400000  90.771000  1.087530
57.500000  92.316500  0.125158
57.600000  92.351000  0.404465
57.700000  91.972500  0.419314
57.800000  91.901500  1.612911
57.900000  92.525000  1.264307
58.000000  92.923000  1.121471
58.100000  92.743500  1.512501
58.200000  91.304500  0.412243
58.300000  92.170000  0.248902
58.400000  91.642500  1.537957
58.500000  91.324500  3.168545
58.600000  92.243500  1.308855
58.700000  93.002000  1.572605
58.800000  92.421500  0.289207
58.900000  91.230500  0.225567
59.000000  93.244000  0.516188
59.100000  93.041500  0.540937
59.200000  90.990000  0.161220
59.300000  91.275500  0.272236
59.400000  92.673000  2.080308
59.500000  91.837000  1.565534
59.600000  91.469500  0.309006
59.700000  90.991000  0.326683
59.800000  91.869500  0.002121
59.900000  90.479500  1.209860
60.000000  91.269500  0.304763
60.100000  91.196000  2.391435
60.200000  91.500500  0.105359
60.300000  90.925500  1.501188
60.400000  92.452000  0.930553
60.500000  90.781000  0.425678
60.600000  91.923000  1.476439
60.700000  91.774000  1.178040
60.800000  90.724500  0.621547
60.900000  92.409000  0.339411
61.000000  91.410000  0.777817
61.100000  92.655500  1.304612
61.200000  92.457000  1.709784
61.300000  91.635000  0.415779
61.400000  91.692000  0.369110
61.500000  91.006500  1.294713
61.600000  91.825000  0.841457
61.700000  91.210000  1.096016
61.800000  91.383500  0.721956
61.900000  90.557500  1.338553
62.000000  90.487500  0.258094
62.100000  90.545000  0.558614
62.200000  91.865000  1.127128
62.300000  91.145000  1.456640
62.400000  92.371500  0.327390
62.500000  90.966000  0.800445
62.600000  90.699500  0.294864
62.700000  91.573000  0.729734
62.800000  91.083000  0.578413
62.900000  91.891500  0.583363
63.000000  92.024000  0.868327
63.100000  93.233000  0.725492
63.200000  91.650500  1.423406
63.300000  92.598500  0.358503
63.400000  91.659000  1.813022
63.500000  92.541000  0.101823
63.600000  91.618500  0.680944
63.700000  92.220500  2.915401
63.800000  91.136000  0.895197
63.900000  89.974500  2.727311
64.000000  91.152000  1.725341
64.100000  90.520000  2.009597
64.200000  92.866500  0.231224
64.300000  92.308000  1.705542
64.400000  92.978500  0.327390
64.500000  91.997000  0.811759
64.600000  91.356000  0.367696
64.700000  91.939500  0.594677
64.800000  90.958000  1.736654
64.900000  91.622500  0.795495
65.000000  92.633500  0.863377
65.100000  92.157000  0.384666
65.200000  92.759500  2.221022
65.300000  93.439000  3.623215
65.400000  92.180000  2.169404
65.500000  92.005500  2.554777
65.600000  92.091000  2.868025
65.700000  92.426500  2.474167
65.800000  92.121500  2.833377
65.900000  91.552500  0.679530
66.000000  92.615500  0.818123
66.100000  91.629500  1.996162
66.200000  92.131000  1.455226
66.300000  92.240500  2.904088
66.400000  91.550000  2.040710
66.500000  92.119000  1.955857
66.600000  91.804000  0.278600
66.700000  90.828000  0.629325
66.800000  92.866500  0.383959
66.900000  92.783000  1.496238
67.000000  90.061000  0.405879
67.100000  89.727500  1.801001
67.200000  90.904500  2.066873
67.300000  91.694000  0.427092
67.400000  91.879000  1.006920
67.500000  90.281500  1.255115
67.600000  90.837500  1.655337
67.700000  91.975500  0.580535
67.800000  91.923500  0.927017
67.900000  91.997000  0.080610
68.000000  90.875500  0.605991
68.100000  91.194000  2.227386
68.200000  93.043500  1.332896
68.300000  91.843000  0.400222
68.400000  92.004000  0.551543
68.500000  91.299500  0.422143
68.600000  90.068500  1.328654
68.700000  91.583000  2.313653
68.800000  91.453000  0.411536
68.900000  90.661500  0.102530
69.000000  91.008500  1.168848
69.100000  91.720500  0.655488
69.200000  91.551500  2.768323
69.300000  91.576000  0.065054
69.400000  93.256500  2.612760
69.500000  92.441500  0.825194
69.600000  91.329000  1.132785
69.700000  89.504500  0.355675
69.800000  91.293000  0.148492
69.900000  92.617000  0.987121
70.000000  91.479000  0.950352
70.100000  91.520500  2.254964
70.200000  92.072000  1.668772
70.300000  91.317500  2.293147
70.400000  91.246000  1.677257
70.500000  92.042500  1.826457
70.600000  91.458000  1.303905
70.700000  90.192500  1.269257
70.800000  92.358000  2.593668
70.900000  90.551500  0.754483
71.000000  90.736500  2.204052
71.100000  91.447000  0.219203
71.200000  90.857000  1.619275
71.300000  91.026000  1.598061
71.400000  91.699500  0.641346
71.500000  90.988500  1.349867
71.600000  91.950500  3.820498
71.700000  92.097500  1.516744
71.800000  91.262500  0.477297
71.900000  92.524000  1.296834
72.000000  90.883500  2.660843
72.100000  90.173000  1.296834
72.200000  91.831500  0.764382
72.300000  90.787500  0.294864
72.400000  91.541000  0.328098
72.500000  90.885500  1.218345
72.600000  91.168000  0.210718
72.700000  91.389500  1.478560
72.800000  93.639000  0.695793
72.900000  90.471500  0.627204
73.000000  91.394500  1.632710
73.100000  90.764500  0.284964
73.200000  91.435500  0.424971
73.300000  90.052500  0.273650
73.400000  91.830000  0.222032
73.500000  91.158500  0.231224
73.600000  91.743000  1.496238
73.700000  91.309500  0.430628
73.800000  91.724000  0.141421
73.900000  90.988000  1.336432
74.000000  92.476500  0.193040
74.100000  91.257000  0.794788
74.200000  92.061000  0.944695
74.300000  91.946500  0.484368
74.400000  91.945000  1.906360
74.500000  91.671500  2.216780
74.600000  93.339000  1.518865
74.700000  91.449000  2.368808
74.800000  93.857000  1.774838
74.900000  91.685500  0.744583
75.000000  91.095500  1.040154
75.100000  92.145000  1.333603
75.200000  92.986000  0.524673
75.300000  91.251000  0.657609
75.400000  90.492000  0.567100
75.500000  90.057500  0.590434
75.600000  90.095500  0.331633
75.700000  91.749500  0.065761
75.800000  90.906500  0.064347
75.900000  91.987000  0.548715
76.000000  91.475000  1.013991
76.100000  90.473500  0.098288
76.200000  90.939500  0.850649
76.300000  90.737000  1.607961
76.400000  92.106000  1.395829
76.500000  91.093000  0.336583
76.600000  92.529000  0.275772
76.700000  90.509500  0.030406
76.800000  91.244000  0.404465
76.900000  91.484500  1.621396
77.000000  92.640500  0.392444
77.100000  91.675500  0.171827
77.200000  90.471500  0.381131
77.300000  92.527500  0.129401
77.400000  91.400500  0.396687
77.500000  91.396500  1.561999
77.600000  92.048500  1.348453
77.700000  91.114500  0.535280
77.800000  91.559500  1.334310
77.900000  91.806500  1.274914
78.000000  91.065000  1.779081
78.100000  92.366500  1.215517
78.200000  91.933500  0.772868
78.300000  89.931500  2.276177
78.400000  90.806000  1.153998
78.500000  91.748500  2.119199
78.600000  91.436000  1.506137
78.700000  91.188000  0.752362
78.800000  92.100500  1.188646
78.900000  92.149000  2.242943
79.000000  91.952500  0.601748
79.100000  93.157000  0.316784
79.200000  91.554500  1.313097
79.300000  91.832500  1.313097
79.400000  91.266500  3.179859
79.500000  91.664500  1.098137
79.600000  92.804500  3.609780
79.700000  92.649000  1.268550
79.800000  92.173500  1.552099
79.900000  92.232000  0.711349
80.000000  92.671000  0.172534
80.100000  92.826000  0.032527
80.200000  92.721500  0.545179
80.300000  93.388500  0.555079
80.400000  92.638500  0.768625
80.500000  92.462000  1.483510
80.600000  92.084500  0.521138
80.700000  93.510000  0.982878
80.800000  91.355500  1.779788
80.900000  92.215500  0.567807
81.000000  92.077000  1.244508
81.100000  92.503500  0.357089
81.200000  91.446000  0.541644
81.300000  92.636500  2.129099
81.400000  91.721500  1.942422
81.500000  91.805500  2.164454
81.600000  92.317000  1.086116
81.700000  91.000000  0.605283
81.800000  91.426500  0.948230
81.900000  91.974500  2.021618
82.000000  91.588000  1.507552
82.100000  92.623000  0.374767
82.200000  90.813500  0.873277
82.300000  91.388500  0.590434
82.400000  92.114000  0.759433
82.500000  92.572000  1.234608
82.600000  91.516500  2.912573
82.700000  92.189500  0.208597
82.800000  91.278500  1.269257
82.900000  90.804500  0.498510
83.000000  91.369000  0.550129
83.100000  91.251500  2.356787
83.200000  91.507000  2.612052
83.300000  91.307000  0.644881
83.400000  92.534000  0.601041
83.500000  92.212500  1.160362
83.600000  91.510000  0.825901
83.700000  92.021000  0.503460
83.800000  92.290000  0.195161
83.900000  91.077500  0.225567
84.000000  92.203000  0.067882
84.100000  92.374000  0.554372
84.200000  93.242000  0.799031
84.300000  92.166000  3.016518
84.400000  91.896000  3.648671
84.500000  92.106000  3.394113
84.600000  93.233500  3.025710
84.700000  90.591500  1.423406
84.800000  91.929500  1.874540
84.900000  92.557500  0.154856
85.000000  91.590500  1.769888
85.100000  92.972000  0.592555
85.200000  91.901000  2.114249
85.300000  93.288000  2.907623
85.400000  92.137000  0.306884
85.500000  92.241500  1.873126
85.600000  91.721000  1.876661
85.700000  92.357000  1.851206
85.800000  92.017000  0.255973
85.900000  92.144500  1.692107
86.000000  92.066500  1.052882
86.100000  92.860500  0.639932
86.200000  92.656500  1.549271
86.300000  92.239000  2.036468
86.400000  91.441000  1.359059
86.500000  92.553000  0.588313
86.600000  91.022000  1.880904
86.700000  90.566500  3.174202
86.800000  91.763500  2.093743
86.900000  91.645500  1.356938
87.000000  89.746500  1.573313
87.100000  91.663000  2.422548
87.200000  92.020000  3.155110
87.300000  92.935500  1.392293
87.400000  92.529000  3.730695
87.500000  92.438500  2.874389
87.600000  92.419000  1.948786
87.700000  92.619000  1.077631
87.800000  91.825000  2.343352
87.900000  92.389500  2.624073
88.000000  92.456000  2.662964
88.100000  91.358000  2.221730
88.200000  92.647000  2.187788
88.300000  91.207000  4.023438
88.400000  92.344500  2.922472
88.500000  91.488000  1.540079
88.600000  91.207500  2.215366
88.700000  92.459500  2.112128
88.800000  93.109000  2.295269
88.900000  92.353500  0.689429
89.000000  92.142000  0.827315
89.100000  91.849500  2.170111
89.200000  91.337000  2.121320
89.300000  91.479000  2.214658
89.400000  92.614000  1.402900
89.500000  91.088000  0.916410
89.600000  92.109000  0.038184
89.700000  92.212000  0.879641
89.800000  91.325500  1.689278
89.900000  90.597500  0.968029
90.000000  92.001500  1.290470
90.100000  93.488000  0.255973
90.200000  92.360000  1.518865
90.300000  92.193000  0.005657
90.400000  91.266500  1.195718
90.500000  91.729000  1.958686
90.600000  92.114000  1.244508
90.700000  92.246000  1.740897
90.800000  92.572500  1.075509
90.900000  92.329500  0.744583
91.000000  91.341500  1.317340
91.100000  92.152500  1.785445
91.200000  93.455500  1.214102
91.300000  91.502000  0.305470
91.400000  91.839500  0.292035
91.500000  93.038000  0.895197
91.600000  92.095000  0.982878
91.700000  92.269000  0.117380
91.800000  92.262000  1.615032
91.900000  92.364000  1.004092
92.000000  91.262000  1.347746
92.100000  92.261000  1.370373
92.200000  90.890500  0.540937
92.300000  91.639000  0.644881
92.400000  91.403000  0.181019
92.500000  90.162500  1.498359
92.600000  89.982500  1.034497
92.700000  91.018000  1.094601
92.800000  91.052500  1.922623
92.900000  90.430000  0.504874
93.000000  91.604000  0.104652
93.100000  92.109500  0.907218
93.200000  89.954500  0.410829
93.300000  91.336500  0.504167
93.400000  91.113500  0.919946
93.500000  91.300500  1.242387
93.600000  92.096000  0.164049
93.700000  91.454500  0.864792
93.800000  92.703500  0.457498
93.900000  92.423000  0.115966
94.000000  92.916000  0.247487
94.100000  91.897500  1.998991
94.200000  90.149500  0.655488
94.300000  90.068500  1.395122
94.400000  89.981000  0.814587
94.500000  90.519000  0.820244
94.600000  90.695500  0.004950
94.700000  90.025000  0.762261
94.800000  90.213500  2.372343
94.900000  90.973000  0.025456
95.000000  91.319000  1.411385
95.100000  91.399500  0.975100
95.200000  90.776500  1.412092
95.300000  91.498000  0.241831
95.400000  91.041500  1.106622
95.500000  91.891000  1.808779
95.600000  90.101500  0.152028
95.700000  92.270000  1.178040
95.800000  92.006500  0.928431
95.900000  91.115500  2.376586
96.000000  90.045500  1.474318
96.100000  91.873500  1.525229
96.200000  90.196000  2.128391
96.300000  93.601000  2.324967
96.400000  90.999500  0.130815
96.500000  93.858500  1.622810
96.600000  91.514000  2.134048
96.700000  91.536500  1.627053
96.800000  91.462500  2.052731
96.900000  91.755000  2.759131
97.000000  90.132500  0.451841
97.100000  91.630500  0.878934
97.200000  90.842500  0.386787
97.300000  90.904000  1.405728
97.400000  90.923500  2.338402
97.500000  89.051500  1.185818
97.600000  90.275000  2.288198
97.700000  91.119000  1.047932
97.800000  90.888500  0.354260
97.900000  92.135000  1.600890
98.000000  91.992500  1.656751
98.100000  91.993000  2.285369
98.200000  91.196500  2.916815
98.300000  91.244500  1.946665
98.400000  90.069500  1.361181
98.500000  91.156000  2.241528
98.600000  90.226500  2.172939
98.700000  91.397000  0.828729
98.800000  90.489000  1.616446
98.900000  90.573000  0.288500
99.000000  91.071500  0.757311
99.100000  91.898500  1.614325
99.200000  91.923500  0.482954
99.300000  90.426000  0.882469
99.400000  90.410500  1.907067
99.500000  92.505500  1.332896
99.600000  91.610000  0.666095
99.700000  90.578500  0.040305
99.800000  91.983000  1.583919
99.900000  92.817500  1.993334
100.000000  92.867500  1.423406
100.100000  91.063500  1.221173
100.200000  92.662500  1.222588
100.300000  92.354000  1.053589
100.400000  93.440500  0.003536
100.500000  92.180500  2.960656
100.600000  91.258500  3.309967
100.700000  91.784000  3.412497
100.800000  91.848500  3.075207
100.900000  93.857000  3.976769
101.000000  91.584000  0.654781
101.100000  91.426000  1.443912
101.200000  91.773000  0.741048
101.300000  91.456000  2.207587
101.400000  90.561000  0.770746
101.500000  92.262000  1.555635
101.600000  91.884500  0.771453
101.700000  91.555000  1.288349
101.800000  91.828000  0.260215
101.900000  90.577500  0.652660
102.000000  91.231500  0.863377
102.100000  92.015500  2.727311
102.200000  92.230000  0.155563
102.300000  92.191500  1.573313
102.400000  92.007500  0.211425
102.500000  92.489000  1.615032
102.600000  90.054500  0.925603
102.700000  91.188000  0.458205
102.800000  91.759500  1.095308
102.900000  91.182000  1.219052
103.000000  90.774000  0.234759
103.100000  91.432500  2.007476
103.200000  91.316000  0.813173
103.300000  91.565500  0.340118
103.400000  90.508500  0.122329
103.500000  91.838500  0.075660
103.600000  91.416000  1.414214
103.700000  90.736500  0.027577
103.800000  92.136500  0.441942
103.900000  91.055500  1.434720
104.000000  91.203500  1.716148
104.100000  91.860000  1.473611
104.200000  91.825500  2.073944
104.300000  91.917000  1.528765
104.400000  91.925000  1.373201
104.500000  92.017500  2.068287
104.600000  91.768000  3.057530
104.700000  92.330500  1.400779
104.800000  92.552000  2.344766
104.900000  92.025000  0.803273
105.000000  91.786500  1.041568
105.100000  91.284000  0.311127
105.200000  92.100000  2.142534
105.300000  90.695500  0.539522
105.400000  91.657500  0.371231
105.500000  91.698500  0.897319
105.600000  90.843500  3.565939
105.700000  91.441500  1.037326
105.800000  90.593000  2.339109
105.900000  91.563500  1.675136
106.000000  90.144000  1.552806
106.100000  92.076000  2.436690
106.200000  90.911500  0.095459
106.300000  92.516000  2.576697
106.400000  92.181500  0.890247
106.500000  91.388500  3.186930
106.600000  91.501000  2.206173
106.700000  92.548000  1.796051
106.800000  90.670000  0.483661
106.900000  90.662000  2.332038
107.000000  91.165500  1.195718
107.100000  91.399000  1.658873
107.200000  92.501500  1.584626
107.300000  91.947000  1.818679
107.400000  92.510500  2.056974
107.500000  91.494500  2.114956
107.600000  91.840500  1.156120
107.700000  92.421000  1.045104
107.800000  91.396500  3.370778
107.900000  91.742500  1.467247
108.000000  90.599000  2.810042
108.100000  91.204000  0.066468
108.200000  90.313500  2.100814
108.300000  91.828500  1.809486
108.400000  92.453500  1.813729
108.500000  93.075000  1.681500
108.600000  92.157000  1.616446
108.700000  92.239500  2.894188
108.800000  91.932500  2.082429
108.900000  90.823500  0.562150
109.000000  91.661500  3.960505
109.100000  91.652000  1.169555
109.200000  90.694500  3.049752
109.300000  91.978000  3.368657
109.400000  91.899000  1.435427
109.500000  91.747500  1.734533
109.600000  91.717500  1.600183
109.700000  91.683500  0.272236
109.800000  90.636500  1.744432
109.900000  90.396500  1.331482
110.000000  91.787500  1.240972
110.100000  91.284000  0.009899
110.200000  90.878500  1.007627
110.300000  90.593000  1.475025
110.400000  91.768000  0.234759
110.500000  91.660500  0.736098
110.600000  92.826500  0.292035
110.700000  90.264000  0.691550
110.800000  91.659500  1.750089
