# aggregated from 2 replicates
# x  mean  std
0.000000  51.000000  0.000000
0.100000  41.500000  3.535534
0.200000  35.000000  2.828427
0.300000  43.000000  1.414214
0.400000  42.000000  1.414214
0.500000  46.000000  7.071068
0.600000  44.000000  1.414214
0.700000  39.500000  4.949747
0.800000  39.000000  0.000000
0.900000  36.500000  4.949747
1.000000  38.500000  19.091883
1.100000  43.000000  2.828427
1.200000  42.500000  10.606602
1.300000  45.000000  2.828427
1.400000  38.500000  4.949747
1.500000  35.000000  9.899495
1.600000  42.000000  7.071068
1.700000  38.500000  9.192388
1.800000  45.500000  2.121320
1.900000  39.000000  7.071068
2.000000  39.000000  14.142136
2.100000  40.000000  0.000000
2.200000  38.000000  1.414214
2.300000  29.000000  5.656854
2.400000  39.500000  3.535534
2.500000  39.500000  7.778175
2.600000  37.000000  4.242641
2.700000  40.000000  8.485281
2.800000  41.500000  6.363961
2.900000  39.500000  3.535534
3.000000  39.500000  6.363961
3.100000  42.500000  4.949747
3.200000  43.500000  10.606602
3.300000  42.500000  9.192388
3.400000  46.500000  4.949747
3.500000  44.000000  12.727922
3.600000  39.500000  12.020815
3.700000  53.000000  14.142136
3.800000  38.500000  9.192388
3.900000  42.500000  13.435029
4.000000  43.000000  4.242641
4.100000  47.000000  2.828427
4.200000  43.000000  1.414214
4.300000  43.000000  4.242641
4.400000  38.500000  3.535534
4.500000  39.500000  0.707107
4.600000  39.000000  5.656854
4.700000  42.500000  2.121320
4.800000  39.000000  2.828427
4.900000  36.000000  5.656854
5.000000  44.000000  7.071068
5.100000  40.000000  2.828427
5.200000  37.500000  2.121320
5.300000  42.500000  2.121320
5.400000  40.000000  8.485281
5.500000  45.000000  0.000000
5.600000  37.500000  4.949747
5.700000  42.500000  19.091883
5.800000  37.500000  3.535534
5.900000  33.000000  5.656854
6.000000  41.500000  10.606602
6.100000  46.500000  9.192388
6.200000  45.500000  13.435029
6.300000  43.500000  7.778175
6.400000  47.000000  2.828427
6.500000  46.000000  7.071068
6.600000  37.000000  4.242641
6.700000  39.500000  6.363961
6.800000  48.500000  16.263456
6.900000  43.000000  1.414214
7.000000  34.500000  3.535534
7.100000  41.500000  6.363961
7.200000  43.500000  2.121320
7.300000  39.000000  5.656854
7.400000  48.000000  5.656854
7.500000  39.500000  2.121320
7.600000  42.500000  6.363961
7.700000  42.500000  0.707107
7.800000  40.500000  2.121320
7.900000  41.500000  3.535534
8.000000  38.000000  1.414214
8.100000  37.500000  4.949747
8.200000  40.000000  0.000000
8.300000  40.500000  7.778175
8.400000  46.000000  0.000000
8.500000  40.000000  8.485281
8.600000  43.500000  13.435029
8.700000  44.500000  4.949747
8.800000  39.000000  1.414214
8.900000  40.500000  4.949747
9.000000  39.500000  0.707107
9.100000  38.500000  7.778175
9.200000  38.500000  4.949747
9.300000  41.500000  3.535534
9.400000  41.500000  3.535534
9.500000  39.500000  2.121320
9.600000  43.500000  7.778175
9.700000  48.500000  3.535534
9.800000  48.500000  12.020815
9.900000  46.000000  2.828427
10.000000  41.000000  2.828427
10.100000  41.500000  2.121320
10.200000  45.500000  7.778175
10.300000  45.500000  3.535534
10.400000  45.500000  7.778175
10.500000  44.500000  4.949747
10.600000  42.500000  0.707107
10.700000  39.000000  7.071068
10.800000  38.500000  7.778175
10.900000  45.500000  2.121320
11.000000  41.500000  9.192388
11.100000  47.500000  7.778175
11.200000  44.000000  7.071068
11.300000  40.000000  11.313708
11.400000  43.500000  10.606602
11.500000  45.500000  6.363961
11.600000  42.500000  14.849242
11.700000  45.500000  17.677670
11.800000  48.000000  2.828427
11.900000  47.500000  3.535534
12.000000  46.000000  12.727922
12.100000  46.500000  10.606602
12.200000  40.500000  4.949747
12.300000  44.000000  9.899495
12.400000  43.000000  0.000000
12.500000  52.000000  16.970563
12.600000  41.000000  8.485281
12.700000  48.000000  12.727922
12.800000  40.000000  2.828427
12.900000  43.500000  2.121320
13.000000  43.500000  7.778175
13.100000  45.000000  4.242641
13.200000  42.500000  6.363961
13.300000  46.000000  7.071068
13.400000  41.500000  2.121320
13.500000  43.000000  4.242641
13.600000  47.000000  1.414214
13.700000  45.500000  0.707107
13.800000  46.000000  4.242641
13.900000  47.000000  1.414214
14.000000  39.000000  1.414214
14.100000  45.500000  7.778175
14.200000  47.500000  9.192388
14.300000  47.000000  5.656854
14.400000  43.000000  4.242641
14.500000  44.000000  7.071068
14.600000  45.000000  4.242641
14.700000  49.000000  4.242641
14.800000  45.000000  2.828427
14.900000  46.000000  7.071068
15.000000  48.500000  0.707107
15.100000  41.500000  4.949747
15.200000  49.000000  1.414214
15.300000  44.000000  8.485281
15.400000  45.500000  3.535534
15.500000  50.500000  3.535534
15.600000  40.000000  0.000000
15.700000  48.000000  9.899495
15.800000  52.500000  0.707107
15.900000  46.000000  7.071068
16.000000  52.500000  7.778175
16.100000  49.500000  3.535534
16.200000  48.000000  2.828427
16.300000  45.000000  1.414214
16.400000  45.500000  3.535534
16.500000  54.000000  5.656854
16.600000  51.500000  0.707107
16.700000  51.500000  3.535534
16.800000  48.000000  2.828427
16.900000  46.000000  4.242641
17.000000  52.500000  2.121320
17.100000  53.000000  5.656854
17.200000  45.000000  1.414214
17.300000  43.500000  2.121320
17.400000  47.000000  4.242641
17.500000  48.000000  2.828427
17.600000  51.000000  1.414214
17.700000  47.500000  3.535534
17.800000  49.000000  1.414214
17.900000  45.000000  4.242641
18.000000  52.000000  0.000000
18.100000  45.500000  3.535534
18.200000  44.500000  0.707107
18.300000  51.500000  4.949747
18.400000  49.000000  2.828427
18.500000  47.500000  4.949747
18.600000  45.500000  0.707107
18.700000  46.000000  1.414214
18.800000  46.000000  4.242641
18.900000  47.500000  2.121320
19.000000  49.500000  2.121320
19.100000  41.500000  0.707107
19.200000  52.000000  1.414214
19.300000  47.500000  3.535534
19.400000  47.000000  11.313708
19.500000  47.500000  3.535534
19.600000  51.000000  1.414214
19.700000  47.000000  4.242641
19.800000  50.500000  2.121320
19.900000  45.000000  8.485281
20.000000  45.500000  3.535534
20.100000  49.000000  7.071068
20.200000  48.000000  2.828427
20.300000  46.500000  9.192388
20.400000  50.000000  5.656854
20.500000  49.500000  9.192388
20.600000  51.000000  9.899495
20.700000  46.000000  1.414214
20.800000  43.500000  4.949747
20.900000  46.500000  4.949747
21.000000  46.000000  4.242641
21.100000  44.000000  2.828427
21.200000  47.000000  2.828427
21.300000  49.000000  4.242641
21.400000  42.500000  3.535534
21.500000  49.500000  3.535534
21.600000  49.000000  1.414214
21.700000  52.500000  3.535534
21.800000  43.500000  4.949747
21.900000  43.500000  2.121320
22.000000  47.500000  2.121320
22.100000  50.000000  1.414214
22.200000  47.500000  3.535534
22.300000  43.500000  3.535534
22.400000  50.000000  1.414214
22.500000  51.000000  2.828427
22.600000  51.000000  7.071068
22.700000  46.500000  0.707107
22.800000  44.500000  6.363961
22.900000  45.000000  1.414214
23.000000  52.000000  0.000000
23.100000  49.000000  1.414214
23.200000  42.500000  0.707107
23.300000  52.500000  9.192388
23.400000  53.000000  1.414214
23.500000  45.500000  9.192388
23.600000  44.500000  4.949747
23.700000  49.000000  7.071068
23.800000  52.500000  6.363961
23.900000  48.500000  7.778175
24.000000  53.000000  0.000000
24.100000  50.000000  5.656854
24.200000  48.500000  2.121320
24.300000  49.000000  8.485281
24.400000  47.500000  0.707107
24.500000  47.500000  2.121320
24.600000  47.500000  3.535534
24.700000  51.500000  0.707107
24.800000  45.500000  0.707107
24.900000  45.000000  4.242641
25.000000  45.000000  7.071068
25.100000  50.500000  2.121320
25.200000  46.500000  2.121320
25.300000  52.000000  1.414214
25.400000  47.500000  3.535534
25.500000  46.500000  4.949747
25.600000  54.000000  4.242641
25.700000  50.500000  2.121320
25.800000  52.000000  2.828427
25.900000  47.500000  4.949747
26.000000  51.000000  4.242641
26.100000  46.000000  4.242641
26.200000  47.500000  7.778175
26.300000  47.000000  7.071068
26.400000  47.000000  7.071068
26.500000  50.500000  4.949747
26.600000  48.500000  2.121320
26.700000  48.000000  2.828427
26.800000  44.500000  2.121320
26.900000  48.500000  2.121320
27.000000  41.500000  0.707107
27.100000  48.000000  4.242641
27.200000  48.500000  0.707107
27.300000  43.500000  2.121320
27.400000  48.000000  1.414214
27.500000  44.500000  3.535534
27.600000  50.000000  4.242641
27.700000  46.500000  2.121320
27.800000  46.000000  5.656854
27.900000  50.000000  2.828427
28.000000  50.500000  0.707107
28.100000  43.500000  0.707107
28.200000  44.000000  5.656854
28.300000  45.000000  11.313708
28.400000  45.500000  4.949747
28.500000  45.000000  5.656854
28.600000  51.500000  2.121320
28.700000  46.500000  7.778175
28.800000  43.500000  2.121320
28.900000  43.500000  4.949747
29.000000  46.500000  4.949747
29.100000  42.500000  2.121320
29.200000  51.000000  2.828427
29.300000  45.500000  6.363961
29.400000  45.500000  2.121320
29.500000  49.500000  3.535534
29.600000  49.000000  4.242641
29.700000  47.000000  4.242641
29.800000  47.500000  0.707107
29.900000  49.500000  3.535534
30.000000  49.000000  2.828427
30.100000  44.500000  4.949747
30.200000  42.000000  0.000000
30.300000  41.000000  2.828427
30.400000  48.500000  2.121320
30.500000  49.500000  2.121320
30.600000  46.000000  0.000000
30.700000  46.000000  5.656854
30.800000  41.500000  3.535534
30.900000  40.500000  2.121320
31.000000  46.500000  6.363961
31.100000  46.500000  2.121320
31.200000  42.500000  0.707107
31.300000  48.000000  1.414214
31.400000  43.500000  6.363961
31.500000  46.500000  2.121320
31.600000  45.000000  0.000000
31.700000  44.000000  4.242641
31.800000  46.000000  7.071068
31.900000  45.500000  2.121320
32.000000  48.000000  2.828427
32.100000  48.500000  3.535534
32.200000  47.000000  4.242641
32.300000  47.000000  2.828427
32.400000  47.500000  2.121320
32.500000  47.000000  2.828427
32.600000  42.500000  0.707107
32.700000  47.000000  8.485281
32.800000  51.000000  2.828427
32.900000  48.500000  0.707107
33.000000  49.500000  3.535534
33.100000  48.000000  0.000000
33.200000  46.500000  0.707107
33.300000  43.500000  3.535534
33.400000  50.500000  2.121320
33.500000  46.500000  3.535534
33.600000  42.500000  3.535534
33.700000  46.000000  5.656854
33.800000  44.500000  2.121320
33.900000  49.000000  2.828427
34.000000  44.500000  3.535534
34.100000  50.000000  8.485281
34.200000  41.000000  7.071068
34.300000  48.500000  3.535534
34.400000  45.000000  2.828427
34.500000  44.000000  2.828427
34.600000  46.500000  6.363961
34.700000  48.500000  2.121320
34.800000  44.000000  5.656854
34.900000  42.000000  9.899495
35.000000  44.000000  2.828427
35.100000  46.000000  4.242641
35.200000  46.500000  0.707107
35.300000  47.000000  4.242641
35.400000  39.500000  4.949747
35.500000  41.500000  3.535534
35.600000  48.500000  3.535534
35.700000  48.000000  7.071068
35.800000  44.000000  2.828427
35.900000  44.000000  0.000000
36.000000  43.500000  4.949747
36.100000  46.000000  7.071068
36.200000  48.500000  3.535534
36.300000  47.000000  9.899495
36.400000  48.500000  2.121320
36.500000  41.500000  4.949747
36.600000  44.000000  1.414214
36.700000  41.000000  7.071068
36.800000  41.000000  0.000000
36.900000  44.500000  3.535534
37.000000  43.500000  0.707107
37.100000  46.000000  1.414214
37.200000  41.000000  4.242641
37.300000  45.500000  6.363961
37.400000  44.000000  2.828427
37.500000  40.500000  2.121320
37.600000  39.500000  6.363961
37.700000  36.500000  10.606602
37.800000  44.000000  9.899495
37.900000  41.500000  0.707107
38.000000  41.000000  9.899495
38.100000  40.000000  2.828427
38.200000  40.500000  7.778175
38.300000  39.500000  6.363961
38.400000  40.500000  10.606602
38.500000  39.500000  3.535534
38.600000  41.000000  2.828427
38.700000  46.500000  7.778175
38.800000  45.000000  1.414214
38.900000  41.500000  0.707107
39.000000  43.500000  2.121320
39.100000  41.500000  3.535534
39.200000  42.000000  7.071068
39.300000  39.500000  7.778175
39.400000  39.500000  6.363961
39.500000  43.000000  9.899495
39.600000  42.000000  4.242641
39.700000  47.500000  12.020815
39.800000  40.500000  0.707107
39.900000  42.000000  7.071068
40.000000  43.500000  3.535534
40.100000  43.500000  2.121320
40.200000  46.500000  9.192388
40.300000  46.000000  2.828427
40.400000  45.000000  4.242641
40.500000  42.500000  3.535534
40.600000  44.500000  7.778175
40.700000  44.000000  7.071068
40.800000  47.500000  0.707107
40.900000  36.000000  7.071068
41.000000  48.000000  2.828427
41.100000  34.500000  2.121320
41.200000  50.000000  5.656854
41.300000  41.000000  1.414214
41.400000  50.500000  6.363961
41.500000  45.500000  0.707107
41.600000  48.000000  7.071068
41.700000  42.500000  2.121320
41.800000  45.500000  7.778175
41.900000  42.000000  5.656854
42.000000  51.500000  2.121320
42.100000  45.500000  6.363961
42.200000  40.500000  7.778175
42.300000  48.000000  1.414214
42.400000  41.500000  2.121320
42.500000  48.000000  14.142136
42.600000  49.000000  4.242641
42.700000  45.000000  4.242641
42.800000  42.000000  2.828427
42.900000  42.500000  0.707107
43.000000  47.000000  1.414214
43.100000  41.500000  12.020815
43.200000  48.500000  16.263456
43.300000  40.000000  12.727922
43.400000  47.000000  1.414214
43.500000  38.500000  4.949747
43.600000  40.000000  12.727922
43.700000  42.500000  12.020815
43.800000  44.000000  9.899495
43.900000  39.000000  9.899495
44.000000  38.500000  7.778175
44.100000  40.500000  14.849242
44.200000  40.500000  2.121320
44.300000  47.500000  6.363961
44.400000  38.500000  7.778175
44.500000  38.500000  7.778175
44.600000  46.000000  4.242641
44.700000  39.500000  2.121320
44.800000  42.500000  12.020815
44.900000  42.000000  11.313708
45.000000  39.000000  4.242641
45.100000  41.000000  2.828427
45.200000  43.500000  2.121320
45.300000  46.000000  5.656854
45.400000  45.000000  4.242641
45.500000  41.500000  4.949747
45.600000  38.500000  10.606602
45.700000  46.000000  5.656854
45.800000  41.500000  13.435029
45.900000  38.000000  11.313708
46.000000  41.500000  4.949747
46.100000  40.000000  5.656854
46.200000  39.500000  4.949747
46.300000  40.500000  10.606602
46.400000  39.500000  3.535534
46.500000  39.500000  3.535534
46.600000  41.000000  5.656854
46.700000  42.500000  3.535534
46.800000  42.000000  0.000000
46.900000  42.500000  0.707107
47.000000  41.500000  7.778175
47.100000  40.500000  12.020815
47.200000  40.000000  1.414214
47.300000  38.500000  17.677670
47.400000  41.500000  2.121320
47.500000  47.000000  11.313708
47.600000  40.500000  4.949747
47.700000  38.500000  7.778175
47.800000  45.000000  5.656854
47.900000  43.000000  1.414214
48.000000  41.500000  4.949747
48.100000  45.000000  1.414214
48.200000  46.500000  6.363961
48.300000  43.000000  2.828427
48.400000  38.000000  1.414214
48.500000  46.000000  2.828427
48.600000  44.000000  4.242641
48.700000  44.500000  0.707107
48.800000  45.500000  2.121320
48.900000  38.500000  6.363961
49.000000  40.500000  7.778175
49.100000  39.500000  0.707107
49.200000  37.000000  9.899495
49.300000  44.000000  4.242641
49.400000  41.500000  4.949747
49.500000  46.500000  2.121320
49.600000  41.000000  7.071068
49.700000  44.500000  0.707107
49.800000  46.000000  8.485281
49.900000  42.500000  2.121320
50.000000  43.500000  9.192388
50.100000  42.500000  6.363961
50.200000  38.000000  4.242641
50.300000  41.000000  11.313708
50.400000  41.500000  6.363961
50.500000  41.500000  4.949747
50.600000  41.000000  8.485281
50.700000  42.500000  10.606602
50.800000  42.000000  5.656854
50.900000  44.000000  4.242641
51.000000  43.000000  5.656854
51.100000  39.500000  9.192388
51.200000  43.000000  2.828427
51.300000  40.500000  7.778175
51.400000  42.000000  2.828427
51.500000  43.500000  9.192388
51.600000  44.000000  11.313708
51.700000  36.500000  9.192388
51.800000  43.000000  9.899495
51.900000  41.000000  4.242641
52.000000  47.000000  4.242641
52.100000  39.500000  4.949747
52.200000  42.500000  6.363961
52.300000  42.000000  4.242641
52.400000  41.500000  6.363961
52.500000  45.000000  5.656854
52.600000  41.500000  0.707107
52.700000  41.000000  8.485281
52.800000  41.500000  6.363961
52.900000  45.500000  3.535534
53.000000  42.500000  3.535534
53.100000  46.000000  8.485281
53.200000  49.000000  9.899495
53.300000  39.000000  8.485281
53.400000  45.500000  7.778175
53.500000  43.500000  4.949747
53.600000  42.500000  10.606602
53.700000  35.000000  2.828427
53.800000  43.000000  11.313708
53.900000  41.500000  7.778175
54.000000  40.500000  0.707107
54.100000  38.000000  8.485281
54.200000  36.500000  4.949747
54.300000  37.000000  1.414214
54.400000  43.000000  5.656854
54.500000  42.000000  4.242641
54.600000  37.500000  4.949747
54.700000  36.500000  9.192388
54.800000  41.000000  7.071068
54.900000  41.500000  2.121320
55.000000  46.000000  9.899495
55.100000  43.000000  7.071068
55.200000  39.500000  6.363961
55.300000  40.000000  1.414214
55.400000  39.000000  4.242641
55.500000  39.000000  0.000000
55.600000  38.000000  1.414214
55.700000  43.000000  1.414214
55.800000  41.000000  5.656854
55.900000  37.500000  4.949747
56.000000  37.000000  7.071068
56.100000  44.000000  2.828427
56.200000  40.500000  6.363961
56.300000  41.000000  2.828427
56.400000  41.000000  8.485281
56.500000  43.000000  2.828427
56.600000  36.500000  4.949747
56.700000  39.500000  3.535534
56.800000  38.000000  7.071068
56.900000  40.500000  7.778175
57.000000  37.000000  1.414214
57.100000  35.500000  9.192388
57.200000  42.500000  2.121320
57.300000  42.500000  7.778175
57.400000  39.000000  7.071068
57.500000  42.500000  6.363961
57.600000  39.000000  2.828427
57.700000  40.500000  10.606602
57.800000  44.000000  12.727922
57.900000  43.500000  3.535534
58.000000  44.500000  3.535534
58.100000  43.000000  7.071068
58.200000  38.500000  4.949747
58.300000  38.500000  6.363961
58.400000  43.500000  2.121320
58.500000  42.000000  9.899495
58.600000  42.500000  10.606602
58.700000  42.000000  7.071068
58.800000  37.000000  14.142136
58.900000  47.500000  0.707107
59.000000  42.000000  4.242641
59.100000  38.000000  8.485281
59.200000  37.500000  6.363961
59.300000  42.500000  7.778175
59.400000  44.500000  10.606602
59.500000  44.000000  4.242641
59.600000  40.500000  9.192388
59.700000  41.000000  14.142136
59.800000  41.000000  4.242641
59.900000  44.000000  14.142136
60.000000  44.000000  1.414214
60.100000  39.500000  7.778175
60.200000  41.500000  2.121320
60.300000  43.000000  11.313708
60.400000  38.000000  12.727922
60.500000  40.500000  12.020815
60.600000  43.000000  5.656854
60.700000  48.000000  1.414214
60.800000  42.000000  11.313708
60.900000  38.500000  6.363961
61.000000  40.500000  7.778175
61.100000  40.000000  1.414214
61.200000  38.500000  9.192388
61.300000  40.000000  7.071068
61.400000  41.000000  4.242641
61.500000  49.000000  0.000000
61.600000  43.000000  5.656854
61.700000  39.000000  4.242641
61.800000  41.500000  4.949747
61.900000  42.000000  5.656854
62.000000  45.000000  14.142136
62.100000  43.500000  12.020815
62.200000  38.000000  7.071068
62.300000  41.000000  9.899495
62.400000  42.500000  10.606602
62.500000  33.500000  9.192388
62.600000  45.500000  17.677670
62.700000  39.500000  10.606602
62.800000  38.500000  3.535534
62.900000  44.000000  2.828427
63.000000  43.500000  6.363961
63.100000  39.500000  4.949747
63.200000  44.500000  0.707107
63.300000  41.000000  2.828427
63.400000  43.000000  2.828427
63.500000  38.500000  0.707107
63.600000  43.500000  6.363961
63.700000  39.000000  0.000000
63.800000  36.500000  7.778175
63.900000  43.000000  4.242641
64.000000  42.000000  1.414214
64.100000  38.000000  5.656854
64.200000  42.000000  7.071068
64.300000  45.500000  6.363961
64.400000  38.500000  9.192388
64.500000  39.000000  5.656854
64.600000  41.000000  5.656854
64.700000  45.500000  9.192388
64.800000  41.500000  4.949747
64.900000  36.000000  7.071068
65.000000  32.000000  11.313708
65.100000  38.000000  7.071068
65.200000  33.500000  13.435029
65.300000  36.000000  9.899495
65.400000  40.500000  10.606602
65.500000  36.000000  8.485281
65.600000  43.500000  3.535534
65.700000  48.500000  2.121320
65.800000  45.500000  3.535534
65.900000  46.000000  5.656854
66.000000  39.000000  5.656854
66.100000  38.500000  7.778175
66.200000  42.000000  9.899495
66.300000  42.000000  7.071068
66.400000  43.000000  4.242641
66.500000  44.500000  3.535534
66.600000  41.500000  7.778175
66.700000  44.000000  14.142136
66.800000  38.000000  9.899495
66.900000  40.000000  8.485281
67.000000  35.500000  3.535534
67.100000  42.500000  12.020815
67.200000  37.000000  1.414214
67.300000  42.500000  4.949747
67.400000  39.500000  12.020815
67.500000  42.500000  4.949747
67.600000  42.500000  6.363961
67.700000  38.500000  2.121320
67.800000  43.000000  2.828427
67.900000  39.500000  4.949747
68.000000  35.500000  3.535534
68.100000  42.000000  5.656854
68.200000  43.000000  1.414214
68.300000  43.000000  11.313708
68.400000  38.000000  4.242641
68.500000  42.000000  12.727922
68.600000  43.500000  4.949747
68.700000  45.000000  7.071068
68.800000  36.500000  0.707107
68.900000  42.500000  6.363961
69.000000  39.500000  2.121320
69.100000  43.500000  12.020815
69.200000  39.500000  9.192388
69.300000  38.500000  3.535534
69.400000  40.500000  3.535534
69.500000  40.000000  1.414214
69.600000  40.000000  7.071068
69.700000  41.000000  9.899495
69.800000  37.000000  7.071068
69.900000  37.500000  3.535534
70.000000  46.000000  0.000000
70.100000  39.500000  10.606602
70.200000  40.000000  7.071068
70.300000  41.000000  9.899495
70.400000  40.000000  5.656854
70.500000  40.000000  7.071068
70.600000  42.000000  2.828427
70.700000  38.500000  4.949747
70.800000  38.500000  2.121320
70.900000  42.500000  7.778175
71.000000  40.000000  5.656854
71.100000  39.500000  6.363961
71.200000  45.500000  6.363961
71.300000  42.500000  3.535534
71.400000  45.500000  2.121320
71.500000  47.000000  4.242641
71.600000  38.000000  5.656854
71.700000  51.000000  12.727922
71.800000  41.500000  4.949747
71.900000  39.000000  9.899495
72.000000  42.000000  11.313708
72.100000  41.000000  2.828427
72.200000  39.000000  7.071068
72.300000  45.500000  6.363961
72.400000  42.000000  1.414214
72.500000  42.000000  4.242641
72.600000  39.000000  1.414214
72.700000  49.000000  5.656854
72.800000  42.000000  5.656854
72.900000  41.000000  11.313708
73.000000  40.000000  4.242641
73.100000  43.000000  8.485281
73.200000  42.000000  11.313708
73.300000  36.000000  7.071068
73.400000  37.000000  11.313708
73.500000  40.500000  6.363961
73.600000  42.000000  14.142136
73.700000  42.000000  8.485281
73.800000  45.000000  8.485281
73.900000  43.000000  5.656854
74.000000  43.500000  6.363961
74.100000  40.000000  5.656854
74.200000  41.000000  9.899495
74.300000  40.000000  7.071068
74.400000  43.500000  13.435029
74.500000  41.000000  1.414214
74.600000  44.000000  7.071068
74.700000  40.500000  17.677670
74.800000  42.500000  12.020815
74.900000  46.500000  13.435029
75.000000  43.500000  7.778175
75.100000  41.500000  7.778175
75.200000  40.000000  12.727922
75.300000  41.500000  7.778175
75.400000  41.500000  6.363961
75.500000  42.500000  7.778175
75.600000  40.000000  7.071068
75.700000  38.000000  4.242641
75.800000  44.000000  8.485281
75.900000  40.500000  14.849242
76.000000  40.500000  7.778175
76.100000  38.000000  7.071068
76.200000  43.500000  4.949747
76.300000  42.000000  1.414214
76.400000  39.500000  7.778175
76.500000  43.000000  5.656854
76.600000  44.500000  4.949747
76.700000  41.000000  8.485281
76.800000  34.000000  2.828427
76.900000  41.000000  1.414214
77.000000  35.500000  10.606602
77.100000  37.000000  8.485281
77.200000  37.500000  4.949747
77.300000  41.500000  3.535534
77.400000  47.000000  2.828427
77.500000  38.500000  6.363961
77.600000  42.500000  4.949747
77.700000  43.000000  14.142136
77.800000  37.500000  9.192388
77.900000  44.500000  3.535534
78.000000  46.000000  0.000000
78.100000  44.000000  0.000000
78.200000  45.000000  5.656854
78.300000  39.000000  4.242641
78.400000  43.500000  0.707107
78.500000  43.500000  6.363961
78.600000  41.500000  2.121320
78.700000  46.500000  9.192388
78.800000  42.500000  2.121320
78.900000  41.000000  7.071068
79.000000  42.500000  0.707107
79.100000  38.500000  7.778175
79.200000  39.000000  2.828427
79.300000  39.000000  4.242641
79.400000  40.500000  3.535534
79.500000  46.000000  7.071068
79.600000  41.500000  6.363961
79.700000  39.500000  7.778175
79.800000  46.500000  6.363961
79.900000  42.000000  5.656854
80.000000  42.500000  0.707107
80.100000  38.000000  11.313708
80.200000  40.500000  10.606602
80.300000  42.500000  6.363961
80.400000  42.500000  9.192388
80.500000  45.000000  5.656854
80.600000  34.500000  3.535534
80.700000  41.000000  11.313708
80.800000  39.500000  0.707107
80.900000  36.500000  6.363961
81.000000  41.000000  2.828427
81.100000  39.500000  2.121320
81.200000  42.000000  1.414214
81.300000  46.500000  0.707107
81.400000  38.000000  1.414214
81.500000  39.000000  0.000000
81.600000  38.000000  8.485281
81.700000  41.000000  14.142136
81.800000  40.500000  9.192388
81.900000  42.000000  1.414214
82.000000  41.500000  4.949747
82.100000  43.000000  1.414214
82.200000  48.500000  6.363961
82.300000  39.500000  3.535534
82.400000  42.500000  0.707107
82.500000  42.500000  0.707107
82.600000  42.500000  2.121320
82.700000  42.500000  9.192388
82.800000  45.000000  7.071068
82.900000  41.500000  7.778175
83.000000  43.500000  4.949747
83.100000  37.500000  3.535534
83.200000  42.000000  4.242641
83.300000  43.500000  12.020815
83.400000  39.500000  3.535534
83.500000  42.000000  5.656854
83.600000  42.500000  0.707107
83.700000  43.500000  0.707107
83.800000  46.500000  9.192388
83.900000  38.000000  5.656854
84.000000  50.000000  5.656854
84.100000  38.500000  4.949747
84.200000  35.500000  0.707107
84.300000  41.500000  9.192388
84.400000  41.000000  2.828427
84.500000  41.000000  4.242641
84.600000  45.000000  4.242641
84.700000  36.500000  10.606602
84.800000  37.000000  4.242641
84.900000  42.000000  2.828427
85.000000  36.500000  3.535534
85.100000  39.000000  8.485281
85.200000  40.500000  2.121320
85.300000  41.500000  2.121320
85.400000  41.000000  1.414214
85.500000  36.500000  9.192388
85.600000  40.500000  6.363961
85.700000  40.500000  6.363961
85.800000  42.500000  6.363961
85.900000  41.000000  9.899495
86.000000  37.500000  2.121320
86.100000  40.000000  1.414214
86.200000  44.000000  1.414214
86.300000  43.000000  9.899495
86.400000  39.500000  6.363961
86.500000  43.500000  9.192388
86.600000  41.000000  8.485281
86.700000  38.000000  7.071068
86.800000  40.500000  2.121320
86.900000  42.000000  1.414214
87.000000  36.500000  9.192388
87.100000  43.000000  8.485281
87.200000  44.000000  7.071068
87.300000  35.500000  0.707107
87.400000  41.000000  4.242641
87.500000  39.500000  2.121320
87.600000  44.000000  0.000000
87.700000  48.500000  9.192388
87.800000  43.500000  10.606602
87.900000  45.500000  13.435029
88.000000  43.500000  9.192388
88.100000  48.500000  14.849242
88.200000  40.500000  10.606602
88.300000  35.500000  9.192388
88.400000  44.500000  2.121320
88.500000  42.000000  4.242641
88.600000  41.500000  7.778175
88.700000  40.500000  9.192388
88.800000  47.500000  17.677670
88.900000  41.500000  2.121320
89.000000  37.500000  4.949747
89.100000  44.000000  2.828427
89.200000  46.500000  14.849242
89.300000  40.500000  6.363961
89.400000  40.000000  1.414214
89.500000  41.000000  4.242641
89.600000  45.500000  9.192388
89.700000  34.000000  7.071068
89.800000  35.500000  4.949747
89.900000  42.000000  7.071068
90.000000  40.500000  4.949747
90.100000  41.000000  11.313708
90.200000  45.500000  9.192388
90.300000  43.500000  2.121320
90.400000  44.000000  7.071068
90.500000  41.000000  2.828427
90.600000  39.500000  3.535534
90.700000  41.500000  4.949747
90.800000  40.000000  1.414214
90.900000  43.500000  0.707107
91.000000  42.500000  2.121320
91.100000  44.500000  4.949747
91.200000  44.500000  4.949747
91.300000  42.500000  0.707107
91.400000  43.000000  15.556349
91.500000  41.000000  2.828427
91.600000  43.500000  14.849242
91.700000  42.000000  9.899495
91.800000  39.500000  4.949747
91.900000  43.000000  2.828427
92.000000  39.000000  4.242641
92.100000  38.000000  0.000000
92.200000  46.500000  10.606602
92.300000  44.500000  7.778175
92.400000  51.000000  5.656854
92.500000  46.000000  2.828427
92.600000  44.000000  5.656854
92.700000  41.000000  7.071068
92.800000  50.000000  11.313708
92.900000  44.500000  10.606602
93.000000  41.500000  10.606602
93.100000  42.000000  8.485281
93.200000  42.500000  9.192388
93.300000  43.500000  9.192388
93.400000  45.000000  7.071068
93.500000  38.500000  16.263456
93.600000  40.500000  7.778175
93.700000  40.500000  9.192388
93.800000  42.000000  5.656854
93.900000  43.000000  5.656854
94.000000  44.500000  0.707107
94.100000  44.500000  10.606602
94.200000  44.500000  4.949747
94.300000  41.000000  14.142136
94.400000  49.500000  10.606602
94.500000  47.500000  13.435029
94.600000  41.500000  16.263456
94.700000  44.000000  7.071068
94.800000  38.500000  2.121320
94.900000  39.000000  9.899495
95.000000  42.000000  15.556349
95.100000  43.500000  7.778175
95.200000  43.000000  16.970563
95.300000  45.500000  9.192388
95.400000  48.000000  9.899495
95.500000  46.500000  10.606602
95.600000  45.500000  0.707107
95.700000  43.500000  2.121320
95.800000  44.500000  9.192388
95.900000  40.000000  7.071068
96.000000  44.000000  9.899495
96.100000  41.000000  5.656854
96.200000  42.500000  2.121320
96.300000  42.500000  6.363961
96.400000  37.500000  4.949747
96.500000  42.500000  4.949747
96.600000  43.500000  3.535534
96.700000  43.500000  9.192388
96.800000  46.000000  8.485281
96.900000  44.000000  5.656854
97.000000  42.500000  9.192388
97.100000  44.000000  7.071068
97.200000  41.000000  11.313708
97.300000  43.500000  4.949747
97.400000  41.500000  2.121320
97.500000  43.000000  8.485281
97.600000  45.000000  9.899495
97.700000  46.000000  9.899495
97.800000  44.000000  12.727922
97.900000  37.500000  6.363961
98.000000  45.500000  9.192388
98.100000  45.500000  0.707107
98.200000  38.000000  9.899495
98.300000  39.500000  7.778175
98.400000  46.000000  9.899495
98.500000  47.500000  4.949747
98.600000  49.000000  15.556349
98.700000  50.000000  14.142136
98.800000  46.000000  16.970563
98.900000  43.000000  7.071068
99.000000  40.000000  1.414214
99.100000  41.500000  4.949747
99.200000  44.500000  4.949747
99.300000  45.000000  1.414214
99.400000  39.500000  4.949747
99.500000  44.000000  11.313708
99.600000  42.000000  7.071068
99.700000  40.500000  4.949747
99.800000  43.500000  6.363961
99.900000  43.500000  9.192388
100.000000  39.000000  11.313708
100.100000  48.000000  8.485281
100.200000  44.500000  9.192388
100.300000  38.000000  1.414214
100.400000  40.500000  2.121320
100.500000  37.500000  10.606602
100.600000  41.000000  2.828427
100.700000  45.000000  4.242641
100.800000  44.000000  14.142136
100.900000  44.500000  4.949747
101.000000  44.000000  4.242641
101.100000  37.500000  6.363961
101.200000  41.000000  1.414214
101.300000  43.500000  2.121320
101.400000  46.000000  8.485281
101.500000  44.500000  0.707107
101.600000  41.000000  5.656854
101.700000  44.000000  7.071068
101.800000  40.000000  4.242641
101.900000  42.500000  12.020815
102.000000  40.000000  2.828427
102.100000  49.000000  11.313708
102.200000  37.500000  12.020815
102.300000  42.500000  9.192388
102.400000  41.500000  4.949747
102.500000  41.000000  2.828427
102.600000  44.000000  1.414214
102.700000  35.500000  4.949747
102.800000  46.000000  14.142136
102.900000  44.500000  3.535534
103.000000  39.000000  4.242641
103.100000  37.500000  4.949747
103.200000  50.000000  7.071068
103.300000  41.500000  7.778175
103.400000  36.500000  6.363961
103.500000  41.000000  0.000000
103.600000  38.000000  4.242641
103.700000  39.000000  8.485281
103.800000  39.000000  8.485281
103.900000  41.500000  3.535534
104.000000  45.500000  0.707107
104.100000  42.000000  2.828427
104.200000  43.500000  9.192388
104.300000  43.500000  0.707107
104.400000  46.000000  14.142136
104.500000  38.000000  5.656854
104.600000  41.500000  4.949747
104.700000  42.500000  6.363961
104.800000  43.500000  14.849242
104.900000  40.500000  6.363961
105.000000  39.000000  12.727922
105.100000  39.000000  11.313708
105.200000  44.500000  7.778175
105.300000  42.500000  10.606602
105.400000  43.500000  4.949747
105.500000  43.500000  3.535534
105.600000  43.000000  11.313708
105.700000  45.500000  6.363961
105.800000  40.000000  8.485281
105.900000  39.500000  9.192388
106.000000  38.000000  7.071068
106.100000  39.000000  7.071068
106.200000  39.500000  9.192388
106.300000  41.500000  4.949747
106.400000  44.500000  2.121320
106.500000  46.000000  8.485281
106.600000  43.500000  6.363961
106.700000  42.500000  3.535534
106.800000  42.500000  16.263456
106.900000  44.000000  11.313708
107.000000  40.000000  7.071068
107.100000  41.500000  6.363961
107.200000  39.500000  9.192388
107.300000  45.500000  12.020815
107.400000  36.500000  4.949747
107.500000  44.000000  7.071068
107.600000  38.000000  1.414214
107.700000  40.000000  4.242641
107.800000  43.500000  2.121320
107.900000  41.000000  4.242641
108.000000  42.500000  3.535534
108.100000  43.000000  2.828427
108.200000  36.500000  6.363961
108.300000  43.500000  9.192388
108.400000  42.000000  4.242641
108.500000  40.000000  2.828427
108.600000  44.000000  4.242641
108.700000  41.000000  8.485281
108.800000  45.000000  9.899495
108.900000  41.500000  3.535534
109.000000  44.000000  4.242641
109.100000  40.500000  4.949747
109.200000  39.000000  12.727922
109.300000  45.000000  1.414214
109.400000  46.000000  7.071068
109.500000  40.000000  9.899495
109.600000  39.000000  5.656854
109.700000  41.500000  6.363961
109.800000  44.500000  2.121320
109.900000  45.500000  2.121320
110.000000  40.000000  9.899495
110.100000  47.500000  3.535534
110.200000  47.500000  6.363961
110.300000  42.500000  2.121320
110.400000  41.000000  9.899495
110.500000  44.000000  0.000000
110.600000  49.000000  11.313708
110.700000  46.000000  9.899495
110.800000  43.500000  0.707107
