# aggregated from 2 replicates
# x  mean  std
0.000000  61.605805  0.000000
0.100000  72.939524  1.994556
0.200000  73.164299  0.338979
0.300000  70.700685  5.808020
0.400000  74.464221  9.792904
0.500000  70.573029  12.280544
0.600000  68.097601  11.203357
0.700000  70.085911  16.547632
0.800000  70.999202  10.036928
0.900000  70.502665  14.470669
1.000000  70.603666  12.284102
1.100000  68.640751  10.268393
1.200000  67.618601  4.104471
1.300000  70.217529  9.887831
1.400000  67.391610  12.543399
1.500000  69.094330  7.973006
1.600000  72.530925  9.304632
1.700000  67.300754  3.189862
1.800000  68.738388  9.423906
1.900000  69.942746  3.175329
2.000000  71.070420  7.706183
2.100000  72.969388  0.689631
2.200000  70.138360  2.474022
2.300000  65.911552  8.098864
2.400000  71.698466  17.044368
2.500000  73.758359  12.972032
2.600000  71.244281  7.259661
2.700000  72.542828  15.626932
2.800000  71.472170  9.830605
2.900000  76.398332  17.560066
3.000000  74.144796  9.814199
3.100000  70.358861  7.751759
3.200000  74.778228  12.276777
3.300000  73.132969  15.534683
3.400000  72.720919  15.743598
3.500000  72.798115  10.747297
3.600000  67.773499  9.214330
3.700000  66.796447  13.207836
3.800000  70.918978  4.330471
3.900000  71.180415  8.358411
4.000000  69.883848  5.550058
4.100000  73.523872  22.902477
4.200000  74.761010  14.593455
4.300000  71.494730  6.793828
4.400000  71.688965  9.574103
4.500000  69.389193  9.246321
4.600000  69.061369  3.886612
4.700000  70.141715  11.562310
4.800000  68.992845  8.211646
4.900000  64.841199  7.631161
5.000000  65.951423  6.511023
5.100000  70.983004  6.746610
5.200000  65.707303  5.892761
5.300000  70.572940  7.628719
5.400000  68.765335  5.868937
5.500000  69.990739  7.495259
5.600000  66.764570  1.212521
5.700000  70.063018  10.689774
5.800000  69.554879  8.461728
5.900000  69.604113  9.797493
6.000000  66.533410  8.330908
6.100000  66.852076  5.977913
6.200000  78.456187  15.836651
6.300000  71.749646  5.822103
6.400000  68.823082  6.182124
6.500000  71.538195  5.988330
6.600000  71.426531  1.357280
6.700000  67.408396  7.500301
6.800000  70.859216  8.155500
6.900000  68.871537  10.831505
7.000000  67.433515  5.496988
7.100000  66.487591  7.767765
7.200000  70.160109  4.184665
7.300000  69.034146  4.197325
7.400000  66.771259  1.307368
7.500000  73.886798  5.483876
7.600000  72.385630  12.482560
7.700000  67.894755  9.217319
7.800000  72.385433  9.038331
7.900000  69.593607  9.124406
8.000000  71.110998  11.387815
8.100000  70.855801  11.261907
8.200000  71.772748  11.767858
8.300000  67.734732  13.032511
8.400000  68.179980  13.740194
8.500000  71.253604  12.383585
8.600000  65.811033  7.640346
8.700000  68.252558  10.342226
8.800000  68.654824  7.449893
8.900000  66.295580  11.847753
9.000000  63.314003  6.159326
9.100000  68.124871  9.462987
9.200000  62.733110  6.645957
9.300000  67.234849  8.816723
9.400000  70.828052  2.371560
9.500000  66.452944  7.025693
9.600000  68.344782  1.006177
9.700000  70.093576  2.719041
9.800000  67.316284  7.626388
9.900000  68.071466  4.284757
10.000000  66.947016  7.544993
10.100000  68.330530  9.511633
10.200000  67.478585  5.790325
10.300000  67.766808  8.955683
10.400000  67.338862  6.831442
10.500000  70.590640  10.106348
10.600000  64.052893  4.859190
10.700000  67.793804  6.241033
10.800000  69.734257  6.687903
10.900000  67.348293  5.083040
11.000000  68.469172  7.304664
11.100000  70.210742  3.025290
11.200000  69.513349  8.309012
11.300000  70.904123  6.636476
11.400000  69.771681  9.450097
11.500000  69.756947  8.740896
11.600000  71.868054  5.680173
11.700000  73.651706  4.073566
11.800000  79.266689  13.685881
11.900000  79.178552  12.969678
12.000000  78.795313  12.592086
12.100000  77.721162  15.971715
12.200000  77.574748  16.531964
12.300000  75.806306  19.772502
12.400000  79.860906  11.105141
12.500000  78.727971  13.158126
12.600000  77.558860  7.140819
12.700000  75.359741  8.574564
12.800000  74.829553  0.386036
12.900000  73.640557  4.474850
13.000000  69.315698  4.807354
13.100000  71.140399  3.409485
13.200000  73.835515  1.192873
13.300000  73.145896  0.489050
13.400000  74.626806  2.302055
13.500000  75.091627  2.089097
13.600000  72.656755  2.320795
13.700000  73.661878  2.223868
13.800000  77.663763  4.419917
13.900000  73.036105  0.782424
14.000000  71.259651  2.579782
14.100000  73.728821  1.388531
14.200000  71.625406  4.084947
14.300000  76.465758  7.056955
14.400000  74.384875  3.337765
14.500000  74.105515  0.582495
14.600000  73.739128  0.984013
14.700000  69.280887  1.547817
14.800000  73.225947  0.754915
14.900000  70.349691  2.664135
15.000000  66.359834  4.734780
15.100000  71.031341  0.490446
15.200000  71.417975  0.923725
15.300000  69.171064  1.749954
15.400000  65.295139  3.278483
15.500000  73.151591  1.221500
15.600000  73.684283  8.291965
15.700000  70.647576  5.677485
15.800000  71.442566  6.163562
15.900000  70.047452  10.717847
16.000000  72.767022  3.311341
16.100000  76.645957  1.821883
16.200000  76.929458  0.204488
16.300000  73.550495  2.577937
16.400000  69.684482  3.207680
16.500000  78.129526  8.630446
16.600000  66.711116  4.390212
16.700000  68.719892  4.305806
16.800000  67.213912  3.547512
16.900000  69.888238  8.370106
17.000000  68.806445  2.084376
17.100000  64.766845  5.785309
17.200000  69.210001  12.138898
17.300000  73.545018  14.280915
17.400000  67.854040  8.641130
17.500000  75.708987  18.369227
17.600000  72.700103  20.593714
17.700000  76.368764  16.855959
17.800000  67.154776  29.248732
17.900000  69.215356  25.213468
18.000000  68.888044  28.003954
18.100000  65.850355  21.343965
18.200000  70.975974  7.611298
18.300000  73.506481  7.987760
18.400000  78.075570  12.957680
18.500000  80.805191  12.365293
18.600000  76.712209  9.881490
18.700000  74.183353  16.793603
18.800000  78.390707  11.750614
18.900000  68.690602  22.725109
19.000000  69.479816  17.947407
19.100000  72.850797  22.063968
19.200000  77.100652  15.923601
19.300000  74.196241  18.691902
19.400000  71.614486  24.908233
19.500000  74.851339  1.196609
19.600000  72.147923  6.110861
19.700000  75.680699  18.965172
19.800000  65.976899  29.315806
19.900000  69.845328  22.381055
20.000000  78.777596  13.083081
20.100000  77.863366  10.214215
20.200000  81.256070  9.152342
20.300000  83.234446  9.251041
20.400000  79.053780  14.524468
20.500000  77.147171  11.520688
20.600000  73.408703  20.835739
20.700000  72.371017  19.413250
20.800000  77.632003  17.317594
20.900000  84.544023  2.797321
21.000000  82.758248  4.567785
21.100000  85.909640  0.724985
21.200000  84.038579  3.491999
21.300000  84.664982  4.674200
21.400000  87.716057  0.756954
21.500000  88.215233  0.898287
21.600000  88.616375  0.837282
21.700000  86.580807  3.883517
21.800000  85.196854  3.009586
21.900000  84.456727  0.673298
22.000000  87.029214  2.288171
22.100000  88.904143  0.176518
22.200000  84.717101  4.339441
22.300000  85.467710  2.396275
22.400000  84.767894  1.728911
22.500000  83.299885  1.646531
22.600000  80.726910  4.400945
22.700000  84.614530  1.647840
22.800000  88.718919  0.006021
22.900000  87.165595  2.201940
23.000000  80.396217  3.946844
23.100000  85.512517  4.158111
23.200000  87.630727  2.550754
23.300000  87.815260  2.863542
23.400000  87.252721  1.150693
23.500000  73.697247  13.065841
23.600000  72.737494  12.850155
23.700000  79.359151  13.843411
23.800000  77.961590  5.730041
23.900000  76.656459  5.971482
24.000000  73.291136  10.422593
24.100000  74.113620  2.896210
24.200000  73.454429  7.110343
24.300000  71.827645  10.156030
24.400000  79.429590  5.075461
24.500000  74.446952  16.178188
24.600000  76.049004  5.185543
24.700000  80.479913  9.036330
24.800000  78.017242  16.502748
24.900000  76.929519  17.275773
25.000000  75.851012  6.760139
25.100000  85.315819  3.325972
25.200000  83.325322  4.669956
25.300000  87.113106  0.761953
25.400000  85.967902  2.624687
25.500000  84.907297  2.182419
25.600000  86.161881  4.805604
25.700000  86.674660  3.012348
25.800000  87.419421  0.622645
25.900000  88.567601  0.641404
26.000000  87.862640  0.118677
26.100000  87.349379  0.468822
26.200000  85.794065  2.378362
26.300000  87.709383  0.706530
26.400000  84.821393  4.888921
26.500000  82.462431  4.545685
26.600000  85.248682  1.943368
26.700000  86.657727  0.138946
26.800000  75.408596  9.976613
26.900000  80.098749  11.734357
27.000000  75.058121  20.386014
27.100000  76.932779  18.050605
27.200000  80.036051  10.335696
27.300000  80.621522  11.322216
27.400000  83.006226  0.718708
27.500000  86.967439  0.117498
27.600000  75.679500  11.752115
27.700000  74.829138  5.859079
27.800000  78.326077  3.988675
27.900000  76.262576  6.336228
28.000000  76.385860  17.941751
28.100000  80.651705  3.059696
28.200000  73.890328  10.120855
28.300000  78.869478  1.742405
28.400000  82.886897  5.272708
28.500000  78.024147  8.827406
28.600000  76.209276  8.217565
28.700000  74.513570  9.480630
28.800000  79.478369  3.232408
28.900000  81.657601  7.562782
29.000000  75.484901  6.270926
29.100000  76.284650  9.142372
29.200000  76.906332  3.814593
29.300000  76.361022  10.310534
29.400000  74.633632  10.493949
29.500000  75.415219  5.593335
29.600000  75.197094  15.102887
29.700000  76.007030  7.333942
29.800000  70.948274  4.915135
29.900000  72.606544  6.670213
30.000000  73.746183  2.426176
30.100000  71.398230  10.439415
30.200000  72.859213  14.274143
30.300000  74.224147  9.658541
30.400000  73.108972  1.729991
30.500000  73.273992  9.220047
30.600000  73.529901  19.643633
30.700000  78.577994  11.303933
30.800000  78.064923  12.169760
30.900000  70.684937  6.072866
31.000000  81.810118  10.014565
31.100000  77.801517  10.091066
31.200000  81.100163  9.283077
31.300000  74.635357  20.353016
31.400000  75.426905  14.933850
31.500000  74.319193  14.578257
31.600000  77.420481  13.568743
31.700000  80.298836  2.964624
31.800000  76.727599  16.215992
31.900000  75.578558  14.056734
32.000000  74.715226  11.957274
32.100000  81.450514  11.575622
32.200000  74.594894  15.659028
32.300000  78.824337  11.442200
32.400000  76.900038  11.463007
32.500000  84.584804  4.016388
32.600000  72.716008  14.332217
32.700000  74.541643  14.710924
32.800000  75.317475  10.689004
32.900000  73.127053  12.334118
33.000000  69.309674  19.880857
33.100000  70.991340  13.241929
33.200000  76.194378  15.581869
33.300000  69.477685  7.692997
33.400000  70.781572  22.798647
33.500000  74.422658  17.562551
33.600000  73.910568  21.650918
33.700000  73.727091  18.939312
33.800000  72.763809  23.702154
33.900000  73.611942  18.504417
34.000000  69.427987  16.958756
34.100000  72.750213  19.662508
34.200000  76.070562  13.934863
34.300000  78.729821  14.217340
34.400000  81.022987  11.038882
34.500000  78.012374  11.861326
34.600000  73.828195  14.827544
34.700000  78.703870  12.370516
34.800000  73.280671  16.843421
34.900000  77.385926  15.079363
35.000000  78.785334  15.807161
35.100000  75.877665  12.615163
35.200000  74.455162  19.469509
35.300000  78.808361  13.198221
35.400000  80.900659  12.626577
35.500000  80.076330  13.624301
35.600000  76.592497  6.940515
35.700000  77.927945  17.062561
35.800000  76.426170  13.881603
35.900000  72.915575  6.063975
36.000000  67.378059  21.932453
36.100000  75.021726  11.442787
36.200000  76.873206  8.104106
36.300000  73.635125  9.857160
36.400000  76.116596  12.522161
36.500000  79.389886  9.389149
36.600000  74.380942  4.063548
36.700000  78.088526  11.928709
36.800000  75.755126  13.368110
36.900000  78.916205  10.951278
37.000000  75.895011  17.292225
37.100000  73.568602  12.763379
37.200000  75.695950  15.823189
37.300000  75.676012  14.303053
37.400000  79.312940  14.793223
37.500000  79.394220  12.012029
37.600000  79.595427  12.132774
37.700000  80.368160  11.870481
37.800000  77.963991  13.491480
37.900000  72.238134  4.850441
38.000000  73.699982  8.878745
38.100000  71.121327  9.095416
38.200000  73.980667  19.966612
38.300000  75.684647  11.920621
38.400000  79.535530  9.527463
38.500000  78.442713  12.454107
38.600000  74.821457  12.140123
38.700000  77.325535  9.619578
38.800000  78.984755  12.737623
38.900000  73.011828  11.806519
39.000000  80.253328  12.404736
39.100000  73.766156  18.131380
39.200000  73.693248  12.181614
39.300000  79.400490  11.066341
39.400000  81.344981  5.321829
39.500000  82.065719  8.381311
39.600000  82.481131  9.659866
39.700000  78.772882  12.152471
39.800000  79.400694  8.105015
39.900000  78.588615  14.209853
40.000000  77.831996  4.744551
40.100000  79.021420  10.276778
40.200000  81.596069  11.244561
40.300000  79.089376  12.307990
40.400000  78.069366  9.195731
40.500000  80.705132  9.429447
40.600000  78.473323  5.270314
40.700000  79.933322  10.139375
40.800000  78.696354  11.390970
40.900000  81.827693  9.266298
41.000000  81.284976  10.559212
41.100000  80.756906  8.695984
41.200000  79.785529  10.617188
41.300000  76.561294  5.728542
41.400000  83.252063  3.519372
41.500000  82.664761  3.886224
41.600000  79.867632  6.034484
41.700000  82.562035  5.294134
41.800000  80.056784  3.452500
41.900000  81.200825  3.170013
42.000000  77.711307  5.154271
42.100000  78.099191  5.184357
42.200000  76.786443  12.038172
42.300000  78.331930  5.418818
42.400000  78.358461  10.146023
42.500000  78.171579  7.646588
42.600000  82.636910  9.364692
42.700000  82.233946  6.667777
42.800000  81.343678  10.188512
42.900000  79.474779  7.072370
43.000000  77.417650  10.920346
43.100000  78.012284  11.454141
43.200000  77.366726  7.847934
43.300000  81.901708  8.779518
43.400000  80.807092  7.178632
43.500000  80.213567  10.136143
43.600000  79.866245  13.919233
43.700000  77.683170  15.496210
43.800000  80.222179  8.416415
43.900000  79.549101  10.293994
44.000000  79.011406  9.361109
44.100000  80.165569  9.671225
44.200000  81.674637  8.793627
44.300000  78.826385  7.053406
44.400000  79.683010  12.389826
44.500000  82.932950  6.606581
44.600000  80.410455  4.641800
44.700000  84.987720  5.091526
44.800000  78.263744  4.227432
44.900000  79.352283  7.030869
45.000000  87.007034  3.633927
45.100000  76.790262  9.730926
45.200000  78.505082  8.618534
45.300000  75.369436  8.580047
45.400000  76.120857  17.552401
45.500000  75.573315  7.790284
45.600000  79.534565  13.666206
45.700000  80.037892  9.338460
45.800000  78.885180  12.795565
45.900000  81.072935  0.634372
46.000000  79.742105  6.993351
46.100000  81.461765  7.572985
46.200000  78.206824  2.495406
46.300000  73.079720  8.604890
46.400000  74.727755  6.602682
46.500000  77.483374  14.306144
46.600000  77.606235  8.444692
46.700000  73.649004  1.001311
46.800000  77.517968  4.377255
46.900000  78.702757  10.622860
47.000000  78.541296  8.793685
47.100000  76.584722  10.746735
47.200000  75.806574  18.193991
47.300000  78.355830  3.798721
47.400000  79.198351  3.812061
47.500000  79.131812  9.032976
47.600000  79.445678  10.280671
47.700000  79.962741  9.245058
47.800000  81.435450  8.806842
47.900000  81.758455  8.744582
48.000000  77.275896  16.741277
48.100000  89.817583  0.047122
48.200000  85.064666  6.247608
48.300000  80.700498  9.485962
48.400000  78.908917  13.015884
48.500000  77.670358  15.313383
48.600000  77.736374  14.561311
48.700000  78.547853  11.433859
48.800000  78.623659  10.110887
48.900000  78.879548  10.227582
49.000000  78.601993  7.733056
49.100000  78.921285  13.238360
49.200000  83.572799  8.593807
49.300000  80.086024  8.837176
49.400000  82.503660  2.169262
49.500000  85.352372  4.457454
49.600000  81.899802  10.011706
49.700000  83.122222  4.887768
49.800000  76.879496  4.120337
49.900000  82.020577  2.091154
50.000000  82.629298  8.644997
50.100000  80.588584  9.354787
50.200000  83.424328  7.498447
50.300000  80.000902  3.681998
50.400000  79.917082  2.485284
50.500000  81.045769  2.138642
50.600000  84.680453  6.720649
50.700000  82.431048  4.999494
50.800000  79.180640  0.593617
50.900000  79.981719  8.821313
51.000000  80.275638  1.481260
51.100000  77.776691  6.344557
51.200000  69.014317  1.992744
51.300000  78.852601  8.389241
51.400000  79.229175  14.864806
51.500000  79.400968  9.862334
51.600000  74.984607  6.806066
51.700000  80.841564  8.548216
51.800000  81.260896  4.099518
51.900000  78.543362  4.894865
52.000000  76.843018  9.575194
52.100000  77.552497  14.161490
52.200000  80.200136  11.512797
52.300000  77.178625  6.234813
52.400000  78.244794  4.407259
52.500000  81.079718  5.344572
52.600000  79.780175  0.997513
52.700000  81.046813  1.743346
52.800000  76.902821  7.623494
52.900000  77.457542  4.856023
53.000000  75.977727  10.995321
53.100000  78.177651  7.771717
53.200000  75.935313  9.918146
53.300000  79.150813  5.805606
53.400000  75.885394  9.785405
53.500000  78.089984  9.890586
53.600000  79.109794  8.360075
53.700000  75.420883  14.963887
53.800000  78.892843  9.956035
53.900000  78.345968  8.938500
54.000000  73.242323  5.626929
54.100000  78.169663  4.911299
54.200000  78.270117  3.139357
54.300000  80.734927  4.158193
54.400000  82.721003  2.493386
54.500000  72.997748  6.231719
54.600000  81.032344  7.152374
54.700000  78.805256  0.534756
54.800000  75.501414  4.201474
54.900000  75.957562  4.864720
55.000000  73.241106  5.810430
55.100000  77.083586  3.869189
55.200000  79.837921  9.936884
55.300000  78.435699  11.750879
55.400000  75.958439  9.267498
55.500000  79.815630  7.351865
55.600000  78.931954  2.564554
55.700000  82.355123  0.820339
55.800000  80.521049  4.997439
55.900000  82.282503  6.573133
56.000000  82.573325  8.489063
56.100000  79.669832  2.078608
56.200000  81.148495  7.684928
56.300000  79.368200  5.844291
56.400000  81.005091  10.856902
56.500000  84.501105  6.446960
56.600000  81.183459  6.103700
56.700000  83.219799  3.300533
56.800000  82.487751  0.723306
56.900000  82.753594  0.581793
57.000000  83.247700  1.379786
57.100000  82.794619  0.692878
57.200000  83.452688  5.098592
57.300000  83.737623  2.591189
57.400000  82.641976  8.019002
57.500000  79.789052  5.928676
57.600000  81.109532  2.978231
57.700000  79.243530  4.688091
57.800000  84.394376  6.210391
57.900000  83.817825  3.243337
58.000000  84.456696  6.602795
58.100000  82.383281  1.241235
58.200000  83.276409  4.235903
58.300000  86.610728  1.489949
58.400000  84.283833  2.696595
58.500000  82.415290  5.579773
58.600000  84.626340  2.817650
58.700000  81.116469  7.308207
58.800000  80.821078  1.447564
58.900000  81.702955  5.891044
59.000000  85.184937  2.135512
59.100000  86.761089  3.727009
59.200000  84.811579  4.598700
59.300000  80.169690  5.558429
59.400000  89.159086  0.552815
59.500000  81.227087  1.131567
59.600000  80.403088  1.281637
59.700000  79.177177  3.158244
59.800000  81.035158  7.326109
59.900000  75.594296  5.438073
60.000000  75.749147  8.236765
60.100000  76.924000  8.722940
60.200000  76.149131  9.608656
60.300000  77.578498  4.625964
60.400000  76.251338  3.588336
60.500000  83.011084  1.438841
60.600000  77.564288  2.099411
60.700000  78.517892  7.531684
60.800000  79.295406  2.828623
60.900000  81.515992  6.645898
61.000000  81.713858  1.416641
61.100000  79.907876  0.280081
61.200000  81.032868  6.531145
61.300000  83.137588  4.058511
61.400000  77.728363  0.273565
61.500000  80.566927  1.137115
61.600000  74.569169  4.308800
61.700000  74.448550  16.226260
61.800000  72.314554  17.215642
61.900000  75.464332  0.943850
62.000000  82.897557  2.144046
62.100000  86.937180  3.333769
62.200000  85.681636  4.016536
62.300000  83.748731  7.761404
62.400000  83.795111  8.602893
62.500000  81.177851  6.182831
62.600000  80.550735  8.014796
62.700000  79.290144  0.421377
62.800000  86.467975  2.942635
62.900000  85.285643  1.930038
63.000000  82.996921  5.740414
63.100000  82.130789  9.189611
63.200000  79.767122  3.139780
63.300000  82.716579  1.308191
63.400000  86.916879  4.060290
63.500000  85.747487  0.729767
63.600000  83.043889  1.120976
63.700000  82.322355  5.606724
63.800000  82.056747  4.880515
63.900000  79.044355  1.123549
64.000000  78.007415  1.219435
64.100000  85.705630  1.100444
64.200000  83.690164  5.909547
64.300000  85.755686  3.337333
64.400000  87.704004  1.544545
64.500000  86.579753  2.012629
64.600000  84.712220  6.343956
64.700000  85.355112  5.875476
64.800000  83.279569  1.150987
64.900000  84.364776  3.667003
65.000000  85.496809  0.650399
65.100000  82.311407  0.773342
65.200000  79.795048  4.206831
65.300000  85.783355  2.531258
65.400000  88.188755  1.037852
65.500000  89.267743  0.806373
65.600000  88.108285  0.330570
65.700000  82.549841  8.740320
65.800000  86.151382  0.056207
65.900000  83.855444  0.774323
66.000000  80.285651  11.161495
66.100000  86.855100  0.326181
66.200000  82.395335  2.254713
66.300000  88.705630  1.144289
66.400000  86.248267  1.691802
66.500000  87.215323  1.933639
66.600000  88.896876  0.655046
66.700000  87.037147  0.416714
66.800000  86.517360  3.280582
66.900000  82.388616  2.803005
67.000000  84.298023  0.977201
67.100000  86.252223  3.922570
67.200000  86.994248  0.400472
67.300000  88.354417  1.611957
67.400000  75.141586  6.460059
67.500000  82.722975  1.809627
67.600000  81.190565  2.604327
67.700000  82.419187  5.233508
67.800000  80.562623  6.413473
67.900000  72.314646  7.224614
68.000000  76.715344  4.595116
68.100000  83.819495  3.407700
68.200000  81.697127  5.846970
68.300000  83.894114  3.198489
68.400000  87.687559  0.252376
68.500000  81.071056  6.510206
68.600000  82.365268  2.962999
68.700000  85.936590  5.517127
68.800000  83.090837  6.799602
68.900000  84.582718  3.382775
69.000000  86.714385  3.812153
69.100000  86.934733  3.157707
69.200000  87.702488  2.959709
69.300000  83.226065  5.172590
69.400000  86.624853  2.248824
69.500000  88.472060  0.794331
69.600000  86.829611  1.154739
69.700000  88.435264  0.314334
69.800000  87.025277  3.871581
69.900000  84.968652  1.621264
70.000000  84.887694  3.754862
70.100000  82.594527  3.426475
70.200000  83.612853  7.060828
70.300000  84.223507  5.499333
70.400000  83.337683  4.867275
70.500000  85.920151  4.142280
70.600000  80.463387  7.259505
70.700000  81.602687  7.122531
70.800000  84.936699  2.025071
70.900000  86.192518  3.772462
71.000000  83.198859  4.496511
71.100000  85.749446  3.886877
71.200000  85.534663  5.808163
71.300000  81.781919  6.664702
71.400000  84.725342  6.013026
71.500000  81.645818  5.361377
71.600000  82.431611  6.622831
71.700000  83.622016  6.712592
71.800000  85.600854  4.150300
71.900000  86.882605  1.448217
72.000000  85.927802  4.254058
72.100000  84.766119  5.189638
72.200000  84.487845  0.485657
72.300000  83.942588  3.505093
72.400000  84.535589  6.580658
72.500000  82.239763  1.181660
72.600000  87.639058  2.993960
72.700000  81.932167  8.560911
72.800000  81.717540  1.512871
72.900000  84.609506  5.037646
73.000000  85.367306  4.100169
73.100000  85.175301  6.714524
73.200000  85.010588  6.187548
73.300000  83.560316  8.473996
73.400000  85.941082  2.911895
73.500000  79.379779  9.030426
73.600000  76.064323  4.885471
73.700000  78.671504  3.901221
73.800000  80.623701  4.054389
73.900000  76.422010  3.685093
74.000000  75.837244  5.914513
74.100000  77.607716  0.071254
74.200000  76.996292  3.076912
74.300000  77.992204  2.155479
74.400000  81.470937  9.633435
74.500000  75.498577  4.574661
74.600000  82.170085  3.487550
74.700000  78.246384  6.243344
74.800000  83.327183  3.913435
74.900000  84.661864  5.711632
75.000000  78.079838  2.114853
75.100000  77.117858  3.090647
75.200000  78.377728  5.557717
75.300000  79.491771  10.678665
75.400000  78.373228  5.935797
75.500000  79.565449  3.964804
75.600000  76.618218  0.009865
75.700000  80.850612  9.104051
75.800000  78.509255  9.053836
75.900000  76.111303  5.227177
76.000000  78.992880  5.516149
76.100000  75.163930  15.005476
76.200000  80.894366  6.665406
76.300000  78.492426  5.338914
76.400000  73.039360  11.598999
76.500000  73.629162  11.175135
76.600000  78.014940  14.064393
76.700000  75.240376  12.703431
76.800000  76.510596  13.152417
76.900000  77.139548  2.672854
77.000000  78.725495  2.045043
77.100000  73.262270  8.821081
77.200000  79.713648  0.666567
77.300000  79.537011  0.384748
77.400000  77.980753  3.289015
77.500000  75.846179  0.605851
77.600000  75.943079  4.904729
77.700000  76.066949  2.671518
77.800000  71.998500  15.806939
77.900000  76.751752  4.650378
78.000000  75.469329  0.303946
78.100000  80.996730  4.551759
78.200000  75.333786  10.770536
78.300000  78.864144  5.218402
78.400000  78.060626  8.223161
78.500000  77.395135  1.987630
78.600000  78.219803  2.071042
78.700000  77.231291  5.456478
78.800000  77.942220  6.155619
78.900000  73.496783  12.511529
79.000000  74.289476  2.450554
79.100000  74.540605  4.656150
79.200000  74.270466  1.621341
79.300000  75.323988  5.651950
79.400000  76.646694  0.543710
79.500000  77.394203  0.084038
79.600000  72.362626  2.072577
79.700000  70.283859  3.306487
79.800000  76.524594  3.531695
79.900000  74.283579  1.901331
80.000000  76.977810  2.676220
80.100000  75.742552  0.690293
80.200000  74.936148  1.457933
80.300000  77.034087  3.433103
80.400000  77.319236  7.982038
80.500000  75.839820  1.121271
80.600000  73.422320  3.144001
80.700000  77.193985  0.602159
80.800000  71.819207  4.609192
80.900000  82.011667  5.322854
81.000000  78.826431  10.033229
81.100000  73.726448  2.109772
81.200000  78.988260  2.969635
81.300000  79.617723  9.433362
81.400000  84.590547  7.628177
81.500000  81.815768  4.513771
81.600000  78.697866  4.824222
81.700000  81.331805  8.512147
81.800000  77.982358  7.827303
81.900000  78.625542  5.836650
82.000000  84.306679  1.683621
82.100000  81.843217  7.755184
82.200000  81.778491  5.895914
82.300000  83.386254  4.310163
82.400000  76.612782  1.264154
82.500000  75.904595  0.692415
82.600000  76.796794  2.860781
82.700000  75.109231  5.213411
82.800000  81.344066  7.474613
82.900000  82.327002  7.678270
83.000000  74.845993  5.181441
83.100000  82.314751  6.351444
83.200000  73.028639  6.671140
83.300000  79.730851  5.464163
83.400000  77.623364  14.567257
83.500000  81.567868  10.684370
83.600000  83.164582  5.191227
83.700000  85.333879  5.769110
83.800000  79.082943  2.771438
83.900000  79.445042  9.574033
84.000000  80.900610  11.061092
84.100000  79.750542  11.741875
84.200000  82.626268  6.643999
84.300000  76.299149  1.967078
84.400000  75.034168  18.547167
84.500000  78.434485  15.456292
84.600000  76.475592  14.415044
84.700000  77.623236  8.686156
84.800000  69.437088  0.510000
84.900000  72.876550  1.205493
85.000000  70.129676  1.445217
85.100000  71.884546  6.988700
85.200000  72.534827  11.431988
85.300000  72.304546  4.236258
85.400000  73.629737  10.281143
85.500000  69.492827  3.617453
85.600000  72.509135  7.607840
85.700000  75.689009  0.786303
85.800000  75.942168  5.888447
85.900000  71.560283  5.185073
86.000000  69.418908  4.616353
86.100000  72.235712  1.674664
86.200000  66.920789  4.274125
86.300000  72.165483  6.732091
86.400000  78.218935  7.577368
86.500000  69.752646  5.331968
86.600000  71.222017  6.804576
86.700000  71.018391  6.916103
86.800000  68.092008  2.396804
86.900000  74.843942  4.191769
87.000000  73.133425  2.833786
87.100000  77.700250  4.131832
87.200000  75.909322  2.815484
87.300000  77.040633  7.104079
87.400000  67.336559  0.196902
87.500000  68.421922  5.776548
87.600000  73.369031  1.719970
87.700000  70.012765  1.913413
87.800000  70.759493  2.185189
87.900000  72.101806  4.155688
88.000000  73.819746  2.059301
88.100000  74.479439  3.416365
88.200000  74.699042  12.348837
88.300000  72.476934  13.245604
88.400000  78.075386  5.375210
88.500000  78.567727  3.444833
88.600000  74.746058  9.981808
88.700000  71.754669  6.614830
88.800000  79.479365  12.726962
88.900000  77.430276  4.241585
89.000000  72.778514  2.615258
89.100000  73.827900  4.616859
89.200000  74.079326  0.254136
89.300000  77.674406  12.549064
89.400000  78.156436  13.110746
89.500000  69.432705  2.809189
89.600000  70.335973  0.247558
89.700000  72.468007  2.073860
89.800000  71.905535  1.941852
89.900000  73.121118  9.083113
90.000000  82.166639  9.217951
90.100000  79.799073  11.186055
90.200000  81.883034  9.811447
90.300000  81.991978  4.218310
90.400000  79.294922  14.009625
90.500000  72.922852  5.471717
90.600000  78.828640  6.518481
90.700000  77.349089  8.302233
90.800000  73.541478  17.451295
90.900000  82.075553  9.129305
91.000000  68.835189  5.469364
91.100000  76.397018  19.080382
91.200000  77.438401  9.715598
91.300000  77.615750  3.095605
91.400000  77.233811  7.789132
91.500000  79.622945  9.351865
91.600000  84.340134  8.001420
91.700000  76.745807  3.036720
91.800000  82.471646  1.715752
91.900000  76.586588  10.506050
92.000000  80.136076  1.595477
92.100000  80.830200  6.290297
92.200000  78.700320  5.160088
92.300000  69.278316  3.643629
92.400000  68.759017  4.268956
92.500000  69.055006  0.289270
92.600000  74.151573  12.031809
92.700000  67.719663  5.953341
92.800000  70.901873  10.374183
92.900000  72.035423  4.898771
93.000000  68.893593  5.076485
93.100000  69.310774  7.437174
93.200000  73.043156  2.593393
93.300000  71.382532  9.088026
93.400000  69.490122  2.747295
93.500000  73.031746  0.038208
93.600000  69.208529  0.675787
93.700000  73.206546  12.236274
93.800000  68.306957  2.213850
93.900000  77.756462  9.145421
94.000000  82.052346  6.313510
94.100000  73.353445  2.327236
94.200000  77.331028  1.993257
94.300000  86.601380  2.298507
94.400000  82.913128  9.113621
94.500000  65.714573  3.292072
94.600000  63.962213  1.022084
94.700000  67.376591  2.874503
94.800000  73.905951  4.686205
94.900000  77.253495  15.702905
95.000000  83.570665  5.971385
95.100000  75.955287  8.286270
95.200000  81.444156  9.448688
95.300000  69.573954  2.306064
95.400000  65.893298  9.996989
95.500000  66.830715  3.188293
95.600000  81.971347  0.083482
95.700000  75.095808  0.479246
95.800000  67.872590  1.490327
95.900000  76.342264  3.988989
96.000000  74.502059  13.205914
96.100000  75.349713  10.128417
96.200000  84.072081  4.700277
96.300000  80.867180  0.459573
96.400000  79.631300  0.704686
96.500000  86.407809  2.302080
96.600000  83.680079  3.573242
96.700000  84.914218  1.303021
96.800000  82.701290  9.205651
96.900000  74.766547  6.520411
97.000000  72.013712  1.764311
97.100000  72.481256  11.844799
97.200000  72.089287  4.112616
97.300000  73.551451  5.681529
97.400000  79.974802  7.377832
97.500000  74.344909  16.059695
97.600000  75.360109  13.550238
97.700000  74.062662  5.552724
97.800000  69.565640  4.929815
97.900000  79.439559  0.077655
98.000000  70.068466  4.505234
98.100000  67.213329  2.567486
98.200000  70.459147  6.676436
98.300000  69.461893  6.632469
98.400000  71.453246  3.759920
98.500000  73.456075  10.209341
98.600000  74.019644  4.180738
98.700000  79.498970  3.599159
98.800000  74.609291  7.958677
98.900000  81.918014  7.835772
99.000000  77.140999  6.002751
99.100000  72.587104  5.219298
99.200000  76.542015  3.955581
99.300000  73.590950  11.603706
99.400000  74.115775  11.388958
99.500000  70.884333  26.481468
99.600000  75.651141  17.711621
99.700000  71.160009  24.750893
99.800000  71.444551  19.470559
99.900000  63.935569  14.569625
100.000000  64.818884  18.710912
100.100000  70.107002  21.495270
100.200000  71.989936  24.987788
100.300000  72.066641  22.411154
100.400000  68.286525  30.119501
100.500000  70.048371  22.828736
100.600000  74.609123  18.569613
100.700000  72.304442  22.482108
100.800000  71.650604  14.651369
100.900000  69.547133  19.622370
101.000000  69.916049  28.098628
101.100000  76.390484  19.022296
101.200000  70.566571  14.994923
101.300000  70.783129  18.971934
101.400000  67.681402  17.721714
101.500000  71.781324  9.244639
101.600000  77.317401  6.346961
101.700000  77.881149  15.743200
101.800000  73.640693  22.132277
101.900000  81.801285  5.835941
102.000000  72.176979  3.214277
102.100000  75.720507  8.109438
102.200000  79.003374  11.397101
102.300000  71.736180  3.031698
102.400000  74.318481  8.925366
102.500000  76.628214  10.969594
102.600000  72.944508  8.357772
102.700000  76.084440  5.395776
102.800000  76.049504  10.574406
102.900000  84.405706  0.871363
103.000000  77.943502  12.636013
103.100000  80.095343  8.157869
103.200000  77.997589  15.953751
103.300000  85.061193  5.586858
103.400000  77.592860  10.377616
103.500000  80.290208  9.196079
103.600000  68.162681  16.165592
103.700000  76.129066  8.897896
103.800000  69.029210  19.786186
103.900000  71.590142  21.891609
104.000000  73.200701  9.231355
104.100000  78.844401  10.992460
104.200000  73.060991  8.113054
104.300000  74.887819  9.058889
104.400000  71.715926  6.264924
104.500000  68.056769  11.340598
104.600000  68.217111  14.663923
104.700000  70.113897  18.337517
104.800000  71.214269  19.127123
104.900000  67.761521  24.151569
105.000000  71.485739  17.007618
105.100000  66.644164  19.890084
105.200000  70.793457  12.994918
105.300000  66.384091  13.043271
105.400000  66.931139  10.943002
105.500000  71.707588  10.704950
105.600000  71.963284  13.983598
105.700000  66.461092  14.626108
105.800000  68.541155  13.886664
105.900000  69.170838  10.543107
106.000000  74.067381  8.825823
106.100000  66.653166  12.318565
106.200000  70.608315  18.232703
106.300000  69.339503  12.228780
106.400000  68.241679  24.160549
106.500000  74.194532  17.061241
106.600000  68.892178  17.638801
106.700000  71.278965  17.560318
106.800000  68.602650  14.770013
106.900000  72.604075  16.179435
107.000000  69.697658  17.278044
107.100000  71.572598  14.621077
107.200000  70.948725  9.024529
107.300000  67.473224  10.583833
107.400000  75.269578  6.402321
107.500000  75.251128  6.957960
107.600000  77.614916  1.091629
107.700000  88.088062  1.440792
107.800000  85.749375  1.839453
107.900000  88.401441  1.754509
108.000000  87.367527  0.430073
108.100000  86.576220  0.790159
108.200000  88.843116  1.235338
108.300000  84.299258  7.360557
108.400000  82.590953  1.510063
108.500000  87.801303  1.810977
108.600000  82.924156  2.923653
108.700000  87.157922  0.652926
108.800000  82.339610  8.451392
108.900000  86.276747  1.160609
109.000000  84.624436  7.046653
109.100000  86.325695  2.977427
109.200000  83.614118  1.791807
109.300000  85.604223  1.695605
109.400000  86.017021  0.549069
109.500000  80.513817  3.245016
109.600000  87.119008  3.610104
109.700000  83.458561  2.723682
109.800000  74.766743  18.264103
109.900000  81.384137  5.404374
110.000000  81.049984  8.457262
110.100000  83.615820  6.982590
110.200000  83.036378  0.123241
110.300000  88.358541  0.542789
110.400000  82.053673  0.433660
110.500000  79.186298  5.443182
110.600000  76.213821  6.767697
110.700000  79.412096  2.354173
110.800000  86.985166  1.917863
110.900000  79.136617  5.708522
111.000000  77.619748  12.883834
111.100000  76.825145  7.805569
111.200000  82.190073  6.534366
111.300000  80.538082  2.504511
111.400000  78.048027  0.900290
111.500000  80.193426  10.237751
111.600000  78.403472  10.063357
111.700000  73.108419  11.134487
111.800000  76.825571  8.640943
111.900000  77.564432  6.928130
112.000000  79.466133  8.820815
112.100000  75.067701  6.894842
112.200000  74.459836  14.210625
112.300000  73.186800  18.760261
112.400000  78.791711  10.298119
112.500000  71.530335  8.427692
112.600000  74.676560  9.612350
112.700000  75.316397  11.099980
112.800000  75.695770  4.005058
112.900000  74.135925  7.252537
113.000000  76.265596  7.433384
113.100000  77.026959  9.976535
113.200000  73.041748  6.107363
113.300000  77.653828  11.348024
113.400000  76.176213  10.106790
113.500000  83.768539  7.852315
113.600000  76.964654  14.510818
113.700000  75.650057  11.556540
113.800000  74.214401  8.003203
113.900000  80.353905  8.407130
114.000000  78.561656  7.747129
114.100000  80.884907  11.933867
114.200000  77.356096  12.265401
114.300000  79.800418  6.233553
114.400000  77.241583  10.333105
114.500000  80.006537  13.793323
114.600000  74.531296  5.137624
114.700000  75.717641  10.951832
114.800000  75.803631  14.236312
114.900000  78.327837  8.667089
115.000000  72.157951  2.897668
115.100000  75.279531  7.981100
115.200000  73.220526  11.890027
115.300000  75.531258  10.565905
115.400000  73.647244  1.756369
115.500000  75.127077  7.645883
115.600000  70.969491  1.185096
115.700000  80.260166  13.621004
115.800000  76.917738  10.169381
115.900000  78.372148  11.791361
116.000000  78.531513  15.335044
116.100000  76.743094  15.786288
116.200000  83.081476  5.714623
116.300000  79.138181  14.013759
116.400000  75.611644  10.543577
116.500000  73.332216  6.124187
116.600000  76.426547  8.456763
116.700000  72.501281  2.992048
116.800000  76.029288  12.647390
116.900000  79.117795  7.834969
117.000000  71.854313  1.079576
117.100000  72.314335  9.432123
117.200000  73.544865  10.175713
117.300000  77.145831  11.624227
117.400000  76.062973  11.256237
117.500000  75.915345  12.843941
117.600000  73.418572  5.344732
117.700000  69.078273  2.960875
117.800000  75.866613  11.823266
117.900000  75.808808  14.725296
118.000000  77.039467  4.402305
118.100000  82.898462  5.396917
118.200000  78.091544  12.078353
118.300000  79.173187  8.855907
118.400000  82.215067  6.754188
118.500000  82.734767  1.206148
118.600000  84.026831  7.146614
118.700000  88.996015  0.905563
118.800000  87.177669  3.840487
118.900000  84.509856  3.806921
119.000000  80.967763  10.781853
119.100000  84.566647  2.637387
119.200000  75.842374  10.012271
119.300000  78.786419  13.356816
119.400000  78.020167  12.422622
119.500000  82.476458  3.538649
119.600000  77.859355  5.727211
119.700000  78.189598  11.011765
119.800000  78.178842  6.385706
119.900000  75.866450  7.820329
120.000000  79.519946  11.450602
120.100000  80.077163  9.639205
120.200000  77.916408  1.082466
120.300000  76.636305  8.235427
120.400000  82.048718  3.831312
120.500000  80.468816  9.087004
120.600000  80.168447  10.280637
120.700000  79.364038  14.598408
120.800000  80.479911  10.396521
120.900000  82.851676  9.658025
121.000000  80.743415  11.743406
121.100000  82.782978  9.196576
121.200000  81.585619  11.385890
121.300000  77.681394  9.089381
121.400000  75.697830  10.822586
121.500000  83.458044  5.905219
121.600000  76.912196  14.825414
121.700000  75.733817  9.876361
121.800000  80.952506  7.684298
121.900000  79.099467  13.560552
122.000000  76.631263  5.821133
122.100000  73.563313  13.132299
122.200000  79.578338  12.759755
122.300000  78.254476  16.167216
122.400000  76.755830  8.342157
122.500000  80.548969  7.302164
122.600000  78.243074  12.015386
122.700000  77.345361  14.855973
122.800000  79.906854  7.553972
122.900000  81.680940  9.954598
123.000000  84.302847  6.545970
123.100000  78.010842  16.260186
123.200000  79.089333  14.027973
123.300000  79.720529  12.615678
123.400000  81.679524  9.255490
123.500000  79.621381  11.379727
123.600000  79.107553  12.690085
123.700000  76.536416  12.661172
123.800000  80.884249  10.644251
123.900000  81.368351  5.077047
124.000000  77.779910  4.295811
124.100000  81.020879  11.611079
124.200000  86.131403  2.451014
124.300000  82.615996  7.886493
124.400000  78.863627  13.696070
124.500000  82.816203  9.549928
124.600000  79.633724  6.632464
124.700000  83.000723  8.398365
124.800000  79.871911  8.346775
124.900000  79.978972  7.423558
125.000000  82.005008  8.299754
125.100000  79.293004  9.992976
125.200000  78.627899  14.534354
125.300000  80.220059  11.832635
125.400000  81.572598  6.030955
125.500000  80.285930  9.532282
125.600000  80.951814  8.631916
125.700000  78.863783  14.013381
125.800000  82.032268  4.472844
125.900000  80.462587  8.951475
126.000000  80.546270  12.445176
126.100000  76.256357  14.774069
126.200000  85.621989  2.555662
126.300000  83.806167  0.683050
126.400000  85.792916  2.926893
126.500000  88.924792  0.476779
126.600000  87.056217  1.645703
126.700000  84.789780  4.503859
126.800000  83.782375  7.393595
126.900000  79.328483  10.559844
127.000000  78.042282  5.829399
127.100000  76.585136  4.611047
127.200000  77.201109  7.638979
127.300000  74.402025  7.737413
127.400000  77.934089  13.393698
127.500000  77.952230  10.061076
127.600000  76.763256  15.771309
127.700000  75.991147  13.904519
127.800000  74.197722  14.553086
127.900000  79.396230  14.430007
128.000000  82.938183  8.573649
128.100000  83.151296  9.336838
128.200000  78.509762  10.835426
128.300000  77.102325  15.444293
128.400000  79.132202  13.506445
128.500000  79.118768  13.560762
128.600000  74.303612  16.178935
128.700000  80.826341  9.907970
128.800000  79.542978  13.404859
128.900000  77.567619  10.014890
129.000000  77.125912  15.147330
129.100000  79.097763  14.456910
129.200000  78.316634  14.337520
129.300000  78.655578  13.318045
129.400000  79.603541  12.971592
129.500000  81.017189  8.258527
129.600000  79.354686  9.441366
129.700000  77.886882  16.508049
129.800000  82.339247  8.254657
129.900000  79.935183  13.621353
130.000000  77.912411  11.488412
130.100000  74.000541  15.752516
130.200000  78.677876  7.325389
130.300000  79.973078  7.207061
130.400000  76.540467  18.550007
130.500000  77.712693  14.306677
130.600000  76.957439  15.905014
130.700000  73.749670  15.941800
130.800000  74.441547  20.355544
130.900000  78.887462  10.526151
131.000000  77.208814  16.048415
131.100000  81.207083  10.177479
131.200000  82.339440  9.036902
131.300000  85.976083  5.363161
131.400000  83.980441  8.204934
131.500000  83.000320  9.125212
131.600000  84.250417  6.833390
131.700000  85.032555  3.531212
131.800000  82.772655  8.881693
131.900000  82.794635  7.072109
132.000000  78.587118  10.022644
132.100000  80.652859  11.531338
132.200000  79.508384  11.160333
132.300000  83.465739  7.300834
132.400000  82.871305  5.413082
132.500000  78.209215  9.380884
132.600000  82.106812  6.683393
132.700000  76.670338  11.172193
132.800000  79.896872  8.335469
132.900000  76.158335  9.437811
133.000000  79.368749  9.498891
133.100000  80.950257  12.729971
133.200000  81.211320  4.870683
133.300000  79.434949  12.912810
133.400000  78.326306  8.370346
133.500000  82.898933  5.805789
133.600000  84.481142  0.667894
133.700000  77.425952  8.329796
133.800000  79.435947  8.122418
133.900000  82.576643  9.981532
134.000000  84.869219  1.748583
134.100000  82.904639  9.377588
134.200000  77.712989  10.122108
134.300000  77.101452  16.936731
134.400000  69.524182  23.209014
134.500000  71.502733  12.647765
134.600000  77.525577  17.290611
134.700000  70.914179  21.028739
134.800000  69.127645  24.460742
134.900000  69.757873  19.124216
135.000000  69.613347  27.468488
135.100000  70.483993  23.010568
135.200000  72.725108  18.885402
135.300000  68.514246  22.910417
135.400000  71.567822  25.104926
135.500000  71.436849  21.922639
135.600000  75.358072  19.396443
135.700000  72.210957  20.695240
135.800000  72.837682  21.160593
135.900000  73.525500  18.935183
136.000000  74.568101  19.352425
136.100000  73.455167  18.952263
136.200000  74.723407  18.252355
136.300000  69.889741  24.304642
136.400000  70.413522  23.779645
136.500000  75.689121  13.173133
136.600000  71.789982  20.817311
136.700000  74.620848  20.270978
136.800000  72.468516  23.123781
136.900000  74.899275  20.651941
137.000000  73.508102  20.886377
137.100000  73.186470  19.904116
137.200000  71.657143  24.708820
137.300000  70.563669  24.980576
137.400000  72.701403  21.766763
137.500000  70.836746  26.422149
137.600000  69.556354  27.496998
137.700000  69.349151  21.392503
137.800000  69.574976  24.954271
137.900000  70.325585  26.509043
138.000000  74.583286  21.709718
138.100000  72.886351  20.640905
138.200000  74.209752  20.669247
138.300000  72.615349  18.947094
138.400000  72.404359  20.085151
138.500000  71.091097  21.256707
138.600000  68.422476  17.650149
138.700000  77.144649  16.927253
138.800000  76.738651  18.708794
138.900000  76.095360  16.471712
139.000000  71.786552  21.686158
139.100000  72.511235  23.710232
139.200000  72.269447  24.799653
139.300000  69.121047  24.317534
139.400000  67.631288  27.867459
139.500000  70.083461  25.590820
139.600000  72.372014  23.530040
139.700000  71.461506  16.278580
139.800000  73.842200  21.310233
139.900000  70.617783  23.364205
140.000000  68.162260  29.225614
140.100000  73.477774  21.144401
140.200000  72.849227  20.913252
140.300000  72.658649  17.899056
140.400000  71.511854  21.373579
140.500000  71.683644  22.323372
140.600000  75.541491  18.877331
140.700000  70.565306  23.231766
140.800000  71.168583  23.886538
140.900000  75.728465  18.054611
141.000000  69.283310  25.745096
141.100000  74.568449  16.830180
141.200000  76.781003  16.200254
141.300000  73.887391  15.119955
141.400000  72.149705  15.276903
141.500000  73.751838  19.110877
141.600000  77.571959  16.901983
141.700000  71.199207  24.057703
141.800000  69.479331  21.889446
141.900000  77.074330  17.263080
142.000000  67.484292  27.493433
142.100000  72.859723  23.236981
142.200000  75.052659  16.360043
142.300000  72.690061  21.060547
142.400000  69.920580  19.827241
142.500000  70.628847  27.304512
142.600000  76.083527  12.088347
142.700000  72.061056  23.710050
142.800000  76.562995  17.339156
142.900000  75.305732  13.066467
143.000000  74.427839  17.387561
143.100000  78.079964  16.538470
143.200000  77.391970  16.184689
143.300000  74.568451  15.707187
143.400000  77.679687  16.453605
143.500000  73.111752  15.935992
143.600000  75.652620  9.688928
143.700000  70.127366  26.582216
143.800000  73.892619  20.329864
143.900000  77.500794  13.310574
144.000000  74.746825  15.717443
144.100000  76.648621  16.441931
144.200000  76.208663  16.756797
144.300000  75.892946  11.538733
144.400000  73.272108  22.747100
144.500000  71.937073  22.343364
144.600000  70.322628  22.524475
144.700000  75.005096  21.136745
144.800000  71.557088  23.509712
144.900000  69.293366  23.912180
145.000000  73.704027  18.019450
145.100000  71.080771  22.548409
145.200000  72.808366  20.574653
145.300000  72.349717  24.301753
145.400000  70.969622  24.791282
145.500000  73.022582  23.991742
145.600000  76.146823  16.652044
145.700000  72.496576  23.668644
145.800000  76.674841  16.292121
145.900000  79.929868  11.761465
146.000000  73.542787  23.209024
146.100000  78.557716  14.781263
146.200000  73.390632  19.737251
146.300000  71.750068  22.945150
146.400000  70.719076  22.166439
146.500000  68.512147  26.076257
146.600000  72.220839  24.658294
146.700000  75.898214  18.651100
146.800000  76.711350  17.668899
146.900000  73.525247  15.176797
147.000000  72.939351  15.503103
147.100000  72.792293  15.199880
147.200000  72.963717  21.098817
147.300000  72.197931  21.192629
147.400000  72.371077  23.432384
147.500000  72.485354  24.180307
147.600000  73.615732  20.484835
147.700000  74.224092  21.298138
147.800000  70.081687  28.066206
147.900000  72.108336  24.034903
148.000000  74.069574  22.449062
148.100000  73.201235  19.869471
148.200000  74.644266  8.811286
148.300000  74.131490  17.159456
148.400000  74.661524  15.996767
148.500000  77.800328  16.743456
148.600000  76.688416  14.506121
148.700000  73.360743  11.076442
148.800000  76.276350  16.842295
148.900000  76.885606  14.516698
149.000000  77.174668  14.894475
149.100000  72.646248  14.992885
149.200000  76.115558  15.927295
149.300000  77.940511  15.554591
149.400000  77.734298  12.954965
149.500000  75.888165  15.799689
149.600000  78.328283  16.297306
149.700000  77.324967  13.605968
149.800000  76.005131  14.034609
149.900000  77.086462  7.573590
150.000000  79.687620  13.576965
150.100000  82.601499  8.523898
150.200000  78.974062  11.087330
150.300000  80.008269  13.815104
150.400000  72.611960  16.968148
150.500000  76.296268  14.423992
150.600000  79.521667  13.525357
150.700000  78.828899  14.686039
150.800000  78.692885  14.231918
150.900000  78.067248  9.953674
151.000000  79.476134  12.077236
151.100000  77.901188  7.960667
151.200000  78.919179  10.932695
151.300000  78.619447  14.961346
151.400000  79.724958  14.119273
151.500000  79.444035  11.408401
151.600000  79.574993  14.246874
151.700000  78.610501  10.649103
151.800000  80.167655  13.744346
151.900000  79.285435  12.474812
152.000000  77.898435  14.103974
152.100000  80.060252  8.595244
152.200000  76.283354  9.278296
152.300000  76.797897  13.046485
152.400000  77.855655  15.334916
152.500000  77.565332  10.819828
152.600000  79.793346  13.193072
152.700000  79.184189  9.803669
152.800000  73.996220  10.791389
152.900000  80.159588  10.502924
153.000000  79.378213  14.132704
153.100000  77.072630  16.419658
153.200000  79.185812  13.943808
153.300000  78.570104  8.454764
153.400000  79.729940  11.482879
153.500000  80.666235  12.548257
153.600000  74.125983  17.809733
153.700000  83.409408  7.049219
153.800000  77.653285  13.616914
153.900000  77.518527  14.311474
154.000000  80.625495  12.285234
154.100000  80.802026  12.228194
154.200000  78.515259  15.886880
154.300000  77.121278  12.157557
154.400000  78.541279  8.887592
154.500000  83.568433  8.879529
154.600000  80.795571  5.609938
154.700000  80.089640  6.422529
154.800000  75.614888  14.274075
154.900000  77.742371  11.904108
155.000000  72.591572  9.408776
155.100000  77.477595  7.405558
155.200000  81.286742  11.859526
155.300000  75.391936  13.844837
155.400000  79.564472  7.357864
155.500000  79.333800  13.366290
155.600000  74.765862  9.891253
155.700000  73.375980  0.798163
155.800000  80.726205  9.640989
155.900000  74.624900  18.076461
156.000000  76.488005  15.274879
156.100000  74.373857  16.745729
156.200000  74.503752  18.523938
156.300000  75.453252  15.004271
156.400000  74.918697  16.129480
156.500000  79.690752  14.051316
156.600000  77.343706  13.148043
156.700000  76.334294  16.910734
156.800000  75.221157  15.054607
156.900000  75.968774  16.006785
157.000000  74.509152  14.699940
157.100000  73.527867  14.800736
157.200000  74.192005  13.227586
157.300000  74.847239  13.817021
157.400000  77.185637  9.142206
157.500000  82.867196  4.610120
157.600000  79.621929  10.725174
157.700000  79.910370  6.260226
157.800000  74.029650  11.157038
157.900000  77.708772  8.984577
158.000000  77.246067  8.452037
158.100000  81.493540  6.882615
158.200000  76.273865  10.095665
158.300000  82.074116  7.536111
158.400000  74.371343  13.918705
158.500000  74.089408  10.445132
158.600000  78.920576  8.836793
158.700000  77.409814  17.077936
158.800000  72.243503  10.050660
158.900000  73.535421  12.856708
159.000000  76.160747  17.406495
159.100000  76.980920  10.229529
159.200000  75.215923  19.239439
159.300000  77.723987  17.226775
159.400000  74.907824  17.778666
159.500000  77.455371  14.762264
159.600000  79.018066  13.579298
159.700000  78.626546  15.473604
159.800000  78.854481  14.461815
159.900000  74.858684  13.733975
160.000000  76.679940  17.758000
160.100000  78.606835  16.038986
160.200000  76.802314  17.013123
160.300000  80.268635  12.674480
160.400000  77.744307  17.129173
160.500000  78.161799  14.776585
160.600000  77.602804  16.001187
160.700000  76.480129  18.535023
160.800000  77.003719  14.547928
160.900000  77.413866  13.774904
161.000000  77.890644  13.467465
161.100000  81.239705  11.239957
161.200000  78.965255  13.276889
161.300000  76.525652  7.072701
161.400000  83.317038  4.420101
161.500000  77.241651  9.899340
161.600000  76.116519  7.879383
161.700000  77.034225  9.310959
161.800000  79.669533  7.068700
161.900000  74.531436  13.949945
162.000000  79.269721  5.766626
162.100000  80.017459  12.029585
162.200000  77.635184  16.230486
162.300000  73.438659  17.261134
162.400000  73.254830  12.102209
162.500000  76.995568  9.979866
162.600000  78.369227  16.011624
162.700000  75.380888  12.361569
162.800000  74.037151  15.173973
162.900000  78.250837  12.433926
163.000000  78.947083  10.662664
163.100000  78.261615  11.806411
163.200000  78.343257  14.821167
163.300000  78.945884  14.738961
163.400000  74.518052  12.616628
163.500000  79.279221  12.187108
163.600000  76.039244  16.854422
163.700000  75.108418  17.354657
163.800000  74.382753  14.610564
163.900000  77.317647  9.508266
164.000000  80.043869  12.266248
164.100000  78.338704  9.363777
164.200000  78.320168  15.314513
164.300000  76.086627  12.105931
164.400000  83.987745  5.719147
164.500000  76.901914  14.074435
164.600000  75.049500  12.471703
164.700000  78.852042  11.824640
164.800000  80.396711  11.215866
164.900000  80.907680  11.575342
165.000000  73.152289  15.057474
165.100000  78.166453  10.736363
165.200000  76.905079  18.395713
165.300000  77.817628  12.968403
165.400000  80.231743  8.171267
165.500000  81.219132  9.681130
165.600000  78.090892  14.993613
165.700000  78.947929  13.413031
165.800000  85.718550  3.774623
165.900000  84.851146  2.559347
166.000000  85.628797  6.034067
166.100000  80.853565  8.318046
166.200000  81.952324  11.331972
166.300000  80.158222  13.651936
166.400000  81.739276  7.909488
166.500000  84.950997  6.094096
166.600000  79.614098  11.521385
166.700000  82.350758  4.612183
166.800000  79.161358  7.240648
166.900000  79.695642  11.029493
167.000000  81.818061  8.669529
167.100000  78.434638  10.156252
167.200000  85.067407  6.395106
167.300000  85.148674  1.530956
167.400000  81.413360  0.445643
167.500000  86.979826  0.627369
167.600000  79.877850  8.804873
167.700000  81.542257  11.367344
167.800000  76.535111  6.827755
167.900000  81.043584  5.937588
168.000000  81.800003  10.220260
168.100000  79.138045  12.584835
168.200000  80.793674  10.938968
168.300000  78.410909  9.935959
168.400000  76.446580  17.297240
168.500000  79.183304  6.631959
168.600000  82.538908  9.390812
168.700000  81.208496  11.556112
168.800000  83.028605  6.268074
168.900000  81.264576  12.146318
169.000000  81.030824  8.020355
169.100000  78.952984  7.017842
169.200000  81.893240  9.934585
169.300000  81.733621  7.554401
169.400000  83.405983  0.443770
169.500000  86.018721  2.756521
169.600000  87.242814  1.140041
169.700000  80.088110  8.858377
169.800000  72.729355  14.478673
169.900000  78.215429  11.876791
170.000000  71.050713  19.441146
170.100000  81.396548  9.131999
170.200000  75.622319  17.042447
170.300000  79.084900  14.751414
170.400000  74.141245  14.999402
170.500000  73.562487  19.211446
170.600000  80.622597  13.059499
170.700000  82.658122  7.742345
170.800000  80.145733  13.636886
170.900000  78.788530  12.580210
171.000000  82.169972  6.014729
171.100000  75.251385  12.991855
171.200000  79.291739  13.569667
171.300000  76.213561  18.848019
171.400000  78.697694  10.231781
171.500000  75.584453  12.319453
171.600000  80.013296  9.157992
171.700000  77.085339  15.338819
171.800000  81.000467  5.486539
171.900000  83.176986  7.431347
172.000000  83.879637  5.708370
172.100000  80.912065  3.971910
172.200000  85.407567  2.556363
172.300000  82.306456  8.971861
172.400000  81.057808  6.406848
172.500000  84.595968  4.418130
172.600000  83.247611  8.209884
172.700000  83.741675  8.102804
172.800000  86.650394  4.093037
172.900000  84.243583  1.639416
173.000000  77.863997  15.423915
173.100000  80.173223  13.424665
173.200000  82.948890  3.778074
173.300000  70.689615  19.579278
173.400000  76.669635  8.890163
173.500000  83.494575  6.963841
173.600000  81.547702  5.888143
173.700000  78.647483  14.739683
173.800000  73.849461  12.808614
173.900000  76.368318  15.909447
174.000000  67.158194  15.349045
174.100000  70.762750  21.507001
174.200000  76.210520  17.891345
174.300000  71.457810  23.784651
174.400000  75.842786  17.764675
174.500000  75.409951  12.446418
174.600000  77.775165  15.556136
174.700000  81.583145  5.884864
174.800000  81.721361  11.508588
174.900000  87.527420  1.621773
175.000000  88.186278  0.513343
175.100000  86.650280  3.052771
175.200000  87.769317  0.771629
175.300000  83.276086  6.594276
175.400000  82.054096  4.016234
175.500000  80.062894  8.907469
175.600000  81.059581  10.333480
175.700000  82.658551  9.987021
175.800000  82.924301  8.807706
175.900000  83.131289  7.883522
176.000000  76.445202  13.669693
176.100000  78.513499  12.879373
176.200000  82.437479  10.322572
176.300000  81.998658  9.393886
176.400000  74.174517  2.611710
176.500000  76.454489  0.307635
176.600000  76.823431  9.526695
176.700000  80.616051  5.855921
176.800000  80.229459  7.609822
176.900000  81.913397  5.750424
177.000000  80.628253  5.398223
177.100000  81.490821  8.451093
177.200000  82.598795  9.520303
177.300000  77.642587  14.297211
177.400000  84.491426  4.209448
177.500000  79.326410  0.683848
177.600000  75.125055  12.587319
177.700000  76.065154  16.977162
177.800000  80.662942  13.170096
177.900000  78.725587  14.437965
178.000000  78.945202  11.962035
178.100000  74.560949  21.106000
178.200000  73.753948  19.287185
178.300000  72.292192  18.088826
178.400000  74.786366  16.232212
178.500000  83.393946  7.044317
178.600000  77.531110  11.702270
178.700000  76.482126  14.900713
178.800000  76.240936  15.324740
178.900000  73.321923  17.910528
179.000000  76.300714  19.373119
179.100000  73.850116  9.618535
179.200000  75.870547  17.628810
179.300000  72.542162  24.267736
179.400000  74.232055  22.044615
179.500000  76.416557  18.882597
179.600000  76.664070  16.874446
179.700000  75.433721  16.260903
179.800000  74.499443  10.200464
179.900000  74.409810  17.946166
180.000000  72.846367  21.703451
180.100000  73.904068  22.663377
180.200000  73.434874  21.451268
180.300000  73.587894  18.109694
180.400000  72.275791  14.639742
180.500000  69.193694  20.227335
180.600000  72.245244  13.428348
180.700000  72.520016  15.766772
180.800000  75.405607  13.968652
180.900000  74.353539  6.609633
181.000000  78.416718  13.648313
181.100000  78.993150  15.552486
181.200000  73.315281  15.205780
181.300000  75.272783  19.931362
181.400000  77.182714  17.529126
181.500000  76.695629  17.633903
181.600000  73.656541  20.246982
181.700000  76.775197  17.341967
181.800000  71.449900  20.490438
181.900000  65.706641  7.846075
182.000000  73.990751  15.653576
182.100000  77.971261  13.720998
182.200000  75.645139  13.236729
182.300000  75.247717  13.195032
182.400000  72.082041  12.345342
182.500000  70.899278  12.416221
182.600000  75.176501  16.583628
182.700000  77.318500  13.086084
182.800000  77.115159  13.974379
182.900000  76.770118  12.250346
183.000000  75.618344  9.593645
183.100000  75.341808  12.748652
183.200000  66.476663  22.280821
183.300000  76.321444  18.182256
183.400000  74.426008  21.200937
183.500000  74.696490  16.573970
183.600000  78.659976  12.478593
183.700000  78.563164  15.703344
183.800000  72.812290  8.700078
183.900000  76.958561  13.361477
184.000000  76.347417  10.364367
184.100000  73.131832  12.651234
184.200000  72.586901  16.659085
184.300000  71.256126  21.357229
184.400000  75.039913  10.085229
184.500000  77.250780  11.400726
184.600000  75.376749  14.113713
184.700000  75.937067  14.851827
184.800000  72.284007  10.088377
184.900000  75.454153  10.044637
185.000000  71.671071  18.301466
185.100000  75.974692  11.650593
185.200000  74.470281  16.168764
185.300000  78.138698  14.138583
185.400000  73.035437  17.257822
185.500000  73.996906  17.394506
185.600000  72.990435  14.543896
185.700000  76.144995  16.350891
185.800000  76.182164  18.110073
185.900000  76.538104  11.173211
186.000000  76.396391  14.835962
186.100000  77.897182  15.199057
186.200000  77.903243  12.195698
186.300000  75.399829  14.730625
186.400000  77.853860  15.236159
186.500000  74.935128  11.986929
186.600000  76.456391  14.362884
186.700000  75.241798  18.616704
186.800000  80.389330  12.230863
186.900000  81.580988  10.415318
187.000000  81.038944  11.287824
187.100000  77.389381  13.199802
187.200000  78.588682  11.977173
187.300000  79.943054  13.895851
187.400000  77.215392  14.831614
187.500000  80.267746  11.238184
187.600000  74.007934  10.182966
187.700000  77.427292  15.080454
187.800000  75.146487  20.437116
187.900000  79.739326  14.202969
188.000000  74.855150  21.017417
188.100000  75.288762  18.937538
188.200000  79.662589  8.691941
188.300000  80.062516  13.730363
188.400000  81.729496  6.014120
188.500000  81.337947  7.496673
188.600000  78.061212  4.866363
188.700000  80.082228  9.963151
188.800000  73.827343  17.637225
188.900000  73.165909  14.772962
189.000000  72.779201  14.845356
189.100000  74.165782  19.043267
189.200000  80.408108  6.430269
189.300000  77.953723  6.550555
189.400000  81.045094  7.469841
189.500000  76.503444  12.447333
189.600000  74.699883  14.727644
189.700000  75.303341  18.372410
189.800000  75.802036  15.433658
189.900000  71.559485  14.988489
190.000000  70.019076  15.011183
190.100000  71.267018  18.349191
190.200000  73.143246  20.564201
190.300000  68.967176  23.057948
190.400000  73.172351  18.963168
190.500000  76.302790  18.711402
190.600000  75.071561  13.049995
190.700000  78.008347  12.017853
190.800000  77.600517  12.336799
190.900000  77.706752  14.780946
191.000000  76.256227  16.752772
191.100000  77.142036  13.147891
191.200000  75.251772  11.945081
191.300000  77.284958  10.137109
191.400000  71.408243  12.520914
191.500000  69.795601  20.930863
191.600000  76.073099  18.149161
191.700000  80.445769  10.412746
191.800000  77.438902  14.673181
191.900000  79.009767  13.129820
192.000000  77.814614  15.729473
192.100000  76.730711  18.234455
192.200000  78.410852  13.328690
192.300000  78.008714  9.893773
192.400000  76.508938  14.352841
192.500000  75.998101  11.528399
192.600000  74.769544  7.115990
192.700000  78.578015  12.457609
192.800000  75.335423  17.314057
192.900000  75.580405  17.779850
193.000000  74.087805  14.665588
193.100000  75.727286  9.389372
193.200000  84.725396  2.191113
193.300000  82.875575  9.625644
193.400000  79.178021  6.751024
193.500000  75.004278  13.011147
193.600000  69.043771  18.207011
193.700000  69.574152  23.688052
193.800000  71.960193  15.393522
193.900000  72.875918  15.451492
194.000000  80.648311  11.365604
194.100000  75.156018  16.939135
194.200000  73.650599  16.656730
194.300000  68.941216  19.262596
194.400000  71.777886  17.646763
194.500000  71.024609  22.033563
194.600000  71.821460  15.122780
194.700000  72.166209  18.286717
194.800000  76.369657  13.205883
194.900000  76.123920  16.806523
195.000000  81.751162  11.569004
195.100000  81.414989  10.799520
195.200000  76.328556  12.299381
195.300000  77.240469  17.725781
195.400000  75.890081  18.118872
195.500000  78.684169  15.426129
195.600000  77.078540  6.803274
195.700000  78.839699  13.349335
195.800000  76.274304  16.379643
195.900000  73.748760  16.313314
196.000000  77.471816  15.504107
196.100000  75.951341  15.499502
196.200000  75.812033  17.794380
196.300000  75.912072  10.741414
196.400000  77.524597  16.424723
196.500000  76.866270  15.287557
196.600000  75.067156  16.332658
196.700000  71.339212  15.117485
196.800000  79.468337  4.895507
196.900000  76.991163  17.343174
197.000000  75.591915  19.544390
197.100000  77.904533  15.769724
197.200000  77.538286  12.750569
197.300000  73.657797  11.811073
197.400000  75.486397  10.196528
197.500000  74.182720  18.058059
197.600000  75.468896  17.053036
197.700000  75.214996  13.504680
197.800000  76.733091  18.130921
197.900000  76.550980  15.897310
198.000000  79.831287  12.251336
198.100000  75.704796  18.076444
198.200000  74.582925  14.894761
198.300000  77.831770  17.001683
198.400000  74.362840  17.071653
198.500000  80.026499  12.494625
198.600000  76.365608  8.149359
198.700000  77.527894  11.406318
198.800000  74.650508  13.208049
198.900000  74.937865  11.786846
199.000000  77.006881  12.052809
199.100000  74.772458  14.138062
199.200000  75.372001  15.279127
199.300000  73.529056  14.240860
199.400000  72.691826  11.182566
199.500000  70.684085  17.424897
199.600000  73.334799  12.160042
199.700000  73.148370  14.654700
199.800000  77.651741  8.643493
199.900000  74.191718  17.570895
200.000000  79.374983  3.497190
