# aggregated from 2 replicates
# x  mean  std
0.000000  41.000000  0.000000
0.100000  34.500000  0.707107
0.200000  26.000000  1.414214
0.300000  36.000000  0.000000
0.400000  34.500000  7.778175
0.500000  28.500000  10.606602
0.600000  41.500000  7.778175
0.700000  30.000000  9.899495
0.800000  37.500000  14.849242
0.900000  39.500000  17.677670
1.000000  25.500000  0.707107
1.100000  23.000000  8.485281
1.200000  24.000000  7.071068
1.300000  29.000000  7.071068
1.400000  25.000000  4.242641
1.500000  30.000000  9.899495
1.600000  24.500000  6.363961
1.700000  18.500000  12.020815
1.800000  23.000000  14.142136
1.900000  27.000000  14.142136
2.000000  17.500000  3.535534
2.100000  21.500000  6.363961
2.200000  21.000000  11.313708
2.300000  20.500000  9.192388
2.400000  18.500000  6.363961
2.500000  23.000000  12.727922
2.600000  19.000000  11.313708
2.700000  21.500000  10.606602
2.800000  28.000000  16.970563
2.900000  22.500000  14.849242
3.000000  23.500000  9.192388
3.100000  20.500000  12.020815
3.200000  15.500000  6.363961
3.300000  21.000000  4.242641
3.400000  24.500000  13.435029
3.500000  24.000000  14.142136
3.600000  27.500000  3.535534
3.700000  17.000000  9.899495
3.800000  21.000000  5.656854
3.900000  28.000000  4.242641
4.000000  22.000000  9.899495
4.100000  16.500000  9.192388
4.200000  21.000000  14.142136
4.300000  17.000000  9.899495
4.400000  19.500000  4.949747
4.500000  22.500000  14.849242
4.600000  18.000000  14.142136
4.700000  22.500000  10.606602
4.800000  26.500000  7.778175
4.900000  26.500000  3.535534
5.000000  29.500000  6.363961
5.100000  26.500000  0.707107
5.200000  22.500000  0.707107
5.300000  24.500000  4.949747
5.400000  25.000000  4.242641
5.500000  25.000000  0.000000
5.600000  26.000000  5.656854
5.700000  23.500000  2.121320
5.800000  31.000000  1.414214
5.900000  26.500000  0.707107
6.000000  33.500000  7.778175
6.100000  28.500000  9.192388
6.200000  19.500000  2.121320
6.300000  25.000000  4.242641
6.400000  26.000000  0.000000
6.500000  29.000000  1.414214
6.600000  32.000000  8.485281
6.700000  33.000000  4.242641
6.800000  25.000000  1.414214
6.900000  30.000000  1.414214
7.000000  34.500000  0.707107
7.100000  35.000000  5.656854
7.200000  22.000000  8.485281
7.300000  29.000000  5.656854
7.400000  29.500000  12.020815
7.500000  25.000000  9.899495
7.600000  31.000000  2.828427
7.700000  31.500000  4.949747
7.800000  26.500000  2.121320
7.900000  30.500000  0.707107
8.000000  28.000000  4.242641
8.100000  31.000000  5.656854
8.200000  35.500000  10.606602
8.300000  26.000000  7.071068
8.400000  36.500000  0.707107
8.500000  27.000000  0.000000
8.600000  31.000000  1.414214
8.700000  31.000000  5.656854
8.800000  26.000000  8.485281
8.900000  34.000000  2.828427
9.000000  34.000000  4.242641
9.100000  34.000000  9.899495
9.200000  30.000000  5.656854
9.300000  30.500000  6.363961
9.400000  24.500000  6.363961
9.500000  29.500000  0.707107
9.600000  27.000000  1.414214
9.700000  33.500000  2.121320
9.800000  34.500000  13.435029
9.900000  30.500000  3.535534
10.000000  31.500000  2.121320
10.100000  33.500000  4.949747
10.200000  31.500000  3.535534
10.300000  32.500000  2.121320
10.400000  31.500000  0.707107
10.500000  28.000000  2.828427
10.600000  29.000000  2.828427
10.700000  30.500000  2.121320
10.800000  29.500000  3.535534
10.900000  25.500000  10.606602
11.000000  34.000000  5.656854
11.100000  19.500000  4.949747
11.200000  37.500000  6.363961
11.300000  34.500000  3.535534
11.400000  25.000000  1.414214
11.500000  31.000000  1.414214
11.600000  27.500000  4.949747
11.700000  26.000000  1.414214
11.800000  28.000000  4.242641
11.900000  27.000000  1.414214
12.000000  23.500000  0.707107
12.100000  23.000000  4.242641
12.200000  22.500000  3.535534
12.300000  27.500000  3.535534
12.400000  26.000000  1.414214
12.500000  23.500000  0.707107
12.600000  24.000000  2.828427
12.700000  28.500000  6.363961
12.800000  24.000000  1.414214
12.900000  30.500000  0.707107
13.000000  29.500000  12.020815
13.100000  27.500000  2.121320
13.200000  25.000000  5.656854
13.300000  27.000000  1.414214
13.400000  25.500000  0.707107
13.500000  35.500000  2.121320
13.600000  34.500000  2.121320
13.700000  24.500000  4.949747
13.800000  27.500000  6.363961
13.900000  25.000000  1.414214
14.000000  27.000000  1.414214
14.100000  29.500000  2.121320
14.200000  30.000000  1.414214
14.300000  29.000000  2.828427
14.400000  28.000000  7.071068
14.500000  24.000000  5.656854
14.600000  26.000000  7.071068
14.700000  24.000000  1.414214
14.800000  27.000000  4.242641
14.900000  34.000000  1.414214
15.000000  27.000000  0.000000
15.100000  30.500000  10.606602
15.200000  21.500000  0.707107
15.300000  29.000000  12.727922
15.400000  27.000000  7.071068
15.500000  29.500000  6.363961
15.600000  33.000000  2.828427
15.700000  31.000000  2.828427
15.800000  37.500000  0.707107
15.900000  32.000000  5.656854
16.000000  25.500000  9.192388
16.100000  33.000000  4.242641
16.200000  33.000000  7.071068
16.300000  29.000000  9.899495
16.400000  30.500000  0.707107
16.500000  35.000000  14.142136
16.600000  36.000000  14.142136
16.700000  31.500000  6.363961
16.800000  28.500000  7.778175
16.900000  32.000000  4.242641
17.000000  31.500000  12.020815
17.100000  35.500000  6.363961
17.200000  29.000000  4.242641
17.300000  30.500000  6.363961
17.400000  32.000000  0.000000
17.500000  26.500000  9.192388
17.600000  34.500000  3.535534
17.700000  35.000000  9.899495
17.800000  26.000000  11.313708
17.900000  24.000000  11.313708
18.000000  30.000000  8.485281
18.100000  25.500000  0.707107
18.200000  23.500000  7.778175
18.300000  25.500000  9.192388
18.400000  23.000000  14.142136
18.500000  25.500000  12.020815
18.600000  20.000000  12.727922
18.700000  22.500000  17.677670
18.800000  21.500000  14.849242
18.900000  22.000000  11.313708
19.000000  23.000000  9.899495
19.100000  24.500000  12.020815
19.200000  21.500000  9.192388
19.300000  20.000000  14.142136
19.400000  27.500000  12.020815
19.500000  19.500000  12.020815
19.600000  17.000000  2.828427
19.700000  15.500000  6.363961
19.800000  16.500000  0.707107
19.900000  20.500000  0.707107
20.000000  18.500000  7.778175
20.100000  21.000000  8.485281
20.200000  16.000000  7.071068
20.300000  18.500000  12.020815
20.400000  22.000000  12.727922
20.500000  20.000000  9.899495
20.600000  18.000000  7.071068
20.700000  20.500000  4.949747
20.800000  21.500000  3.535534
20.900000  20.000000  9.899495
21.000000  25.500000  4.949747
21.100000  18.500000  0.707107
21.200000  19.000000  0.000000
21.300000  21.000000  2.828427
21.400000  20.000000  15.556349
21.500000  21.500000  6.363961
21.600000  20.500000  17.677670
21.700000  17.500000  3.535534
21.800000  24.000000  2.828427
21.900000  18.000000  14.142136
22.000000  21.000000  2.828427
22.100000  22.000000  11.313708
22.200000  24.000000  7.071068
22.300000  24.000000  9.899495
22.400000  19.000000  12.727922
22.500000  20.500000  2.121320
22.600000  15.500000  3.535534
22.700000  21.500000  0.707107
22.800000  22.500000  2.121320
22.900000  14.000000  2.828427
23.000000  20.500000  14.849242
23.100000  19.000000  7.071068
23.200000  18.000000  5.656854
23.300000  21.000000  12.727922
23.400000  24.000000  19.798990
23.500000  20.500000  7.778175
23.600000  23.000000  5.656854
23.700000  15.000000  8.485281
23.800000  22.000000  14.142136
23.900000  29.000000  19.798990
24.000000  21.000000  18.384776
24.100000  27.500000  24.748737
24.200000  20.500000  14.849242
24.300000  20.000000  15.556349
24.400000  26.500000  17.677670
24.500000  21.000000  11.313708
24.600000  21.500000  17.677670
24.700000  25.500000  24.748737
24.800000  20.500000  19.091883
24.900000  19.500000  13.435029
25.000000  16.000000  8.485281
25.100000  20.000000  7.071068
25.200000  17.500000  3.535534
25.300000  17.500000  2.121320
25.400000  15.500000  7.778175
25.500000  22.000000  0.000000
25.600000  21.000000  1.414214
25.700000  21.500000  9.192388
25.800000  25.000000  16.970563
25.900000  15.500000  3.535534
26.000000  18.000000  4.242641
26.100000  26.500000  9.192388
26.200000  21.500000  4.949747
26.300000  16.000000  7.071068
26.400000  14.500000  2.121320
26.500000  15.000000  7.071068
26.600000  15.000000  7.071068
26.700000  18.500000  2.121320
26.800000  18.000000  1.414214
26.900000  17.500000  9.192388
27.000000  22.500000  7.778175
27.100000  25.000000  9.899495
27.200000  16.500000  7.778175
27.300000  20.000000  15.556349
27.400000  16.000000  9.899495
27.500000  14.500000  4.949747
27.600000  17.000000  1.414214
27.700000  15.500000  6.363961
27.800000  26.000000  12.727922
27.900000  21.500000  12.020815
28.000000  22.000000  0.000000
28.100000  21.000000  11.313708
28.200000  18.000000  16.970563
28.300000  23.500000  9.192388
28.400000  18.000000  4.242641
28.500000  20.000000  7.071068
28.600000  16.000000  4.242641
28.700000  22.000000  9.899495
28.800000  20.500000  3.535534
28.900000  17.000000  7.071068
29.000000  20.000000  11.313708
29.100000  21.500000  6.363961
29.200000  16.500000  2.121320
29.300000  21.000000  12.727922
29.400000  14.500000  2.121320
29.500000  20.500000  6.363961
29.600000  24.000000  5.656854
29.700000  19.500000  13.435029
29.800000  24.000000  14.142136
29.900000  20.500000  14.849242
30.000000  21.500000  14.849242
30.100000  20.500000  12.020815
30.200000  25.500000  9.192388
30.300000  23.000000  8.485281
30.400000  24.500000  7.778175
30.500000  23.500000  12.020815
30.600000  23.000000  2.828427
30.700000  20.000000  8.485281
30.800000  20.000000  7.071068
30.900000  20.500000  4.949747
31.000000  21.500000  9.192388
31.100000  24.500000  12.020815
31.200000  19.000000  5.656854
31.300000  22.000000  9.899495
31.400000  28.000000  8.485281
31.500000  27.000000  5.656854
31.600000  20.000000  5.656854
31.700000  17.500000  7.778175
31.800000  25.500000  7.778175
31.900000  21.000000  7.071068
32.000000  23.500000  4.949747
32.100000  21.000000  5.656854
32.200000  22.000000  2.828427
32.300000  22.000000  0.000000
32.400000  21.500000  0.707107
32.500000  21.000000  9.899495
32.600000  22.500000  9.192388
32.700000  26.500000  10.606602
32.800000  21.500000  7.778175
32.900000  19.000000  11.313708
33.000000  23.000000  9.899495
33.100000  23.000000  8.485281
33.200000  26.000000  9.899495
33.300000  25.500000  13.435029
33.400000  21.000000  12.727922
33.500000  18.500000  9.192388
33.600000  24.000000  0.000000
33.700000  22.000000  14.142136
33.800000  21.500000  2.121320
33.900000  19.500000  2.121320
34.000000  20.500000  6.363961
34.100000  18.500000  4.949747
34.200000  18.500000  14.849242
34.300000  21.500000  10.606602
34.400000  16.500000  10.606602
34.500000  20.500000  9.192388
34.600000  19.000000  15.556349
34.700000  20.500000  14.849242
34.800000  19.000000  8.485281
34.900000  19.500000  0.707107
35.000000  18.000000  2.828427
35.100000  18.500000  9.192388
35.200000  22.000000  8.485281
35.300000  22.000000  14.142136
35.400000  24.500000  3.535534
35.500000  21.500000  10.606602
35.600000  25.000000  9.899495
35.700000  24.500000  10.606602
35.800000  21.000000  9.899495
35.900000  24.500000  13.435029
36.000000  28.000000  9.899495
36.100000  23.500000  12.020815
36.200000  30.500000  10.606602
36.300000  23.000000  16.970563
36.400000  22.500000  14.849242
36.500000  23.500000  20.506097
36.600000  21.000000  18.384776
36.700000  19.000000  11.313708
36.800000  20.000000  7.071068
36.900000  16.500000  9.192388
37.000000  25.000000  11.313708
37.100000  24.000000  9.899495
37.200000  21.500000  12.020815
37.300000  25.500000  0.707107
37.400000  26.000000  9.899495
37.500000  21.000000  11.313708
37.600000  25.500000  13.435029
37.700000  14.500000  10.606602
37.800000  17.000000  7.071068
37.900000  19.000000  0.000000
38.000000  19.000000  4.242641
38.100000  17.000000  7.071068
38.200000  19.000000  5.656854
38.300000  21.500000  10.606602
38.400000  16.000000  12.727922
38.500000  22.500000  9.192388
38.600000  21.000000  15.556349
38.700000  23.500000  12.020815
38.800000  18.000000  5.656854
38.900000  23.000000  7.071068
39.000000  19.500000  16.263456
39.100000  22.000000  4.242641
39.200000  17.000000  12.727922
39.300000  18.000000  2.828427
39.400000  22.500000  14.849242
39.500000  21.500000  10.606602
39.600000  18.000000  14.142136
39.700000  21.500000  9.192388
39.800000  21.500000  3.535534
39.900000  17.500000  13.435029
40.000000  15.500000  13.435029
40.100000  16.500000  13.435029
40.200000  19.000000  9.899495
40.300000  21.500000  12.020815
40.400000  21.500000  13.435029
40.500000  18.500000  14.849242
40.600000  18.500000  13.435029
40.700000  26.500000  17.677670
40.800000  24.500000  14.849242
40.900000  21.500000  13.435029
41.000000  20.500000  14.849242
41.100000  17.500000  9.192388
41.200000  21.000000  7.071068
41.300000  19.000000  7.071068
41.400000  20.500000  14.849242
41.500000  22.500000  14.849242
41.600000  27.500000  12.020815
41.700000  24.000000  24.041631
41.800000  17.500000  12.020815
41.900000  19.000000  8.485281
42.000000  20.500000  12.020815
42.100000  22.000000  15.556349
42.200000  21.500000  9.192388
42.300000  15.500000  12.020815
42.400000  18.000000  11.313708
42.500000  23.000000  11.313708
42.600000  20.000000  11.313708
42.700000  21.000000  9.899495
42.800000  17.000000  16.970563
42.900000  20.000000  11.313708
43.000000  21.000000  4.242641
43.100000  20.500000  9.192388
43.200000  20.500000  10.606602
43.300000  20.000000  9.899495
43.400000  18.000000  14.142136
43.500000  24.500000  9.192388
43.600000  23.500000  10.606602
43.700000  19.000000  4.242641
43.800000  18.000000  9.899495
43.900000  24.000000  11.313708
44.000000  19.500000  13.435029
44.100000  21.500000  19.091883
44.200000  26.000000  14.142136
44.300000  16.500000  12.020815
44.400000  22.500000  9.192388
44.500000  20.000000  14.142136
44.600000  22.000000  11.313708
44.700000  17.500000  16.263456
44.800000  20.000000  11.313708
44.900000  20.500000  12.020815
45.000000  14.500000  13.435029
45.100000  21.000000  15.556349
45.200000  20.000000  9.899495
45.300000  21.000000  11.313708
45.400000  21.000000  12.727922
45.500000  19.000000  9.899495
45.600000  21.500000  9.192388
45.700000  21.500000  14.849242
45.800000  19.000000  11.313708
45.900000  18.000000  15.556349
46.000000  16.500000  13.435029
46.100000  22.500000  13.435029
46.200000  15.500000  7.778175
46.300000  22.000000  15.556349
46.400000  21.000000  14.142136
46.500000  21.000000  7.071068
46.600000  19.000000  11.313708
46.700000  16.500000  12.020815
46.800000  18.000000  12.727922
46.900000  19.000000  9.899495
47.000000  18.000000  12.727922
47.100000  13.000000  7.071068
47.200000  20.500000  6.363961
47.300000  21.000000  8.485281
47.400000  15.500000  12.020815
47.500000  19.000000  7.071068
47.600000  18.000000  8.485281
47.700000  20.000000  12.727922
47.800000  18.500000  9.192388
47.900000  18.000000  11.313708
48.000000  21.500000  12.020815
48.100000  14.000000  11.313708
48.200000  18.000000  15.556349
48.300000  22.000000  4.242641
48.400000  21.000000  8.485281
48.500000  23.500000  10.606602
48.600000  18.500000  16.263456
48.700000  18.000000  15.556349
48.800000  20.000000  7.071068
48.900000  20.500000  9.192388
49.000000  21.500000  14.849242
49.100000  18.000000  7.071068
49.200000  15.500000  6.363961
49.300000  17.500000  14.849242
49.400000  18.000000  16.970563
49.500000  16.000000  14.142136
49.600000  19.500000  13.435029
49.700000  23.000000  14.142136
49.800000  21.000000  12.727922
49.900000  16.500000  12.020815
50.000000  21.000000  16.970563
50.100000  26.000000  11.313708
50.200000  23.500000  4.949747
50.300000  23.500000  14.849242
50.400000  21.500000  10.606602
50.500000  21.000000  5.656854
50.600000  21.000000  15.556349
50.700000  23.000000  14.142136
50.800000  26.500000  4.949747
50.900000  21.000000  8.485281
51.000000  19.500000  14.849242
51.100000  21.000000  14.142136
51.200000  19.500000  7.778175
51.300000  19.000000  11.313708
51.400000  18.000000  11.313708
51.500000  22.000000  12.727922
51.600000  20.000000  4.242641
51.700000  19.500000  13.435029
51.800000  16.000000  15.556349
51.900000  23.000000  12.727922
52.000000  16.500000  13.435029
52.100000  21.000000  12.727922
52.200000  25.500000  13.435029
52.300000  22.500000  4.949747
52.400000  18.000000  14.142136
52.500000  17.000000  11.313708
52.600000  24.000000  7.071068
52.700000  20.500000  12.020815
52.800000  22.000000  15.556349
52.900000  18.500000  16.263456
53.000000  24.500000  13.435029
53.100000  16.000000  15.556349
53.200000  22.500000  10.606602
53.300000  19.000000  15.556349
53.400000  20.000000  8.485281
53.500000  21.500000  4.949747
53.600000  25.500000  9.192388
53.700000  21.500000  4.949747
53.800000  18.500000  9.192388
53.900000  22.500000  16.263456
54.000000  22.500000  9.192388
54.100000  22.000000  11.313708
54.200000  16.500000  12.020815
54.300000  23.000000  11.313708
54.400000  20.500000  19.091883
54.500000  18.500000  6.363961
54.600000  21.500000  12.020815
54.700000  19.500000  10.606602
54.800000  25.000000  8.485281
54.900000  20.500000  12.020815
55.000000  20.500000  9.192388
55.100000  26.500000  2.121320
55.200000  23.000000  7.071068
55.300000  23.000000  5.656854
55.400000  22.000000  5.656854
55.500000  23.000000  7.071068
55.600000  17.000000  8.485281
55.700000  17.500000  9.192388
55.800000  19.500000  2.121320
55.900000  17.500000  7.778175
56.000000  18.000000  11.313708
56.100000  14.500000  7.778175
56.200000  16.500000  6.363961
56.300000  13.000000  4.242641
56.400000  17.000000  9.899495
56.500000  16.000000  7.071068
56.600000  18.000000  9.899495
56.700000  17.500000  12.020815
56.800000  16.500000  6.363961
56.900000  18.000000  11.313708
57.000000  15.000000  7.071068
57.100000  21.000000  14.142136
57.200000  18.000000  8.485281
57.300000  20.500000  14.849242
57.400000  19.000000  4.242641
57.500000  17.500000  10.606602
57.600000  20.500000  13.435029
57.700000  18.000000  8.485281
57.800000  16.500000  2.121320
57.900000  19.500000  3.535534
58.000000  22.000000  5.656854
58.100000  16.500000  0.707107
58.200000  20.500000  10.606602
58.300000  17.500000  4.949747
58.400000  15.500000  3.535534
58.500000  19.000000  1.414214
58.600000  26.000000  7.071068
58.700000  24.000000  5.656854
58.800000  24.500000  12.020815
58.900000  23.000000  1.414214
59.000000  28.000000  1.414214
59.100000  25.500000  6.363961
59.200000  25.000000  1.414214
59.300000  25.500000  0.707107
59.400000  29.000000  7.071068
59.500000  37.000000  19.798990
59.600000  48.000000  31.112698
59.700000  31.000000  14.142136
59.800000  37.000000  14.142136
59.900000  31.500000  12.020815
60.000000  32.000000  2.828427
60.100000  35.500000  6.363961
60.200000  37.000000  15.556349
60.300000  36.000000  8.485281
60.400000  28.000000  9.899495
60.500000  28.000000  14.142136
60.600000  29.500000  12.020815
60.700000  25.000000  4.242641
60.800000  22.000000  4.242641
60.900000  26.000000  7.071068
61.000000  25.500000  4.949747
61.100000  28.000000  4.242641
61.200000  29.000000  9.899495
61.300000  29.000000  4.242641
61.400000  22.500000  9.192388
61.500000  24.000000  4.242641
61.600000  26.000000  0.000000
61.700000  33.000000  4.242641
61.800000  25.500000  0.707107
61.900000  28.500000  3.535534
62.000000  22.000000  2.828427
62.100000  19.500000  3.535534
62.200000  25.000000  8.485281
62.300000  21.000000  4.242641
62.400000  24.500000  4.949747
62.500000  24.500000  9.192388
62.600000  35.000000  12.727922
62.700000  22.000000  4.242641
62.800000  31.500000  13.435029
62.900000  24.500000  14.849242
63.000000  26.000000  8.485281
63.100000  23.500000  2.121320
63.200000  24.000000  1.414214
63.300000  27.000000  14.142136
63.400000  29.000000  12.727922
63.500000  23.500000  7.778175
63.600000  27.000000  9.899495
63.700000  30.500000  7.778175
63.800000  27.500000  10.606602
63.900000  27.000000  12.727922
64.000000  23.500000  0.707107
64.100000  25.500000  2.121320
64.200000  27.000000  4.242641
64.300000  25.000000  5.656854
64.400000  24.000000  4.242641
64.500000  27.000000  5.656854
64.600000  24.000000  1.414214
64.700000  26.500000  9.192388
64.800000  25.500000  7.778175
64.900000  27.500000  4.949747
65.000000  26.000000  7.071068
65.100000  27.000000  7.071068
65.200000  25.500000  12.020815
65.300000  23.000000  7.071068
65.400000  28.500000  19.091883
65.500000  23.000000  7.071068
65.600000  24.000000  9.899495
65.700000  24.500000  9.192388
65.800000  26.000000  14.142136
65.900000  24.500000  7.778175
66.000000  25.000000  9.899495
66.100000  27.500000  3.535534
66.200000  24.500000  9.192388
66.300000  24.000000  8.485281
66.400000  40.500000  2.121320
66.500000  36.000000  1.414214
66.600000  26.500000  2.121320
66.700000  27.500000  3.535534
66.800000  26.000000  4.242641
66.900000  32.000000  5.656854
67.000000  23.500000  10.606602
67.100000  36.500000  6.363961
67.200000  30.000000  2.828427
67.300000  26.000000  5.656854
67.400000  32.000000  11.313708
67.500000  25.500000  7.778175
67.600000  28.000000  8.485281
67.700000  26.500000  0.707107
67.800000  23.500000  3.535534
67.900000  26.500000  7.778175
68.000000  27.500000  4.949747
68.100000  25.500000  3.535534
68.200000  27.500000  6.363961
68.300000  25.500000  2.121320
68.400000  27.000000  0.000000
68.500000  25.000000  9.899495
68.600000  22.500000  10.606602
68.700000  24.500000  7.778175
68.800000  26.500000  6.363961
68.900000  28.000000  7.071068
69.000000  25.000000  2.828427
69.100000  26.500000  0.707107
69.200000  25.500000  0.707107
69.300000  20.500000  2.121320
69.400000  21.000000  5.656854
69.500000  18.000000  2.828427
69.600000  26.500000  7.778175
69.700000  27.000000  4.242641
69.800000  22.000000  12.727922
69.900000  16.500000  0.707107
70.000000  19.000000  4.242641
70.100000  18.000000  7.071068
70.200000  21.500000  0.707107
70.300000  15.500000  2.121320
70.400000  18.500000  2.121320
70.500000  21.500000  4.949747
70.600000  26.000000  7.071068
70.700000  20.000000  4.242641
70.800000  20.000000  2.828427
70.900000  18.500000  2.121320
71.000000  18.500000  3.535534
71.100000  18.000000  2.828427
71.200000  18.500000  3.535534
71.300000  24.000000  4.242641
71.400000  19.500000  2.121320
71.500000  19.500000  2.121320
71.600000  20.500000  9.192388
71.700000  22.500000  3.535534
71.800000  25.000000  7.071068
71.900000  26.000000  4.242641
72.000000  25.000000  1.414214
72.100000  22.000000  1.414214
72.200000  21.000000  1.414214
72.300000  22.500000  2.121320
72.400000  24.000000  2.828427
72.500000  22.500000  0.707107
72.600000  25.000000  9.899495
72.700000  19.500000  2.121320
72.800000  25.500000  9.192388
72.900000  21.500000  6.363961
73.000000  22.500000  12.020815
73.100000  25.500000  10.606602
73.200000  26.000000  2.828427
73.300000  28.000000  16.970563
73.400000  25.000000  4.242641
73.500000  29.500000  2.121320
73.600000  26.500000  0.707107
73.700000  22.500000  2.121320
73.800000  24.500000  6.363961
73.900000  31.000000  7.071068
74.000000  25.000000  0.000000
74.100000  22.000000  9.899495
74.200000  21.500000  0.707107
74.300000  18.000000  7.071068
74.400000  23.500000  4.949747
74.500000  23.000000  7.071068
74.600000  20.500000  4.949747
74.700000  24.500000  0.707107
74.800000  23.000000  2.828427
74.900000  23.000000  0.000000
75.000000  23.000000  1.414214
75.100000  24.500000  10.606602
75.200000  23.500000  4.949747
75.300000  22.500000  7.778175
75.400000  18.500000  7.778175
75.500000  20.000000  5.656854
75.600000  23.000000  11.313708
75.700000  21.500000  6.363961
75.800000  23.000000  5.656854
75.900000  27.500000  9.192388
76.000000  22.000000  5.656854
76.100000  21.500000  10.606602
76.200000  23.000000  8.485281
76.300000  20.500000  3.535534
76.400000  26.500000  9.192388
76.500000  22.000000  12.727922
76.600000  21.500000  4.949747
76.700000  25.000000  5.656854
76.800000  21.000000  5.656854
76.900000  27.500000  2.121320
77.000000  20.500000  6.363961
77.100000  20.000000  7.071068
77.200000  24.000000  9.899495
77.300000  20.000000  2.828427
77.400000  25.500000  0.707107
77.500000  28.000000  4.242641
77.600000  25.000000  0.000000
77.700000  28.000000  5.656854
77.800000  24.500000  0.707107
77.900000  26.000000  2.828427
78.000000  27.000000  12.727922
78.100000  18.000000  2.828427
78.200000  20.500000  3.535534
78.300000  24.500000  0.707107
78.400000  19.500000  3.535534
78.500000  23.000000  7.071068
78.600000  15.500000  2.121320
78.700000  19.500000  4.949747
78.800000  19.500000  6.363961
78.900000  20.500000  6.363961
79.000000  24.500000  7.778175
79.100000  21.500000  4.949747
79.200000  22.500000  0.707107
79.300000  23.500000  6.363961
79.400000  23.500000  3.535534
79.500000  20.000000  1.414214
79.600000  23.500000  2.121320
79.700000  23.000000  1.414214
79.800000  20.000000  1.414214
79.900000  21.500000  2.121320
80.000000  24.000000  4.242641
80.100000  31.000000  2.828427
80.200000  25.500000  0.707107
80.300000  26.000000  1.414214
80.400000  25.500000  12.020815
80.500000  24.000000  0.000000
80.600000  22.500000  14.849242
80.700000  22.000000  9.899495
80.800000  22.500000  10.606602
80.900000  17.500000  2.121320
81.000000  21.000000  7.071068
81.100000  22.500000  10.606602
81.200000  24.500000  0.707107
81.300000  19.000000  5.656854
81.400000  17.500000  4.949747
81.500000  17.000000  2.828427
81.600000  21.000000  2.828427
81.700000  20.500000  4.949747
81.800000  20.000000  4.242641
81.900000  22.000000  2.828427
82.000000  21.500000  0.707107
82.100000  21.000000  2.828427
82.200000  17.500000  3.535534
82.300000  19.000000  0.000000
82.400000  21.500000  6.363961
82.500000  18.000000  4.242641
82.600000  15.500000  0.707107
82.700000  24.500000  17.677670
82.800000  22.500000  0.707107
82.900000  18.500000  4.949747
83.000000  23.500000  6.363961
83.100000  19.000000  2.828427
83.200000  17.000000  5.656854
83.300000  15.500000  0.707107
83.400000  17.000000  2.828427
83.500000  19.500000  2.121320
83.600000  15.500000  0.707107
83.700000  18.500000  3.535534
83.800000  22.500000  14.849242
83.900000  21.000000  4.242641
84.000000  20.500000  2.121320
84.100000  23.000000  2.828427
84.200000  18.500000  2.121320
84.300000  25.000000  5.656854
84.400000  15.500000  6.363961
84.500000  18.000000  2.828427
84.600000  17.000000  0.000000
84.700000  20.500000  3.535534
84.800000  25.500000  10.606602
84.900000  28.500000  17.677670
85.000000  21.000000  7.071068
85.100000  24.000000  7.071068
85.200000  22.000000  7.071068
85.300000  18.000000  5.656854
85.400000  20.500000  9.192388
85.500000  19.000000  1.414214
85.600000  19.000000  7.071068
85.700000  22.500000  0.707107
85.800000  18.000000  4.242641
85.900000  23.000000  7.071068
86.000000  23.000000  5.656854
86.100000  18.500000  0.707107
86.200000  20.500000  4.949747
86.300000  19.000000  4.242641
86.400000  14.000000  5.656854
86.500000  19.000000  8.485281
86.600000  19.500000  12.020815
86.700000  17.000000  5.656854
86.800000  18.500000  7.778175
86.900000  18.000000  1.414214
87.000000  18.000000  2.828427
87.100000  18.500000  3.535534
87.200000  19.500000  0.707107
87.300000  21.500000  0.707107
87.400000  22.000000  11.313708
87.500000  25.500000  12.020815
87.600000  20.000000  5.656854
87.700000  22.000000  0.000000
87.800000  19.000000  4.242641
87.900000  26.000000  7.071068
88.000000  22.500000  0.707107
88.100000  22.500000  10.606602
88.200000  23.000000  5.656854
88.300000  22.500000  6.363961
88.400000  19.000000  2.828427
88.500000  19.500000  9.192388
88.600000  16.500000  0.707107
88.700000  23.000000  5.656854
88.800000  20.000000  2.828427
88.900000  21.500000  2.121320
89.000000  25.500000  7.778175
89.100000  19.500000  2.121320
89.200000  26.000000  9.899495
89.300000  21.500000  9.192388
89.400000  19.500000  3.535534
89.500000  21.000000  1.414214
89.600000  27.000000  8.485281
89.700000  26.000000  11.313708
89.800000  21.500000  6.363961
89.900000  20.500000  4.949747
90.000000  19.000000  1.414214
90.100000  19.500000  2.121320
90.200000  21.000000  1.414214
90.300000  19.000000  4.242641
90.400000  17.000000  1.414214
90.500000  20.500000  3.535534
90.600000  20.500000  2.121320
90.700000  18.500000  0.707107
90.800000  15.500000  0.707107
90.900000  18.000000  2.828427
91.000000  15.500000  0.707107
91.100000  18.500000  3.535534
91.200000  23.000000  1.414214
91.300000  21.000000  2.828427
91.400000  17.500000  4.949747
91.500000  19.500000  0.707107
91.600000  21.000000  2.828427
91.700000  18.500000  2.121320
91.800000  17.500000  3.535534
91.900000  20.000000  2.828427
92.000000  23.000000  4.242641
92.100000  16.000000  1.414214
92.200000  18.000000  4.242641
92.300000  23.500000  6.363961
92.400000  26.500000  10.606602
92.500000  24.000000  9.899495
92.600000  24.000000  8.485281
92.700000  26.500000  9.192388
92.800000  16.500000  3.535534
92.900000  23.500000  9.192388
93.000000  28.000000  2.828427
93.100000  23.000000  11.313708
93.200000  18.000000  7.071068
93.300000  19.000000  4.242641
93.400000  28.000000  12.727922
93.500000  24.000000  9.899495
93.600000  28.500000  10.606602
93.700000  20.500000  12.020815
93.800000  25.000000  14.142136
93.900000  19.500000  0.707107
94.000000  18.500000  2.121320
94.100000  21.500000  6.363961
94.200000  21.500000  0.707107
94.300000  23.000000  2.828427
94.400000  19.500000  3.535534
94.500000  26.500000  3.535534
94.600000  27.500000  3.535534
94.700000  24.000000  11.313708
94.800000  20.500000  2.121320
94.900000  18.500000  2.121320
95.000000  21.000000  0.000000
95.100000  21.000000  1.414214
95.200000  17.500000  2.121320
95.300000  24.000000  5.656854
95.400000  21.000000  4.242641
95.500000  22.500000  7.778175
95.600000  21.000000  0.000000
95.700000  23.000000  7.071068
95.800000  20.000000  7.071068
95.900000  23.000000  12.727922
96.000000  23.500000  4.949747
96.100000  20.500000  0.707107
96.200000  20.000000  0.000000
96.300000  16.500000  2.121320
96.400000  19.000000  1.414214
96.500000  18.000000  4.242641
96.600000  12.500000  9.192388
96.700000  12.000000  4.242641
96.800000  18.000000  2.828427
96.900000  21.500000  6.363961
97.000000  21.000000  2.828427
97.100000  23.000000  0.000000
97.200000  18.000000  2.828427
97.300000  19.000000  2.828427
97.400000  20.500000  6.363961
97.500000  18.000000  1.414214
97.600000  16.000000  4.242641
97.700000  18.500000  2.121320
97.800000  19.000000  1.414214
97.900000  19.500000  6.363961
98.000000  16.500000  2.121320
98.100000  20.500000  3.535534
98.200000  14.000000  4.242641
98.300000  16.500000  0.707107
98.400000  21.500000  6.363961
98.500000  19.000000  5.656854
98.600000  17.500000  4.949747
98.700000  19.500000  2.121320
98.800000  15.500000  3.535534
98.900000  18.000000  1.414214
99.000000  19.500000  2.121320
99.100000  18.500000  4.949747
99.200000  17.500000  0.707107
99.300000  20.000000  4.242641
99.400000  23.500000  4.949747
99.500000  21.000000  2.828427
99.600000  17.500000  6.363961
99.700000  16.500000  4.949747
99.800000  19.500000  6.363961
99.900000  22.000000  1.414214
100.000000  19.000000  1.414214
100.100000  22.000000  5.656854
100.200000  18.500000  4.949747
100.300000  22.500000  4.949747
100.400000  21.500000  7.778175
100.500000  20.500000  4.949747
100.600000  23.500000  0.707107
100.700000  22.000000  5.656854
100.800000  25.000000  1.414214
100.900000  16.500000  4.949747
101.000000  19.500000  0.707107
101.100000  15.500000  4.949747
101.200000  26.000000  1.414214
101.300000  26.500000  9.192388
101.400000  18.500000  3.535534
101.500000  20.500000  0.707107
101.600000  17.500000  2.121320
101.700000  22.000000  7.071068
101.800000  17.500000  2.121320
101.900000  15.000000  0.000000
102.000000  15.000000  2.828427
102.100000  19.500000  9.192388
102.200000  15.500000  2.121320
102.300000  14.500000  4.949747
102.400000  15.500000  4.949747
102.500000  14.000000  7.071068
102.600000  20.500000  2.121320
102.700000  19.000000  5.656854
102.800000  19.000000  4.242641
102.900000  18.000000  2.828427
103.000000  14.500000  3.535534
103.100000  22.500000  3.535534
103.200000  20.000000  1.414214
103.300000  15.500000  2.121320
103.400000  20.500000  10.606602
103.500000  23.500000  2.121320
103.600000  22.500000  0.707107
103.700000  18.000000  1.414214
103.800000  22.500000  0.707107
103.900000  30.000000  14.142136
104.000000  22.000000  4.242641
104.100000  28.500000  9.192388
104.200000  22.500000  4.949747
104.300000  27.500000  6.363961
104.400000  22.000000  1.414214
104.500000  20.500000  3.535534
104.600000  27.000000  14.142136
104.700000  23.500000  16.263456
104.800000  24.500000  16.263456
104.900000  23.500000  12.020815
105.000000  24.000000  18.384776
105.100000  22.500000  9.192388
105.200000  32.500000  13.435029
105.300000  27.000000  8.485281
105.400000  27.000000  9.899495
105.500000  31.500000  9.192388
105.600000  29.000000  21.213203
105.700000  24.000000  8.485281
105.800000  30.000000  5.656854
105.900000  30.500000  12.020815
106.000000  34.000000  8.485281
106.100000  32.000000  12.727922
106.200000  36.000000  1.414214
106.300000  29.500000  6.363961
106.400000  30.000000  1.414214
106.500000  29.000000  5.656854
106.600000  27.500000  10.606602
106.700000  32.000000  5.656854
106.800000  32.500000  2.121320
106.900000  31.000000  5.656854
107.000000  30.000000  4.242641
107.100000  36.000000  2.828427
107.200000  37.500000  2.121320
107.300000  23.500000  6.363961
107.400000  25.000000  2.828427
107.500000  31.500000  3.535534
107.600000  25.000000  1.414214
107.700000  22.000000  5.656854
107.800000  24.000000  7.071068
107.900000  18.500000  7.778175
108.000000  21.500000  6.363961
108.100000  23.000000  0.000000
108.200000  23.500000  2.121320
108.300000  18.500000  10.606602
108.400000  23.000000  0.000000
108.500000  23.500000  10.606602
108.600000  27.000000  4.242641
108.700000  20.000000  1.414214
108.800000  28.000000  1.414214
108.900000  21.500000  4.949747
109.000000  23.500000  6.363961
109.100000  21.500000  9.192388
109.200000  22.500000  6.363961
109.300000  26.000000  12.727922
109.400000  20.500000  3.535534
109.500000  20.500000  9.192388
109.600000  24.000000  4.242641
109.700000  23.500000  2.121320
109.800000  21.500000  3.535534
109.900000  25.000000  7.071068
110.000000  22.500000  12.020815
110.100000  22.000000  18.384776
110.200000  20.000000  7.071068
110.300000  21.000000  16.970563
110.400000  28.500000  2.121320
110.500000  19.000000  4.242641
110.600000  22.000000  2.828427
110.700000  20.500000  9.192388
110.800000  24.500000  10.606602
110.900000  29.000000  4.242641
111.000000  24.000000  2.828427
111.100000  26.000000  1.414214
111.200000  27.500000  6.363961
111.300000  23.000000  4.242641
111.400000  29.000000  5.656854
111.500000  22.000000  5.656854
111.600000  27.000000  12.727922
111.700000  22.500000  13.435029
111.800000  22.000000  9.899495
111.900000  31.000000  2.828427
112.000000  23.500000  3.535534
112.100000  26.500000  9.192388
112.200000  27.500000  13.435029
112.300000  23.500000  9.192388
112.400000  29.000000  7.071068
112.500000  33.000000  7.071068
112.600000  31.500000  14.849242
112.700000  33.000000  4.242641
112.800000  32.500000  9.192388
112.900000  28.500000  6.363961
113.000000  29.000000  9.899495
113.100000  33.000000  4.242641
113.200000  32.500000  10.606602
113.300000  30.500000  3.535534
113.400000  33.000000  5.656854
113.500000  26.000000  7.071068
113.600000  26.500000  10.606602
113.700000  31.000000  12.727922
113.800000  36.500000  10.606602
113.900000  30.500000  9.192388
114.000000  31.000000  2.828427
114.100000  29.500000  7.778175
114.200000  31.000000  8.485281
114.300000  31.000000  11.313708
114.400000  28.500000  12.020815
114.500000  26.000000  11.313708
114.600000  30.000000  7.071068
114.700000  28.000000  4.242641
114.800000  33.000000  18.384776
114.900000  26.500000  10.606602
115.000000  31.000000  12.727922
115.100000  29.000000  9.899495
115.200000  28.500000  13.435029
115.300000  27.500000  16.263456
115.400000  30.000000  11.313708
115.500000  26.000000  12.727922
115.600000  30.000000  11.313708
115.700000  31.500000  7.778175
115.800000  28.000000  9.899495
115.900000  26.000000  14.142136
116.000000  26.500000  3.535534
116.100000  29.500000  4.949747
116.200000  28.000000  14.142136
116.300000  26.000000  19.798990
116.400000  31.500000  23.334524
116.500000  32.000000  16.970563
116.600000  38.500000  20.506097
116.700000  32.500000  13.435029
116.800000  26.500000  10.606602
116.900000  30.500000  16.263456
117.000000  33.000000  12.727922
117.100000  31.500000  20.506097
117.200000  29.000000  11.313708
117.300000  31.500000  20.506097
117.400000  34.500000  13.435029
117.500000  31.000000  8.485281
117.600000  32.000000  18.384776
117.700000  25.000000  8.485281
117.800000  33.000000  16.970563
117.900000  36.000000  14.142136
118.000000  34.000000  9.899495
118.100000  33.000000  11.313708
118.200000  33.500000  14.849242
118.300000  35.500000  13.435029
118.400000  34.000000  2.828427
118.500000  33.500000  0.707107
118.600000  27.500000  3.535534
118.700000  30.500000  2.121320
118.800000  28.000000  7.071068
118.900000  26.500000  7.778175
119.000000  24.000000  7.071068
119.100000  30.000000  2.828427
119.200000  30.500000  14.849242
119.300000  41.500000  21.920310
119.400000  31.500000  7.778175
119.500000  32.500000  9.192388
119.600000  32.000000  11.313708
119.700000  37.000000  1.414214
119.800000  32.500000  7.778175
119.900000  35.500000  3.535534
120.000000  34.500000  10.606602
120.100000  29.500000  16.263456
120.200000  26.000000  12.727922
120.300000  33.500000  9.192388
120.400000  29.500000  4.949747
120.500000  30.500000  10.606602
120.600000  31.000000  5.656854
120.700000  36.000000  14.142136
120.800000  34.000000  7.071068
120.900000  30.500000  2.121320
121.000000  34.000000  5.656854
121.100000  34.500000  4.949747
121.200000  33.500000  13.435029
121.300000  32.500000  10.606602
121.400000  37.500000  12.020815
121.500000  31.000000  0.000000
121.600000  33.000000  15.556349
121.700000  29.500000  6.363961
121.800000  27.500000  2.121320
121.900000  30.500000  9.192388
122.000000  33.500000  7.778175
122.100000  34.000000  4.242641
122.200000  33.500000  6.363961
122.300000  33.000000  8.485281
122.400000  29.000000  5.656854
122.500000  32.500000  2.121320
122.600000  29.000000  4.242641
122.700000  33.000000  4.242641
122.800000  32.500000  12.020815
122.900000  28.500000  3.535534
123.000000  30.000000  7.071068
123.100000  32.500000  12.020815
123.200000  29.500000  13.435029
123.300000  31.500000  6.363961
123.400000  32.500000  9.192388
123.500000  34.500000  3.535534
123.600000  31.500000  2.121320
123.700000  33.500000  4.949747
123.800000  32.500000  3.535534
123.900000  30.500000  0.707107
124.000000  26.000000  5.656854
124.100000  31.000000  2.828427
124.200000  29.500000  0.707107
124.300000  31.500000  7.778175
124.400000  34.000000  9.899495
124.500000  33.500000  3.535534
124.600000  29.000000  5.656854
124.700000  32.000000  2.828427
124.800000  30.500000  2.121320
124.900000  33.500000  0.707107
125.000000  31.500000  6.363961
125.100000  34.000000  1.414214
125.200000  32.500000  7.778175
125.300000  39.000000  11.313708
125.400000  26.000000  8.485281
125.500000  30.500000  6.363961
125.600000  34.000000  5.656854
125.700000  34.500000  9.192388
125.800000  28.500000  2.121320
125.900000  34.500000  4.949747
126.000000  34.500000  10.606602
126.100000  31.500000  13.435029
126.200000  33.000000  2.828427
126.300000  33.500000  6.363961
126.400000  31.500000  12.020815
126.500000  31.500000  6.363961
126.600000  31.500000  6.363961
126.700000  31.500000  4.949747
126.800000  32.500000  6.363961
126.900000  31.500000  6.363961
127.000000  32.000000  5.656854
127.100000  36.000000  2.828427
127.200000  35.500000  10.606602
127.300000  34.500000  12.020815
127.400000  32.500000  13.435029
127.500000  32.000000  8.485281
127.600000  37.000000  8.485281
127.700000  36.500000  12.020815
127.800000  41.000000  8.485281
127.900000  34.000000  12.727922
128.000000  34.500000  12.020815
128.100000  33.000000  14.142136
128.200000  31.500000  9.192388
128.300000  33.000000  11.313708
128.400000  33.500000  4.949747
128.500000  29.000000  4.242641
128.600000  32.000000  8.485281
128.700000  30.000000  11.313708
128.800000  34.000000  5.656854
128.900000  37.000000  5.656854
129.000000  36.000000  4.242641
129.100000  35.500000  12.020815
129.200000  37.000000  8.485281
129.300000  32.500000  3.535534
129.400000  29.500000  13.435029
129.500000  37.000000  7.071068
129.600000  33.500000  6.363961
129.700000  35.000000  7.071068
129.800000  25.000000  2.828427
129.900000  34.500000  10.606602
130.000000  29.000000  8.485281
130.100000  32.000000  2.828427
130.200000  21.000000  5.656854
130.300000  30.500000  0.707107
130.400000  28.000000  2.828427
130.500000  33.500000  13.435029
130.600000  30.000000  9.899495
130.700000  26.000000  1.414214
130.800000  26.000000  5.656854
130.900000  29.500000  2.121320
131.000000  27.000000  9.899495
131.100000  30.500000  7.778175
131.200000  33.500000  7.778175
131.300000  36.000000  12.727922
131.400000  38.000000  5.656854
131.500000  31.000000  8.485281
131.600000  31.000000  2.828427
131.700000  35.000000  7.071068
131.800000  34.500000  10.606602
131.900000  29.500000  6.363961
132.000000  34.500000  10.606602
132.100000  34.000000  12.727922
132.200000  36.000000  5.656854
132.300000  35.000000  7.071068
132.400000  35.500000  10.606602
132.500000  36.000000  9.899495
132.600000  32.500000  10.606602
132.700000  34.500000  9.192388
132.800000  36.000000  11.313708
132.900000  33.000000  9.899495
133.000000  34.500000  16.263456
133.100000  36.500000  7.778175
133.200000  28.000000  2.828427
133.300000  36.500000  6.363961
133.400000  32.000000  5.656854
133.500000  28.000000  12.727922
133.600000  35.000000  16.970563
133.700000  28.500000  2.121320
133.800000  33.500000  13.435029
133.900000  35.000000  16.970563
134.000000  32.500000  7.778175
134.100000  34.500000  10.606602
134.200000  30.000000  7.071068
134.300000  34.500000  13.435029
134.400000  25.500000  9.192388
134.500000  28.000000  0.000000
134.600000  28.500000  6.363961
134.700000  32.000000  9.899495
134.800000  35.500000  9.192388
134.900000  36.500000  7.778175
135.000000  28.000000  11.313708
135.100000  28.500000  7.778175
135.200000  26.500000  6.363961
135.300000  34.500000  10.606602
135.400000  27.500000  9.192388
135.500000  26.500000  12.020815
135.600000  36.500000  9.192388
135.700000  30.500000  9.192388
135.800000  36.500000  6.363961
135.900000  27.500000  9.192388
136.000000  31.000000  9.899495
136.100000  27.000000  8.485281
136.200000  30.000000  5.656854
136.300000  31.500000  10.606602
136.400000  33.000000  12.727922
136.500000  34.000000  8.485281
136.600000  37.500000  14.849242
136.700000  37.000000  18.384776
136.800000  33.000000  15.556349
136.900000  36.000000  8.485281
137.000000  36.500000  13.435029
137.100000  39.500000  10.606602
137.200000  38.500000  13.435029
137.300000  38.000000  9.899495
137.400000  34.500000  21.920310
137.500000  40.000000  15.556349
137.600000  38.500000  21.920310
137.700000  44.500000  20.506097
137.800000  43.000000  19.798990
137.900000  34.500000  20.506097
138.000000  39.500000  23.334524
138.100000  39.000000  19.798990
138.200000  43.500000  21.920310
138.300000  41.000000  22.627417
138.400000  38.000000  18.384776
138.500000  38.000000  22.627417
138.600000  44.000000  11.313708
138.700000  40.500000  17.677670
138.800000  40.500000  21.920310
138.900000  36.000000  12.727922
139.000000  44.000000  31.112698
139.100000  38.500000  17.677670
139.200000  39.500000  20.506097
139.300000  39.000000  22.627417
139.400000  37.500000  24.748737
139.500000  36.500000  17.677670
139.600000  43.000000  14.142136
139.700000  41.000000  19.798990
139.800000  42.000000  19.798990
139.900000  44.000000  31.112698
140.000000  40.500000  26.162951
140.100000  42.000000  28.284271
140.200000  41.500000  21.920310
140.300000  47.000000  28.284271
140.400000  42.000000  28.284271
140.500000  38.000000  14.142136
140.600000  46.000000  25.455844
140.700000  36.000000  15.556349
140.800000  42.000000  22.627417
140.900000  47.500000  23.334524
141.000000  35.500000  19.091883
141.100000  49.000000  24.041631
141.200000  51.500000  23.334524
141.300000  41.500000  21.920310
141.400000  35.000000  21.213203
141.500000  37.000000  16.970563
141.600000  44.500000  24.748737
141.700000  33.000000  19.798990
141.800000  39.000000  16.970563
141.900000  43.000000  16.970563
142.000000  45.500000  21.920310
142.100000  41.500000  10.606602
142.200000  40.500000  12.020815
142.300000  40.000000  16.970563
142.400000  34.500000  6.363961
142.500000  36.000000  21.213203
142.600000  39.000000  16.970563
142.700000  32.000000  16.970563
142.800000  37.500000  14.849242
142.900000  34.500000  14.849242
143.000000  34.500000  26.162951
143.100000  34.000000  11.313708
143.200000  33.500000  16.263456
143.300000  34.000000  8.485281
143.400000  33.000000  14.142136
143.500000  38.500000  14.849242
143.600000  42.000000  18.384776
143.700000  32.500000  23.334524
143.800000  35.500000  17.677670
143.900000  38.500000  17.677670
144.000000  43.000000  18.384776
144.100000  41.500000  24.748737
144.200000  40.500000  14.849242
144.300000  45.000000  21.213203
144.400000  40.000000  11.313708
144.500000  36.000000  14.142136
144.600000  38.000000  18.384776
144.700000  36.500000  27.577164
144.800000  39.000000  19.798990
144.900000  39.500000  21.920310
145.000000  37.500000  14.849242
145.100000  39.500000  19.091883
145.200000  41.000000  11.313708
145.300000  45.500000  20.506097
145.400000  46.000000  21.213203
145.500000  38.000000  15.556349
145.600000  43.000000  19.798990
145.700000  44.000000  19.798990
145.800000  37.500000  19.091883
145.900000  32.000000  18.384776
146.000000  36.500000  16.263456
146.100000  35.000000  8.485281
146.200000  40.000000  16.970563
146.300000  38.000000  12.727922
146.400000  38.000000  11.313708
146.500000  39.500000  12.020815
146.600000  35.500000  16.263456
146.700000  36.500000  14.849242
146.800000  35.000000  19.798990
146.900000  38.500000  16.263456
147.000000  37.500000  20.506097
147.100000  37.500000  28.991378
147.200000  36.000000  12.727922
147.300000  41.500000  21.920310
147.400000  41.500000  19.091883
147.500000  40.500000  16.263456
147.600000  40.000000  11.313708
147.700000  42.000000  14.142136
147.800000  41.000000  11.313708
147.900000  37.000000  21.213203
148.000000  38.500000  12.020815
148.100000  37.500000  7.778175
148.200000  30.000000  2.828427
148.300000  32.000000  16.970563
148.400000  31.500000  4.949747
148.500000  36.500000  17.677670
148.600000  34.000000  9.899495
148.700000  36.500000  12.020815
148.800000  38.000000  11.313708
148.900000  32.500000  0.707107
149.000000  34.000000  7.071068
149.100000  34.000000  11.313708
149.200000  40.000000  8.485281
149.300000  35.500000  10.606602
149.400000  32.500000  6.363961
149.500000  29.500000  3.535534
149.600000  31.000000  4.242641
149.700000  34.500000  0.707107
149.800000  37.000000  14.142136
149.900000  34.500000  3.535534
150.000000  30.000000  5.656854
150.100000  35.000000  7.071068
150.200000  39.500000  14.849242
150.300000  29.000000  15.556349
150.400000  38.500000  21.920310
150.500000  36.500000  17.677670
150.600000  35.500000  13.435029
150.700000  35.500000  12.020815
150.800000  42.000000  21.213203
150.900000  37.000000  7.071068
151.000000  35.500000  10.606602
151.100000  33.000000  16.970563
151.200000  31.500000  16.263456
151.300000  41.500000  16.263456
151.400000  34.000000  16.970563
151.500000  26.500000  14.849242
151.600000  40.000000  31.112698
151.700000  37.500000  4.949747
151.800000  42.000000  11.313708
151.900000  45.000000  9.899495
152.000000  46.500000  17.677670
152.100000  36.500000  9.192388
152.200000  36.000000  19.798990
152.300000  40.500000  2.121320
152.400000  44.500000  7.778175
152.500000  40.500000  12.020815
152.600000  39.000000  14.142136
152.700000  37.500000  0.707107
152.800000  36.500000  7.778175
152.900000  37.000000  9.899495
153.000000  37.000000  8.485281
153.100000  43.000000  7.071068
153.200000  39.000000  11.313708
153.300000  36.500000  7.778175
153.400000  35.000000  7.071068
153.500000  32.500000  6.363961
153.600000  38.000000  7.071068
153.700000  35.000000  8.485281
153.800000  34.500000  6.363961
153.900000  41.000000  9.899495
154.000000  28.500000  3.535534
154.100000  35.000000  8.485281
154.200000  37.500000  13.435029
154.300000  38.500000  12.020815
154.400000  33.000000  12.727922
154.500000  34.000000  5.656854
154.600000  36.500000  9.192388
154.700000  30.000000  4.242641
154.800000  37.500000  4.949747
154.900000  32.500000  7.778175
155.000000  31.000000  9.899495
155.100000  33.000000  9.899495
155.200000  30.500000  2.121320
155.300000  35.500000  10.606602
155.400000  30.500000  7.778175
155.500000  36.000000  7.071068
155.600000  35.000000  12.727922
155.700000  38.000000  14.142136
155.800000  34.500000  9.192388
155.900000  37.000000  14.142136
156.000000  33.000000  7.071068
156.100000  33.000000  8.485281
156.200000  40.500000  14.849242
156.300000  39.000000  11.313708
156.400000  47.000000  12.727922
156.500000  38.000000  18.384776
156.600000  39.500000  7.778175
156.700000  45.500000  6.363961
156.800000  43.500000  9.192388
156.900000  42.000000  21.213203
157.000000  34.000000  9.899495
157.100000  37.500000  7.778175
157.200000  45.500000  16.263456
157.300000  35.500000  2.121320
157.400000  36.000000  11.313708
157.500000  35.500000  7.778175
157.600000  36.000000  2.828427
157.700000  35.500000  7.778175
157.800000  42.500000  12.020815
157.900000  36.000000  9.899495
158.000000  40.500000  10.606602
158.100000  40.000000  4.242641
158.200000  34.000000  5.656854
158.300000  37.500000  12.020815
158.400000  33.000000  11.313708
158.500000  35.500000  12.020815
158.600000  36.000000  11.313708
158.700000  40.000000  11.313708
158.800000  39.000000  29.698485
158.900000  38.000000  11.313708
159.000000  39.000000  8.485281
159.100000  35.000000  2.828427
159.200000  40.500000  3.535534
159.300000  46.000000  0.000000
159.400000  43.000000  11.313708
159.500000  42.500000  17.677670
159.600000  43.000000  2.828427
159.700000  44.500000  12.020815
159.800000  44.000000  19.798990
159.900000  42.500000  9.192388
160.000000  40.500000  10.606602
160.100000  40.500000  4.949747
160.200000  43.000000  2.828427
160.300000  47.000000  9.899495
160.400000  42.000000  16.970563
160.500000  37.000000  2.828427
160.600000  39.500000  14.849242
160.700000  38.500000  12.020815
160.800000  43.500000  9.192388
160.900000  49.500000  14.849242
161.000000  46.000000  14.142136
161.100000  39.500000  14.849242
161.200000  41.000000  18.384776
161.300000  44.000000  14.142136
161.400000  38.500000  12.020815
161.500000  36.000000  11.313708
161.600000  44.500000  9.192388
161.700000  49.000000  24.041631
161.800000  51.000000  7.071068
161.900000  41.000000  11.313708
162.000000  36.000000  5.656854
162.100000  34.500000  0.707107
162.200000  37.500000  7.778175
162.300000  45.000000  9.899495
162.400000  36.500000  6.363961
162.500000  38.000000  0.000000
162.600000  40.000000  14.142136
162.700000  34.500000  4.949747
162.800000  37.500000  9.192388
162.900000  38.500000  0.707107
163.000000  34.000000  2.828427
163.100000  40.500000  0.707107
163.200000  43.000000  5.656854
163.300000  36.500000  3.535534
163.400000  37.500000  9.192388
163.500000  35.500000  4.949747
163.600000  36.000000  18.384776
163.700000  29.500000  7.778175
163.800000  35.500000  9.192388
163.900000  39.500000  3.535534
164.000000  37.500000  3.535534
164.100000  39.500000  3.535534
164.200000  39.500000  4.949747
164.300000  44.000000  2.828427
164.400000  33.500000  4.949747
164.500000  40.000000  2.828427
164.600000  37.500000  3.535534
164.700000  40.000000  9.899495
164.800000  36.000000  1.414214
164.900000  36.500000  2.121320
165.000000  42.500000  9.192388
165.100000  36.500000  9.192388
165.200000  42.000000  15.556349
165.300000  34.500000  3.535534
165.400000  32.000000  4.242641
165.500000  32.000000  8.485281
165.600000  35.500000  6.363961
165.700000  40.000000  4.242641
165.800000  36.000000  9.899495
165.900000  37.000000  9.899495
166.000000  34.500000  4.949747
166.100000  38.000000  8.485281
166.200000  39.000000  2.828427
166.300000  38.500000  9.192388
166.400000  37.500000  13.435029
166.500000  33.000000  8.485281
166.600000  39.500000  7.778175
166.700000  38.000000  18.384776
166.800000  43.500000  13.435029
166.900000  34.500000  0.707107
167.000000  35.500000  6.363961
167.100000  39.500000  7.778175
167.200000  41.500000  10.606602
167.300000  35.000000  2.828427
167.400000  36.000000  7.071068
167.500000  33.500000  4.949747
167.600000  50.000000  5.656854
167.700000  43.000000  1.414214
167.800000  46.500000  2.121320
167.900000  44.000000  9.899495
168.000000  43.000000  9.899495
168.100000  37.000000  8.485281
168.200000  44.500000  6.363961
168.300000  39.500000  6.363961
168.400000  41.500000  7.778175
168.500000  37.500000  12.020815
168.600000  42.500000  9.192388
168.700000  34.000000  15.556349
168.800000  35.500000  7.778175
168.900000  38.500000  7.778175
169.000000  36.000000  9.899495
169.100000  50.000000  16.970563
169.200000  36.000000  9.899495
169.300000  35.500000  9.192388
169.400000  40.500000  6.363961
169.500000  35.500000  2.121320
169.600000  35.500000  6.363961
169.700000  35.500000  4.949747
169.800000  35.500000  3.535534
169.900000  36.500000  2.121320
170.000000  37.000000  0.000000
170.100000  36.500000  3.535534
170.200000  38.000000  4.242641
170.300000  40.500000  2.121320
170.400000  33.500000  10.606602
170.500000  37.500000  2.121320
170.600000  33.000000  5.656854
170.700000  38.500000  0.707107
170.800000  37.000000  4.242641
170.900000  37.500000  6.363961
171.000000  37.000000  1.414214
171.100000  39.500000  0.707107
171.200000  41.000000  14.142136
171.300000  43.500000  6.363961
171.400000  39.000000  4.242641
171.500000  39.000000  7.071068
171.600000  35.500000  2.121320
171.700000  36.000000  8.485281
171.800000  41.500000  12.020815
171.900000  34.500000  0.707107
172.000000  47.000000  12.727922
172.100000  43.500000  10.606602
172.200000  36.500000  7.778175
172.300000  40.500000  4.949747
172.400000  46.000000  11.313708
172.500000  42.000000  9.899495
172.600000  46.000000  14.142136
172.700000  39.000000  4.242641
172.800000  41.500000  13.435029
172.900000  42.000000  9.899495
173.000000  36.000000  5.656854
173.100000  35.500000  6.363961
173.200000  34.500000  0.707107
173.300000  41.500000  12.020815
173.400000  38.500000  3.535534
173.500000  40.500000  0.707107
173.600000  41.500000  0.707107
173.700000  40.000000  1.414214
173.800000  38.500000  0.707107
173.900000  36.000000  0.000000
174.000000  37.000000  1.414214
174.100000  40.000000  5.656854
174.200000  39.000000  2.828427
174.300000  43.000000  9.899495
174.400000  42.000000  2.828427
174.500000  34.500000  3.535534
174.600000  37.000000  1.414214
174.700000  44.000000  5.656854
174.800000  37.500000  10.606602
174.900000  35.000000  1.414214
175.000000  35.500000  4.949747
175.100000  36.000000  2.828427
175.200000  32.500000  3.535534
175.300000  38.000000  4.242641
175.400000  38.500000  16.263456
175.500000  34.500000  13.435029
175.600000  38.000000  14.142136
175.700000  46.500000  4.949747
175.800000  33.500000  10.606602
175.900000  45.500000  10.606602
176.000000  38.000000  8.485281
176.100000  43.500000  14.849242
176.200000  38.500000  7.778175
176.300000  40.000000  15.556349
176.400000  44.500000  12.020815
176.500000  39.500000  9.192388
176.600000  38.500000  10.606602
176.700000  40.500000  9.192388
176.800000  33.500000  9.192388
176.900000  37.000000  11.313708
177.000000  42.000000  14.142136
177.100000  42.500000  16.263456
177.200000  41.500000  6.363961
177.300000  43.000000  15.556349
177.400000  35.500000  19.091883
177.500000  37.500000  0.707107
177.600000  37.500000  0.707107
177.700000  40.500000  2.121320
177.800000  31.500000  7.778175
177.900000  38.000000  5.656854
178.000000  35.000000  5.656854
178.100000  36.500000  6.363961
178.200000  33.000000  5.656854
178.300000  37.500000  10.606602
178.400000  38.500000  9.192388
178.500000  32.000000  1.414214
178.600000  34.500000  0.707107
178.700000  36.500000  4.949747
178.800000  40.000000  15.556349
178.900000  32.000000  1.414214
179.000000  40.500000  2.121320
179.100000  45.000000  2.828427
179.200000  43.500000  10.606602
179.300000  41.000000  0.000000
179.400000  36.500000  10.606602
179.500000  35.500000  9.192388
179.600000  32.000000  1.414214
179.700000  33.500000  7.778175
179.800000  36.000000  1.414214
179.900000  33.000000  2.828427
180.000000  46.000000  14.142136
180.100000  39.000000  0.000000
180.200000  41.000000  4.242641
180.300000  44.000000  15.556349
180.400000  36.000000  15.556349
180.500000  40.500000  3.535534
180.600000  34.000000  8.485281
180.700000  38.500000  14.849242
180.800000  39.000000  4.242641
180.900000  37.500000  7.778175
181.000000  38.000000  5.656854
181.100000  37.500000  2.121320
181.200000  36.000000  5.656854
181.300000  43.000000  1.414214
181.400000  38.500000  10.606602
181.500000  37.500000  2.121320
181.600000  43.500000  2.121320
181.700000  38.500000  3.535534
181.800000  43.000000  4.242641
181.900000  40.000000  1.414214
182.000000  34.000000  4.242641
182.100000  38.500000  3.535534
182.200000  46.500000  2.121320
182.300000  34.500000  3.535534
182.400000  39.500000  10.606602
182.500000  40.000000  8.485281
182.600000  42.500000  0.707107
182.700000  39.000000  4.242641
182.800000  45.500000  7.778175
182.900000  35.500000  0.707107
183.000000  37.500000  3.535534
183.100000  43.000000  4.242641
183.200000  50.000000  8.485281
183.300000  40.500000  6.363961
183.400000  36.000000  1.414214
183.500000  36.000000  9.899495
183.600000  38.500000  12.020815
183.700000  42.500000  9.192388
183.800000  31.500000  14.849242
183.900000  41.000000  1.414214
184.000000  31.000000  11.313708
184.100000  36.000000  8.485281
184.200000  34.500000  12.020815
184.300000  43.500000  4.949747
184.400000  42.500000  4.949747
184.500000  46.000000  5.656854
184.600000  45.000000  1.414214
184.700000  39.000000  9.899495
184.800000  46.000000  1.414214
184.900000  40.500000  2.121320
185.000000  44.500000  0.707107
185.100000  37.500000  3.535534
185.200000  40.000000  2.828427
185.300000  46.500000  2.121320
185.400000  39.500000  3.535534
185.500000  39.000000  8.485281
185.600000  40.000000  2.828427
185.700000  40.000000  1.414214
185.800000  45.500000  4.949747
185.900000  45.000000  4.242641
186.000000  36.000000  1.414214
186.100000  41.500000  6.363961
186.200000  47.500000  13.435029
186.300000  42.000000  0.000000
186.400000  46.000000  1.414214
186.500000  47.500000  3.535534
186.600000  44.500000  6.363961
186.700000  43.000000  12.727922
186.800000  44.000000  4.242641
186.900000  47.500000  3.535534
187.000000  51.500000  4.949747
187.100000  50.500000  7.778175
187.200000  47.500000  2.121320
187.300000  43.000000  4.242641
187.400000  49.500000  10.606602
187.500000  45.000000  2.828427
187.600000  46.500000  9.192388
187.700000  42.000000  7.071068
187.800000  42.500000  10.606602
187.900000  37.500000  3.535534
188.000000  45.000000  5.656854
188.100000  40.500000  2.121320
188.200000  45.000000  0.000000
188.300000  46.500000  3.535534
188.400000  47.000000  7.071068
188.500000  42.500000  4.949747
188.600000  42.000000  5.656854
188.700000  39.500000  6.363961
188.800000  41.500000  0.707107
188.900000  49.000000  11.313708
189.000000  46.500000  3.535534
189.100000  43.000000  1.414214
189.200000  38.000000  1.414214
189.300000  35.500000  3.535534
189.400000  38.500000  2.121320
189.500000  49.000000  7.071068
189.600000  41.500000  4.949747
189.700000  49.000000  11.313708
189.800000  44.500000  4.949747
189.900000  40.000000  2.828427
190.000000  45.000000  11.313708
190.100000  43.000000  1.414214
190.200000  40.500000  4.949747
190.300000  41.000000  4.242641
190.400000  53.500000  20.506097
190.500000  47.000000  8.485281
190.600000  49.000000  1.414214
190.700000  46.500000  7.778175
190.800000  49.500000  3.535534
190.900000  40.500000  6.363961
191.000000  42.000000  12.727922
191.100000  38.500000  6.363961
191.200000  41.500000  2.121320
191.300000  42.000000  11.313708
191.400000  40.500000  3.535534
191.500000  47.500000  4.949747
191.600000  42.500000  6.363961
191.700000  44.000000  12.727922
191.800000  46.500000  3.535534
191.900000  44.500000  4.949747
192.000000  42.000000  9.899495
192.100000  43.500000  7.778175
192.200000  37.500000  14.849242
192.300000  47.000000  5.656854
192.400000  52.000000  5.656854
192.500000  48.000000  5.656854
192.600000  52.000000  1.414214
192.700000  45.000000  4.242641
192.800000  48.500000  2.121320
192.900000  43.500000  7.778175
193.000000  51.500000  0.707107
193.100000  50.000000  11.313708
193.200000  47.500000  7.778175
193.300000  43.000000  2.828427
193.400000  51.000000  5.656854
193.500000  40.000000  7.071068
193.600000  45.000000  8.485281
193.700000  50.000000  1.414214
193.800000  45.000000  1.414214
193.900000  41.000000  4.242641
194.000000  43.000000  1.414214
194.100000  51.500000  4.949747
194.200000  49.500000  6.363961
194.300000  47.000000  1.414214
194.400000  57.000000  7.071068
194.500000  47.000000  9.899495
194.600000  41.500000  10.606602
194.700000  53.000000  11.313708
194.800000  44.500000  13.435029
194.900000  41.500000  13.435029
195.000000  56.000000  2.828427
195.100000  49.000000  1.414214
195.200000  49.500000  2.121320
195.300000  46.500000  2.121320
195.400000  50.000000  1.414214
195.500000  42.500000  0.707107
195.600000  49.000000  8.485281
195.700000  47.500000  14.849242
195.800000  49.500000  4.949747
195.900000  50.000000  9.899495
196.000000  46.500000  0.707107
196.100000  55.000000  4.242641
196.200000  47.500000  4.949747
196.300000  45.500000  3.535534
196.400000  51.000000  1.414214
196.500000  45.000000  5.656854
196.600000  51.000000  7.071068
196.700000  42.000000  1.414214
196.800000  47.500000  0.707107
196.900000  40.500000  3.535534
197.000000  41.000000  2.828427
197.100000  44.500000  9.192388
197.200000  47.000000  1.414214
197.300000  47.500000  6.363961
197.400000  51.500000  2.121320
197.500000  53.500000  12.020815
197.600000  51.000000  4.242641
197.700000  46.000000  9.899495
197.800000  49.500000  3.535534
197.900000  49.500000  10.606602
198.000000  48.500000  7.778175
198.100000  49.500000  2.121320
198.200000  46.500000  3.535534
198.300000  40.000000  9.899495
198.400000  48.000000  4.242641
198.500000  44.500000  9.192388
198.600000  52.000000  4.242641
198.700000  45.000000  8.485281
198.800000  49.500000  0.707107
198.900000  48.500000  2.121320
199.000000  41.000000  1.414214
199.100000  51.000000  5.656854
199.200000  46.500000  10.606602
199.300000  43.500000  10.606602
199.400000  48.000000  4.242641
199.500000  40.000000  4.242641
199.600000  46.000000  2.828427
199.700000  43.000000  1.414214
199.800000  46.000000  5.656854
199.900000  45.500000  3.535534
200.000000  55.500000  0.707107
