# aggregated from 2 replicates
# x  mean  std
0.000000  75.998000  0.000000
0.100000  77.228500  0.446184
0.200000  77.517000  0.906511
0.300000  77.286500  0.699329
0.400000  77.982000  1.595233
0.500000  78.696500  0.847821
0.600000  77.623500  1.383808
0.700000  77.655500  0.557907
0.800000  77.431000  0.434164
0.900000  78.067000  0.007071
1.000000  78.072500  0.078489
1.100000  77.635000  2.231629
1.200000  78.112000  0.895197
1.300000  77.444500  0.819537
1.400000  79.117000  1.957272
1.500000  77.595500  0.975100
1.600000  78.256500  0.098288
1.700000  78.338500  1.168848
1.800000  79.058500  0.378302
1.900000  78.226500  0.143543
2.000000  79.051500  0.934088
2.100000  78.277000  0.533159
2.200000  78.673500  0.603162
2.300000  78.119500  2.277591
2.400000  78.202500  2.650943
2.500000  79.007000  1.422699
2.600000  79.137500  1.437548
2.700000  78.330500  0.647003
2.800000  79.296500  1.982020
2.900000  79.252500  0.635689
3.000000  79.914500  2.881460
3.100000  79.881000  1.968585
3.200000  80.030500  0.119501
3.300000  78.980500  0.733270
3.400000  77.473000  0.305470
3.500000  80.315500  1.597354
3.600000  79.235000  2.076066
3.700000  78.680500  0.659731
3.800000  79.183500  0.474469
3.900000  78.207500  0.887419
4.000000  78.730000  0.864084
4.100000  78.409500  1.243801
4.200000  76.702500  0.420729
4.300000  77.172000  0.651952
4.400000  77.282500  0.837922
4.500000  77.617500  0.166170
4.600000  77.299500  0.385373
4.700000  76.576000  1.745140
4.800000  75.775500  0.847821
4.900000  76.929500  0.979343
5.000000  76.172500  0.045962
5.100000  78.419000  0.657609
5.200000  76.845000  0.388909
5.300000  78.338000  0.305470
5.400000  76.470000  0.431335
5.500000  77.225500  1.388051
5.600000  77.827500  0.120915
5.700000  78.693500  1.260771
5.800000  77.189000  2.688420
5.900000  76.224000  2.992476
6.000000  76.857500  0.030406
6.100000  77.557000  1.455226
6.200000  75.922000  0.984293
6.300000  78.230500  1.166019
6.400000  76.447000  1.695642
6.500000  75.940500  1.998991
6.600000  76.005000  0.840043
6.700000  76.952500  0.362746
6.800000  76.608000  1.689985
6.900000  76.728000  0.345068
7.000000  77.092500  0.589020
7.100000  76.183500  0.310420
7.200000  76.214500  2.320017
7.300000  75.927000  1.151170
7.400000  76.366000  0.981464
7.500000  78.031500  0.849235
7.600000  77.045000  0.643467
7.700000  76.619500  1.219759
7.800000  75.793000  0.145664
7.900000  76.266000  1.294005
8.000000  78.490500  2.059802
8.100000  77.923500  0.415072
8.200000  76.024500  0.041719
8.300000  77.271000  0.212132
8.400000  77.777000  0.165463
8.500000  78.304000  2.067580
8.600000  77.218000  2.397092
8.700000  76.708500  1.778374
8.800000  77.679000  1.641902
8.900000  77.245000  1.237437
9.000000  76.581500  1.014698
9.100000  76.808000  0.216375
9.200000  77.337000  1.965757
9.300000  77.495500  2.112128
9.400000  76.570500  1.269257
9.500000  77.932000  0.664680
9.600000  76.431500  0.218496
9.700000  76.979500  0.045962
9.800000  77.302000  0.776403
9.900000  76.960000  0.618011
10.000000  78.437500  0.762968
10.100000  77.088500  0.386787
10.200000  76.257000  0.231931
10.300000  76.239000  2.672864
10.400000  76.990500  0.152028
10.500000  77.239500  0.738927
10.600000  78.143500  2.042831
10.700000  76.695000  1.685743
10.800000  77.468500  0.775696
10.900000  77.206000  1.428356
11.000000  76.099000  1.165312
11.100000  76.252500  0.307591
11.200000  76.870500  0.340118
11.300000  77.488500  1.676550
11.400000  75.992000  0.466690
11.500000  76.837000  0.497803
11.600000  75.942500  0.521138
11.700000  77.191500  3.738474
11.800000  76.915000  0.342240
11.900000  76.184500  1.768474
12.000000  75.864000  1.436841
12.100000  77.487500  0.874691
12.200000  77.217000  0.581242
12.300000  77.541000  1.144099
12.400000  77.030000  0.260215
12.500000  77.672500  1.775545
12.600000  76.441500  1.065610
12.700000  77.781500  0.342947
12.800000  77.130500  1.949493
12.900000  76.841500  1.187232
13.000000  76.431000  1.866762
13.100000  76.478500  0.960958
13.200000  77.069000  0.333754
13.300000  76.098500  1.168848
13.400000  76.500500  1.030255
13.500000  76.693500  1.792516
13.600000  76.230000  1.282692
13.700000  77.386500  1.662408
13.800000  77.798500  1.600183
13.900000  77.370500  0.376888
14.000000  77.960500  1.201374
14.100000  77.935500  0.224153
14.200000  77.747000  0.179605
14.300000  76.625500  1.117936
14.400000  78.367500  0.470226
14.500000  77.893500  1.528058
14.600000  76.507500  1.325825
14.700000  76.363000  0.666095
14.800000  79.170500  0.122329
14.900000  77.229500  1.765646
15.000000  78.387000  0.906511
15.100000  76.936000  1.787566
15.200000  77.573500  0.549422
15.300000  77.149000  0.948937
15.400000  76.905500  0.624375
15.500000  76.761000  3.145211
15.600000  77.054500  1.477146
15.700000  76.785500  0.342947
15.800000  77.728500  2.035760
15.900000  78.173000  0.547301
16.000000  76.535000  2.008183
16.100000  76.002500  0.581949
16.200000  76.937500  1.542200
16.300000  77.338000  1.986970
16.400000  78.680000  0.517602
16.500000  76.436500  1.711906
16.600000  77.631500  0.828022
16.700000  77.583000  0.222032
16.800000  77.594000  3.906058
16.900000  77.022000  1.138442
17.000000  76.596000  0.841457
17.100000  78.076500  1.044397
17.200000  78.177500  0.733270
17.300000  77.185500  1.997577
17.400000  77.777500  0.277893
17.500000  77.282500  0.092631
17.600000  77.571500  0.310420
17.700000  78.278500  0.888833
17.800000  76.750500  0.232638
17.900000  77.058500  0.009192
18.000000  78.177500  1.294713
18.100000  78.682500  0.731856
18.200000  77.783500  0.744583
18.300000  78.305000  1.016820
18.400000  78.171000  1.162484
18.500000  76.671500  0.898733
18.600000  77.417000  2.090208
18.700000  78.290500  0.690843
18.800000  77.458000  0.247487
18.900000  78.168000  1.699885
19.000000  77.488000  1.607961
19.100000  78.100500  0.474469
19.200000  77.371000  0.745291
19.300000  77.668500  1.996162
19.400000  78.535000  1.791809
19.500000  77.683000  0.970151
19.600000  78.255000  1.470782
19.700000  77.922000  0.236174
19.800000  78.238000  0.059397
19.900000  78.215000  0.422850
20.000000  77.933500  0.282136
20.100000  78.747000  0.698621
20.200000  78.567500  0.741755
20.300000  78.029000  0.049497
20.400000  78.955000  0.561443
20.500000  78.783500  0.523966
20.600000  77.686500  0.082731
20.700000  79.391500  2.344059
20.800000  79.384000  1.500481
20.900000  78.543000  2.230215
21.000000  77.427500  2.298804
21.100000  77.551500  0.120915
21.200000  78.959000  1.016820
21.300000  77.949000  0.124451
21.400000  79.019000  0.656195
21.500000  78.118500  0.381131
21.600000  77.992000  0.072125
21.700000  78.086000  0.395980
21.800000  78.892000  0.789131
21.900000  77.833500  0.661145
22.000000  77.675000  0.623668
22.100000  78.958000  1.527351
22.200000  76.522500  1.120764
22.300000  77.797500  0.181726
22.400000  77.732500  0.108187
22.500000  78.004500  0.761554
22.600000  78.440500  1.018941
22.700000  78.898500  0.532451
22.800000  77.960500  0.263751
22.900000  79.113500  1.331482
23.000000  77.897500  0.484368
23.100000  77.156500  1.262186
23.200000  77.792000  0.554372
23.300000  78.504500  0.689429
23.400000  78.487000  0.748119
23.500000  77.244000  1.284106
23.600000  76.714500  0.424971
23.700000  77.256000  0.360624
23.800000  77.249000  0.002828
23.900000  79.024500  0.702157
24.000000  77.959000  0.176777
24.100000  77.501000  0.096167
24.200000  76.792000  0.506288
24.300000  77.869500  0.337290
24.400000  77.974000  0.019799
24.500000  77.524500  0.064347
24.600000  76.911500  1.272085
24.700000  77.354500  0.159099
24.800000  78.251000  1.326532
24.900000  78.111500  0.669630
25.000000  77.545000  0.937624
25.100000  77.542500  0.245366
25.200000  78.395500  0.078489
25.300000  77.935000  0.712764
25.400000  79.312500  0.512652
25.500000  79.565500  0.043134
25.600000  78.254500  1.233901
25.700000  77.509500  2.048488
25.800000  78.524000  1.496238
25.900000  77.384500  1.075509
26.000000  77.814000  0.067882
26.100000  78.201000  0.769332
26.200000  76.220500  0.410829
26.300000  79.011500  0.007778
26.400000  78.411000  1.938887
26.500000  76.952000  0.439820
26.600000  77.616500  1.151877
26.700000  76.365000  2.104350
26.800000  78.302500  2.474167
26.900000  78.340500  1.570484
27.000000  76.272500  1.402193
27.100000  78.161000  3.275319
27.200000  76.588500  3.172788
27.300000  78.310500  2.290319
27.400000  77.745000  0.496389
27.500000  77.453000  1.555635
27.600000  75.996000  1.121471
27.700000  76.762500  1.792516
27.800000  76.457500  2.434569
27.900000  76.561000  1.077631
28.000000  76.084500  0.045962
28.100000  76.592500  0.484368
28.200000  77.168000  1.101672
28.300000  76.133000  1.112986
28.400000  76.198500  0.287792
28.500000  77.113500  0.614476
28.600000  76.249500  1.253700
28.700000  77.195500  2.520836
28.800000  77.414000  1.926159
28.900000  77.105000  1.250165
29.000000  76.046000  1.660287
29.100000  75.229500  0.710642
29.200000  75.152500  2.222437
29.300000  76.290000  2.365979
29.400000  76.128500  2.612760
29.500000  77.526000  1.388758
29.600000  76.663500  0.041719
29.700000  77.663000  0.239002
29.800000  77.146500  3.056823
29.900000  77.142500  0.762968
30.000000  76.598000  2.890653
30.100000  76.313500  2.148898
30.200000  76.256000  0.876812
30.300000  76.210500  2.335574
30.400000  76.355000  0.677408
30.500000  75.785500  0.948230
30.600000  77.424000  3.814134
30.700000  76.687000  1.961514
30.800000  77.125000  1.100258
30.900000  75.570500  3.417447
31.000000  76.665000  1.811608
31.100000  76.684500  1.702006
31.200000  75.396500  1.484217
31.300000  77.032500  0.372645
31.400000  76.382500  1.081166
31.500000  76.368000  1.743725
31.600000  75.333500  1.472903
31.700000  76.864500  0.016263
31.800000  76.321000  0.790545
31.900000  76.471500  0.682358
32.000000  76.856000  1.572605
32.100000  77.317000  2.080308
32.200000  77.262500  0.318905
32.300000  77.810500  0.310420
32.400000  75.718000  2.305168
32.500000  77.093500  0.506996
32.600000  76.727500  0.153442
32.700000  76.099500  1.055710
32.800000  76.753500  0.545179
32.900000  76.264000  0.309713
33.000000  77.424000  0.298399
33.100000  77.372500  0.733270
33.200000  76.826500  0.231224
33.300000  75.936000  2.336281
33.400000  77.192000  2.056267
33.500000  77.290500  1.253700
33.600000  76.014500  1.001970
33.700000  76.175500  0.070004
33.800000  78.117000  2.624780
33.900000  77.111500  1.989091
34.000000  77.351500  1.675136
34.100000  76.139500  0.091217
34.200000  76.194000  0.997021
34.300000  76.810500  1.385222
34.400000  77.111500  2.853176
34.500000  76.958000  0.724077
34.600000  77.328500  0.884591
34.700000  77.848000  2.315068
34.800000  78.976500  1.265014
34.900000  77.543000  1.554221
35.000000  77.532500  1.638366
35.100000  77.567000  0.766504
35.200000  77.856500  0.796909
35.300000  77.639500  0.276479
35.400000  77.571500  1.764231
35.500000  76.104500  0.738927
35.600000  77.316500  1.281985
35.700000  77.345000  1.257236
35.800000  77.231500  1.207031
35.900000  76.599500  1.127835
36.000000  77.679000  2.399920
36.100000  77.554000  2.053438
36.200000  76.963500  1.757160
36.300000  76.189500  1.673722
36.400000  77.334000  3.399769
36.500000  75.873000  1.578262
36.600000  76.431500  1.815143
36.700000  77.890000  0.868327
36.800000  77.106500  1.858984
36.900000  76.862000  1.043690
37.000000  76.391000  1.094601
37.100000  79.064500  1.061367
37.200000  77.175500  1.774131
37.300000  76.985000  0.731148
37.400000  78.121000  1.613618
37.500000  77.879500  1.945251
37.600000  77.247000  2.027982
37.700000  77.653500  1.085409
37.800000  77.393500  0.048790
37.900000  77.060500  2.501037
38.000000  75.977500  1.668065
38.100000  76.651500  2.465681
38.200000  77.243000  2.016669
38.300000  75.966500  1.764231
38.400000  77.113500  1.935351
38.500000  76.943500  2.605688
38.600000  76.880500  0.682358
38.700000  77.844500  2.038589
38.800000  76.322500  0.139300
38.900000  76.998500  0.249609
39.000000  76.649000  1.811608
39.100000  77.228000  1.982727
39.200000  76.358000  1.709784
39.300000  75.840500  0.129401
39.400000  76.689000  1.521694
39.500000  75.585000  1.025305
39.600000  77.023500  1.699178
39.700000  76.556000  2.009597
39.800000  76.604500  0.572049
39.900000  78.076500  1.339967
40.000000  77.004500  0.358503
40.100000  76.283000  1.740897
40.200000  77.115500  1.182990
40.300000  78.153000  2.585182
40.400000  76.903500  1.700592
40.500000  76.762500  2.031518
40.600000  76.869000  1.832821
40.700000  76.899500  1.376737
40.800000  76.481000  0.243245
40.900000  76.503000  0.527502
41.000000  77.128500  0.688015
41.100000  76.335000  0.299813
41.200000  76.738000  0.910754
41.300000  77.236000  0.599627
41.400000  77.136000  2.677106
41.500000  77.097500  1.870297
41.600000  76.702500  0.788424
41.700000  76.787000  0.691550
41.800000  75.705000  1.302491
41.900000  74.643500  1.427649
42.000000  76.512000  1.945958
42.100000  75.386500  0.675287
42.200000  75.298000  2.306582
42.300000  77.903500  1.617153
42.400000  75.171000  0.629325
42.500000  76.989500  0.453255
42.600000  76.986500  0.337290
42.700000  76.422500  1.093894
42.800000  76.812000  0.493561
42.900000  77.112000  0.282843
43.000000  76.569000  0.873984
43.100000  77.057000  0.489318
43.200000  75.811000  0.193747
43.300000  77.642000  0.176777
43.400000  77.013000  0.284257
43.500000  77.085000  1.534422
43.600000  76.777500  0.118087
43.700000  76.290500  0.085560
43.800000  76.804500  2.376586
43.900000  76.811000  0.144250
44.000000  75.972500  1.634124
44.100000  75.636500  1.044397
44.200000  76.553000  1.500481
44.300000  76.956500  0.374059
44.400000  76.755000  1.045104
44.500000  76.557500  0.686601
44.600000  76.178500  2.092329
44.700000  78.529000  0.231931
44.800000  77.946500  1.149049
44.900000  75.848000  1.251579
45.000000  76.894500  1.389465
45.100000  75.926500  1.656751
45.200000  76.783000  0.759433
45.300000  75.615000  1.667358
45.400000  76.649000  1.572605
45.500000  76.512500  0.635689
45.600000  76.807500  0.043134
45.700000  78.119500  0.688015
45.800000  77.081000  0.144250
45.900000  79.061500  0.217082
46.000000  78.722000  3.176324
46.100000  77.301000  0.670337
46.200000  77.017000  1.291177
46.300000  77.989500  0.389616
46.400000  76.150000  0.671751
46.500000  76.308500  0.091217
46.600000  76.784500  0.583363
46.700000  77.308500  0.004950
46.800000  77.304500  0.068589
46.900000  76.673000  0.523259
47.000000  77.720000  1.204910
47.100000  77.255500  0.263751
47.200000  77.502000  0.189505
47.300000  77.579500  0.813880
47.400000  76.451000  0.862670
47.500000  76.881000  0.753776
47.600000  76.460000  0.830143
47.700000  76.620500  1.819386
47.800000  75.791500  1.412092
47.900000  76.342500  0.729027
48.000000  74.736000  0.586899
48.100000  76.086500  1.079752
48.200000  74.298000  0.053740
48.300000  74.631000  1.654630
48.400000  75.668000  2.050610
48.500000  77.397000  0.329512
48.600000  75.809500  1.083995
48.700000  76.106000  0.103238
48.800000  76.819500  0.374059
48.900000  76.985000  0.739634
49.000000  76.972000  1.780495
49.100000  77.978500  3.015810
49.200000  77.648000  0.171120
49.300000  77.136000  0.797616
49.400000  76.800500  2.003234
49.500000  77.315500  0.306177
49.600000  77.768500  1.430477
49.700000  76.444000  0.299813
49.800000  78.197000  0.687308
49.900000  77.621500  0.729027
50.000000  76.229500  2.629730
50.100000  75.688500  1.908481
50.200000  77.210500  1.204203
50.300000  77.702500  1.990506
50.400000  77.470000  1.370373
50.500000  76.879500  2.315775
50.600000  76.510000  2.402749
50.700000  75.640500  1.460176
50.800000  76.087000  0.879641
50.900000  77.646000  2.521543
51.000000  76.058500  2.617002
51.100000  75.958000  1.226123
51.200000  77.412500  2.853176
51.300000  76.477000  1.063489
51.400000  75.753500  1.149049
51.500000  76.576000  1.808779
51.600000  77.003500  3.021467
51.700000  77.802500  2.691956
51.800000  78.175500  3.677662
51.900000  76.783000  1.745140
52.000000  77.238000  2.064752
52.100000  76.963500  1.748675
52.200000  76.615500  1.328654
52.300000  75.910000  1.533008
52.400000  76.442000  1.518865
52.500000  77.031500  1.450276
52.600000  75.349000  1.339260
52.700000  75.412500  1.982020
52.800000  75.922500  1.334310
52.900000  76.830000  1.729583
53.000000  76.775500  3.212386
53.100000  76.147000  3.440782
53.200000  77.554500  3.341080
53.300000  76.109000  2.122735
53.400000  76.848500  1.506845
53.500000  76.065000  0.237588
53.600000  76.555000  0.728320
53.700000  76.489500  0.577706
53.800000  77.202500  1.866055
53.900000  77.940500  2.775394
54.000000  76.917500  4.004346
54.100000  77.797500  1.710491
54.200000  77.592500  1.059953
54.300000  78.133500  2.174353
54.400000  78.495500  2.082429
54.500000  76.686000  0.456791
54.600000  76.723500  1.311683
54.700000  75.690000  0.731148
54.800000  77.353500  3.895451
54.900000  76.473000  2.353251
55.000000  76.978500  2.387900
55.100000  76.101500  1.651094
55.200000  75.469500  0.907218
55.300000  75.824000  0.149907
55.400000  76.612000  0.195161
55.500000  76.387500  1.687864
55.600000  75.617500  1.864641
55.700000  77.132500  0.258094
55.800000  77.621500  1.955150
55.900000  76.569000  0.799031
56.000000  77.497000  1.209153
56.100000  77.337500  0.010607
56.200000  76.792000  1.163898
56.300000  77.330500  1.721805
56.400000  77.302500  1.157534
56.500000  77.343500  1.250872
56.600000  76.846500  0.338704
56.700000  76.320000  2.044953
56.800000  76.882000  0.384666
56.900000  76.730000  0.591141
57.000000  77.379000  0.451134
57.100000  76.049500  2.341231
57.200000  75.347500  0.635689
57.300000  76.111500  0.645588
57.400000  76.855500  0.873277
57.500000  76.356000  0.724077
57.600000  75.192500  2.383657
57.700000  76.302500  0.239709
57.800000  74.894500  1.423406
57.900000  76.990500  0.538108
58.000000  76.738500  0.177484
58.100000  76.930500  0.354260
58.200000  76.107500  0.352846
58.300000  76.050500  0.915703
58.400000  76.574000  0.463862
58.500000  76.626000  2.085965
58.600000  76.607000  0.132936
58.700000  76.958500  3.103492
58.800000  76.311000  1.036619
58.900000  75.085000  1.545735
59.000000  76.673000  1.572605
59.100000  76.173500  2.779637
59.200000  76.308500  2.379414
59.300000  76.410500  2.103643
59.400000  76.124500  0.723370
59.500000  76.425500  1.817972
59.600000  77.291500  1.502602
59.700000  78.078500  2.499622
59.800000  77.155000  2.009597
59.900000  76.566500  1.960807
60.000000  77.336000  3.494522
60.100000  76.543500  3.120462
60.200000  76.714000  2.535685
60.300000  75.643500  2.682056
60.400000  76.865500  4.268804
60.500000  76.742500  3.312795
60.600000  76.414000  2.422548
60.700000  75.696500  1.782616
60.800000  75.338000  2.681349
60.900000  75.895500  2.194152
61.000000  75.181500  2.650943
61.100000  76.628000  1.115815
61.200000  76.030000  1.380272
61.300000  76.687000  3.150868
61.400000  76.552500  1.423406
61.500000  77.823500  2.758424
61.600000  76.426500  1.330068
61.700000  76.669500  1.764231
61.800000  75.964500  2.235165
61.900000  76.066500  3.475430
62.000000  76.945500  1.529472
62.100000  77.842000  3.099956
62.200000  77.362000  3.587860
62.300000  78.293500  2.601446
62.400000  76.324500  2.549120
62.500000  78.468000  3.074500
62.600000  76.199000  3.170667
62.700000  77.439500  2.790950
62.800000  75.292500  3.271783
62.900000  76.191000  3.918786
63.000000  78.075500  4.001517
63.100000  76.232000  2.969848
63.200000  76.870000  2.633266
63.300000  76.622000  3.736352
63.400000  77.488000  2.053438
63.500000  76.318500  2.933786
63.600000  77.019000  1.998284
63.700000  76.811000  1.834235
63.800000  76.756000  1.873833
63.900000  76.739000  4.204457
64.000000  77.320000  3.279561
64.100000  77.316500  3.136019
64.200000  77.318500  2.444468
64.300000  77.234000  4.057379
64.400000  76.467000  4.022023
64.500000  76.603000  3.330473
64.600000  77.934000  3.167838
64.700000  77.036500  3.350979
64.800000  76.636500  3.574425
64.900000  77.359500  4.086370
65.000000  76.723000  2.295269
65.100000  75.594000  1.357645
65.200000  76.143000  2.088793
65.300000  76.973500  3.195416
65.400000  76.064000  1.982727
65.500000  75.702000  5.284916
65.600000  76.019000  3.862217
65.700000  76.225500  3.104906
65.800000  76.600000  4.794184
65.900000  77.648500  3.154403
66.000000  76.807000  2.535685
66.100000  75.874500  3.134604
66.200000  76.998500  2.423255
66.300000  77.719500  1.786859
66.400000  75.319000  1.913431
66.500000  76.785000  2.484773
66.600000  76.312000  2.877925
66.700000  76.517000  0.989949
66.800000  75.897500  2.086672
66.900000  76.388000  1.460883
67.000000  76.576000  0.138593
67.100000  77.454000  0.639225
67.200000  75.862500  1.820800
67.300000  76.025500  3.096421
67.400000  76.428500  1.997577
67.500000  77.064000  2.064752
67.600000  76.211000  0.213546
67.700000  77.151000  1.889389
67.800000  76.498000  2.685592
67.900000  77.687000  1.442498
68.000000  77.060000  2.233043
68.100000  76.340500  2.502451
68.200000  76.440000  3.521392
68.300000  76.573500  1.174504
68.400000  75.866000  5.417852
68.500000  76.361500  4.093441
68.600000  76.095500  5.135717
68.700000  75.889500  2.954999
68.800000  76.354000  4.648520
68.900000  75.663500  3.418861
69.000000  76.619000  1.462297
69.100000  76.219000  4.241226
69.200000  76.335500  3.138847
69.300000  76.264000  4.525483
69.400000  76.608000  4.688118
69.500000  77.876500  2.465681
69.600000  76.091000  3.600588
69.700000  77.236500  4.444166
69.800000  77.906000  2.883581
69.900000  77.936000  2.455075
70.000000  79.051000  3.956970
70.100000  77.097000  3.877774
70.200000  77.198500  2.769737
70.300000  76.492000  4.546697
70.400000  77.554000  4.676804
70.500000  76.636500  2.885703
70.600000  76.940500  4.940555
70.700000  78.371000  4.485885
70.800000  78.142000  0.980050
70.900000  78.751000  4.084249
71.000000  77.834500  3.860096
71.100000  77.908000  3.446438
71.200000  77.176000  3.850904
71.300000  78.115000  4.808326
71.400000  78.133500  4.005760
71.500000  77.517000  1.607961
71.600000  75.458500  3.959091
71.700000  76.852500  2.059802
71.800000  76.149500  3.247741
71.900000  75.889000  0.131522
72.000000  75.025500  2.583061
72.100000  76.583000  2.275470
72.200000  77.512000  2.272641
72.300000  75.452500  1.765646
72.400000  75.526000  1.839892
72.500000  76.298000  2.029396
72.600000  77.192500  2.860247
72.700000  76.966000  0.882469
72.800000  76.152000  2.918937
72.900000  76.583000  2.583768
73.000000  77.342000  1.989798
73.100000  76.428000  4.087077
73.200000  76.777500  4.060914
73.300000  76.424500  3.216629
73.400000  75.812000  2.860954
73.500000  76.420000  3.705240
73.600000  75.882000  4.003639
73.700000  76.115000  2.636094
73.800000  76.111000  3.435125
73.900000  76.428500  4.513463
74.000000  76.459000  4.060207
74.100000  76.196500  2.911159
74.200000  75.518500  2.877217
74.300000  75.980500  3.358050
74.400000  76.129500  2.365272
74.500000  75.549500  2.916815
74.600000  77.202500  0.351432
74.700000  77.061000  1.998284
74.800000  76.048500  3.551797
74.900000  76.722000  4.471743
75.000000  77.136000  1.957272
75.100000  75.523000  2.504572
75.200000  75.988500  1.450276
75.300000  77.782500  3.608366
75.400000  76.271000  0.783474
75.500000  77.000500  0.870448
75.600000  75.769000  2.443761
75.700000  74.378000  1.040861
75.800000  75.591000  2.640337
75.900000  75.363000  1.127128
76.000000  76.664500  2.839034
76.100000  77.099500  0.112430
76.200000  76.112000  1.533008
76.300000  78.255500  2.362444
76.400000  76.248000  0.366281
76.500000  76.661500  1.716148
76.600000  77.652500  0.309006
76.700000  77.121000  3.040559
76.800000  76.986500  0.870448
76.900000  76.959500  2.078187
77.000000  75.960000  4.075763
77.100000  76.212000  2.937322
77.200000  76.153000  1.733826
77.300000  77.409000  2.599325
77.400000  77.087000  3.080157
77.500000  76.547000  1.620689
77.600000  76.076000  0.280014
77.700000  76.234500  2.127684
77.800000  75.628500  2.095157
77.900000  76.579000  3.032074
78.000000  75.838500  2.001819
78.100000  76.632000  0.033941
78.200000  77.758000  1.675843
78.300000  77.609000  1.673015
78.400000  76.831500  1.660994
78.500000  77.344500  1.967878
78.600000  77.766000  0.349311
78.700000  77.038000  2.660136
78.800000  77.521000  0.663266
78.900000  78.921500  1.441791
79.000000  77.702500  0.587606
79.100000  77.946000  0.349311
79.200000  78.627500  1.224002
79.300000  76.788500  1.880197
79.400000  76.694000  1.688571
79.500000  75.733500  3.106320
79.600000  76.484000  2.440933
79.700000  76.230500  1.908481
79.800000  77.256500  2.979041
79.900000  77.106000  4.029094
80.000000  78.773500  3.295825
80.100000  77.100000  3.211679
80.200000  77.225000  2.419719
80.300000  77.157000  2.514472
80.400000  76.525500  1.559170
80.500000  77.143500  2.092329
80.600000  77.558000  2.975505
80.700000  77.569000  1.337846
80.800000  77.220500  1.499773
80.900000  77.029000  3.915957
81.000000  77.033000  3.327645
81.100000  77.534000  3.518563
81.200000  76.699000  3.964041
81.300000  76.872000  3.917372
81.400000  76.987500  2.172939
81.500000  77.127000  0.494975
81.600000  77.638000  0.626497
81.700000  76.916000  1.871005
81.800000  76.965000  1.117229
81.900000  77.792500  1.429063
82.000000  77.159500  3.124705
82.100000  77.427000  0.848528
82.200000  75.946500  3.022881
82.300000  77.049500  1.595940
82.400000  77.974000  2.003941
82.500000  76.968500  2.208294
82.600000  76.782500  0.921360
82.700000  76.414500  1.290470
82.800000  78.320500  1.482803
82.900000  76.533000  0.646296
83.000000  77.079500  2.635387
83.100000  77.113000  2.831256
83.200000  76.175500  0.532451
83.300000  77.566500  0.355675
83.400000  78.876500  2.666500
83.500000  77.255000  1.391586
83.600000  77.948500  1.296127
83.700000  78.162500  1.501188
83.800000  77.944000  1.912017
83.900000  76.579000  1.937473
84.000000  77.867000  1.183697
84.100000  77.351500  2.348302
84.200000  76.343000  1.295420
84.300000  77.311000  1.165312
84.400000  76.726500  1.092480
84.500000  76.906500  1.414921
84.600000  76.338500  2.789536
84.700000  77.302500  0.686601
84.800000  77.133000  1.349160
84.900000  78.541500  0.692258
85.000000  78.237000  1.496238
85.100000  78.515500  1.938180
85.200000  77.401500  0.613062
85.300000  78.230500  0.170413
85.400000  76.854000  0.002828
85.500000  77.505500  1.052882
85.600000  77.445500  0.494268
85.700000  79.004500  0.051619
85.800000  76.948500  1.559170
85.900000  76.957500  0.422143
86.000000  77.445000  0.517602
86.100000  77.561000  1.551392
86.200000  77.100000  1.196425
86.300000  77.799000  2.049195
86.400000  77.783000  0.107480
86.500000  78.072000  1.639074
86.600000  77.317000  1.886561
86.700000  78.203500  0.410829
86.800000  77.999000  0.306884
86.900000  77.260500  0.125158
87.000000  79.213000  1.029547
87.100000  76.695500  0.296278
87.200000  77.001500  0.772868
87.300000  77.166000  1.022476
87.400000  78.476000  0.084853
87.500000  79.294500  0.874691
87.600000  78.015000  1.202082
87.700000  76.124000  0.062225
87.800000  77.205500  0.611647
87.900000  77.485500  1.143392
88.000000  76.521000  2.119906
88.100000  76.752000  0.445477
88.200000  77.162000  0.100409
88.300000  76.123500  0.013435
88.400000  76.936500  1.028840
88.500000  77.603000  0.103238
88.600000  78.377500  0.484368
88.700000  77.788000  0.222032
88.800000  75.772000  0.626497
88.900000  76.596500  0.591848
89.000000  75.724000  1.715441
89.100000  77.392500  2.713169
89.200000  75.864000  1.964343
89.300000  77.714500  0.287792
89.400000  77.594500  0.983586
89.500000  79.744000  1.940301
89.600000  76.347500  1.511087
89.700000  78.635000  2.080308
89.800000  77.859500  0.579120
89.900000  78.568500  0.552250
90.000000  78.216000  1.629174
90.100000  77.430000  0.063640
90.200000  77.367500  1.536543
90.300000  78.175000  1.886561
90.400000  77.602000  0.700036
90.500000  77.350500  2.830548
90.600000  76.801000  1.210567
90.700000  77.721500  0.918532
90.800000  76.833500  2.075358
90.900000  77.459000  4.253954
91.000000  78.127500  2.635387
91.100000  77.682000  2.412648
91.200000  77.099500  0.912875
91.300000  77.745500  1.263600
91.400000  78.992500  1.160362
91.500000  78.674000  0.463862
91.600000  77.974500  1.272085
91.700000  76.541500  0.241123
91.800000  78.295000  0.345068
91.900000  77.669000  1.327947
92.000000  77.651000  1.217638
92.100000  77.958500  2.201223
92.200000  77.707000  0.090510
92.300000  76.588000  1.486338
92.400000  77.612500  0.952473
92.500000  78.650000  1.831407
92.600000  77.633000  1.442498
92.700000  77.671000  0.446891
92.800000  78.159000  3.613316
92.900000  76.849500  2.465681
93.000000  76.741000  1.087530
93.100000  78.923000  0.835800
93.200000  78.078500  1.693521
93.300000  76.240000  0.650538
93.400000  76.547500  1.668065
93.500000  76.591000  0.782060
93.600000  77.316000  2.808628
93.700000  78.093000  0.984293
93.800000  76.362500  2.106471
93.900000  77.670000  0.288500
94.000000  77.822000  2.380121
94.100000  77.822500  1.854741
94.200000  77.073000  2.009597
94.300000  76.615000  0.049497
94.400000  76.608000  0.277186
94.500000  77.600000  0.011314
94.600000  76.984000  2.207587
94.700000  77.401500  1.322997
94.800000  77.162000  1.291177
94.900000  77.594500  0.877520
95.000000  77.996000  0.825901
95.100000  78.365500  0.556493
95.200000  76.456500  0.038891
95.300000  77.837500  0.703571
95.400000  76.790500  1.211274
95.500000  77.988500  0.808223
95.600000  78.143000  1.682914
95.700000  76.986500  1.007627
95.800000  77.014500  2.499622
95.900000  76.941500  2.072530
96.000000  77.435500  1.147634
96.100000  77.227500  1.127835
96.200000  78.093000  0.561443
96.300000  76.575500  0.951059
96.400000  75.460000  0.513360
96.500000  76.707500  0.054447
96.600000  77.295000  1.469368
96.700000  77.418000  2.317896
96.800000  77.254000  0.024042
96.900000  77.565500  1.310269
97.000000  77.247000  0.193747
97.100000  76.931000  0.486489
97.200000  77.025500  1.273499
97.300000  77.765500  0.359917
97.400000  77.100500  0.765797
97.500000  78.472500  1.047225
97.600000  77.374000  0.625082
97.700000  77.246500  0.328805
97.800000  77.480000  0.254558
97.900000  77.519000  0.403051
98.000000  77.382000  0.094752
98.100000  78.090000  0.968736
98.200000  77.590500  0.371231
98.300000  77.438000  0.702864
98.400000  76.661000  0.442649
98.500000  76.703000  0.564271
98.600000  76.878500  0.922774
98.700000  76.894000  0.562857
98.800000  77.857500  0.389616
98.900000  76.753500  1.641195
99.000000  75.760000  0.179605
99.100000  78.010500  1.108036
99.200000  76.873500  1.915552
99.300000  76.642500  0.470226
99.400000  77.210500  0.678115
99.500000  77.695500  0.021920
99.600000  77.447000  0.799031
99.700000  76.930500  0.113844
99.800000  79.091000  1.156827
99.900000  77.995000  1.516037
100.000000  76.282000  0.698621
100.100000  77.035000  0.451134
100.200000  76.922000  0.988535
100.300000  77.568000  1.030962
100.400000  77.672500  0.758726
100.500000  77.667500  1.035911
100.600000  75.568000  0.148492
100.700000  77.182000  0.183848
100.800000  77.984500  0.506996
100.900000  76.361500  0.509824
101.000000  79.209000  0.082024
101.100000  77.023500  0.982171
101.200000  77.565500  2.368101
101.300000  76.399000  0.946109
101.400000  76.017500  0.574878
101.500000  76.274000  0.939038
101.600000  77.428500  2.567505
101.700000  76.279500  0.415072
101.800000  77.200000  1.688571
101.900000  76.870000  0.582656
102.000000  77.813000  0.144250
102.100000  76.290500  0.095459
102.200000  75.699500  0.248194
102.300000  76.266500  0.451841
102.400000  76.861500  0.183141
102.500000  75.978500  0.062933
102.600000  76.272500  0.210011
102.700000  75.827000  0.074953
102.800000  75.053500  1.199960
102.900000  75.148000  1.236023
103.000000  75.544000  1.706956
103.100000  74.816000  1.446740
103.200000  75.795000  1.523108
103.300000  75.397000  0.663266
103.400000  74.336000  0.278600
103.500000  75.917000  1.665944
103.600000  75.548500  1.208445
103.700000  75.158500  0.419314
103.800000  75.461000  0.008485
103.900000  75.286000  0.036770
104.000000  75.081000  0.629325
104.100000  76.252500  1.506845
104.200000  76.412000  1.301076
104.300000  75.704500  0.757311
104.400000  75.331000  0.342240
104.500000  75.236500  0.758726
104.600000  75.164000  1.161069
104.700000  75.303000  1.128542
104.800000  74.571500  0.915703
104.900000  75.256000  0.640639
105.000000  75.118000  0.374767
105.100000  75.503000  0.065054
105.200000  75.660500  1.044397
105.300000  76.150500  0.969443
105.400000  75.177500  0.286378
105.500000  74.794000  2.312239
105.600000  75.241000  1.979899
105.700000  75.189000  0.404465
105.800000  74.781500  0.378302
105.900000  75.322500  0.391030
106.000000  76.387000  0.533159
106.100000  75.806000  2.282541
106.200000  76.493500  0.559321
106.300000  76.665000  0.567100
106.400000  77.032000  0.913582
106.500000  75.949500  0.941159
106.600000  76.157000  0.254558
106.700000  77.072000  0.947523
106.800000  75.345000  1.288349
106.900000  75.447000  2.333452
107.000000  74.996500  0.696500
107.100000  75.331000  0.511945
107.200000  76.018000  0.586899
107.300000  76.779500  1.037326
107.400000  75.090000  0.691550
107.500000  75.573500  0.150614
107.600000  76.078500  1.472903
107.700000  76.800000  0.527502
107.800000  77.122500  2.382243
107.900000  75.952000  0.654781
108.000000  75.361000  1.019648
108.100000  75.350500  1.849084
108.200000  76.501000  0.374767
108.300000  75.935000  1.124300
108.400000  75.486000  0.770746
108.500000  74.829000  0.062225
108.600000  74.973000  0.892369
108.700000  77.323500  1.260771
108.800000  75.869000  1.598061
108.900000  75.186000  0.350725
109.000000  74.793000  1.008334
109.100000  73.749000  1.148341
109.200000  75.660500  0.003536
109.300000  74.861500  0.033234
109.400000  75.692000  0.784889
109.500000  75.129000  1.185111
109.600000  76.197000  1.165312
109.700000  76.702000  1.112986
109.800000  76.049000  0.461034
109.900000  76.760500  0.434871
110.000000  76.083000  0.458205
110.100000  75.840500  1.392293
110.200000  76.452000  3.266833
110.300000  76.694000  2.251428
110.400000  75.331000  0.711349
110.500000  77.431500  1.400779
110.600000  76.912500  1.076924
110.700000  77.011000  0.940452
110.800000  75.366000  0.534573
110.900000  74.941000  0.309713
111.000000  76.468500  0.683772
111.100000  76.417000  0.601041
111.200000  75.782000  0.086267
111.300000  75.849500  1.218345
111.400000  75.880500  0.724784
111.500000  76.035500  2.498208
111.600000  76.622000  0.121622
111.700000  75.999000  1.090359
111.800000  77.419000  1.525936
111.900000  77.270000  0.516188
112.000000  75.853500  0.409415
112.100000  76.419000  1.203496
112.200000  76.229000  1.173797
112.300000  75.944500  0.004950
112.400000  78.165000  0.114551
112.500000  76.164000  1.292591
112.600000  75.849500  0.726199
112.700000  75.908000  1.197839
112.800000  76.457000  1.309562
112.900000  76.211000  0.889540
113.000000  76.141500  0.525380
113.100000  75.089000  0.435578
113.200000  75.572500  1.310269
113.300000  77.086500  1.513916
113.400000  76.791500  1.618567
113.500000  75.290500  1.298955
113.600000  77.006500  0.801152
113.700000  75.556000  1.351988
113.800000  76.673000  2.184960
113.900000  75.871500  1.088237
114.000000  75.047500  0.273650
114.100000  74.506000  1.190768
114.200000  74.290500  0.755897
114.300000  75.614500  0.154856
114.400000  75.891500  1.229659
114.500000  75.719000  0.111723
114.600000  77.343500  0.092631
114.700000  75.634500  1.881611
114.800000  76.719500  0.656902
114.900000  76.256000  0.016971
115.000000  75.521000  0.412950
115.100000  75.584000  1.930402
115.200000  76.197500  1.327239
115.300000  76.621500  2.392142
115.400000  76.373500  1.998991
115.500000  75.580000  1.467954
115.600000  75.140000  0.634982
115.700000  76.862500  0.190212
115.800000  75.912500  0.152028
115.900000  75.979000  0.257387
116.000000  75.263500  0.765797
116.100000  76.495000  0.243245
116.200000  74.654500  0.823779
116.300000  75.645500  0.156271
116.400000  76.918000  1.716855
116.500000  75.121500  1.805244
116.600000  77.667000  0.859842
116.700000  76.537500  1.522401
116.800000  74.863500  0.499924
116.900000  76.375500  0.130815
117.000000  75.982500  1.655337
117.100000  76.227500  1.208445
117.200000  76.623500  0.334462
117.300000  75.822000  1.244508
117.400000  76.403500  1.355524
117.500000  76.853500  1.414921
117.600000  77.080500  1.884440
117.700000  76.248000  2.532856
117.800000  75.745500  0.369817
117.900000  77.099000  2.060509
118.000000  76.359000  1.524522
118.100000  76.390500  1.129250
118.200000  75.652000  1.226123
118.300000  75.558500  0.368403
118.400000  76.804500  0.255266
118.500000  78.005500  2.406284
118.600000  76.274500  0.364160
118.700000  78.407000  0.350725
118.800000  76.653500  0.085560
118.900000  75.963500  1.093894
119.000000  76.181000  1.008334
119.100000  75.152500  1.550685
119.200000  76.211000  1.332189
119.300000  76.491500  0.655488
119.400000  76.739000  1.787566
119.500000  76.809500  1.243801
119.600000  77.301500  0.400930
119.700000  77.112000  0.605283
119.800000  76.054500  0.086974
119.900000  76.949500  0.184555
120.000000  75.122500  0.709228
120.100000  76.019000  0.077782
120.200000  77.812000  0.295571
120.300000  76.654000  0.343654
120.400000  75.878500  0.680944
120.500000  78.204000  0.179605
120.600000  77.786500  1.236730
120.700000  76.503000  1.243094
120.800000  76.035500  0.286378
120.900000  76.235500  1.764231
121.000000  77.154500  0.183141
121.100000  76.858500  1.355524
121.200000  76.961500  1.065610
121.300000  76.414000  1.176626
121.400000  76.619500  1.158948
121.500000  74.852000  0.568514
121.600000  76.260500  0.026163
121.700000  74.909000  0.121622
121.800000  76.530500  0.600334
121.900000  76.654000  1.424113
122.000000  77.481000  1.346331
122.100000  76.989500  0.136472
122.200000  76.079500  0.802566
122.300000  76.193000  0.609526
122.400000  76.889000  1.296834
122.500000  77.820000  0.458205
122.600000  77.126500  0.094045
122.700000  76.731000  0.321026
122.800000  76.682500  0.050205
122.900000  76.508000  0.913582
123.000000  75.661000  1.740897
123.100000  76.276500  1.058539
123.200000  77.193000  2.367394
123.300000  76.627500  0.641346
123.400000  77.247500  0.398101
123.500000  77.124000  1.829992
123.600000  77.884500  2.740039
123.700000  77.255000  0.106066
123.800000  76.720000  0.615183
123.900000  77.660500  1.864641
124.000000  76.132000  0.369110
124.100000  76.518500  2.321432
124.200000  78.285000  1.552806
124.300000  76.874500  0.750240
124.400000  77.837500  0.723370
124.500000  76.501000  0.844285
124.600000  77.337000  1.008334
124.700000  75.422000  0.799031
124.800000  76.670500  1.530886
124.900000  76.569500  1.655337
125.000000  77.695000  0.386080
125.100000  77.702000  2.365979
125.200000  77.665500  0.508410
125.300000  77.743000  2.114249
125.400000  77.385000  0.705693
125.500000  77.579500  1.868883
125.600000  77.721000  1.176626
125.700000  77.490500  0.979343
125.800000  77.786000  0.961665
125.900000  75.999000  0.719835
126.000000  77.125500  0.692258
126.100000  76.847000  0.902268
126.200000  77.765000  0.032527
126.300000  77.034500  0.552250
126.400000  77.474500  0.480126
126.500000  75.866500  0.603162
126.600000  76.651000  0.326683
126.700000  77.686500  0.306177
126.800000  77.529000  0.014142
126.900000  76.876000  0.205061
127.000000  76.515000  1.364716
127.100000  77.567500  0.569221
127.200000  76.265500  0.231224
127.300000  78.496000  0.695793
127.400000  75.512000  0.302642
127.500000  77.485500  0.086974
127.600000  77.927000  1.315219
127.700000  76.654500  0.368403
127.800000  77.813000  0.371938
127.900000  75.688000  0.478004
128.000000  75.326500  0.506996
128.100000  74.742500  0.006364
128.200000  75.492500  0.064347
128.300000  76.173000  0.690136
128.400000  76.317000  0.623668
128.500000  75.302500  0.878934
128.600000  73.932000  0.692965
128.700000  76.109500  0.704985
128.800000  76.126500  1.156120
128.900000  76.812500  0.794081
129.000000  75.623500  0.761554
129.100000  75.689500  0.744583
129.200000  76.878000  0.329512
129.300000  76.052000  0.462448
129.400000  75.902000  0.448306
129.500000  76.632000  0.258801
129.600000  76.733500  0.000707
129.700000  77.352500  0.792667
129.800000  76.684000  0.620840
129.900000  77.128000  1.013991
130.000000  76.798500  0.604576
130.100000  74.994000  0.750947
130.200000  75.531000  0.589727
130.300000  75.559000  0.274357
130.400000  75.374500  1.202789
130.500000  75.186500  0.572049
130.600000  75.562000  1.589576
130.700000  75.084000  0.222032
130.800000  76.167000  1.432598
130.900000  74.728000  0.705693
131.000000  76.626500  1.461590
131.100000  76.999000  0.172534
131.200000  77.999500  0.509824
131.300000  77.628500  0.327390
131.400000  76.496000  0.295571
131.500000  76.101500  0.683772
131.600000  75.836000  1.118643
131.700000  75.429500  0.806809
131.800000  75.904500  0.347189
131.900000  77.499000  0.164049
132.000000  78.153000  1.813022
132.100000  76.068500  0.095459
132.200000  76.168500  0.921360
132.300000  75.700000  0.053740
132.400000  77.159500  0.825194
132.500000  76.796500  1.195718
132.600000  75.460500  0.992071
132.700000  76.254000  1.623517
132.800000  76.177500  1.776959
132.900000  76.321000  0.596798
133.000000  77.510500  2.051317
133.100000  75.557000  0.997021
133.200000  75.753500  1.102379
133.300000  77.426500  1.141977
133.400000  76.469000  0.316784
133.500000  77.146000  0.782060
133.600000  77.220000  0.595384
133.700000  77.482500  0.443356
133.800000  75.468000  0.476590
133.900000  76.183500  1.318754
134.000000  75.840000  0.554372
134.100000  76.015000  0.858428
134.200000  75.970500  0.347189
134.300000  78.475500  0.211425
134.400000  77.163000  0.548715
134.500000  76.247500  0.311834
134.600000  77.153000  0.964494
134.700000  76.749500  0.463155
134.800000  77.558500  0.450427
134.900000  77.857500  0.126572
135.000000  78.555000  1.124300
135.100000  78.756000  1.436841
135.200000  77.374500  1.875954
135.300000  77.795000  0.865499
135.400000  76.745000  1.197839
135.500000  77.173500  1.658165
135.600000  76.677000  0.882469
135.700000  77.154500  1.481389
135.800000  77.683500  0.296278
135.900000  77.725000  0.535987
136.000000  78.308500  1.158948
136.100000  77.290000  0.155563
136.200000  76.277000  0.069296
136.300000  77.387500  0.511238
136.400000  77.245000  0.487904
136.500000  76.263000  0.683065
136.600000  77.396500  0.340118
136.700000  77.642500  0.283550
136.800000  76.555500  2.191324
136.900000  77.263000  0.230517
137.000000  76.750500  0.820951
137.100000  77.409500  0.350018
137.200000  75.912500  0.713471
137.300000  76.084500  0.871863
137.400000  76.637000  0.100409
137.500000  76.581000  0.053740
137.600000  76.546500  1.144806
137.700000  77.176000  0.220617
137.800000  76.487000  1.155412
137.900000  77.236000  1.055003
138.000000  76.275500  2.076773
138.100000  76.577500  0.313248
138.200000  77.145500  1.284813
138.300000  76.670500  0.540937
138.400000  77.571000  0.166877
138.500000  77.422500  0.259508
138.600000  78.151500  1.820800
138.700000  76.143000  0.520431
138.800000  77.752000  0.769332
138.900000  76.739000  1.284106
139.000000  75.120000  0.599627
139.100000  76.170000  0.176777
139.200000  76.770000  0.718420
139.300000  75.799000  0.168291
139.400000  76.007000  1.305319
139.500000  76.093000  0.253144
139.600000  75.853500  1.628467
139.700000  77.226500  0.765797
139.800000  76.576000  1.026719
139.900000  76.922500  1.042983
140.000000  76.832500  0.235467
140.100000  75.511000  1.547150
140.200000  76.593000  0.759433
140.300000  76.052000  1.189354
140.400000  74.755000  0.931967
140.500000  76.355500  0.546594
140.600000  76.795000  0.418607
140.700000  75.929500  0.738927
140.800000  76.029000  0.048083
140.900000  75.517500  0.260922
141.000000  76.123000  0.759433
141.100000  76.260000  0.288500
141.200000  76.168500  1.211274
141.300000  76.509500  1.071267
141.400000  76.550000  0.560029
141.500000  76.671500  1.035911
141.600000  76.350500  0.144957
141.700000  75.759500  0.596091
141.800000  77.329000  0.028284
141.900000  75.645000  1.671600
142.000000  75.939500  0.528209
142.100000  75.481500  0.911461
142.200000  74.739000  0.395980
142.300000  76.167500  1.385222
142.400000  76.177000  2.118492
142.500000  74.710000  0.784889
142.600000  76.584000  0.743876
142.700000  77.116500  0.089803
142.800000  76.100000  1.101672
142.900000  75.651500  0.406586
143.000000  76.913500  0.006364
143.100000  77.250500  0.856306
143.200000  76.722000  0.178191
143.300000  75.939000  0.987121
143.400000  75.718000  0.159806
143.500000  77.525000  0.308299
143.600000  77.565500  0.038891
143.700000  76.397500  1.494117
143.800000  77.050000  0.817415
143.900000  76.115000  1.105915
144.000000  75.003500  1.498359
144.100000  74.905000  1.183697
144.200000  77.089000  1.374616
144.300000  76.942500  1.409264
144.400000  76.325000  1.156827
144.500000  76.115500  0.611647
144.600000  77.171500  1.175919
144.700000  77.512500  0.573464
144.800000  77.399500  1.279156
144.900000  75.030500  0.506996
145.000000  76.614500  2.058388
145.100000  78.067000  1.100258
145.200000  76.941000  1.408557
145.300000  77.218500  1.277742
145.400000  78.279000  0.684479
145.500000  76.327500  0.655488
145.600000  75.676500  1.171676
145.700000  77.519000  1.060660
145.800000  77.966000  1.950201
145.900000  76.105500  0.003536
146.000000  75.592500  3.550383
146.100000  76.792500  1.395122
146.200000  77.626000  1.914845
146.300000  76.688500  1.946665
146.400000  75.785000  0.012728
146.500000  76.070500  2.376586
146.600000  75.837000  0.074953
146.700000  76.323500  2.008890
146.800000  76.634000  1.329361
146.900000  76.686000  1.564120
147.000000  77.406000  2.023740
147.100000  76.664500  0.859135
147.200000  76.613500  0.361332
147.300000  76.794000  0.271529
147.400000  77.115500  0.293449
147.500000  77.176000  0.263044
147.600000  75.872000  0.274357
147.700000  75.741500  0.498510
147.800000  75.733000  0.644881
147.900000  74.940500  0.795495
148.000000  75.855000  1.801708
148.100000  75.451000  2.725190
148.200000  75.842000  2.247185
148.300000  75.974500  1.655337
148.400000  76.631000  2.904795
148.500000  77.569000  1.438255
148.600000  77.406000  0.616597
148.700000  77.130500  0.884591
148.800000  75.194000  2.998133
148.900000  76.824500  3.622508
149.000000  76.355000  0.954594
149.100000  76.531000  1.303905
149.200000  76.577000  2.476288
149.300000  77.170500  3.672006
149.400000  77.001000  0.113137
149.500000  76.754000  0.803273
149.600000  77.593000  2.606396
149.700000  77.944000  1.144099
149.800000  77.428500  1.839185
149.900000  76.426500  0.163342
150.000000  76.730500  0.654074
150.100000  76.888500  1.102379
150.200000  77.202000  0.125865
150.300000  76.753000  2.800143
150.400000  77.266500  3.850196
150.500000  76.822500  1.379565
150.600000  77.019500  0.235467
150.700000  77.592000  0.038184
150.800000  75.522500  0.365574
150.900000  77.584000  1.521694
151.000000  76.968500  0.931260
151.100000  77.681500  0.371231
151.200000  76.368500  0.672459
151.300000  77.378000  0.537401
151.400000  77.534000  0.937624
151.500000  78.087000  1.681500
151.600000  77.743000  0.855599
151.700000  76.156000  0.347897
151.800000  75.746000  0.677408
151.900000  76.984500  0.004950
152.000000  77.262500  0.642760
152.100000  76.622000  0.171120
152.200000  77.553500  0.412243
152.300000  77.178000  0.455377
152.400000  77.483000  0.142836
152.500000  77.172500  2.895602
152.600000  77.419500  1.182990
152.700000  75.865500  0.126572
152.800000  76.214000  0.016971
152.900000  76.949000  1.285520
153.000000  76.843500  0.648417
153.100000  76.164000  0.555786
153.200000  76.945500  2.081015
153.300000  77.239000  0.434164
153.400000  77.531500  0.277893
153.500000  76.127500  0.589020
153.600000  76.555500  1.816557
153.700000  77.479000  1.459468
153.800000  77.366500  0.299106
153.900000  76.418000  0.616597
154.000000  77.970000  0.229103
154.100000  76.595500  0.276479
154.200000  77.444500  0.836507
154.300000  76.086500  0.887419
154.400000  78.030000  0.028284
154.500000  76.645500  2.312946
154.600000  78.247000  0.111723
154.700000  77.082000  0.210718
154.800000  76.780500  1.260771
154.900000  76.466000  0.657609
155.000000  77.565500  0.975100
155.100000  76.732000  0.705693
155.200000  75.746000  0.057983
155.300000  76.167500  1.180161
155.400000  76.869000  1.500481
155.500000  75.279000  1.214809
155.600000  75.643000  0.535987
155.700000  76.026500  0.077075
155.800000  76.758500  1.349867
155.900000  77.374500  0.806809
156.000000  76.725000  0.140007
156.100000  75.128000  1.115815
156.200000  76.289500  1.861812
156.300000  76.407500  1.496945
156.400000  76.075000  1.561292
156.500000  77.114500  0.471640
156.600000  75.594500  0.738927
156.700000  76.631500  4.106169
156.800000  76.579500  2.086672
156.900000  76.602500  0.564978
157.000000  76.257000  0.916410
157.100000  76.127000  0.244659
157.200000  76.317500  0.330219
157.300000  77.667500  0.907218
157.400000  76.453500  1.065610
157.500000  77.364000  0.026870
157.600000  75.963500  1.556342
157.700000  77.454500  0.586192
157.800000  78.361000  0.712764
157.900000  76.343500  0.266579
158.000000  76.675500  0.736098
158.100000  77.847000  0.272943
158.200000  77.023000  0.704278
158.300000  77.179500  3.414619
158.400000  76.893000  0.021213
158.500000  77.450500  0.341533
158.600000  77.615500  1.332896
158.700000  76.630000  1.243094
158.800000  77.966500  0.096874
158.900000  77.608000  0.248902
159.000000  77.701500  2.409113
159.100000  77.229500  1.550685
159.200000  78.741500  2.782465
159.300000  78.019000  2.009597
159.400000  77.136500  0.614476
159.500000  77.950500  0.820951
159.600000  77.076500  2.093743
159.700000  78.807500  2.404870
159.800000  77.002000  2.793072
159.900000  76.680500  0.433456
160.000000  77.486000  2.271227
160.100000  77.255500  1.105208
160.200000  77.368500  1.748675
160.300000  77.089000  1.575434
160.400000  76.936000  2.549827
160.500000  76.983000  1.074802
160.600000  76.782000  0.674580
160.700000  76.739000  0.912168
160.800000  76.469500  2.766909
160.900000  75.690500  1.656751
161.000000  77.284000  0.401637
161.100000  75.825500  0.850649
161.200000  75.395000  0.247487
161.300000  77.165000  1.626346
161.400000  76.381500  2.518007
161.500000  77.124000  1.353402
161.600000  77.635000  1.251579
161.700000  76.206500  0.111016
161.800000  75.656000  3.108441
161.900000  76.675500  0.647003
162.000000  77.002500  0.596091
162.100000  76.435000  1.743725
162.200000  74.925000  1.425527
162.300000  77.494500  1.348453
162.400000  75.393000  0.050912
162.500000  74.279500  2.918230
162.600000  75.288000  1.094601
162.700000  75.850000  2.124149
162.800000  76.624000  1.247336
162.900000  74.827000  2.272641
163.000000  76.476500  2.017376
163.100000  76.772500  0.977929
163.200000  75.320500  1.571898
163.300000  74.567500  1.508259
163.400000  75.075000  0.435578
163.500000  76.488500  0.976514
163.600000  76.481500  1.743018
163.700000  75.884000  0.188090
163.800000  76.829500  0.427800
163.900000  76.657500  0.154856
164.000000  75.986000  3.225821
164.100000  76.436000  0.554372
164.200000  76.372000  0.155563
164.300000  77.002500  3.268955
164.400000  74.916500  3.124705
164.500000  75.326000  2.214658
164.600000  75.499000  2.046367
164.700000  75.193000  0.883883
164.800000  76.025500  2.393556
164.900000  76.291500  1.553514
165.000000  76.100000  0.189505
165.100000  76.089500  2.407699
165.200000  75.634500  2.512350
165.300000  75.547000  1.921916
165.400000  76.164000  1.149756
165.500000  75.684000  0.786303
165.600000  76.448000  2.250014
165.700000  76.448000  0.456791
165.800000  75.063500  3.049752
165.900000  74.728000  1.506137
166.000000  76.800000  3.033488
166.100000  75.518500  3.208143
166.200000  76.797000  3.478965
166.300000  77.738000  2.110007
166.400000  75.533000  1.907774
166.500000  75.362000  1.434013
166.600000  77.515000  1.100258
166.700000  76.906000  3.480380
166.800000  75.597000  3.510078
166.900000  76.372500  2.751352
167.000000  75.421500  2.591546
167.100000  76.187000  1.940301
167.200000  76.673500  1.304612
167.300000  75.476500  0.283550
167.400000  76.445500  0.741755
167.500000  77.693000  0.001414
167.600000  77.049500  1.465832
167.700000  76.172500  0.956715
167.800000  76.213000  1.979899
167.900000  76.721000  0.606698
168.000000  76.855000  0.206475
168.100000  76.564500  3.349565
168.200000  76.174500  3.420276
168.300000  75.879500  1.448862
168.400000  77.048500  2.339816
168.500000  76.343500  1.919795
168.600000  76.484000  1.897875
168.700000  77.205000  1.435427
168.800000  76.213000  1.462297
168.900000  76.921500  0.050205
169.000000  77.460500  2.912573
169.100000  77.292000  1.810193
169.200000  77.085000  2.692663
169.300000  76.033000  1.805951
169.400000  77.333000  2.505986
169.500000  77.541000  0.162635
169.600000  78.014500  0.300520
169.700000  77.263000  1.295420
169.800000  76.237000  2.061923
169.900000  76.250000  1.480682
170.000000  75.571000  0.214960
170.100000  76.670000  0.633568
170.200000  77.720500  2.266277
170.300000  76.936500  2.081015
170.400000  77.751500  2.966313
170.500000  76.856500  1.768474
170.600000  77.556000  2.631851
170.700000  77.999500  2.240821
170.800000  76.610000  1.889389
170.900000  76.548000  2.583768
171.000000  76.763000  1.623517
171.100000  76.257000  0.479418
171.200000  76.718000  1.315219
171.300000  77.182500  3.198244
171.400000  76.661500  2.764080
171.500000  77.170500  2.378000
171.600000  77.815000  2.689834
171.700000  78.871000  2.139705
171.800000  77.969000  1.917674
171.900000  76.931000  3.630286
172.000000  78.204500  2.979041
172.100000  77.333000  5.562102
172.200000  76.192500  4.253247
172.300000  77.276500  4.060914
172.400000  76.650500  3.382092
172.500000  76.502500  2.847519
172.600000  77.295000  3.770293
172.700000  77.215000  2.501744
172.800000  76.523500  1.928280
172.900000  76.852000  3.242792
173.000000  77.397500  4.070814
173.100000  76.704500  2.160211
173.200000  76.917000  1.408557
173.300000  76.033500  2.144655
173.400000  77.101000  2.730846
173.500000  77.502000  1.373201
173.600000  76.733000  2.098693
173.700000  77.616500  1.566242
173.800000  76.238000  2.841155
173.900000  77.243500  1.557756
174.000000  77.997000  2.423962
174.100000  76.733500  2.583061
174.200000  76.871500  5.342192
174.300000  76.040000  2.172232
174.400000  75.840500  2.212537
174.500000  77.751500  1.803829
174.600000  77.028000  3.094299
174.700000  78.310000  1.544321
174.800000  76.516500  3.823326
174.900000  77.886000  2.015254
175.000000  75.994500  2.206880
175.100000  77.260000  4.873380
175.200000  78.807500  2.625487
175.300000  75.995500  2.672157
175.400000  76.393500  3.215215
175.500000  76.347500  1.874540
175.600000  77.687500  3.188344
175.700000  77.097500  0.842164
175.800000  76.214000  0.490732
175.900000  77.273000  2.238700
176.000000  75.939500  0.883176
176.100000  74.813000  1.402900
176.200000  76.423000  2.128391
176.300000  75.599000  2.672864
176.400000  76.281500  1.762817
176.500000  77.159500  1.511087
176.600000  74.717000  0.352139
176.700000  75.635000  0.434164
176.800000  74.896000  1.685743
176.900000  75.542500  1.529472
177.000000  76.996500  1.543614
177.100000  77.631500  1.368252
177.200000  76.916000  2.457903
177.300000  76.765000  2.647408
177.400000  75.906500  2.380829
177.500000  75.823000  4.379819
177.600000  75.468000  3.090057
177.700000  77.342500  2.932372
177.800000  76.366000  2.158090
177.900000  75.631500  2.072530
178.000000  76.392000  1.088944
178.100000  77.067500  2.221022
178.200000  74.709500  1.632710
178.300000  76.008500  0.331633
178.400000  75.313500  0.942573
178.500000  75.132000  0.697207
178.600000  75.357000  1.030962
178.700000  76.616000  0.610940
178.800000  76.574500  1.395122
178.900000  76.400500  0.910046
179.000000  75.851500  0.125158
179.100000  75.832500  1.875954
179.200000  75.146000  1.499066
179.300000  74.881500  1.481389
179.400000  76.082000  2.179303
179.500000  76.341000  2.180717
179.600000  75.002000  1.038033
179.700000  75.893000  0.427092
179.800000  75.688500  0.484368
179.900000  75.825500  1.143392
180.000000  76.473500  1.627053
180.100000  75.006500  1.450276
180.200000  75.946500  2.102228
180.300000  75.078000  0.253144
180.400000  76.308500  1.537957
180.500000  74.682000  1.960100
180.600000  75.427500  0.977929
180.700000  75.231000  1.012577
180.800000  75.930000  0.309713
180.900000  75.833500  1.694935
181.000000  77.431500  2.785294
181.100000  76.288500  0.297692
181.200000  76.427000  0.981464
181.300000  76.080500  0.545179
181.400000  75.912000  0.009899
181.500000  75.312000  0.832972
181.600000  75.017500  0.796909
181.700000  75.754500  0.198697
181.800000  76.093500  1.215517
181.900000  75.284500  1.546443
182.000000  77.235000  0.403051
182.100000  77.450500  0.299106
182.200000  75.883000  1.934644
182.300000  77.276000  1.535836
182.400000  75.180500  0.959544
182.500000  75.133500  0.485782
182.600000  76.565500  1.006213
182.700000  76.949000  0.151321
182.800000  76.153000  0.780646
182.900000  75.182500  0.696500
183.000000  75.960000  0.907925
183.100000  75.368500  1.345624
183.200000  75.263500  1.566242
183.300000  75.592500  2.348302
183.400000  76.171000  1.166726
183.500000  74.492500  0.317491
183.600000  74.911000  0.288500
183.700000  75.764500  0.378302
183.800000  76.038500  0.366988
183.900000  76.925500  1.263600
184.000000  77.568500  0.754483
184.100000  77.518500  0.275065
184.200000  76.459000  0.336583
184.300000  75.659000  0.168291
184.400000  78.136500  0.146371
184.500000  77.036000  0.847114
184.600000  76.461000  0.791960
184.700000  76.221000  0.070711
184.800000  77.294000  0.834386
184.900000  76.942500  0.149200
185.000000  77.341500  0.846407
185.100000  76.747500  0.936916
185.200000  75.874500  0.924189
185.300000  77.524500  0.601748
185.400000  76.550000  1.409971
185.500000  76.295000  0.527502
185.600000  76.964000  2.974091
185.700000  76.169000  0.222032
185.800000  76.325500  1.402193
185.900000  76.265500  0.021920
186.000000  76.580000  2.001112
186.100000  76.803000  0.461034
186.200000  76.396000  0.065054
186.300000  76.013000  1.254407
186.400000  76.860500  1.563413
186.500000  75.326000  0.111723
186.600000  76.577500  2.889945
186.700000  77.772500  0.641346
186.800000  75.803000  0.589727
186.900000  77.693500  0.553665
187.000000  75.798000  0.849942
187.100000  76.724500  0.979343
187.200000  76.463000  0.933381
187.300000  76.511500  0.301935
187.400000  76.487000  0.780646
187.500000  75.522000  0.629325
187.600000  75.661000  0.135765
187.700000  75.318500  1.781202
187.800000  76.861500  0.918532
187.900000  76.817500  0.096874
188.000000  77.132000  0.401637
188.100000  77.437500  0.256680
188.200000  77.611500  0.802566
188.300000  77.712000  0.149907
188.400000  77.928500  0.648417
188.500000  77.321000  0.982878
188.600000  77.355500  0.897319
188.700000  78.440500  0.714885
188.800000  77.335000  3.073086
188.900000  77.267000  0.707107
189.000000  78.107000  0.752362
189.100000  77.524000  2.180717
189.200000  76.823000  0.059397
189.300000  77.644500  0.815294
189.400000  77.451000  1.265721
189.500000  76.149500  0.109602
189.600000  77.093000  0.364867
189.700000  76.483000  0.705693
189.800000  76.565000  0.914996
189.900000  76.692500  0.853478
190.000000  76.196000  0.132936
190.100000  78.027000  1.750796
190.200000  76.436000  0.038184
190.300000  76.697000  0.346482
190.400000  78.141000  0.445477
190.500000  76.126000  0.250316
190.600000  76.060000  0.227688
190.700000  74.716500  0.849235
190.800000  76.355000  1.050761
190.900000  76.554500  0.927017
191.000000  77.391500  1.962221
191.100000  76.096500  0.460327
191.200000  76.771000  1.354817
191.300000  76.798500  0.313248
191.400000  76.584000  0.650538
191.500000  77.464500  2.336988
191.600000  75.937500  1.925452
191.700000  77.888000  1.506137
191.800000  76.378000  2.415477
191.900000  77.142000  1.197839
192.000000  76.817500  0.372645
192.100000  77.148500  0.898733
192.200000  76.404000  0.083439
192.300000  77.560500  1.067024
192.400000  77.472000  0.328098
192.500000  77.493000  0.028284
192.600000  77.659000  0.712764
192.700000  79.179500  2.140412
192.800000  77.980500  0.176070
192.900000  78.549000  0.599627
193.000000  76.924000  1.381687
193.100000  76.036500  2.875803
193.200000  77.666000  1.364716
193.300000  77.833500  0.948230
193.400000  77.687000  0.684479
193.500000  77.918000  0.735391
193.600000  79.257500  1.167433
193.700000  77.682000  0.772161
193.800000  77.929500  0.960958
193.900000  78.634000  0.934795
194.000000  77.736000  0.997021
194.100000  77.141000  1.640488
194.200000  79.514000  1.907774
194.300000  79.894000  0.612354
194.400000  77.755000  3.210265
194.500000  78.099500  1.849084
194.600000  77.703000  0.156978
194.700000  77.319500  0.880348
194.800000  77.894500  0.501339
194.900000  77.914500  0.501339
195.000000  77.597500  0.348604
195.100000  78.112000  0.149907
195.200000  76.665500  2.748524
195.300000  77.726500  0.471640
195.400000  77.415500  1.324411
195.500000  76.753000  1.018234
195.600000  77.128500  0.980757
195.700000  76.200000  1.995455
195.800000  77.243000  1.269964
195.900000  75.864500  1.870297
196.000000  76.844500  2.933786
196.100000  77.673500  0.580535
196.200000  77.171000  1.316633
196.300000  78.419500  3.355222
196.400000  77.560500  0.238295
196.500000  77.006000  1.674429
196.600000  77.425000  0.140007
196.700000  77.375500  2.291733
196.800000  77.075000  1.368959
196.900000  77.780500  1.973535
197.000000  78.332000  1.069145
197.100000  78.808000  2.545584
197.200000  76.749000  2.821356
197.300000  77.120000  0.339411
197.400000  78.539000  1.544321
197.500000  76.377500  1.457347
197.600000  77.123500  2.382243
197.700000  78.112500  1.040154
197.800000  77.687000  0.801859
197.900000  76.491500  0.086974
198.000000  78.755000  1.261478
198.100000  78.383500  1.134906
198.200000  76.086000  0.845700
198.300000  77.586000  1.791809
198.400000  76.819500  2.732968
198.500000  77.629000  2.869439
198.600000  76.963000  1.145513
198.700000  75.735000  0.138593
198.800000  77.234500  2.516593
198.900000  76.696000  2.595082
199.000000  77.394000  1.602304
199.100000  77.294000  0.021213
199.200000  76.953000  0.985707
199.300000  77.249500  1.528058
199.400000  77.364000  0.253144
199.500000  76.655500  1.126421
199.600000  76.100500  1.308855
199.700000  79.461000  3.017932
199.800000  77.412000  1.878076
199.900000  76.346000  1.422699
200.000000  75.110500  1.106622
