# aggregated from 2 replicates
# x  mean  std
0.000000  7.192400  0.000000
0.100000  7.242650  0.155069
0.200000  7.302500  0.094894
0.300000  7.536200  0.005940
0.400000  6.950550  0.048295
0.500000  7.077000  0.010748
0.600000  7.136300  0.398950
0.700000  7.449650  0.016758
0.800000  7.319800  0.108470
0.900000  7.499750  0.001344
1.000000  7.240400  0.539522
1.100000  7.454700  0.270398
1.200000  7.033600  0.172110
1.300000  7.201900  0.441093
1.400000  7.210150  0.842659
1.500000  7.434100  0.633709
1.600000  7.343000  0.672741
1.700000  7.331150  0.396333
1.800000  7.517400  0.272660
1.900000  7.253500  0.294298
2.000000  7.018350  0.286590
2.100000  7.259200  0.343512
2.200000  6.980400  0.350725
2.300000  7.130050  0.730229
2.400000  7.333300  0.816991
2.500000  7.415850  0.761483
2.600000  7.337700  0.638517
2.700000  7.277100  0.392444
2.800000  7.020150  0.311622
2.900000  7.224350  0.352776
3.000000  7.084950  0.181373
3.100000  7.470450  0.385585
3.200000  7.058100  0.328522
3.300000  7.512900  0.919522
3.400000  7.050800  0.213546
3.500000  7.217950  0.452336
3.600000  6.989450  0.314168
3.700000  7.338250  0.456437
3.800000  7.358250  0.336795
3.900000  7.006350  0.283903
4.000000  7.069950  0.199192
4.100000  6.932600  0.053740
4.200000  6.851600  0.232214
4.300000  6.973350  0.133148
4.400000  6.995900  0.351573
4.500000  7.149200  0.213263
4.600000  7.106350  0.543270
4.700000  6.771300  0.303632
4.800000  6.713150  0.364231
4.900000  7.040150  0.132865
5.000000  7.031200  0.336017
5.100000  7.069750  0.194384
5.200000  7.313750  0.049002
5.300000  6.937500  0.109884
5.400000  6.898750  0.080539
5.500000  7.019500  0.187100
5.600000  7.208750  0.131734
5.700000  6.946250  0.346977
5.800000  7.080200  0.317208
5.900000  7.107350  0.189292
6.000000  7.039700  0.403475
6.100000  6.987050  0.518097
6.200000  7.309750  0.088035
6.300000  7.105300  0.005374
6.400000  7.095900  0.075519
6.500000  7.205100  0.559604
6.600000  7.107800  0.066609
6.700000  7.177400  0.034507
6.800000  6.849800  0.265589
6.900000  7.041800  0.557907
7.000000  6.756200  0.376181
7.100000  7.081900  0.190353
7.200000  6.986100  0.162776
7.300000  6.909950  0.189010
7.400000  7.344200  0.656619
7.500000  7.192400  0.457640
7.600000  6.783400  0.395697
7.700000  7.120500  0.300803
7.800000  7.052350  0.294227
7.900000  6.908100  0.390323
8.000000  7.150300  0.307874
8.100000  6.963450  0.002051
8.200000  6.812200  0.556069
8.300000  6.976750  0.167938
8.400000  7.181000  0.333754
8.500000  7.580450  0.623597
8.600000  7.267250  0.226203
8.700000  6.973300  0.339553
8.800000  7.391050  0.538320
8.900000  7.240600  0.373494
9.000000  7.060400  0.066185
9.100000  7.189400  0.208597
9.200000  6.934500  0.274075
9.300000  6.962250  0.396192
9.400000  6.870350  0.439750
9.500000  6.705450  0.247417
9.600000  7.013550  0.315440
9.700000  6.632150  0.420658
9.800000  6.708300  0.360766
9.900000  6.645250  0.422496
10.000000  6.887950  0.082944
10.100000  7.132700  0.306602
10.200000  6.967350  0.644528
10.300000  6.763900  0.027719
10.400000  6.944500  0.553665
10.500000  6.657650  0.067953
10.600000  6.856450  0.441447
10.700000  6.888150  0.115329
10.800000  6.888600  0.054589
10.900000  6.812950  0.162422
11.000000  6.914950  0.337219
11.100000  6.923100  0.209869
11.200000  6.679900  0.132370
11.300000  6.813350  0.093692
11.400000  6.892800  0.054306
11.500000  6.925850  0.325198
11.600000  6.955950  0.112642
11.700000  6.941400  0.157685
11.800000  6.906000  0.015556
11.900000  7.036750  0.083934
12.000000  6.792050  0.174868
12.100000  6.902050  0.005445
12.200000  6.888300  0.137179
12.300000  6.579300  0.318339
12.400000  6.950350  0.099631
12.500000  6.777550  0.416274
12.600000  7.092000  0.004243
12.700000  7.059500  0.015556
12.800000  6.802350  0.174585
12.900000  6.969700  0.045255
13.000000  7.075850  0.034153
13.100000  6.955800  0.217365
13.200000  6.901750  0.077004
13.300000  6.520250  0.185616
13.400000  6.787150  0.048154
13.500000  6.586900  0.142836
13.600000  7.038050  0.161008
13.700000  6.799450  0.188303
13.800000  6.744250  0.355180
13.900000  6.770800  0.298682
14.000000  7.116250  0.173878
14.100000  6.993900  0.363453
14.200000  7.116100  0.019092
14.300000  6.947400  0.282984
14.400000  7.033650  0.204707
14.500000  6.644900  0.323148
14.600000  6.876150  0.034436
14.700000  7.042350  0.253074
14.800000  6.808600  0.224577
14.900000  6.763150  0.236810
15.000000  7.023400  0.103520
15.100000  6.829600  0.335310
15.200000  7.061500  0.061377
15.300000  7.061800  0.247205
15.400000  6.929900  0.020365
15.500000  6.978300  0.131663
15.600000  7.144900  0.295571
15.700000  7.330450  0.002616
15.800000  6.968150  0.154361
15.900000  7.578400  0.053033
16.000000  7.584600  0.112854
16.100000  7.157150  0.040376
16.200000  6.992300  0.015839
16.300000  7.227800  0.627062
16.400000  7.160350  0.161150
16.500000  7.100400  0.239568
16.600000  7.255650  0.066397
16.700000  7.334350  0.047871
16.800000  7.239500  0.033234
16.900000  7.280500  0.594677
17.000000  7.152050  0.578343
17.100000  7.181200  0.603021
17.200000  7.174950  0.152947
17.300000  7.090100  0.022627
17.400000  7.010100  0.280439
17.500000  7.156400  0.001131
17.600000  7.073400  0.218637
17.700000  7.186750  0.190141
17.800000  7.085400  0.146513
17.900000  6.965250  0.107410
18.000000  7.179900  0.006505
18.100000  6.996450  0.067953
18.200000  7.015650  0.199758
18.300000  7.141300  0.654639
18.400000  7.039900  0.011455
18.500000  6.861800  0.283833
18.600000  7.176000  0.214395
18.700000  7.010250  0.400010
18.800000  6.942600  0.041436
18.900000  7.259550  0.068519
19.000000  7.142450  0.066397
19.100000  7.161350  0.197778
19.200000  6.885300  0.001697
19.300000  6.888050  0.039810
19.400000  7.004250  0.036275
19.500000  7.002950  0.155210
19.600000  7.110600  0.341815
19.700000  7.138600  0.038042
19.800000  7.173450  0.127491
19.900000  7.098500  0.173948
20.000000  6.856300  0.213546
20.100000  6.821250  0.304834
20.200000  6.800350  0.215173
20.300000  7.043300  0.279873
20.400000  6.977750  0.266791
20.500000  7.125800  0.138876
20.600000  7.218700  0.246639
20.700000  7.163000  0.252013
20.800000  7.484350  0.175575
20.900000  7.351850  0.307804
21.000000  7.197700  0.413940
21.100000  7.227700  0.086833
21.200000  7.383600  0.326683
21.300000  7.193350  0.038396
21.400000  7.292900  0.144391
21.500000  7.070400  0.095884
21.600000  6.995350  0.170201
21.700000  7.202850  0.190990
21.800000  6.864650  0.332411
21.900000  7.056350  0.155776
22.000000  6.955100  0.209162
22.100000  7.274350  0.186181
22.200000  7.148000  0.016122
22.300000  6.873450  0.022274
22.400000  6.905600  0.327673
22.500000  6.839850  0.205556
22.600000  6.968950  0.292389
22.700000  6.621500  0.295853
22.800000  6.734800  0.427800
22.900000  7.145550  0.083934
23.000000  6.833650  0.009829
23.100000  7.036050  0.414577
23.200000  7.149550  0.351786
23.300000  7.101650  0.471711
23.400000  7.010900  0.739775
23.500000  7.006600  0.186535
23.600000  6.981850  0.439608
23.700000  6.997750  0.683560
23.800000  6.893550  0.445972
23.900000  6.950550  0.433386
24.000000  7.046800  0.649548
24.100000  6.879300  0.355533
24.200000  6.854100  0.724784
24.300000  7.098800  0.259508
24.400000  7.114650  0.521208
24.500000  7.133950  0.440033
24.600000  7.021450  0.119996
24.700000  7.135900  0.308299
24.800000  6.877200  0.652942
24.900000  6.997350  0.176706
25.000000  6.988950  0.300874
25.100000  6.863950  0.156766
25.200000  7.239050  0.124097
25.300000  6.854850  0.247558
25.400000  7.300300  0.015698
25.500000  7.077950  0.147290
25.600000  7.080400  0.180595
25.700000  7.040800  0.363877
25.800000  6.952950  0.204849
25.900000  6.998800  0.455377
26.000000  7.196950  0.152664
26.100000  6.942750  0.485005
26.200000  7.311550  0.060740
26.300000  7.309800  0.137037
26.400000  7.038800  0.161362
26.500000  6.722200  0.164897
26.600000  7.035400  0.010324
26.700000  7.028200  0.137744
26.800000  7.260900  0.186111
26.900000  7.198000  0.171544
27.000000  7.347050  0.227618
27.100000  6.928000  0.415920
27.200000  6.702500  0.341250
27.300000  7.075100  0.046810
27.400000  6.862700  0.351149
27.500000  7.053900  0.236598
27.600000  7.264050  0.256609
27.700000  7.166100  0.437841
27.800000  7.117700  0.472206
27.900000  6.968650  0.718774
28.000000  7.373850  0.706470
28.100000  7.198700  0.667085
28.200000  7.095550  0.549210
28.300000  7.111000  0.436426
28.400000  7.225550  0.019304
28.500000  7.406350  0.554442
28.600000  7.740850  0.657397
28.700000  7.577950  0.755119
28.800000  7.530250  1.173868
28.900000  7.829550  1.195930
29.000000  8.046200  1.447730
29.100000  7.641200  1.444478
29.200000  7.386450  1.142331
29.300000  7.429150  1.328866
29.400000  7.348200  1.222305
29.500000  7.693700  0.927158
29.600000  7.848100  1.096581
29.700000  7.833150  1.333533
29.800000  7.770500  1.626628
29.900000  7.879450  1.432669
30.000000  7.686900  1.031952
30.100000  7.704000  1.497228
30.200000  7.828950  1.387838
30.300000  7.441300  1.105491
30.400000  7.595050  1.249246
30.500000  7.531150  1.312744
30.600000  7.717100  1.308572
30.700000  7.513100  1.675419
30.800000  7.517700  1.345483
30.900000  7.453250  1.185182
31.000000  7.474450  1.346685
31.100000  7.730800  1.527492
31.200000  7.821250  1.001475
31.300000  7.806800  1.269257
31.400000  7.850050  1.458549
31.500000  7.878900  1.358918
31.600000  7.741600  1.178606
31.700000  7.773500  1.098844
31.800000  7.890400  1.392859
31.900000  7.895100  1.111572
32.000000  7.849700  1.322714
32.100000  7.775450  1.045175
32.200000  7.836550  1.403395
32.300000  7.744850  1.296763
32.400000  7.552550  1.439457
32.500000  7.722150  1.384020
32.600000  7.663500  1.044397
32.700000  7.817450  1.177969
32.800000  7.953150  1.286157
32.900000  7.658300  0.949786
33.000000  7.718500  1.187939
33.100000  7.462600  1.388192
33.200000  7.560500  1.455509
33.300000  7.553500  1.085267
33.400000  7.719650  1.367332
33.500000  7.761550  1.254761
33.600000  7.835550  1.556271
33.700000  7.877550  1.820164
33.800000  7.814600  1.242245
33.900000  7.759100  1.419870
34.000000  7.679250  1.393920
34.100000  7.978500  1.230649
34.200000  7.689500  0.921502
34.300000  7.653550  1.595869
34.400000  7.937250  1.309632
34.500000  7.862350  1.364787
34.600000  7.919150  1.346685
34.700000  7.898450  0.877025
34.800000  7.785900  1.482096
34.900000  7.804150  1.360827
35.000000  7.827550  1.468590
35.100000  7.784150  0.995253
35.200000  7.500050  1.229305
35.300000  7.468700  1.387202
35.400000  7.787300  1.040437
35.500000  7.608100  1.409971
35.600000  7.471750  1.320805
35.700000  7.672150  1.185465
35.800000  7.724350  1.230154
35.900000  7.799850  0.967958
36.000000  7.747050  1.220961
36.100000  7.640000  1.306875
36.200000  7.629900  0.878085
36.300000  7.513150  1.049841
36.400000  7.731550  0.842235
36.500000  7.477150  1.187020
36.600000  7.589150  1.390525
36.700000  7.815300  1.367827
36.800000  7.643850  1.472974
36.900000  7.942750  1.412870
37.000000  7.808150  1.385859
37.100000  7.778350  0.741684
37.200000  7.686150  0.602667
37.300000  7.591450  0.906299
37.400000  7.806400  1.349584
37.500000  7.870950  1.252640
37.600000  7.705100  0.773999
37.700000  7.833300  1.179030
37.800000  7.639150  1.025376
37.900000  7.531700  1.060943
38.000000  7.627150  1.081520
38.100000  7.750250  1.160574
38.200000  7.569600  1.173656
38.300000  7.712000  1.254973
38.400000  7.968300  1.269964
38.500000  7.593700  1.257236
38.600000  7.802050  1.414567
38.700000  7.613100  1.203496
38.800000  7.875550  1.027214
38.900000  7.666300  1.069287
39.000000  7.671950  0.951412
39.100000  7.720400  1.508542
39.200000  7.885950  1.480894
39.300000  7.795400  0.947947
39.400000  7.977000  1.466398
39.500000  7.797700  1.267984
39.600000  7.808750  1.228032
39.700000  7.841600  0.879075
39.800000  7.787000  1.013001
39.900000  7.729750  1.289409
40.000000  8.010950  1.069782
40.100000  7.684550  0.991859
40.200000  7.835400  1.136886
40.300000  7.756650  0.670832
40.400000  7.608400  1.006072
40.500000  7.472800  1.181434
40.600000  7.712850  0.998223
40.700000  7.511250  1.078691
40.800000  7.580400  1.370939
40.900000  7.718900  1.114825
41.000000  7.800750  1.391233
41.100000  7.635150  1.107966
41.200000  7.625300  1.090359
41.300000  7.342600  1.008476
41.400000  7.559600  0.879358
41.500000  7.494250  1.078974
41.600000  7.679350  1.064549
41.700000  7.835900  1.171110
41.800000  7.616750  1.101319
41.900000  7.573400  0.779373
42.000000  7.846050  1.045175
42.100000  7.662250  1.030184
42.200000  7.561750  0.740977
42.300000  7.687000  0.892227
42.400000  7.813900  1.278590
42.500000  7.688400  1.306450
42.600000  7.795750  1.161847
42.700000  7.849000  1.698329
42.800000  7.842000  1.236023
42.900000  7.858600  1.176767
43.000000  7.895400  1.578687
43.100000  7.702300  1.285237
43.200000  7.837000  1.085692
43.300000  7.839050  1.554857
43.400000  7.789800  1.332331
43.500000  7.846750  1.316138
43.600000  7.767450  1.199748
43.700000  7.750700  1.454943
43.800000  7.705750  1.246134
43.900000  7.848300  1.579959
44.000000  7.692900  1.139149
44.100000  7.735700  1.243518
44.200000  7.936600  1.647983
44.300000  7.733850  1.557686
44.400000  7.815700  1.552524
44.500000  7.576050  1.275833
44.600000  7.906200  1.360756
44.700000  7.419750  1.265650
44.800000  7.885850  1.393071
44.900000  7.807900  1.761403
45.000000  7.777750  1.035841
45.100000  7.642750  1.344846
45.200000  8.039200  2.062348
45.300000  7.637400  1.555493
45.400000  7.637550  1.834306
45.500000  7.571800  1.739766
45.600000  7.714350  1.799799
45.700000  7.571500  1.241821
45.800000  7.152150  1.070065
45.900000  7.323500  0.897460
46.000000  7.442000  0.984010
46.100000  7.112500  1.173656
46.200000  7.228850  1.141058
46.300000  7.418400  0.886005
46.400000  7.266100  0.746988
46.500000  7.215150  0.851852
46.600000  7.344550  0.798960
46.700000  7.404950  1.049841
46.800000  7.265100  0.776545
46.900000  7.234700  0.748119
47.000000  7.066000  0.699329
47.100000  7.174500  0.429497
47.200000  7.288100  0.902551
47.300000  7.064150  0.699399
47.400000  7.209750  0.735179
47.500000  7.219100  0.710077
47.600000  7.239400  0.747270
47.700000  7.300600  1.201092
47.800000  7.303800  1.470075
47.900000  7.326500  0.901137
48.000000  7.355900  1.069287
48.100000  7.522300  1.006779
48.200000  7.462250  0.816072
48.300000  7.288800  0.591848
48.400000  7.095050  0.612708
48.500000  7.130200  0.510390
48.600000  7.045800  0.509117
48.700000  7.190000  0.556917
48.800000  7.594650  0.750877
48.900000  7.581500  1.061084
49.000000  7.316350  0.720188
49.100000  7.269650  0.757523
49.200000  7.218400  1.175777
49.300000  7.111500  0.756180
49.400000  7.250450  0.773646
49.500000  7.201150  0.992142
49.600000  7.386600  0.793091
49.700000  7.928750  1.702077
49.800000  7.688750  1.410749
49.900000  7.642050  1.585687
50.000000  7.812850  1.520775
50.100000  7.621050  1.314158
50.200000  7.668550  1.371151
50.300000  7.564600  0.967605
50.400000  7.788600  1.376454
50.500000  7.937200  1.529613
50.600000  7.722800  1.472055
50.700000  7.754050  1.614678
50.800000  7.796150  1.658943
50.900000  7.673450  1.306945
51.000000  7.569200  1.005223
51.100000  7.422450  0.939391
51.200000  7.590450  1.464913
51.300000  7.592600  1.174787
51.400000  7.678350  1.803193
51.500000  7.511100  1.593960
51.600000  7.896500  1.845266
51.700000  7.392500  1.091349
51.800000  7.692750  1.625002
51.900000  7.867250  1.097925
52.000000  7.552900  1.210425
52.100000  7.724000  1.103511
52.200000  7.694300  0.803556
52.300000  7.606450  0.854821
52.400000  7.600500  1.016395
52.500000  7.263700  0.917117
52.600000  7.706950  1.258155
52.700000  7.608150  0.980828
52.800000  7.437250  1.116027
52.900000  7.350000  1.204203
53.000000  7.558650  1.201587
53.100000  7.274100  0.944553
53.200000  7.724650  1.626416
53.300000  7.582000  0.933947
53.400000  7.623250  1.347251
53.500000  7.768100  1.463428
53.600000  7.791100  1.569211
53.700000  7.738000  1.706107
53.800000  7.652300  1.407850
53.900000  7.712750  1.611001
54.000000  7.656250  1.370868
54.100000  7.794350  1.146291
54.200000  7.674000  1.327381
54.300000  7.570950  1.385576
54.400000  7.751900  1.240265
54.500000  7.481350  1.189707
54.600000  7.885850  1.870792
54.700000  7.848900  1.486338
54.800000  7.876100  1.404597
54.900000  7.883250  1.596718
55.000000  8.096800  1.938745
55.100000  7.851400  1.450276
55.200000  8.301000  2.163040
55.300000  8.109400  2.091198
55.400000  7.855800  1.898016
55.500000  7.819800  1.407284
55.600000  7.596400  1.512643
55.700000  7.568450  1.424749
55.800000  7.689600  1.473893
55.900000  7.865950  1.607183
56.000000  7.636500  1.533290
56.100000  7.833950  1.438892
56.200000  7.766150  1.215446
56.300000  7.697000  1.461307
56.400000  7.917250  1.757090
56.500000  7.931800  1.330209
56.600000  7.765150  1.417537
56.700000  7.852400  1.609234
56.800000  7.963550  1.590778
56.900000  7.999450  1.588657
57.000000  7.941800  1.660994
57.100000  7.768250  1.560938
57.200000  7.842800  1.286227
57.300000  7.649400  1.317623
57.400000  7.613850  1.053943
57.500000  7.578800  1.308006
57.600000  7.675200  1.522118
57.700000  7.461850  0.914925
57.800000  7.197150  0.874196
57.900000  7.507250  1.337492
58.000000  7.598600  1.272227
58.100000  7.512450  1.374262
58.200000  7.651850  1.615810
58.300000  7.837800  1.381828
58.400000  7.622850  1.117582
58.500000  7.681600  1.561999
58.600000  7.765400  1.643882
58.700000  7.775850  1.399435
58.800000  7.672850  1.514128
58.900000  7.422300  1.433023
59.000000  7.682750  1.674217
59.100000  7.772400  1.610365
59.200000  7.870650  1.677187
59.300000  7.727300  1.499066
59.400000  7.688100  1.319603
59.500000  7.627300  1.249458
59.600000  7.834400  1.311259
59.700000  7.906900  1.581091
59.800000  7.890500  1.434154
59.900000  7.797500  0.959261
60.000000  7.715400  1.475025
60.100000  7.832800  1.279439
60.200000  7.601850  1.162696
60.300000  7.258450  0.908420
60.400000  7.409300  0.727613
60.500000  7.318850  0.626992
60.600000  7.711300  1.289056
60.700000  7.451750  0.963009
60.800000  7.337750  0.843791
60.900000  7.416650  1.163544
61.000000  7.295150  0.758231
61.100000  7.823100  1.226830
61.200000  7.706450  0.986626
61.300000  7.291000  1.016395
61.400000  7.536450  1.102874
61.500000  7.491200  0.994758
61.600000  7.503650  1.198051
61.700000  7.167600  0.640073
61.800000  7.361900  0.922633
61.900000  7.388800  0.882894
62.000000  7.446750  0.761625
62.100000  7.783350  1.013638
62.200000  7.338650  1.037538
62.300000  7.332050  1.102874
62.400000  7.239050  0.864297
62.500000  7.392750  0.837851
62.600000  7.481850  1.004587
62.700000  7.573550  1.213607
62.800000  7.416050  0.847750
62.900000  7.448850  0.617092
63.000000  7.462750  0.797404
63.100000  7.244950  0.616526
63.200000  7.429200  1.121189
63.300000  7.293050  0.994687
63.400000  7.188650  0.853831
63.500000  7.155150  0.914925
63.600000  7.138850  0.753988
63.700000  7.439600  0.769898
63.800000  7.166850  0.531815
63.900000  7.346700  1.057266
64.000000  7.206050  1.245569
64.100000  7.519850  1.216719
64.200000  7.591150  1.207102
64.300000  7.356300  0.711491
64.400000  7.158050  0.773928
64.500000  7.406500  1.075934
64.600000  7.510400  1.145937
64.700000  7.784600  1.329644
64.800000  7.534650  1.322926
64.900000  7.824650  1.237083
65.000000  7.510950  1.290682
65.100000  7.510300  1.062074
65.200000  7.089700  0.639649
65.300000  7.453450  0.660791
65.400000  7.292250  0.948018
65.500000  7.548100  1.106481
65.600000  7.338800  1.117936
65.700000  7.346550  0.694732
65.800000  7.111100  0.707390
65.900000  7.424250  0.907713
66.000000  7.342800  0.736098
66.100000  7.603100  1.145654
66.200000  7.340250  0.549351
66.300000  7.514600  0.962938
66.400000  7.422000  1.083853
66.500000  7.463100  1.197132
66.600000  7.362750  0.909410
66.700000  7.317000  1.030537
66.800000  7.402050  1.206819
66.900000  7.603950  1.389394
67.000000  7.394950  1.454872
67.100000  7.396950  1.202152
67.200000  7.539500  1.039447
67.300000  7.467800  0.964352
67.400000  7.446050  0.613415
67.500000  7.189100  0.773433
67.600000  7.225700  0.914430
67.700000  7.397650  0.917188
67.800000  7.109300  1.118077
67.900000  7.242950  1.237649
68.000000  7.249350  0.766009
68.100000  7.435700  0.747978
68.200000  7.329850  1.328159
68.300000  7.433800  1.582222
68.400000  7.346300  0.785596
68.500000  7.524750  1.082227
68.600000  7.767600  1.229517
68.700000  7.692750  1.311330
68.800000  7.508150  1.213749
68.900000  7.289850  0.665175
69.000000  7.489050  0.934159
69.100000  7.431250  0.625860
69.200000  7.335950  0.908279
69.300000  7.206650  0.774353
69.400000  7.493250  1.118996
69.500000  7.581000  0.666377
69.600000  7.431750  0.511733
69.700000  7.564300  0.939603
69.800000  7.344900  0.636113
69.900000  7.377200  0.844003
70.000000  7.937500  0.957140
70.100000  7.685800  1.340250
70.200000  7.584500  0.707672
70.300000  7.479350  1.032447
70.400000  7.403800  0.630739
70.500000  7.609600  1.115815
70.600000  7.736000  1.243377
70.700000  7.590200  1.055569
70.800000  7.614350  1.179383
70.900000  7.697350  0.751301
71.000000  7.719950  0.601677
71.100000  7.646050  0.765867
71.200000  7.534300  0.787576
71.300000  7.494650  0.895975
71.400000  7.792300  0.816850
71.500000  7.693600  0.823355
71.600000  7.678950  0.860054
71.700000  7.626800  0.883742
71.800000  7.820150  1.178818
71.900000  7.702150  0.898379
72.000000  7.474200  0.802142
72.100000  7.608450  0.907006
72.200000  7.888600  1.374050
72.300000  7.898550  0.976302
72.400000  7.747000  0.991364
72.500000  7.536250  0.771383
72.600000  7.642600  1.047649
72.700000  7.895200  1.000839
72.800000  7.728650  1.128047
72.900000  7.535000  0.926593
73.000000  7.487250  0.949998
73.100000  7.447300  0.921077
73.200000  7.336350  0.588666
73.300000  7.514600  1.476015
73.400000  7.450750  1.042346
73.500000  7.392950  1.089864
73.600000  7.707000  1.295420
73.700000  7.548600  1.303763
73.800000  7.166850  1.214314
73.900000  7.420200  0.948654
74.000000  7.270700  0.720966
74.100000  7.248650  0.679883
74.200000  7.238050  0.340896
74.300000  7.135600  0.758018
74.400000  7.532350  1.231144
74.500000  7.477650  0.583151
74.600000  7.166250  0.591495
74.700000  7.150150  0.739987
74.800000  7.305400  0.979343
74.900000  7.258650  0.782414
75.000000  7.499300  1.162908
75.100000  7.372700  0.718562
75.200000  7.560000  1.219759
75.300000  7.620450  1.102167
75.400000  7.486950  0.880843
75.500000  7.642500  0.891944
75.600000  7.438400  1.344917
75.700000  7.407600  1.224850
75.800000  7.696450  1.538311
75.900000  7.703750  1.184616
76.000000  7.570000  1.020355
76.100000  7.699300  1.106764
76.200000  7.584800  0.940452
76.300000  7.448600  1.093187
76.400000  7.558400  1.174929
76.500000  7.446200  1.019648
76.600000  7.538200  1.240124
76.700000  7.513600  1.132785
76.800000  7.861300  1.422416
76.900000  7.345000  0.775413
77.000000  7.594450  1.143462
77.100000  7.234150  0.713117
77.200000  7.366950  1.233972
77.300000  7.273700  1.232911
77.400000  7.567800  1.051044
77.500000  7.214550  0.869671
77.600000  7.458350  0.890318
77.700000  7.522450  1.213607
77.800000  7.463200  1.372211
77.900000  7.343550  1.087460
78.000000  7.233150  1.180515
78.100000  7.108650  0.902622
78.200000  7.442400  1.095308
78.300000  7.607250  1.105844
78.400000  7.463900  0.896187
78.500000  7.224700  0.853195
78.600000  7.255250  1.086328
78.700000  7.285700  1.212971
78.800000  7.354950  1.324199
78.900000  7.308500  0.516188
79.000000  7.318150  1.015052
79.100000  7.198200  0.804405
79.200000  7.523750  0.981959
79.300000  7.424050  0.669701
79.400000  7.172400  0.726623
79.500000  7.333400  0.648983
79.600000  7.247050  0.795000
79.700000  7.370750  0.786232
79.800000  7.598200  0.828163
79.900000  7.336400  0.607122
80.000000  7.455250  0.564059
80.100000  7.443500  0.960534
80.200000  7.548600  0.525805
80.300000  7.271850  0.382191
80.400000  7.334750  0.587676
80.500000  7.560600  0.886995
80.600000  7.305200  0.709087
80.700000  7.490100  0.883742
80.800000  7.212150  0.602950
80.900000  7.411550  0.618082
81.000000  7.274000  0.788707
81.100000  7.326500  1.038316
81.200000  7.920500  1.471631
81.300000  7.938150  1.121825
81.400000  7.949350  1.546089
81.500000  7.635300  0.794364
81.600000  7.674050  1.130027
81.700000  7.783950  1.504794
81.800000  7.794950  1.124229
81.900000  7.707900  1.144523
82.000000  8.006800  1.364433
82.100000  7.790550  0.823002
82.200000  7.861900  1.014274
82.300000  7.806950  0.819749
82.400000  7.973300  1.674853
82.500000  7.889500  1.496804
82.600000  7.660050  1.208375
82.700000  7.893450  1.244720
82.800000  7.941850  1.627406
82.900000  7.696550  1.133139
83.000000  7.965050  1.624012
83.100000  7.897500  1.575434
83.200000  7.680100  1.334735
83.300000  8.016350  2.032154
83.400000  7.748350  1.611567
83.500000  7.674800  1.735381
83.600000  7.617100  1.704127
83.700000  7.705300  1.258084
83.800000  8.133950  2.024659
83.900000  7.882000  1.646569
84.000000  7.912250  1.298743
84.100000  7.874750  1.279934
84.200000  7.566950  1.261832
84.300000  7.860150  1.574232
84.400000  7.827950  1.644094
84.500000  7.711050  1.354746
84.600000  7.803500  1.459044
84.700000  7.930900  1.686591
84.800000  8.138250  1.712542
84.900000  8.027400  1.712895
85.000000  7.864400  1.756170
85.100000  7.987150  1.513703
85.200000  7.687100  1.341664
85.300000  7.650300  1.729583
85.400000  8.088050  1.656398
85.500000  8.270300  1.832255
85.600000  8.071000  1.764797
85.700000  7.784200  1.691117
85.800000  7.542850  1.055215
85.900000  7.198600  0.910329
86.000000  7.285850  0.722592
86.100000  7.512750  1.081944
86.200000  7.642300  0.997021
86.300000  7.295450  0.901066
86.400000  7.549350  1.004587
86.500000  7.464450  1.051538
86.600000  7.277050  1.088732
86.700000  7.381100  0.864367
86.800000  7.649250  0.872358
86.900000  7.460300  0.925179
87.000000  7.470350  0.905309
87.100000  7.694350  0.869812
87.200000  7.450550  0.770110
87.300000  7.367150  0.855104
87.400000  7.322850  0.673095
87.500000  6.959200  0.682075
87.600000  7.384550  0.666165
87.700000  7.236500  0.580535
87.800000  7.638100  1.157675
87.900000  7.371300  1.056983
88.000000  7.582550  0.984081
88.100000  7.192400  0.779373
88.200000  7.938700  1.538382
88.300000  8.217000  2.239266
88.400000  8.045250  1.829639
88.500000  8.120300  1.597071
88.600000  7.909250  1.642397
88.700000  7.772900  1.688430
88.800000  7.813600  2.107602
88.900000  7.862650  1.997365
89.000000  7.919750  1.696137
89.100000  7.455400  1.423830
89.200000  7.858800  1.591132
89.300000  8.177300  2.065459
89.400000  7.912000  1.739907
89.500000  7.266900  1.312956
89.600000  7.674300  1.385364
89.700000  8.025300  1.852620
89.800000  8.013500  1.790536
89.900000  7.955200  1.611779
90.000000  7.813500  1.859125
90.100000  7.714900  1.550827
90.200000  7.689750  1.026365
90.300000  7.975400  1.565252
90.400000  7.862050  1.583707
90.500000  7.759550  1.346119
90.600000  7.960050  1.451620
90.700000  7.684600  1.537674
90.800000  7.800650  1.394202
90.900000  7.724250  1.448791
91.000000  7.792700  1.233901
91.100000  7.461900  0.882469
91.200000  7.606300  1.341806
91.300000  7.522100  1.416052
91.400000  8.020850  1.579040
91.500000  8.020950  1.329007
91.600000  8.023650  1.754685
91.700000  7.791550  1.532513
91.800000  7.703450  1.185465
91.900000  8.206300  1.877793
92.000000  8.195550  2.113047
92.100000  7.909000  1.434295
92.200000  8.227550  1.419800
92.300000  7.879600  1.708087
92.400000  8.075200  1.585616
92.500000  7.815000  1.196566
92.600000  8.214900  1.757867
92.700000  8.112150  1.507764
92.800000  7.902800  1.360332
92.900000  8.141300  1.771302
93.000000  8.061550  1.528411
93.100000  8.148000  1.984849
93.200000  8.264300  1.930967
93.300000  7.853550  1.454872
93.400000  8.036000  1.502036
93.500000  7.700650  1.507481
93.600000  7.948100  1.575434
93.700000  7.799450  1.455014
93.800000  8.049600  1.377161
93.900000  7.828850  0.963716
94.000000  8.009050  1.640700
94.100000  7.824300  1.603718
94.200000  7.804450  1.451337
94.300000  7.965150  1.470711
94.400000  8.051400  1.378575
94.500000  7.755800  1.202223
94.600000  8.051700  1.419729
94.700000  7.895800  1.366555
94.800000  8.074550  1.695430
94.900000  8.009500  1.566949
95.000000  8.118000  1.451549
95.100000  8.012400  1.950625
95.200000  7.927050  1.622739
95.300000  7.990500  2.008890
95.400000  8.010350  1.933442
95.500000  7.799550  1.458973
95.600000  7.532750  1.101884
95.700000  7.434550  0.942078
95.800000  7.688350  0.813385
95.900000  7.513950  0.757382
96.000000  7.663450  1.361958
96.100000  7.603450  1.283611
96.200000  7.322750  0.820315
96.300000  8.165100  1.548140
96.400000  7.860000  0.780504
96.500000  7.879650  1.216436
96.600000  7.942900  1.277318
96.700000  7.406500  0.788141
96.800000  7.551600  0.948654
96.900000  7.338600  0.868327
97.000000  7.734350  1.129745
97.100000  7.693000  0.979201
97.200000  7.878200  1.243235
97.300000  7.664700  1.224850
97.400000  7.696300  1.034639
97.500000  7.825300  1.212830
97.600000  7.683600  1.115390
97.700000  7.634200  1.344069
97.800000  7.762600  0.670903
97.900000  7.891000  0.886570
98.000000  7.611650  1.095662
98.100000  7.984750  0.947452
98.200000  7.623150  0.452053
98.300000  7.380500  0.993626
98.400000  7.715500  1.301784
98.500000  7.647450  0.911956
98.600000  7.103850  0.628689
98.700000  7.535550  1.296905
98.800000  7.485000  1.151170
98.900000  7.189650  0.778312
99.000000  7.475850  0.629396
99.100000  7.373750  0.600970
99.200000  7.293100  0.540230
99.300000  7.423650  1.176131
99.400000  7.309550  0.687520
99.500000  7.154650  0.612991
99.600000  7.498050  0.510036
99.700000  7.346250  0.811971
99.800000  7.600650  1.513138
99.900000  7.786000  1.329785
100.000000  7.869700  1.514340
100.100000  7.938050  1.793859
100.200000  7.710500  1.570484
100.300000  7.897450  1.479480
100.400000  7.525350  1.671813
100.500000  7.722400  1.205900
100.600000  7.931300  1.439669
100.700000  7.846050  1.473116
100.800000  7.935700  1.346331
100.900000  7.748250  1.141058
101.000000  8.059500  1.220042
101.100000  8.271100  1.726896
101.200000  7.843950  1.378222
101.300000  8.128100  1.266004
101.400000  7.921000  1.302632
101.500000  7.850750  1.372141
101.600000  7.883100  0.978636
101.700000  7.964650  1.305673
101.800000  7.750600  1.051044
101.900000  7.707300  0.895056
102.000000  7.792150  1.071196
102.100000  8.071950  1.325896
102.200000  7.705750  1.182778
102.300000  8.045500  1.121330
102.400000  7.985500  1.123593
102.500000  7.694950  0.790899
102.600000  7.899500  1.318471
102.700000  7.909350  0.776191
102.800000  7.757700  1.170969
102.900000  7.694700  0.998293
103.000000  7.703150  1.313309
103.100000  7.740250  1.232275
103.200000  7.559950  0.985919
103.300000  7.938150  1.690763
103.400000  8.032550  1.337210
103.500000  7.949300  1.619275
103.600000  8.020500  1.419305
103.700000  7.721000  1.346897
103.800000  8.048800  1.733543
103.900000  7.727100  1.400637
104.000000  7.846050  1.069216
104.100000  7.742200  1.068863
104.200000  7.902600  1.132078
104.300000  7.840700  1.303622
104.400000  7.656650  1.157180
104.500000  7.908550  1.178111
104.600000  7.986600  1.760837
104.700000  8.025800  1.692955
104.800000  7.845750  1.298460
104.900000  7.948000  1.266145
105.000000  8.000650  1.290823
105.100000  8.006550  1.457701
105.200000  7.815300  1.286369
105.300000  7.908900  1.427790
105.400000  7.747850  0.887631
105.500000  7.789250  1.040508
105.600000  7.523600  0.851074
105.700000  7.670050  1.355594
105.800000  7.417200  0.651528
105.900000  7.634650  1.209506
106.000000  7.657800  0.712198
106.100000  7.404750  0.845912
106.200000  7.532200  0.811193
106.300000  7.698100  0.976797
106.400000  7.481900  0.258943
106.500000  7.792550  0.810415
106.600000  7.746800  1.059812
106.700000  7.771250  1.401698
106.800000  7.744450  1.565322
106.900000  7.948600  1.071125
107.000000  8.626950  2.257721
107.100000  8.496650  2.194364
107.200000  8.577300  2.404163
107.300000  8.496350  2.056761
107.400000  7.990550  1.643387
107.500000  8.166200  1.823770
107.600000  8.330250  2.125068
107.700000  8.216500  1.799870
107.800000  8.011050  1.858347
107.900000  8.024350  1.779151
108.000000  7.858650  1.588515
108.100000  8.026150  1.577202
108.200000  7.964800  1.651660
108.300000  8.150850  1.732624
108.400000  7.824400  1.888399
108.500000  7.958700  1.769323
108.600000  8.021150  1.630518
108.700000  7.650600  1.132219
108.800000  7.616550  1.177686
108.900000  7.938450  1.059175
109.000000  7.670650  1.298884
109.100000  7.833450  1.684258
109.200000  7.656250  1.351352
109.300000  7.923450  1.290541
109.400000  7.898000  1.304329
109.500000  7.889000  1.492844
109.600000  8.096600  1.733967
109.700000  7.951300  2.129099
109.800000  8.111750  1.880268
109.900000  8.486600  2.097986
110.000000  7.973900  1.576565
110.100000  8.402350  1.681995
110.200000  8.111200  1.329502
110.300000  7.919250  1.589930
110.400000  8.226900  2.158938
110.500000  7.824950  1.675490
110.600000  7.881850  1.791596
110.700000  8.128250  1.608739
110.800000  7.847250  1.564615
110.900000  7.841600  1.602445
111.000000  7.903650  1.131724
111.100000  7.728300  1.309986
111.200000  8.081400  1.377020
111.300000  7.754750  1.232841
111.400000  7.933450  1.329573
111.500000  8.039400  1.591980
111.600000  8.134400  1.913007
111.700000  7.818650  1.332401
111.800000  7.661000  1.030679
111.900000  8.060300  1.321865
112.000000  7.740300  1.519855
112.100000  7.592650  1.199607
112.200000  7.993550  1.410466
112.300000  7.508050  1.107683
112.400000  8.157900  1.495531
112.500000  7.587350  0.999920
112.600000  7.967300  1.505855
112.700000  7.847650  1.454872
112.800000  7.807400  1.405445
112.900000  7.783400  1.438962
113.000000  7.923700  1.356089
113.100000  7.909000  1.517168
113.200000  7.942650  1.382747
113.300000  7.916300  1.511936
113.400000  7.923150  1.560090
113.500000  8.199250  1.755393
113.600000  7.840400  1.544887
113.700000  7.921900  1.357504
113.800000  7.494950  1.061579
113.900000  8.114200  1.525371
114.000000  7.763050  1.111501
114.100000  7.509200  1.013567
114.200000  7.666450  1.093682
114.300000  7.769800  1.815426
114.400000  8.075550  1.470287
114.500000  8.047850  1.767272
114.600000  7.898200  1.674570
114.700000  7.324100  1.074519
114.800000  7.510800  1.087247
114.900000  7.949400  1.332472
115.000000  7.666150  1.409617
115.100000  8.057650  1.519360
115.200000  7.604350  1.046589
115.300000  7.431000  0.879075
115.400000  8.029500  1.432174
115.500000  7.897000  1.329219
115.600000  7.467050  0.749180
115.700000  7.985850  0.952119
115.800000  7.943150  1.526290
115.900000  7.687750  1.138088
116.000000  8.078750  1.333816
116.100000  7.575450  0.888621
116.200000  7.781500  1.400354
116.300000  8.385600  2.057539
116.400000  7.807400  1.555069
116.500000  7.855600  1.076075
116.600000  7.861850  1.468024
116.700000  7.991950  1.543826
116.800000  7.756200  1.097430
116.900000  8.212150  1.838973
117.000000  7.842400  1.431750
117.100000  7.982950  1.745776
117.200000  7.532300  1.125855
117.300000  7.744600  0.916269
117.400000  7.617400  1.225557
117.500000  7.812800  1.307582
117.600000  7.840800  1.474459
117.700000  8.045950  1.519643
117.800000  8.040450  1.729795
117.900000  8.105600  1.664388
118.000000  7.449350  1.015052
118.100000  8.105250  1.354604
118.200000  7.981750  1.602375
118.300000  7.750400  1.361039
118.400000  7.519050  0.844922
118.500000  7.679250  0.421506
118.600000  7.420200  0.935927
118.700000  7.525400  0.891096
118.800000  7.538350  1.136108
118.900000  7.550300  0.747695
119.000000  7.499150  0.833184
119.100000  7.473050  1.174292
119.200000  7.586450  1.061579
119.300000  7.558850  1.046447
119.400000  7.752250  1.486126
119.500000  7.530250  1.559807
119.600000  7.701800  1.003667
119.700000  7.624650  0.686954
119.800000  7.668000  1.105774
119.900000  7.532000  0.887985
120.000000  7.501850  1.188859
120.100000  7.590300  0.817557
120.200000  7.965750  1.362665
120.300000  7.795450  0.979272
120.400000  7.439300  1.052033
120.500000  7.359100  0.812466
120.600000  7.467850  1.056771
120.700000  7.794500  0.761695
120.800000  7.500750  0.718774
120.900000  7.428000  0.987687
121.000000  7.497800  1.220183
121.100000  7.428650  0.968241
121.200000  7.738750  0.998505
121.300000  7.662500  1.024598
121.400000  7.815650  1.174151
121.500000  7.369850  0.677338
121.600000  7.156400  0.572615
121.700000  7.135200  0.540654
121.800000  7.588750  1.161989
121.900000  7.546000  0.694379
122.000000  7.609650  0.864297
122.100000  7.705700  0.718986
122.200000  7.330150  0.643396
122.300000  7.282100  0.242962
122.400000  7.695200  1.022901
122.500000  8.234450  1.668277
122.600000  8.468100  1.568504
122.700000  7.696650  0.892157
122.800000  8.060000  1.206183
122.900000  8.164300  1.511370
123.000000  8.280350  1.340604
123.100000  8.051800  1.654913
123.200000  8.305650  1.787071
123.300000  8.099000  1.719825
123.400000  7.977050  1.768403
123.500000  7.805950  1.310198
123.600000  8.090350  1.574939
123.700000  8.023050  1.389960
123.800000  8.148200  1.457771
123.900000  8.057000  1.567090
124.000000  8.107000  1.451832
124.100000  8.030450  1.081378
124.200000  7.990600  1.063489
124.300000  7.752200  1.177898
124.400000  8.107650  1.440023
124.500000  7.969800  1.407850
124.600000  7.874900  0.856306
124.700000  7.905600  1.344210
124.800000  7.662650  0.946745
124.900000  8.013650  1.368322
125.000000  7.722050  0.726269
125.100000  7.814300  0.983586
125.200000  7.791450  0.992000
125.300000  7.820450  1.136957
125.400000  7.948550  1.081520
125.500000  7.851250  1.349372
125.600000  7.790100  1.200384
125.700000  7.716500  1.265580
125.800000  7.782200  1.343220
125.900000  7.766350  1.105703
126.000000  7.824850  1.573949
126.100000  7.678300  1.143392
126.200000  7.762750  1.484571
126.300000  7.816350  0.725138
126.400000  7.617500  0.527926
126.500000  7.885400  1.586041
126.600000  7.417800  0.414647
126.700000  7.436050  1.050690
126.800000  7.238050  0.485005
126.900000  7.430550  0.828376
127.000000  7.776600  1.183980
127.100000  7.534950  0.987192
127.200000  7.573450  0.731643
127.300000  7.574950  0.938543
127.400000  7.741250  0.789202
127.500000  7.739500  0.595525
127.600000  7.469000  0.502894
127.700000  7.531000  0.455660
127.800000  7.739000  0.663125
127.900000  7.823250  0.713117
128.000000  7.439300  0.871297
128.100000  7.988800  1.231639
128.200000  7.711100  1.123027
128.300000  8.069500  1.214951
128.400000  7.926950  1.171040
128.500000  7.623950  0.873913
128.600000  7.439300  0.741472
128.700000  7.709550  0.639012
128.800000  7.645950  1.097925
128.900000  7.579100  0.809354
129.000000  7.635500  0.526229
129.100000  7.469450  0.496460
129.200000  7.399350  0.526865
129.300000  7.545650  1.023961
129.400000  7.460950  0.496035
129.500000  7.666750  0.396616
129.600000  7.499350  0.848882
129.700000  7.419550  0.834598
129.800000  7.508900  0.606980
129.900000  7.567350  0.614688
130.000000  7.668750  0.928926
130.100000  7.605250  0.581312
130.200000  7.563600  0.749816
130.300000  7.435250  0.471711
130.400000  7.549150  1.049417
130.500000  7.892000  1.360049
130.600000  7.738350  0.895834
130.700000  7.847250  1.110228
130.800000  7.807050  0.812112
130.900000  7.902700  1.107188
131.000000  7.909700  0.921784
131.100000  8.036500  0.753776
131.200000  7.958950  1.239205
131.300000  7.608150  0.718491
131.400000  7.878600  0.733128
131.500000  7.692300  0.723653
131.600000  7.522700  0.746139
131.700000  7.600100  0.429214
131.800000  7.630250  0.656549
131.900000  7.701850  0.621052
132.000000  7.610550  0.671822
132.100000  7.679350  0.986060
132.200000  7.597600  0.674014
132.300000  7.563950  0.800657
132.400000  7.562750  1.061862
132.500000  7.740300  1.299238
132.600000  7.513600  1.029830
132.700000  7.547950  0.986768
132.800000  7.401900  0.656337
132.900000  7.352250  0.757665
133.000000  7.729150  0.829083
133.100000  7.558350  0.822012
133.200000  7.542600  0.979909
133.300000  7.826400  1.266428
133.400000  7.674950  1.033719
133.500000  7.558750  1.006567
133.600000  7.642750  0.977858
133.700000  7.468900  0.539664
133.800000  7.638250  0.930199
133.900000  7.519800  0.667509
134.000000  7.574650  0.607193
134.100000  7.509850  0.782131
134.200000  7.427800  0.652235
134.300000  7.426500  0.763251
134.400000  7.524400  0.902975
134.500000  7.585350  0.719481
134.600000  7.711700  0.816001
134.700000  7.799350  0.510319
134.800000  7.641050  0.642548
134.900000  7.613700  1.102662
135.000000  7.421200  0.471640
135.100000  7.589500  1.195859
135.200000  7.448200  0.884166
135.300000  7.286400  0.524390
135.400000  7.534700  0.693106
135.500000  7.436550  0.536340
135.600000  7.571850  0.675216
135.700000  7.816200  1.139008
135.800000  7.940500  1.273075
135.900000  8.178450  1.171181
136.000000  8.070800  0.861397
136.100000  7.816150  0.861044
136.200000  8.008250  0.849306
136.300000  7.731700  0.744725
136.400000  7.625800  0.741331
136.500000  7.637500  0.422143
136.600000  7.893800  1.004799
136.700000  7.798200  1.146362
136.800000  7.820700  0.960251
136.900000  7.922850  0.693601
137.000000  7.723350  0.662630
137.100000  7.915550  0.912097
137.200000  7.884000  0.996596
137.300000  7.658250  0.604506
137.400000  7.793600  1.113269
137.500000  7.574950  0.988323
137.600000  7.830450  1.049134
137.700000  7.826150  1.019436
137.800000  7.743000  0.535138
137.900000  7.629050  0.676065
138.000000  7.708650  0.760635
138.100000  7.799400  0.917966
138.200000  7.533750  0.720471
138.300000  7.569250  1.052811
138.400000  7.766950  0.753422
138.500000  7.511200  1.214244
138.600000  7.724500  0.744159
138.700000  7.841150  1.223790
138.800000  7.659700  0.639790
138.900000  7.759200  0.868610
139.000000  7.300900  0.941866
139.100000  7.608150  0.897389
139.200000  7.370650  0.589091
139.300000  7.169900  0.616739
139.400000  7.950500  0.781212
139.500000  7.628050  0.958200
139.600000  7.656650  0.861044
139.700000  7.384350  0.531956
139.800000  7.546750  0.895975
139.900000  7.564750  0.564766
140.000000  7.683950  0.639012
140.100000  8.000100  0.920370
140.200000  7.722100  0.480691
140.300000  7.827800  0.759716
140.400000  7.905600  0.570635
140.500000  7.683800  0.483944
140.600000  7.706400  0.650255
140.700000  7.715900  0.256255
140.800000  7.700000  0.428224
140.900000  7.509500  0.543199
141.000000  7.759150  0.762473
141.100000  7.642350  0.933876
141.200000  7.644050  0.536482
141.300000  7.732850  0.504521
141.400000  7.612300  0.767211
141.500000  7.790050  0.637598
141.600000  7.746300  0.451276
141.700000  7.791550  0.690631
141.800000  7.364050  0.543129
141.900000  7.617550  0.762190
142.000000  7.808300  1.021628
142.100000  7.658850  0.675499
142.200000  7.804300  1.009748
142.300000  7.781000  1.048639
142.400000  7.698300  1.019931
142.500000  7.566750  1.064549
142.600000  7.626500  1.138300
142.700000  7.755350  1.451054
142.800000  7.907850  1.274843
142.900000  7.634600  1.180161
143.000000  7.336750  0.433527
143.100000  7.484050  0.680590
143.200000  7.535200  1.015405
143.300000  7.382400  0.936916
143.400000  7.744500  0.988818
143.500000  7.864700  1.284530
143.600000  7.540250  0.676630
143.700000  7.453850  0.400435
143.800000  7.433400  0.706400
143.900000  7.572050  1.076146
144.000000  7.698350  0.893995
144.100000  7.510900  0.939179
144.200000  7.824300  0.803273
144.300000  7.563250  1.236942
144.400000  7.820150  1.236659
144.500000  7.303500  0.668216
144.600000  7.181900  0.756180
144.700000  7.390700  0.532310
144.800000  7.599050  1.233548
144.900000  7.556400  1.129674
145.000000  7.823850  1.153786
145.100000  7.408450  0.895975
145.200000  7.413550  0.955231
145.300000  7.512100  1.056135
145.400000  7.458950  1.007415
145.500000  7.731050  1.104713
145.600000  8.066600  1.463428
145.700000  7.743550  1.278520
145.800000  7.473100  0.785737
145.900000  7.568300  1.073954
146.000000  7.474400  0.537684
146.100000  7.666350  0.893005
146.200000  7.657100  0.864792
146.300000  7.447250  0.492641
146.400000  7.840450  1.152230
146.500000  7.867150  1.374686
146.600000  7.675150  1.019719
146.700000  7.570050  0.834740
146.800000  7.507950  0.738714
146.900000  7.659050  0.764877
147.000000  7.207400  0.389192
147.100000  7.590200  1.103369
147.200000  7.670300  1.058397
147.300000  7.591350  0.764312
147.400000  7.887000  1.085833
147.500000  7.874350  1.346826
147.600000  7.886100  1.452680
147.700000  7.862550  1.347251
147.800000  7.821050  0.939391
147.900000  8.066050  0.989030
148.000000  7.580250  0.813244
148.100000  7.774400  1.125007
148.200000  7.650950  0.980686
148.300000  7.380550  0.537472
148.400000  7.777350  1.052670
148.500000  7.516400  0.329795
148.600000  7.427650  1.124795
148.700000  7.262050  0.527148
148.800000  7.229500  0.234901
148.900000  7.283650  0.403970
149.000000  7.443550  0.737866
149.100000  7.740150  0.872782
149.200000  7.692000  0.951341
149.300000  7.397550  0.540583
149.400000  7.394700  0.362180
149.500000  7.266150  0.400859
149.600000  7.274200  0.334744
149.700000  7.675300  0.582373
149.800000  7.517450  0.775343
149.900000  7.495600  0.324562
150.000000  7.948650  1.406930
150.100000  7.455350  0.712269
150.200000  7.403550  0.585838
150.300000  7.520350  0.569292
150.400000  7.406500  0.585060
150.500000  7.462900  0.520006
150.600000  7.382750  0.650043
150.700000  7.719450  0.580464
150.800000  7.630400  0.844568
150.900000  7.366250  0.484015
151.000000  7.420600  0.857438
151.100000  7.519800  0.800162
151.200000  7.537250  0.555998
151.300000  7.383200  0.297692
151.400000  7.564100  1.088944
151.500000  7.635700  0.616031
151.600000  7.736950  1.096652
151.700000  8.031850  1.074873
151.800000  7.609250  0.753847
151.900000  7.862050  0.864155
152.000000  7.674400  0.955160
152.100000  7.795750  0.848175
152.200000  7.778200  0.806950
152.300000  7.406400  0.875540
152.400000  7.872550  1.288278
152.500000  7.589500  0.416203
152.600000  7.543700  1.151736
152.700000  7.892400  0.947665
152.800000  7.344450  0.548927
152.900000  7.564500  1.004799
153.000000  7.670850  0.635477
153.100000  7.545950  0.813668
153.200000  7.607100  1.115107
153.300000  7.640800  0.787717
153.400000  7.730750  0.916623
153.500000  8.001100  1.056700
153.600000  7.741650  1.207102
153.700000  7.705400  1.129250
153.800000  7.844700  0.967322
153.900000  7.598200  0.772161
154.000000  7.380750  0.840396
154.100000  7.394950  0.487974
154.200000  7.535350  0.545816
154.300000  7.404650  0.379928
154.400000  7.468750  0.978706
154.500000  7.154400  0.598354
154.600000  7.459500  0.533583
154.700000  7.540400  1.114542
154.800000  7.785800  0.905662
154.900000  7.577150  0.712127
155.000000  7.693700  0.665812
155.100000  7.686550  0.827668
155.200000  7.684750  0.501127
155.300000  7.810800  1.231497
155.400000  8.289400  1.637094
155.500000  8.437500  2.155403
155.600000  8.264700  2.056832
155.700000  7.669750  1.148695
155.800000  8.098100  1.316067
155.900000  7.905250  1.398021
156.000000  7.939400  1.459610
156.100000  7.662300  0.946816
156.200000  8.055700  1.073105
156.300000  7.818900  1.282409
156.400000  7.992350  1.394768
156.500000  7.813050  0.939391
156.600000  7.310250  0.906157
156.700000  7.548650  1.197202
156.800000  7.433400  0.424830
156.900000  7.573200  0.823638
157.000000  7.436850  0.547513
157.100000  7.407850  0.929633
157.200000  7.578250  0.728815
157.300000  7.502550  0.909410
157.400000  7.448550  0.651033
157.500000  7.485600  0.392161
157.600000  7.349950  0.457993
157.700000  7.320350  0.787081
157.800000  7.485550  0.796980
157.900000  7.458100  0.893217
158.000000  7.375150  0.791323
158.100000  7.427900  0.598354
158.200000  7.471100  0.858710
158.300000  7.371350  1.240619
158.400000  7.384950  0.589515
158.500000  7.237000  0.446184
158.600000  7.399100  0.335451
158.700000  7.270000  0.856589
158.800000  7.414400  0.740341
158.900000  7.502000  1.082722
159.000000  7.500050  1.201587
159.100000  7.197400  0.596091
159.200000  7.398000  1.060236
159.300000  7.202250  1.024386
159.400000  7.294450  0.790475
159.500000  7.459550  0.901066
159.600000  7.371600  0.578413
159.700000  7.225900  0.616739
159.800000  7.446050  0.741684
159.900000  7.589200  1.052175
160.000000  7.454000  0.708380
160.100000  7.360200  0.777393
160.200000  7.370300  0.957705
160.300000  7.457400  1.100541
160.400000  7.202200  0.639225
160.500000  7.695800  1.174504
160.600000  7.489350  0.844215
160.700000  7.395150  0.459973
160.800000  7.153900  0.821941
160.900000  7.141300  1.296127
161.000000  7.317400  0.827739
161.100000  7.447000  0.929563
161.200000  7.342700  0.834952
161.300000  7.287550  0.714531
161.400000  7.535450  0.956928
161.500000  7.186200  0.716723
161.600000  7.298050  0.744513
161.700000  7.595400  0.853761
161.800000  7.234050  0.678328
161.900000  7.451300  0.925461
162.000000  7.507450  0.999354
162.100000  7.325800  0.699470
162.200000  7.348350  0.937270
162.300000  7.480100  1.047225
162.400000  7.554450  1.134129
162.500000  7.552450  0.802637
162.600000  7.415100  0.784323
162.700000  7.354100  0.808506
162.800000  7.568750  0.901349
162.900000  7.270850  0.937129
163.000000  7.573300  1.093329
163.100000  7.194700  0.462589
163.200000  7.356500  0.742604
163.300000  7.556750  1.524027
163.400000  7.587450  0.753564
163.500000  7.720400  0.843437
163.600000  7.664800  1.174787
163.700000  7.191550  0.594182
163.800000  7.326600  0.998293
163.900000  7.393400  1.010738
164.000000  7.589650  0.895551
164.100000  7.465600  0.802566
164.200000  7.647750  1.038245
164.300000  7.782450  1.107541
164.400000  7.693650  1.582434
164.500000  7.695950  1.231002
164.600000  7.143200  0.732987
164.700000  7.863150  0.960463
164.800000  7.428150  1.041215
164.900000  7.634000  0.807092
165.000000  7.559500  1.149331
165.100000  7.781400  1.124724
165.200000  7.788950  0.961170
165.300000  7.723750  0.794434
165.400000  7.571700  1.506137
165.500000  7.767500  1.319320
165.600000  7.613250  1.013496
165.700000  7.803250  1.236235
165.800000  7.460400  0.998152
165.900000  7.583300  1.216224
166.000000  7.511050  1.167787
166.100000  7.347900  0.900430
166.200000  7.432650  0.874762
166.300000  7.396900  0.570211
166.400000  7.741800  1.065327
166.500000  7.722200  1.121471
166.600000  7.579100  1.115249
166.700000  7.496800  0.971423
166.800000  7.816500  1.193738
166.900000  7.486250  0.824981
167.000000  7.688000  0.940028
167.100000  7.678550  1.134270
167.200000  7.693400  0.978777
167.300000  7.771900  1.242528
167.400000  7.690500  1.330916
167.500000  7.890950  1.575363
167.600000  7.816450  0.991152
167.700000  7.795250  0.963433
167.800000  7.628700  1.009324
167.900000  7.548150  0.961595
168.000000  7.729400  1.349443
168.100000  7.763300  1.580525
168.200000  7.806850  1.454589
168.300000  7.429650  1.026507
168.400000  7.673650  0.762332
168.500000  7.804900  1.250023
168.600000  7.810600  0.966191
168.700000  7.635150  1.103582
168.800000  7.548050  1.008829
168.900000  7.466750  0.879287
169.000000  8.320300  1.438538
169.100000  7.997400  1.365847
169.200000  7.642350  1.242033
169.300000  7.874700  1.515471
169.400000  7.718050  1.266075
169.500000  7.592550  0.883813
169.600000  7.760400  1.046801
169.700000  7.706250  0.853831
169.800000  7.934050  1.339472
169.900000  7.733900  0.981747
170.000000  7.741200  0.901703
170.100000  7.318150  0.543836
170.200000  7.866950  0.802637
170.300000  7.299100  0.771878
170.400000  7.725500  1.031245
170.500000  7.614050  0.657963
170.600000  7.233500  0.812324
170.700000  7.543400  0.473337
170.800000  7.354550  0.575373
170.900000  7.421800  0.771312
171.000000  7.558950  0.963009
171.100000  7.504000  0.893500
171.200000  7.363850  0.591212
171.300000  7.575200  0.543907
171.400000  7.685350  1.102450
171.500000  7.711650  0.888904
171.600000  7.429750  0.812395
171.700000  7.502850  0.633356
171.800000  7.887150  0.744513
171.900000  8.183200  1.408415
172.000000  7.353700  0.645306
172.100000  7.621300  0.956857
172.200000  7.652350  0.744654
172.300000  7.304400  0.278034
172.400000  7.465750  0.336936
172.500000  7.335850  0.679600
172.600000  7.202500  0.354685
172.700000  7.217300  0.149765
172.800000  7.562000  0.795919
172.900000  8.254850  1.911663
173.000000  7.300650  0.822860
173.100000  7.268750  0.820032
173.200000  7.417100  0.593263
173.300000  7.271850  0.336795
173.400000  7.351450  0.861327
173.500000  7.329850  0.643255
173.600000  7.427600  0.621264
173.700000  7.485200  0.570352
173.800000  7.439900  0.858145
173.900000  7.138150  0.853973
174.000000  7.286450  1.070065
174.100000  7.521600  0.805960
174.200000  7.129400  0.573888
174.300000  7.828150  0.058761
174.400000  7.403450  0.506218
174.500000  7.324100  0.486207
174.600000  7.345000  0.479984
174.700000  7.279050  0.461104
174.800000  7.617950  0.163130
174.900000  7.272850  0.745786
175.000000  7.340500  0.599202
175.100000  7.498550  0.752574
175.200000  7.377950  0.517107
175.300000  7.170050  0.590788
175.400000  7.591550  0.581454
175.500000  7.455500  0.306743
175.600000  7.393600  0.712905
175.700000  7.222500  0.698197
175.800000  7.432100  0.892227
175.900000  7.530450  0.832194
176.000000  7.329700  0.307450
176.100000  7.384200  0.183565
176.200000  7.320550  0.586404
176.300000  7.493100  0.390606
176.400000  7.513650  0.142199
176.500000  7.340550  0.776757
176.600000  7.692950  0.724148
176.700000  7.544100  0.531037
176.800000  7.353800  0.559463
176.900000  7.312850  0.039527
177.000000  7.182150  0.380070
177.100000  7.515550  0.536340
177.200000  7.387750  0.350371
177.300000  7.769100  0.831699
177.400000  7.572450  0.440740
177.500000  7.539450  0.936139
177.600000  7.239800  0.562998
177.700000  7.341750  0.683560
177.800000  7.510600  0.637245
177.900000  7.419950  0.815931
178.000000  7.613400  0.769191
178.100000  7.331100  0.436426
178.200000  7.267650  0.338492
178.300000  7.280900  0.035072
178.400000  7.466250  0.972908
178.500000  7.196500  0.520996
178.600000  7.317550  0.441730
178.700000  7.372100  0.580252
178.800000  7.237250  0.789485
178.900000  7.336250  0.504096
179.000000  7.877900  1.064620
179.100000  7.578250  0.597293
179.200000  7.663400  0.561584
179.300000  7.756750  0.550341
179.400000  7.963150  1.273004
179.500000  7.949200  0.815436
179.600000  7.066350  0.391949
179.700000  6.885800  0.237871
179.800000  7.749400  1.099268
179.900000  7.736950  0.859205
180.000000  8.256000  1.413789
180.100000  8.099550  1.415557
180.200000  8.255250  1.673510
180.300000  8.069600  1.057973
180.400000  8.045950  1.082934
180.500000  8.059700  1.015830
180.600000  8.077950  1.356302
180.700000  7.867100  1.745422
180.800000  8.100200  1.435144
180.900000  7.843150  1.177404
181.000000  8.220350  1.554999
181.100000  7.981750  1.418951
181.200000  7.656650  0.958625
181.300000  7.722100  1.144523
181.400000  8.316650  1.615385
181.500000  8.243700  1.791243
181.600000  8.670200  2.336988
181.700000  8.170550  1.632497
181.800000  8.012000  1.888258
181.900000  8.265450  1.648337
182.000000  7.744800  1.074802
182.100000  8.039450  1.489662
182.200000  7.663700  0.817415
182.300000  7.576950  0.854680
182.400000  7.955700  1.200667
182.500000  7.961600  1.230507
182.600000  7.846650  1.134836
182.700000  7.792100  0.938189
182.800000  7.551300  1.041568
182.900000  7.748650  1.131583
183.000000  8.192550  1.189707
183.100000  8.401350  1.659226
183.200000  7.993350  1.281914
183.300000  8.194600  1.245074
183.400000  8.080950  1.112350
183.500000  8.044150  0.724714
183.600000  7.873250  1.058044
183.700000  8.120300  1.542483
183.800000  8.343250  1.830770
183.900000  8.697700  1.915977
184.000000  7.880200  1.079469
184.100000  7.865550  0.783969
184.200000  7.534800  0.691409
184.300000  7.309900  0.332764
184.400000  7.142650  0.368332
184.500000  7.624300  0.685045
184.600000  7.444950  0.210789
184.700000  7.414400  0.444063
184.800000  7.203750  0.037547
184.900000  7.649250  0.548927
185.000000  7.354450  0.364938
185.100000  7.350300  0.059963
185.200000  7.404600  0.391030
185.300000  7.657150  0.077570
185.400000  7.468150  0.162564
185.500000  7.440250  0.258448
185.600000  7.593950  0.194666
185.700000  7.331100  0.183565
185.800000  7.344200  0.344078
185.900000  7.422450  0.264811
186.000000  7.272850  0.059185
186.100000  7.492900  0.278459
186.200000  7.490800  0.216658
186.300000  7.404650  0.026517
186.400000  7.435250  0.143613
186.500000  7.566750  0.101894
186.600000  7.367050  0.056781
186.700000  7.408200  0.127279
186.800000  7.531600  0.098571
186.900000  7.637800  0.310703
187.000000  7.469500  0.153584
187.100000  7.534850  0.012233
187.200000  7.289200  0.121764
187.300000  7.374300  0.467398
187.400000  7.412050  0.043770
187.500000  7.390350  0.265943
187.600000  7.348250  0.477651
187.700000  7.424350  0.342169
187.800000  7.279500  1.083570
187.900000  7.272300  0.823214
188.000000  6.964700  0.412385
188.100000  7.432700  0.645447
188.200000  7.514950  0.957210
188.300000  7.437150  1.183909
188.400000  7.232700  0.453538
188.500000  7.267950  0.499430
188.600000  7.284150  0.604081
188.700000  7.294800  0.811759
188.800000  7.194350  1.018729
188.900000  7.212850  1.065963
189.000000  7.486200  0.931401
189.100000  7.296500  0.583929
189.200000  7.448650  0.997233
189.300000  7.274500  0.815153
189.400000  7.345000  0.699611
189.500000  7.234100  0.887985
189.600000  7.193950  0.739422
189.700000  7.025400  0.646578
189.800000  7.112100  1.196708
189.900000  7.117500  1.012153
190.000000  7.162550  0.934442
190.100000  7.555100  1.489450
190.200000  7.091150  1.059882
190.300000  7.031300  0.689853
190.400000  7.012700  0.458064
190.500000  6.900750  0.260569
190.600000  7.409050  0.811122
190.700000  7.256600  0.272660
190.800000  7.301350  0.752574
190.900000  7.098750  0.655417
191.000000  7.400800  0.770322
191.100000  7.248150  0.645235
191.200000  6.903150  0.996950
191.300000  7.072250  1.038386
191.400000  7.277450  1.002607
191.500000  7.412300  1.280288
191.600000  6.907900  0.770888
191.700000  6.983950  0.396192
191.800000  7.005100  0.639790
191.900000  7.118550  0.403970
192.000000  7.191750  0.458134
192.100000  7.127200  0.813173
192.200000  7.241550  1.033012
192.300000  7.135950  1.042205
192.400000  7.091950  0.791747
192.500000  7.152450  0.787788
192.600000  7.192600  1.382677
192.700000  7.139250  1.135826
192.800000  7.052200  0.769332
192.900000  7.222350  0.995536
193.000000  7.206650  1.030608
193.100000  7.482250  1.063559
193.200000  7.043250  0.925249
193.300000  7.230800  0.985000
193.400000  7.436100  1.067307
193.500000  7.121850  1.312744
193.600000  6.842100  0.836224
193.700000  7.282550  0.541290
193.800000  7.059050  0.674226
193.900000  7.152100  1.016961
194.000000  6.979650  0.590929
194.100000  7.062900  0.432891
194.200000  7.291800  1.227962
194.300000  7.375750  1.046306
194.400000  7.457850  0.986768
194.500000  7.162450  0.948584
194.600000  7.275150  1.013355
194.700000  6.838200  0.887985
194.800000  7.222650  1.255892
194.900000  7.194100  0.984717
195.000000  7.189300  0.886146
195.100000  7.217050  0.714814
195.200000  7.411200  1.175353
195.300000  7.257600  0.953463
195.400000  7.395700  1.006779
195.500000  7.327000  1.246912
195.600000  7.379750  0.708167
195.700000  7.089550  0.617658
195.800000  7.164950  0.978706
195.900000  7.182850  0.841811
196.000000  7.166150  1.028770
196.100000  7.315300  0.954170
196.200000  7.320850  1.284318
196.300000  7.367700  1.390596
196.400000  7.238600  1.051751
196.500000  7.326450  0.857508
196.600000  7.147850  0.691055
196.700000  7.283950  0.933027
196.800000  7.382850  0.995677
196.900000  7.140350  0.964989
197.000000  7.258900  0.742604
197.100000  7.091950  0.801223
197.200000  7.282900  1.058256
197.300000  7.096250  1.102026
197.400000  7.442450  1.468024
197.500000  7.277200  1.309845
197.600000  7.352750  1.027073
197.700000  7.280600  1.170120
197.800000  7.845750  0.938260
197.900000  7.082850  1.273994
198.000000  7.480200  1.517168
198.100000  7.491800  1.670752
198.200000  7.264200  0.961241
198.300000  7.248000  0.765797
198.400000  7.143900  0.770888
198.500000  7.140450  0.901349
198.600000  7.758850  1.080247
198.700000  7.563850  1.222658
198.800000  7.613250  1.709855
198.900000  7.410550  1.024668
199.000000  7.446000  1.216789
199.100000  7.613750  1.177121
199.200000  7.054100  0.652377
199.300000  6.993350  0.686389
199.400000  7.270850  0.428436
199.500000  7.056000  0.769615
199.600000  7.226400  0.606415
199.700000  6.859100  0.498935
199.800000  7.220750  1.119421
199.900000  7.621100  1.354109
200.000000  7.416400  1.055003
