# aggregated from 2 replicates
# x  mean  std
0.000000  60.000000  0.000000
0.100000  54.000000  12.727922
0.200000  54.000000  2.828427
0.300000  66.500000  4.949747
0.400000  64.000000  0.000000
0.500000  60.000000  5.656854
0.600000  64.500000  2.121320
0.700000  55.500000  2.121320
0.800000  62.000000  16.970563
0.900000  61.500000  7.778175
1.000000  67.500000  3.535534
1.100000  59.000000  1.414214
1.200000  61.500000  2.121320
1.300000  64.000000  8.485281
1.400000  68.500000  20.506097
1.500000  64.500000  13.435029
1.600000  58.000000  8.485281
1.700000  59.500000  2.121320
1.800000  64.500000  12.020815
1.900000  63.500000  2.121320
2.000000  59.500000  6.363961
2.100000  51.500000  2.121320
2.200000  58.500000  6.363961
2.300000  53.000000  14.142136
2.400000  52.500000  12.020815
2.500000  53.000000  25.455844
2.600000  52.000000  14.142136
2.700000  60.500000  19.091883
2.800000  50.500000  26.162951
2.900000  61.500000  13.435029
3.000000  55.500000  17.677670
3.100000  54.500000  19.091883
3.200000  46.500000  10.606602
3.300000  47.000000  8.485281
3.400000  42.000000  25.455844
3.500000  55.500000  13.435029
3.600000  51.500000  7.778175
3.700000  51.000000  22.627417
3.800000  51.500000  10.606602
3.900000  48.500000  10.606602
4.000000  52.000000  4.242641
4.100000  55.000000  7.071068
4.200000  58.000000  0.000000
4.300000  60.500000  2.121320
4.400000  56.500000  3.535534
4.500000  63.500000  0.707107
4.600000  56.500000  3.535534
4.700000  56.500000  9.192388
4.800000  55.000000  0.000000
4.900000  58.500000  0.707107
5.000000  47.000000  4.242641
5.100000  57.000000  1.414214
5.200000  59.500000  7.778175
5.300000  63.000000  1.414214
5.400000  57.500000  6.363961
5.500000  64.500000  13.435029
5.600000  59.500000  16.263456
5.700000  62.000000  15.556349
5.800000  53.000000  16.970563
5.900000  51.000000  2.828427
6.000000  51.000000  4.242641
6.100000  55.500000  7.778175
6.200000  56.000000  11.313708
6.300000  62.500000  16.263456
6.400000  60.500000  3.535534
6.500000  49.500000  9.192388
6.600000  64.500000  2.121320
6.700000  48.000000  15.556349
6.800000  48.500000  3.535534
6.900000  56.500000  19.091883
7.000000  50.500000  2.121320
7.100000  59.000000  2.828427
7.200000  58.000000  2.828427
7.300000  56.000000  8.485281
7.400000  54.500000  14.849242
7.500000  51.500000  19.091883
7.600000  53.500000  24.748737
7.700000  52.500000  24.748737
7.800000  55.500000  16.263456
7.900000  62.000000  8.485281
8.000000  55.000000  19.798990
8.100000  59.500000  12.020815
8.200000  49.500000  20.506097
8.300000  50.000000  12.727922
8.400000  51.000000  21.213203
8.500000  44.500000  16.263456
8.600000  44.500000  17.677670
8.700000  52.500000  28.991378
8.800000  51.500000  17.677670
8.900000  51.500000  7.778175
9.000000  48.000000  1.414214
9.100000  48.000000  8.485281
9.200000  47.500000  7.778175
9.300000  52.500000  6.363961
9.400000  49.500000  12.020815
9.500000  41.500000  12.020815
9.600000  53.500000  26.162951
9.700000  66.000000  18.384776
9.800000  68.000000  14.142136
9.900000  60.000000  15.556349
10.000000  64.500000  9.192388
10.100000  58.000000  2.828427
10.200000  61.500000  19.091883
10.300000  54.500000  9.192388
10.400000  67.000000  12.727922
10.500000  60.000000  16.970563
10.600000  60.000000  8.485281
10.700000  63.500000  3.535534
10.800000  57.500000  2.121320
10.900000  70.000000  5.656854
11.000000  67.000000  12.727922
11.100000  70.500000  0.707107
11.200000  67.000000  1.414214
11.300000  68.500000  4.949747
11.400000  63.500000  0.707107
11.500000  65.500000  2.121320
11.600000  64.000000  0.000000
11.700000  59.000000  7.071068
11.800000  54.000000  4.242641
11.900000  61.000000  4.242641
12.000000  57.000000  0.000000
12.100000  62.500000  3.535534
12.200000  61.000000  1.414214
12.300000  60.000000  1.414214
12.400000  65.000000  12.727922
12.500000  51.000000  4.242641
12.600000  59.500000  4.949747
12.700000  58.000000  5.656854
12.800000  63.000000  8.485281
12.900000  72.500000  7.778175
13.000000  60.500000  12.020815
13.100000  65.000000  12.727922
13.200000  55.000000  1.414214
13.300000  62.000000  4.242641
13.400000  59.500000  3.535534
13.500000  70.000000  1.414214
13.600000  58.500000  0.707107
13.700000  63.500000  3.535534
13.800000  71.000000  14.142136
13.900000  72.500000  2.121320
14.000000  61.500000  6.363961
14.100000  66.000000  1.414214
14.200000  60.500000  7.778175
14.300000  56.000000  21.213203
14.400000  64.000000  2.828427
14.500000  68.000000  11.313708
14.600000  65.000000  12.727922
14.700000  69.000000  1.414214
14.800000  61.500000  14.849242
14.900000  64.500000  6.363961
15.000000  57.500000  12.020815
15.100000  74.500000  0.707107
15.200000  69.000000  5.656854
15.300000  68.500000  13.435029
15.400000  60.500000  12.020815
15.500000  61.500000  4.949747
15.600000  71.500000  9.192388
15.700000  64.000000  8.485281
15.800000  71.500000  0.707107
15.900000  58.000000  8.485281
16.000000  67.500000  6.363961
16.100000  54.500000  6.363961
16.200000  63.500000  16.263456
16.300000  59.000000  11.313708
16.400000  60.500000  16.263456
16.500000  60.000000  4.242641
16.600000  62.500000  3.535534
16.700000  63.000000  2.828427
16.800000  58.000000  12.727922
16.900000  59.500000  10.606602
17.000000  58.500000  17.677670
17.100000  65.000000  7.071068
17.200000  68.500000  4.949747
17.300000  60.000000  2.828427
17.400000  67.000000  12.727922
17.500000  62.500000  0.707107
17.600000  69.500000  3.535534
17.700000  67.500000  16.263456
17.800000  71.000000  4.242641
17.900000  63.500000  2.121320
18.000000  72.500000  0.707107
18.100000  73.000000  5.656854
18.200000  64.000000  19.798990
18.300000  61.000000  21.213203
18.400000  65.500000  9.192388
18.500000  71.500000  0.707107
18.600000  75.500000  4.949747
18.700000  67.500000  6.363961
18.800000  65.500000  9.192388
18.900000  71.000000  2.828427
19.000000  61.500000  2.121320
19.100000  64.000000  5.656854
19.200000  64.500000  10.606602
19.300000  64.500000  0.707107
19.400000  70.000000  4.242641
19.500000  66.000000  9.899495
19.600000  66.500000  17.677670
19.700000  69.000000  4.242641
19.800000  56.000000  7.071068
19.900000  72.500000  4.949747
20.000000  66.000000  4.242641
20.100000  72.500000  6.363961
20.200000  69.500000  10.606602
20.300000  64.500000  7.778175
20.400000  75.500000  7.778175
20.500000  72.000000  4.242641
20.600000  64.500000  2.121320
20.700000  70.000000  12.727922
20.800000  60.500000  9.192388
20.900000  62.000000  9.899495
21.000000  49.000000  7.071068
21.100000  61.500000  10.606602
21.200000  62.000000  2.828427
21.300000  64.000000  2.828427
21.400000  63.000000  7.071068
21.500000  61.000000  1.414214
21.600000  71.000000  5.656854
21.700000  68.500000  9.192388
21.800000  79.000000  18.384776
21.900000  66.500000  9.192388
22.000000  66.500000  3.535534
22.100000  62.500000  0.707107
22.200000  67.500000  0.707107
22.300000  72.000000  9.899495
22.400000  58.000000  4.242641
22.500000  63.000000  8.485281
22.600000  56.000000  2.828427
22.700000  68.000000  7.071068
22.800000  62.000000  2.828427
22.900000  54.000000  7.071068
23.000000  59.000000  4.242641
23.100000  59.000000  2.828427
23.200000  68.500000  0.707107
23.300000  61.500000  0.707107
23.400000  59.500000  9.192388
23.500000  68.500000  2.121320
23.600000  56.500000  2.121320
23.700000  63.500000  2.121320
23.800000  70.000000  2.828427
23.900000  57.500000  0.707107
24.000000  64.000000  4.242641
24.100000  69.000000  1.414214
24.200000  62.000000  4.242641
24.300000  61.500000  2.121320
24.400000  57.000000  2.828427
24.500000  65.000000  2.828427
24.600000  63.500000  3.535534
24.700000  70.000000  1.414214
24.800000  65.000000  0.000000
24.900000  73.500000  0.707107
25.000000  71.500000  3.535534
25.100000  67.000000  4.242641
25.200000  62.500000  2.121320
25.300000  62.000000  2.828427
25.400000  63.500000  0.707107
25.500000  71.000000  4.242641
25.600000  64.500000  9.192388
25.700000  75.500000  4.949747
25.800000  60.000000  5.656854
25.900000  54.500000  12.020815
26.000000  63.000000  1.414214
26.100000  59.500000  14.849242
26.200000  57.500000  3.535534
26.300000  64.500000  2.121320
26.400000  62.000000  15.556349
26.500000  62.000000  9.899495
26.600000  65.500000  6.363961
26.700000  62.000000  11.313708
26.800000  62.500000  2.121320
26.900000  65.000000  2.828427
27.000000  58.500000  0.707107
27.100000  57.000000  1.414214
27.200000  64.500000  17.677670
27.300000  62.000000  12.727922
27.400000  63.000000  2.828427
27.500000  60.500000  7.778175
27.600000  59.500000  0.707107
27.700000  58.500000  4.949747
27.800000  52.500000  3.535534
27.900000  63.000000  11.313708
28.000000  63.000000  4.242641
28.100000  57.000000  0.000000
28.200000  62.500000  7.778175
28.300000  57.000000  11.313708
28.400000  56.500000  3.535534
28.500000  48.000000  8.485281
28.600000  49.500000  0.707107
28.700000  59.500000  13.435029
28.800000  46.000000  5.656854
28.900000  53.500000  16.263456
29.000000  52.000000  16.970563
29.100000  48.500000  13.435029
29.200000  49.500000  19.091883
29.300000  60.000000  18.384776
29.400000  58.500000  21.920310
29.500000  52.000000  16.970563
29.600000  56.000000  4.242641
29.700000  44.500000  2.121320
29.800000  50.500000  9.192388
29.900000  48.000000  9.899495
30.000000  51.500000  10.606602
30.100000  41.500000  16.263456
30.200000  47.500000  12.020815
30.300000  54.500000  14.849242
30.400000  50.000000  4.242641
30.500000  47.500000  12.020815
30.600000  38.000000  14.142136
30.700000  46.500000  12.020815
30.800000  46.500000  10.606602
30.900000  47.500000  14.849242
31.000000  48.000000  22.627417
31.100000  49.000000  25.455844
31.200000  42.500000  13.435029
31.300000  43.000000  12.727922
31.400000  49.500000  16.263456
31.500000  44.500000  12.020815
31.600000  41.000000  18.384776
31.700000  43.500000  23.334524
31.800000  47.000000  9.899495
31.900000  47.000000  15.556349
32.000000  47.000000  22.627417
32.100000  40.000000  0.000000
32.200000  45.000000  14.142136
32.300000  44.000000  16.970563
32.400000  48.500000  17.677670
32.500000  51.000000  21.213203
32.600000  51.500000  12.020815
32.700000  52.500000  12.020815
32.800000  42.500000  28.991378
32.900000  47.000000  7.071068
33.000000  51.000000  12.727922
33.100000  48.500000  14.849242
33.200000  49.000000  18.384776
33.300000  50.000000  22.627417
33.400000  47.500000  13.435029
33.500000  44.500000  12.020815
33.600000  44.500000  27.577164
33.700000  42.500000  16.263456
33.800000  44.500000  16.263456
33.900000  45.500000  14.849242
34.000000  48.000000  25.455844
34.100000  46.000000  16.970563
34.200000  50.500000  24.748737
34.300000  47.000000  7.071068
34.400000  49.500000  16.263456
34.500000  40.500000  7.778175
34.600000  43.000000  16.970563
34.700000  47.000000  15.556349
34.800000  42.000000  16.970563
34.900000  47.500000  14.849242
35.000000  43.500000  6.363961
35.100000  40.500000  14.849242
35.200000  42.000000  12.727922
35.300000  45.000000  25.455844
35.400000  43.000000  19.798990
35.500000  51.000000  19.798990
35.600000  50.500000  14.849242
35.700000  50.000000  9.899495
35.800000  44.000000  19.798990
35.900000  43.500000  3.535534
36.000000  46.500000  14.849242
36.100000  44.000000  11.313708
36.200000  48.500000  14.849242
36.300000  42.500000  20.506097
36.400000  50.000000  15.556349
36.500000  44.000000  5.656854
36.600000  39.500000  23.334524
36.700000  42.500000  30.405592
36.800000  51.000000  31.112698
36.900000  43.500000  23.334524
37.000000  41.000000  26.870058
37.100000  39.000000  28.284271
37.200000  48.500000  23.334524
37.300000  50.000000  26.870058
37.400000  43.500000  13.435029
37.500000  43.000000  11.313708
37.600000  42.000000  9.899495
37.700000  45.000000  16.970563
37.800000  39.500000  19.091883
37.900000  45.000000  1.414214
38.000000  43.000000  15.556349
38.100000  39.500000  23.334524
38.200000  45.000000  16.970563
38.300000  48.000000  16.970563
38.400000  47.500000  27.577164
38.500000  40.500000  24.748737
38.600000  41.000000  14.142136
38.700000  40.000000  18.384776
38.800000  49.000000  15.556349
38.900000  50.000000  21.213203
39.000000  41.500000  19.091883
39.100000  44.500000  23.334524
39.200000  42.500000  19.091883
39.300000  37.500000  24.748737
39.400000  44.000000  35.355339
39.500000  42.000000  25.455844
39.600000  42.500000  17.677670
39.700000  46.500000  30.405592
39.800000  44.000000  15.556349
39.900000  43.500000  24.748737
40.000000  44.000000  19.798990
40.100000  42.500000  10.606602
40.200000  44.000000  12.727922
40.300000  43.500000  17.677670
40.400000  42.500000  21.920310
40.500000  35.500000  9.192388
40.600000  45.500000  14.849242
40.700000  44.500000  16.263456
40.800000  44.500000  17.677670
40.900000  42.500000  19.091883
41.000000  44.500000  16.263456
41.100000  54.000000  21.213203
41.200000  48.000000  24.041631
41.300000  51.500000  16.263456
41.400000  55.000000  26.870058
41.500000  44.000000  12.727922
41.600000  47.500000  26.162951
41.700000  45.000000  14.142136
41.800000  48.000000  16.970563
41.900000  46.000000  19.798990
42.000000  48.500000  16.263456
42.100000  52.000000  19.798990
42.200000  41.500000  12.020815
42.300000  47.500000  20.506097
42.400000  42.000000  15.556349
42.500000  53.000000  14.142136
42.600000  46.000000  16.970563
42.700000  39.000000  11.313708
42.800000  45.500000  16.263456
42.900000  46.000000  36.769553
43.000000  50.500000  23.334524
43.100000  45.000000  18.384776
43.200000  43.000000  15.556349
43.300000  48.500000  19.091883
43.400000  61.000000  16.970563
43.500000  52.000000  24.041631
43.600000  52.500000  19.091883
43.700000  47.500000  10.606602
43.800000  56.500000  0.707107
43.900000  56.500000  19.091883
44.000000  51.500000  4.949747
44.100000  48.000000  11.313708
44.200000  57.000000  22.627417
44.300000  44.000000  15.556349
44.400000  57.500000  20.506097
44.500000  57.000000  18.384776
44.600000  53.500000  19.091883
44.700000  52.000000  2.828427
44.800000  49.000000  12.727922
44.900000  57.000000  16.970563
45.000000  51.500000  2.121320
45.100000  51.000000  18.384776
45.200000  49.000000  16.970563
45.300000  48.000000  11.313708
45.400000  46.000000  2.828427
45.500000  49.000000  7.071068
45.600000  49.000000  18.384776
45.700000  51.000000  12.727922
45.800000  54.000000  15.556349
45.900000  51.000000  16.970563
46.000000  63.000000  5.656854
46.100000  52.000000  9.899495
46.200000  59.000000  12.727922
46.300000  54.000000  9.899495
46.400000  48.500000  19.091883
46.500000  50.500000  20.506097
46.600000  55.500000  7.778175
46.700000  50.000000  4.242641
46.800000  56.500000  9.192388
46.900000  54.500000  6.363961
47.000000  54.500000  9.192388
47.100000  57.500000  4.949747
47.200000  57.500000  3.535534
47.300000  55.000000  7.071068
47.400000  55.000000  1.414214
47.500000  56.500000  0.707107
47.600000  53.500000  9.192388
47.700000  56.000000  7.071068
47.800000  53.000000  16.970563
47.900000  51.000000  7.071068
48.000000  45.500000  10.606602
48.100000  53.000000  15.556349
48.200000  56.500000  20.506097
48.300000  48.000000  21.213203
48.400000  54.000000  18.384776
48.500000  49.000000  12.727922
48.600000  46.000000  9.899495
48.700000  53.500000  7.778175
48.800000  52.500000  0.707107
48.900000  48.500000  4.949747
49.000000  61.500000  13.435029
49.100000  55.000000  5.656854
49.200000  54.000000  4.242641
49.300000  47.500000  13.435029
49.400000  52.000000  4.242641
49.500000  57.000000  19.798990
49.600000  49.000000  11.313708
49.700000  55.000000  15.556349
49.800000  52.000000  15.556349
49.900000  56.500000  14.849242
50.000000  55.500000  14.849242
50.100000  54.000000  19.798990
50.200000  58.000000  11.313708
50.300000  49.000000  9.899495
50.400000  56.000000  19.798990
50.500000  50.500000  17.677670
50.600000  56.000000  16.970563
50.700000  55.500000  10.606602
50.800000  53.500000  10.606602
50.900000  52.500000  23.334524
51.000000  62.500000  14.849242
51.100000  49.000000  25.455844
51.200000  51.000000  22.627417
51.300000  49.500000  19.091883
51.400000  52.500000  17.677670
51.500000  56.500000  13.435029
51.600000  63.500000  0.707107
51.700000  52.500000  23.334524
51.800000  51.500000  21.920310
51.900000  46.500000  10.606602
52.000000  57.500000  24.748737
52.100000  58.500000  14.849242
52.200000  48.000000  11.313708
52.300000  61.000000  11.313708
52.400000  50.000000  28.284271
52.500000  61.000000  5.656854
52.600000  48.500000  14.849242
52.700000  58.500000  20.506097
52.800000  52.000000  16.970563
52.900000  48.500000  26.162951
53.000000  58.500000  19.091883
53.100000  53.500000  9.192388
53.200000  56.500000  17.677670
53.300000  56.000000  24.041631
53.400000  56.000000  41.012193
53.500000  50.500000  20.506097
53.600000  45.000000  25.455844
53.700000  52.500000  24.748737
53.800000  48.500000  14.849242
53.900000  47.500000  27.577164
54.000000  56.500000  20.506097
54.100000  48.000000  11.313708
54.200000  53.000000  26.870058
54.300000  52.500000  13.435029
54.400000  58.000000  18.384776
54.500000  54.000000  24.041631
54.600000  54.500000  26.162951
54.700000  52.500000  19.091883
54.800000  51.000000  14.142136
54.900000  51.500000  21.920310
55.000000  53.000000  25.455844
55.100000  44.500000  12.020815
55.200000  46.000000  31.112698
55.300000  57.000000  19.798990
55.400000  50.500000  0.707107
55.500000  53.000000  18.384776
55.600000  51.500000  3.535534
55.700000  48.000000  1.414214
55.800000  46.500000  21.920310
55.900000  54.000000  22.627417
56.000000  52.500000  19.091883
56.100000  52.000000  19.798990
56.200000  51.500000  12.020815
56.300000  49.500000  19.091883
56.400000  56.500000  14.849242
56.500000  45.500000  14.849242
56.600000  49.500000  12.020815
56.700000  57.000000  22.627417
56.800000  47.500000  17.677670
56.900000  43.500000  7.778175
57.000000  55.000000  14.142136
57.100000  46.000000  14.142136
57.200000  43.000000  18.384776
57.300000  42.000000  16.970563
57.400000  50.000000  8.485281
57.500000  50.500000  24.748737
57.600000  58.500000  10.606602
57.700000  44.000000  14.142136
57.800000  57.500000  6.363961
57.900000  63.000000  29.698485
58.000000  52.000000  16.970563
58.100000  54.500000  12.020815
58.200000  46.500000  19.091883
58.300000  44.500000  7.778175
58.400000  52.500000  7.778175
58.500000  51.500000  10.606602
58.600000  46.500000  7.778175
58.700000  54.500000  17.677670
58.800000  40.500000  12.020815
58.900000  59.000000  14.142136
59.000000  55.000000  16.970563
59.100000  49.500000  26.162951
59.200000  62.000000  18.384776
59.300000  46.500000  24.748737
59.400000  49.000000  15.556349
59.500000  47.500000  13.435029
59.600000  54.500000  14.849242
59.700000  58.000000  26.870058
59.800000  41.500000  10.606602
59.900000  33.500000  17.677670
60.000000  44.500000  24.748737
60.100000  47.500000  23.334524
60.200000  49.500000  30.405592
60.300000  38.500000  10.606602
60.400000  46.500000  28.991378
60.500000  49.500000  13.435029
60.600000  49.500000  14.849242
60.700000  49.000000  16.970563
60.800000  46.000000  33.941125
60.900000  41.000000  33.941125
61.000000  37.000000  14.142136
61.100000  41.500000  21.920310
61.200000  37.500000  7.778175
61.300000  51.500000  27.577164
61.400000  47.500000  20.506097
61.500000  49.500000  19.091883
61.600000  50.500000  19.091883
61.700000  49.000000  19.798990
61.800000  50.500000  21.920310
61.900000  48.000000  18.384776
62.000000  49.000000  25.455844
62.100000  47.000000  9.899495
62.200000  47.000000  18.384776
62.300000  49.500000  26.162951
62.400000  46.000000  16.970563
62.500000  46.500000  27.577164
62.600000  53.500000  20.506097
62.700000  55.500000  14.849242
62.800000  49.000000  19.798990
62.900000  41.000000  29.698485
63.000000  50.000000  15.556349
63.100000  43.500000  28.991378
63.200000  50.500000  21.920310
63.300000  41.000000  32.526912
63.400000  42.000000  24.041631
63.500000  53.500000  30.405592
63.600000  45.500000  16.263456
63.700000  52.000000  18.384776
63.800000  43.000000  31.112698
63.900000  43.000000  19.798990
64.000000  43.000000  25.455844
64.100000  50.500000  33.234019
64.200000  52.000000  28.284271
64.300000  46.000000  21.213203
64.400000  44.000000  19.798990
64.500000  52.000000  25.455844
64.600000  43.500000  30.405592
64.700000  49.500000  31.819805
64.800000  49.500000  30.405592
64.900000  52.500000  27.577164
65.000000  51.000000  15.556349
65.100000  46.000000  16.970563
65.200000  53.000000  22.627417
65.300000  42.500000  23.334524
65.400000  50.500000  20.506097
65.500000  42.000000  16.970563
65.600000  45.000000  19.798990
65.700000  39.500000  16.263456
65.800000  48.000000  24.041631
65.900000  41.000000  26.870058
66.000000  50.000000  28.284271
66.100000  43.500000  31.819805
66.200000  41.500000  17.677670
66.300000  52.000000  31.112698
66.400000  55.500000  4.949747
66.500000  54.500000  13.435029
66.600000  48.500000  17.677670
66.700000  49.500000  26.162951
66.800000  40.500000  21.920310
66.900000  46.000000  21.213203
67.000000  52.000000  11.313708
67.100000  40.500000  13.435029
67.200000  47.500000  16.263456
67.300000  44.500000  14.849242
67.400000  44.500000  13.435029
67.500000  44.500000  7.778175
67.600000  50.500000  17.677670
67.700000  56.000000  12.727922
67.800000  40.500000  21.920310
67.900000  43.000000  16.970563
68.000000  38.500000  19.091883
68.100000  44.000000  9.899495
68.200000  55.500000  0.707107
68.300000  41.500000  9.192388
68.400000  40.000000  14.142136
68.500000  50.000000  9.899495
68.600000  44.500000  9.192388
68.700000  51.500000  16.263456
68.800000  46.000000  9.899495
68.900000  50.500000  13.435029
69.000000  52.500000  16.263456
69.100000  52.000000  24.041631
69.200000  55.500000  16.263456
69.300000  58.000000  24.041631
69.400000  55.000000  33.941125
69.500000  53.000000  21.213203
69.600000  46.000000  8.485281
69.700000  46.500000  12.020815
69.800000  45.500000  27.577164
69.900000  50.000000  24.041631
70.000000  43.500000  0.707107
70.100000  46.000000  7.071068
70.200000  45.500000  0.707107
70.300000  48.000000  19.798990
70.400000  52.500000  24.748737
70.500000  45.500000  16.263456
70.600000  56.500000  16.263456
70.700000  39.000000  9.899495
70.800000  47.500000  16.263456
70.900000  44.000000  18.384776
71.000000  43.500000  20.506097
71.100000  54.500000  9.192388
71.200000  39.500000  26.162951
71.300000  40.000000  24.041631
71.400000  40.000000  15.556349
71.500000  40.000000  12.727922
71.600000  42.000000  8.485281
71.700000  37.500000  16.263456
71.800000  45.000000  16.970563
71.900000  48.000000  12.727922
72.000000  40.000000  8.485281
72.100000  44.500000  28.991378
72.200000  41.000000  18.384776
72.300000  47.500000  12.020815
72.400000  43.500000  20.506097
72.500000  41.500000  12.020815
72.600000  46.000000  11.313708
72.700000  36.500000  13.435029
72.800000  50.000000  19.798990
72.900000  47.000000  12.727922
73.000000  38.500000  16.263456
73.100000  49.500000  14.849242
73.200000  45.500000  16.263456
73.300000  44.000000  28.284271
73.400000  44.500000  20.506097
73.500000  45.000000  26.870058
73.600000  46.000000  25.455844
73.700000  51.000000  29.698485
73.800000  50.500000  28.991378
73.900000  48.000000  25.455844
74.000000  46.000000  21.213203
74.100000  46.000000  21.213203
74.200000  46.500000  19.091883
74.300000  46.000000  19.798990
74.400000  46.500000  14.849242
74.500000  50.000000  15.556349
74.600000  53.500000  21.920310
74.700000  50.000000  24.041631
74.800000  47.000000  25.455844
74.900000  51.000000  16.970563
75.000000  51.500000  28.991378
75.100000  52.000000  14.142136
75.200000  49.000000  12.727922
75.300000  44.000000  24.041631
75.400000  45.500000  14.849242
75.500000  52.000000  21.213203
75.600000  52.500000  23.334524
75.700000  44.500000  28.991378
75.800000  46.000000  25.455844
75.900000  45.500000  27.577164
76.000000  49.500000  28.991378
76.100000  48.500000  21.920310
76.200000  41.000000  25.455844
76.300000  53.000000  5.656854
76.400000  58.000000  16.970563
76.500000  52.000000  24.041631
76.600000  43.000000  32.526912
76.700000  46.500000  24.748737
76.800000  56.000000  15.556349
76.900000  50.500000  17.677670
77.000000  53.500000  19.091883
77.100000  41.000000  19.798990
77.200000  57.000000  16.970563
77.300000  47.000000  21.213203
77.400000  48.500000  16.263456
77.500000  45.000000  22.627417
77.600000  50.000000  24.041631
77.700000  57.000000  15.556349
77.800000  52.000000  19.798990
77.900000  48.000000  24.041631
78.000000  51.500000  14.849242
78.100000  59.000000  16.970563
78.200000  50.000000  24.041631
78.300000  42.000000  16.970563
78.400000  50.500000  3.535534
78.500000  54.000000  16.970563
78.600000  51.500000  24.748737
78.700000  52.500000  26.162951
78.800000  53.500000  26.162951
78.900000  52.500000  20.506097
79.000000  50.500000  23.334524
79.100000  63.000000  16.970563
79.200000  49.500000  23.334524
79.300000  56.500000  4.949747
79.400000  51.000000  24.041631
79.500000  50.500000  14.849242
79.600000  56.500000  16.263456
79.700000  48.000000  24.041631
79.800000  45.500000  19.091883
79.900000  47.000000  29.698485
80.000000  44.000000  15.556349
80.100000  43.500000  14.849242
80.200000  40.500000  14.849242
80.300000  44.000000  11.313708
80.400000  51.500000  20.506097
80.500000  49.500000  16.263456
80.600000  39.000000  18.384776
80.700000  47.000000  25.455844
80.800000  42.000000  33.941125
80.900000  45.000000  29.698485
81.000000  41.500000  31.819805
81.100000  40.000000  29.698485
81.200000  34.000000  21.213203
81.300000  42.000000  19.798990
81.400000  47.000000  22.627417
81.500000  54.500000  10.606602
81.600000  46.000000  19.798990
81.700000  54.000000  9.899495
81.800000  52.500000  10.606602
81.900000  47.000000  9.899495
82.000000  45.000000  14.142136
82.100000  47.500000  21.920310
82.200000  45.000000  15.556349
82.300000  42.500000  13.435029
82.400000  51.000000  16.970563
82.500000  51.500000  17.677670
82.600000  50.500000  13.435029
82.700000  56.000000  18.384776
82.800000  42.000000  12.727922
82.900000  44.500000  24.748737
83.000000  46.500000  13.435029
83.100000  47.000000  12.727922
83.200000  53.500000  12.020815
83.300000  60.000000  12.727922
83.400000  53.000000  8.485281
83.500000  48.500000  14.849242
83.600000  49.000000  19.798990
83.700000  43.500000  26.162951
83.800000  51.500000  12.020815
83.900000  43.000000  7.071068
84.000000  42.000000  25.455844
84.100000  41.500000  12.020815
84.200000  47.500000  3.535534
84.300000  47.000000  21.213203
84.400000  48.500000  14.849242
84.500000  48.500000  24.748737
84.600000  47.500000  13.435029
84.700000  36.500000  23.334524
84.800000  51.000000  15.556349
84.900000  47.500000  20.506097
85.000000  49.500000  14.849242
85.100000  48.500000  24.748737
85.200000  47.000000  24.041631
85.300000  41.000000  12.727922
85.400000  42.000000  26.870058
85.500000  44.500000  17.677670
85.600000  44.000000  28.284271
85.700000  37.500000  14.849242
85.800000  41.500000  23.334524
85.900000  39.500000  16.263456
86.000000  41.000000  14.142136
86.100000  43.500000  24.748737
86.200000  40.000000  19.798990
86.300000  40.500000  28.991378
86.400000  43.000000  26.870058
86.500000  35.500000  19.091883
86.600000  41.500000  26.162951
86.700000  44.000000  28.284271
86.800000  44.500000  28.991378
86.900000  42.500000  31.819805
87.000000  36.000000  21.213203
87.100000  48.000000  33.941125
87.200000  41.500000  21.920310
87.300000  40.000000  15.556349
87.400000  41.000000  19.798990
87.500000  47.000000  21.213203
87.600000  40.000000  24.041631
87.700000  47.500000  33.234019
87.800000  42.000000  25.455844
87.900000  42.500000  17.677670
88.000000  44.500000  27.577164
88.100000  48.500000  31.819805
88.200000  47.500000  28.991378
88.300000  49.500000  38.890873
88.400000  41.500000  26.162951
88.500000  49.500000  20.506097
88.600000  43.500000  30.405592
88.700000  44.000000  26.870058
88.800000  43.000000  14.142136
88.900000  48.500000  31.819805
89.000000  48.500000  27.577164
89.100000  41.500000  28.991378
89.200000  37.500000  28.991378
89.300000  43.000000  35.355339
89.400000  39.000000  24.041631
89.500000  53.000000  33.941125
89.600000  42.500000  17.677670
89.700000  40.000000  18.384776
89.800000  50.500000  37.476659
89.900000  39.000000  29.698485
90.000000  40.000000  21.213203
90.100000  39.500000  30.405592
90.200000  35.500000  27.577164
90.300000  38.000000  25.455844
90.400000  46.500000  20.506097
90.500000  39.000000  24.041631
90.600000  45.000000  35.355339
90.700000  40.000000  32.526912
90.800000  46.000000  35.355339
90.900000  43.000000  26.870058
91.000000  38.000000  18.384776
91.100000  39.000000  24.041631
91.200000  38.000000  18.384776
91.300000  45.000000  28.284271
91.400000  47.000000  32.526912
91.500000  44.000000  25.455844
91.600000  37.000000  14.142136
91.700000  46.000000  21.213203
91.800000  38.500000  17.677670
91.900000  40.000000  19.798990
92.000000  41.500000  28.991378
92.100000  40.500000  26.162951
92.200000  46.500000  28.991378
92.300000  38.500000  24.748737
92.400000  43.000000  29.698485
92.500000  47.500000  27.577164
92.600000  36.000000  25.455844
92.700000  38.500000  30.405592
92.800000  44.500000  26.162951
92.900000  41.000000  15.556349
93.000000  46.000000  15.556349
93.100000  41.000000  18.384776
93.200000  47.500000  23.334524
93.300000  42.000000  28.284271
93.400000  43.000000  22.627417
93.500000  45.500000  27.577164
93.600000  44.500000  28.991378
93.700000  46.500000  9.192388
93.800000  44.500000  23.334524
93.900000  44.000000  7.071068
94.000000  42.500000  37.476659
94.100000  44.000000  38.183766
94.200000  43.000000  24.041631
94.300000  41.500000  24.748737
94.400000  47.000000  21.213203
94.500000  45.500000  16.263456
94.600000  43.500000  7.778175
94.700000  50.000000  25.455844
94.800000  47.000000  18.384776
94.900000  49.000000  12.727922
95.000000  41.500000  23.334524
95.100000  54.500000  14.849242
95.200000  48.500000  7.778175
95.300000  47.000000  15.556349
95.400000  35.500000  27.577164
95.500000  42.500000  33.234019
95.600000  38.000000  29.698485
95.700000  34.500000  19.091883
95.800000  47.500000  27.577164
95.900000  46.000000  21.213203
96.000000  47.500000  24.748737
96.100000  41.000000  29.698485
96.200000  41.000000  25.455844
96.300000  35.500000  27.577164
96.400000  40.000000  28.284271
96.500000  40.000000  31.112698
96.600000  40.000000  26.870058
96.700000  45.000000  32.526912
96.800000  39.000000  29.698485
96.900000  44.500000  27.577164
97.000000  43.500000  17.677670
97.100000  46.500000  23.334524
97.200000  38.500000  23.334524
97.300000  37.500000  23.334524
97.400000  40.500000  17.677670
97.500000  42.500000  20.506097
97.600000  38.000000  12.727922
97.700000  41.000000  18.384776
97.800000  41.000000  24.041631
97.900000  39.000000  25.455844
98.000000  41.000000  24.041631
98.100000  37.500000  27.577164
98.200000  49.000000  28.284271
98.300000  39.000000  26.870058
98.400000  41.000000  19.798990
98.500000  47.500000  21.920310
98.600000  43.500000  17.677670
98.700000  43.500000  6.363961
98.800000  44.000000  18.384776
98.900000  39.500000  21.920310
99.000000  42.000000  19.798990
99.100000  41.500000  21.920310
99.200000  45.000000  25.455844
99.300000  44.500000  16.263456
99.400000  39.500000  27.577164
99.500000  45.500000  34.648232
99.600000  39.500000  20.506097
99.700000  42.000000  28.284271
99.800000  48.500000  20.506097
99.900000  46.000000  18.384776
100.000000  49.500000  20.506097
100.100000  38.000000  19.798990
100.200000  40.500000  26.162951
100.300000  46.000000  16.970563
100.400000  50.500000  26.162951
100.500000  42.000000  19.798990
100.600000  43.500000  21.920310
100.700000  39.500000  13.435029
100.800000  53.500000  20.506097
100.900000  49.000000  25.455844
101.000000  44.000000  29.698485
101.100000  44.500000  23.334524
101.200000  46.500000  30.405592
101.300000  42.000000  25.455844
101.400000  43.000000  21.213203
101.500000  39.000000  12.727922
101.600000  42.500000  17.677670
101.700000  37.000000  18.384776
101.800000  40.500000  23.334524
101.900000  52.000000  28.284271
102.000000  46.500000  19.091883
102.100000  44.500000  13.435029
102.200000  45.500000  24.748737
102.300000  37.500000  21.920310
102.400000  38.000000  5.656854
102.500000  40.000000  19.798990
102.600000  43.500000  21.920310
102.700000  43.500000  26.162951
102.800000  41.500000  23.334524
102.900000  45.500000  19.091883
103.000000  41.000000  26.870058
103.100000  42.000000  28.284271
103.200000  44.000000  19.798990
103.300000  43.000000  16.970563
103.400000  36.500000  24.748737
103.500000  45.000000  14.142136
103.600000  40.500000  23.334524
103.700000  42.500000  30.405592
103.800000  39.500000  14.849242
103.900000  42.500000  27.577164
104.000000  44.500000  16.263456
104.100000  32.000000  16.970563
104.200000  43.500000  26.162951
104.300000  40.000000  24.041631
104.400000  38.500000  21.920310
104.500000  40.500000  21.920310
104.600000  44.500000  23.334524
104.700000  41.500000  21.920310
104.800000  41.500000  23.334524
104.900000  40.000000  24.041631
105.000000  42.000000  33.941125
105.100000  41.500000  21.920310
105.200000  43.500000  31.819805
105.300000  41.000000  31.112698
105.400000  39.500000  24.748737
105.500000  40.000000  19.798990
105.600000  44.000000  25.455844
105.700000  40.500000  23.334524
105.800000  36.500000  27.577164
105.900000  42.500000  27.577164
106.000000  40.500000  20.506097
106.100000  38.500000  21.920310
106.200000  39.500000  17.677670
106.300000  37.000000  16.970563
106.400000  40.000000  21.213203
106.500000  35.500000  23.334524
106.600000  44.000000  14.142136
106.700000  40.500000  23.334524
106.800000  41.500000  28.991378
106.900000  46.500000  31.819805
107.000000  39.000000  16.970563
107.100000  39.500000  23.334524
107.200000  41.000000  21.213203
107.300000  41.000000  24.041631
107.400000  33.000000  24.041631
107.500000  34.000000  29.698485
107.600000  49.500000  28.991378
107.700000  33.500000  27.577164
107.800000  45.500000  24.748737
107.900000  47.000000  25.455844
108.000000  44.500000  19.091883
108.100000  45.000000  22.627417
108.200000  45.500000  28.991378
108.300000  44.000000  29.698485
108.400000  47.000000  29.698485
108.500000  40.500000  20.506097
108.600000  39.500000  27.577164
108.700000  45.500000  20.506097
108.800000  39.000000  18.384776
108.900000  40.000000  26.870058
109.000000  42.500000  36.062446
109.100000  45.500000  27.577164
109.200000  39.000000  21.213203
109.300000  37.500000  23.334524
109.400000  42.000000  31.112698
109.500000  40.500000  26.162951
109.600000  35.000000  28.284271
109.700000  42.000000  24.041631
109.800000  41.500000  26.162951
109.900000  35.500000  26.162951
110.000000  39.000000  28.284271
110.100000  49.500000  36.062446
110.200000  43.500000  24.748737
110.300000  40.500000  19.091883
110.400000  38.500000  24.748737
110.500000  43.000000  25.455844
110.600000  39.000000  32.526912
110.700000  33.500000  21.920310
110.800000  44.500000  23.334524
110.900000  43.500000  20.506097
111.000000  42.000000  16.970563
111.100000  41.500000  23.334524
111.200000  39.000000  21.213203
111.300000  43.500000  19.091883
111.400000  42.000000  19.798990
111.500000  41.000000  24.041631
111.600000  35.000000  15.556349
111.700000  40.000000  14.142136
111.800000  48.000000  19.798990
111.900000  41.500000  16.263456
112.000000  47.500000  17.677670
112.100000  43.000000  24.041631
112.200000  46.000000  28.284271
112.300000  45.500000  17.677670
112.400000  48.000000  22.627417
112.500000  53.000000  31.112698
112.600000  51.000000  38.183766
112.700000  52.500000  30.405592
112.800000  43.000000  16.970563
112.900000  43.000000  22.627417
113.000000  43.500000  30.405592
113.100000  52.000000  16.970563
113.200000  47.000000  16.970563
113.300000  33.500000  12.020815
113.400000  51.000000  29.698485
113.500000  43.500000  36.062446
113.600000  39.500000  19.091883
113.700000  40.000000  28.284271
113.800000  40.000000  24.041631
113.900000  39.500000  24.748737
114.000000  46.500000  24.748737
114.100000  39.500000  26.162951
114.200000  39.000000  21.213203
114.300000  43.500000  26.162951
114.400000  40.000000  25.455844
114.500000  39.500000  21.920310
114.600000  44.000000  28.284271
114.700000  46.500000  19.091883
114.800000  50.000000  22.627417
114.900000  40.000000  25.455844
115.000000  46.000000  33.941125
115.100000  43.500000  20.506097
115.200000  45.000000  31.112698
115.300000  46.500000  30.405592
115.400000  37.000000  19.798990
115.500000  44.000000  22.627417
115.600000  39.500000  14.849242
115.700000  37.500000  23.334524
115.800000  36.500000  21.920310
115.900000  45.500000  28.991378
116.000000  39.500000  30.405592
116.100000  41.500000  23.334524
116.200000  37.500000  17.677670
116.300000  39.000000  28.284271
116.400000  39.500000  28.991378
116.500000  47.000000  15.556349
116.600000  47.000000  35.355339
116.700000  40.000000  26.870058
116.800000  41.500000  26.162951
116.900000  46.500000  20.506097
117.000000  44.000000  25.455844
117.100000  39.000000  28.284271
117.200000  47.500000  20.506097
117.300000  38.500000  26.162951
117.400000  42.000000  19.798990
117.500000  39.500000  20.506097
117.600000  49.500000  34.648232
117.700000  37.000000  19.798990
117.800000  46.500000  20.506097
117.900000  52.500000  24.748737
118.000000  45.500000  28.991378
118.100000  46.500000  28.991378
118.200000  34.000000  19.798990
118.300000  43.000000  33.941125
118.400000  46.000000  14.142136
118.500000  39.000000  21.213203
118.600000  39.500000  23.334524
118.700000  42.000000  18.384776
118.800000  42.000000  24.041631
118.900000  40.000000  26.870058
119.000000  41.000000  24.041631
119.100000  40.500000  14.849242
119.200000  43.500000  20.506097
119.300000  41.000000  31.112698
119.400000  36.000000  15.556349
119.500000  41.000000  28.284271
119.600000  43.000000  21.213203
119.700000  39.000000  22.627417
119.800000  45.500000  30.405592
119.900000  41.500000  14.849242
120.000000  41.500000  26.162951
120.100000  40.500000  19.091883
120.200000  48.000000  35.355339
120.300000  43.000000  33.941125
120.400000  41.000000  25.455844
120.500000  41.000000  18.384776
120.600000  41.500000  9.192388
120.700000  45.500000  21.920310
120.800000  45.500000  14.849242
120.900000  41.000000  21.213203
121.000000  36.000000  25.455844
121.100000  47.500000  23.334524
121.200000  46.500000  31.819805
121.300000  48.000000  25.455844
121.400000  36.000000  19.798990
121.500000  43.000000  22.627417
121.600000  44.500000  24.748737
121.700000  46.000000  25.455844
121.800000  39.000000  28.284271
121.900000  42.000000  21.213203
122.000000  44.500000  23.334524
122.100000  40.000000  24.041631
122.200000  46.000000  35.355339
122.300000  39.000000  19.798990
122.400000  39.500000  23.334524
122.500000  40.000000  21.213203
122.600000  44.500000  24.748737
122.700000  40.000000  16.970563
122.800000  45.500000  26.162951
122.900000  41.500000  17.677670
123.000000  40.500000  24.748737
123.100000  42.500000  26.162951
123.200000  45.000000  19.798990
123.300000  48.500000  28.991378
123.400000  40.500000  28.991378
123.500000  44.000000  32.526912
123.600000  40.000000  25.455844
123.700000  36.500000  21.920310
123.800000  40.500000  21.920310
123.900000  41.000000  28.284271
124.000000  35.500000  16.263456
124.100000  42.500000  19.091883
124.200000  43.000000  19.798990
124.300000  47.000000  36.769553
124.400000  42.500000  28.991378
124.500000  41.000000  24.041631
124.600000  42.500000  3.535534
124.700000  42.500000  6.363961
124.800000  45.500000  14.849242
124.900000  43.500000  26.162951
125.000000  46.500000  13.435029
125.100000  40.000000  14.142136
125.200000  41.000000  19.798990
125.300000  35.000000  18.384776
125.400000  42.500000  17.677670
125.500000  42.500000  17.677670
125.600000  43.000000  28.284271
125.700000  39.000000  18.384776
125.800000  45.500000  30.405592
125.900000  41.000000  4.242641
126.000000  47.000000  25.455844
126.100000  40.000000  22.627417
126.200000  41.000000  31.112698
126.300000  41.500000  17.677670
126.400000  45.500000  19.091883
126.500000  46.000000  22.627417
126.600000  46.500000  12.020815
126.700000  42.000000  12.727922
126.800000  45.500000  19.091883
126.900000  47.000000  9.899495
127.000000  46.500000  12.020815
127.100000  39.500000  12.020815
127.200000  48.500000  13.435029
127.300000  48.500000  19.091883
127.400000  50.000000  22.627417
127.500000  43.000000  5.656854
127.600000  46.500000  4.949747
127.700000  49.000000  5.656854
127.800000  43.500000  14.849242
127.900000  44.000000  14.142136
128.000000  53.500000  24.748737
128.100000  48.500000  23.334524
128.200000  47.000000  26.870058
128.300000  47.500000  26.162951
128.400000  46.000000  42.426407
128.500000  44.000000  25.455844
128.600000  48.000000  28.284271
128.700000  50.500000  20.506097
128.800000  54.500000  27.577164
128.900000  47.000000  26.870058
129.000000  45.000000  19.798990
129.100000  45.500000  10.606602
129.200000  48.500000  17.677670
129.300000  48.000000  28.284271
129.400000  44.000000  19.798990
129.500000  45.000000  16.970563
129.600000  48.000000  12.727922
129.700000  50.500000  13.435029
129.800000  54.000000  16.970563
129.900000  51.500000  10.606602
130.000000  52.500000  17.677670
130.100000  49.500000  20.506097
130.200000  51.000000  12.727922
130.300000  52.500000  26.162951
130.400000  52.500000  21.920310
130.500000  46.500000  27.577164
130.600000  48.500000  19.091883
130.700000  47.000000  32.526912
130.800000  48.000000  15.556349
130.900000  46.500000  26.162951
131.000000  52.500000  24.748737
131.100000  48.000000  19.798990
131.200000  52.000000  25.455844
131.300000  54.000000  26.870058
131.400000  55.000000  32.526912
131.500000  53.000000  18.384776
131.600000  56.000000  16.970563
131.700000  54.500000  24.748737
131.800000  57.000000  21.213203
131.900000  52.000000  16.970563
132.000000  57.500000  10.606602
132.100000  58.500000  27.577164
132.200000  46.500000  10.606602
132.300000  52.000000  19.798990
132.400000  51.000000  25.455844
132.500000  48.000000  16.970563
132.600000  49.000000  15.556349
132.700000  53.500000  21.920310
132.800000  51.500000  12.020815
132.900000  50.500000  10.606602
133.000000  54.000000  18.384776
133.100000  45.000000  18.384776
133.200000  58.500000  21.920310
133.300000  46.000000  28.284271
133.400000  47.000000  22.627417
133.500000  54.500000  19.091883
133.600000  49.500000  30.405592
133.700000  48.500000  17.677670
133.800000  57.000000  16.970563
133.900000  58.500000  14.849242
134.000000  49.000000  9.899495
134.100000  50.500000  13.435029
134.200000  56.000000  26.870058
134.300000  51.500000  16.263456
134.400000  47.500000  12.020815
134.500000  57.000000  26.870058
134.600000  48.500000  19.091883
134.700000  47.000000  16.970563
134.800000  48.500000  26.162951
134.900000  52.000000  28.284271
135.000000  60.500000  16.263456
135.100000  48.000000  26.870058
135.200000  48.500000  27.577164
135.300000  60.000000  22.627417
135.400000  55.500000  20.506097
135.500000  54.000000  5.656854
135.600000  49.000000  16.970563
135.700000  53.500000  33.234019
135.800000  43.500000  13.435029
135.900000  49.000000  8.485281
136.000000  47.000000  16.970563
136.100000  46.000000  15.556349
136.200000  57.500000  23.334524
136.300000  47.000000  22.627417
136.400000  49.500000  33.234019
136.500000  55.000000  16.970563
136.600000  42.000000  15.556349
136.700000  39.000000  14.142136
136.800000  44.500000  19.091883
136.900000  44.500000  21.920310
137.000000  41.500000  26.162951
137.100000  41.500000  6.363961
137.200000  45.500000  14.849242
137.300000  45.000000  12.727922
137.400000  50.500000  24.748737
137.500000  46.000000  16.970563
137.600000  41.000000  15.556349
137.700000  43.000000  31.112698
137.800000  46.000000  24.041631
137.900000  44.000000  15.556349
138.000000  43.000000  16.970563
138.100000  41.000000  16.970563
138.200000  50.000000  24.041631
138.300000  52.500000  24.748737
138.400000  46.500000  24.748737
138.500000  44.500000  20.506097
138.600000  49.500000  6.363961
138.700000  40.000000  18.384776
138.800000  54.500000  14.849242
138.900000  41.500000  20.506097
139.000000  47.000000  16.970563
139.100000  40.000000  14.142136
139.200000  51.500000  20.506097
139.300000  58.000000  22.627417
139.400000  49.500000  30.405592
139.500000  47.000000  14.142136
139.600000  43.500000  21.920310
139.700000  52.500000  13.435029
139.800000  49.500000  21.920310
139.900000  41.000000  16.970563
140.000000  45.000000  29.698485
140.100000  48.000000  21.213203
140.200000  47.500000  23.334524
140.300000  49.000000  21.213203
140.400000  47.000000  21.213203
140.500000  36.500000  3.535534
140.600000  46.500000  28.991378
140.700000  49.000000  14.142136
140.800000  40.500000  17.677670
140.900000  45.500000  20.506097
141.000000  39.000000  18.384776
141.100000  50.500000  23.334524
141.200000  48.000000  16.970563
141.300000  42.500000  21.920310
141.400000  38.500000  19.091883
141.500000  43.000000  12.727922
141.600000  43.500000  19.091883
141.700000  48.500000  19.091883
141.800000  45.000000  8.485281
141.900000  44.000000  15.556349
142.000000  37.500000  14.849242
142.100000  47.500000  26.162951
142.200000  39.500000  24.748737
142.300000  42.000000  29.698485
142.400000  42.000000  25.455844
142.500000  42.000000  16.970563
142.600000  44.500000  19.091883
142.700000  39.000000  22.627417
142.800000  38.500000  20.506097
142.900000  43.000000  24.041631
143.000000  43.000000  18.384776
143.100000  41.000000  12.727922
143.200000  43.000000  22.627417
143.300000  47.000000  15.556349
143.400000  44.000000  24.041631
143.500000  41.500000  19.091883
143.600000  46.000000  14.142136
143.700000  45.500000  12.020815
143.800000  45.500000  10.606602
143.900000  44.000000  29.698485
144.000000  38.500000  21.920310
144.100000  42.000000  14.142136
144.200000  39.000000  19.798990
144.300000  47.500000  27.577164
144.400000  42.000000  18.384776
144.500000  53.500000  27.577164
144.600000  52.000000  15.556349
144.700000  44.000000  15.556349
144.800000  37.500000  19.091883
144.900000  42.500000  21.920310
145.000000  45.000000  15.556349
145.100000  50.000000  25.455844
145.200000  43.000000  18.384776
145.300000  48.500000  33.234019
145.400000  44.000000  29.698485
145.500000  43.500000  24.748737
145.600000  43.500000  24.748737
145.700000  46.000000  16.970563
145.800000  53.000000  24.041631
145.900000  45.500000  16.263456
146.000000  43.500000  20.506097
146.100000  47.500000  23.334524
146.200000  43.500000  17.677670
146.300000  45.500000  16.263456
146.400000  47.500000  20.506097
146.500000  43.000000  28.284271
146.600000  42.500000  13.435029
146.700000  46.500000  17.677670
146.800000  46.000000  11.313708
146.900000  43.500000  20.506097
147.000000  52.000000  15.556349
147.100000  53.000000  21.213203
147.200000  46.500000  31.819805
147.300000  49.500000  19.091883
147.400000  46.500000  21.920310
147.500000  47.500000  19.091883
147.600000  39.000000  24.041631
147.700000  42.000000  25.455844
147.800000  44.000000  21.213203
147.900000  51.500000  20.506097
148.000000  38.000000  19.798990
148.100000  48.000000  25.455844
148.200000  46.000000  25.455844
148.300000  50.000000  29.698485
148.400000  40.000000  22.627417
148.500000  42.500000  20.506097
148.600000  46.500000  16.263456
148.700000  46.000000  18.384776
148.800000  52.500000  20.506097
148.900000  46.500000  21.920310
149.000000  44.500000  16.263456
149.100000  48.000000  21.213203
149.200000  46.500000  21.920310
149.300000  46.000000  29.698485
149.400000  50.500000  12.020815
149.500000  49.000000  19.798990
149.600000  48.000000  24.041631
149.700000  40.000000  25.455844
149.800000  49.000000  24.041631
149.900000  43.500000  19.091883
150.000000  42.500000  19.091883
150.100000  46.000000  19.798990
150.200000  42.500000  10.606602
150.300000  49.000000  14.142136
150.400000  52.000000  9.899495
150.500000  41.000000  16.970563
150.600000  44.000000  26.870058
150.700000  45.000000  19.798990
150.800000  50.500000  9.192388
150.900000  53.500000  17.677670
151.000000  46.500000  14.849242
151.100000  52.500000  21.920310
151.200000  48.500000  10.606602
151.300000  59.000000  22.627417
151.400000  52.500000  23.334524
151.500000  49.500000  12.020815
151.600000  52.000000  22.627417
151.700000  46.000000  21.213203
151.800000  46.500000  14.849242
151.900000  50.000000  7.071068
152.000000  46.000000  14.142136
152.100000  45.000000  11.313708
152.200000  55.000000  19.798990
152.300000  47.000000  15.556349
152.400000  55.000000  25.455844
152.500000  45.000000  16.970563
152.600000  49.500000  17.677670
152.700000  44.000000  7.071068
152.800000  50.000000  8.485281
152.900000  55.500000  10.606602
153.000000  59.000000  15.556349
153.100000  51.000000  1.414214
153.200000  57.500000  16.263456
153.300000  48.000000  11.313708
153.400000  46.500000  9.192388
153.500000  44.000000  16.970563
153.600000  50.000000  28.284271
153.700000  62.500000  23.334524
153.800000  45.000000  7.071068
153.900000  45.000000  11.313708
154.000000  42.000000  7.071068
154.100000  49.000000  18.384776
154.200000  42.000000  15.556349
154.300000  44.000000  19.798990
154.400000  54.000000  14.142136
154.500000  41.500000  16.263456
154.600000  51.500000  16.263456
154.700000  55.000000  24.041631
154.800000  48.500000  2.121320
154.900000  52.000000  24.041631
155.000000  44.000000  18.384776
155.100000  35.500000  26.162951
155.200000  42.500000  24.748737
155.300000  36.500000  21.920310
155.400000  50.000000  29.698485
155.500000  40.500000  16.263456
155.600000  43.500000  30.405592
155.700000  41.500000  17.677670
155.800000  34.500000  13.435029
155.900000  45.000000  19.798990
156.000000  41.000000  19.798990
156.100000  46.500000  17.677670
156.200000  39.500000  23.334524
156.300000  38.000000  21.213203
156.400000  48.000000  21.213203
156.500000  38.000000  15.556349
156.600000  43.000000  9.899495
156.700000  42.000000  18.384776
156.800000  38.000000  12.727922
156.900000  40.500000  19.091883
157.000000  45.500000  6.363961
157.100000  40.000000  8.485281
157.200000  39.500000  20.506097
157.300000  49.500000  10.606602
157.400000  43.000000  8.485281
157.500000  40.500000  19.091883
157.600000  49.500000  17.677670
157.700000  46.500000  9.192388
157.800000  46.000000  26.870058
157.900000  47.500000  13.435029
158.000000  43.000000  4.242641
158.100000  59.500000  6.363961
158.200000  53.000000  8.485281
158.300000  40.500000  26.162951
158.400000  45.500000  23.334524
158.500000  44.000000  14.142136
158.600000  35.000000  8.485281
158.700000  38.500000  17.677670
158.800000  33.500000  20.506097
158.900000  36.000000  26.870058
159.000000  40.500000  20.506097
159.100000  39.500000  14.849242
159.200000  39.500000  17.677670
159.300000  50.500000  10.606602
159.400000  43.500000  14.849242
159.500000  46.500000  26.162951
159.600000  49.500000  23.334524
159.700000  44.000000  16.970563
159.800000  43.500000  7.778175
159.900000  46.500000  16.263456
160.000000  44.500000  20.506097
160.100000  40.500000  4.949747
160.200000  45.500000  19.091883
160.300000  51.000000  24.041631
160.400000  42.000000  9.899495
160.500000  41.500000  16.263456
160.600000  39.000000  19.798990
160.700000  40.500000  13.435029
160.800000  46.000000  18.384776
160.900000  48.000000  19.798990
161.000000  44.000000  11.313708
161.100000  47.000000  18.384776
161.200000  39.500000  13.435029
161.300000  47.500000  23.334524
161.400000  43.500000  20.506097
161.500000  54.500000  14.849242
161.600000  40.500000  20.506097
161.700000  42.500000  20.506097
161.800000  51.500000  34.648232
161.900000  43.000000  15.556349
162.000000  44.500000  20.506097
162.100000  44.500000  23.334524
162.200000  56.000000  19.798990
162.300000  42.000000  21.213203
162.400000  50.500000  7.778175
162.500000  44.500000  14.849242
162.600000  48.500000  13.435029
162.700000  36.500000  13.435029
162.800000  42.000000  14.142136
162.900000  37.500000  23.334524
163.000000  46.000000  25.455844
163.100000  48.000000  22.627417
163.200000  41.500000  21.920310
163.300000  42.000000  21.213203
163.400000  48.000000  22.627417
163.500000  48.000000  28.284271
163.600000  49.500000  17.677670
163.700000  43.000000  11.313708
163.800000  42.000000  25.455844
163.900000  56.000000  31.112698
164.000000  43.000000  14.142136
164.100000  49.500000  20.506097
164.200000  46.500000  26.162951
164.300000  45.500000  19.091883
164.400000  47.500000  21.920310
164.500000  43.000000  16.970563
164.600000  44.000000  16.970563
164.700000  47.500000  24.748737
164.800000  38.500000  20.506097
164.900000  47.000000  24.041631
165.000000  54.000000  7.071068
165.100000  41.000000  12.727922
165.200000  49.500000  17.677670
165.300000  52.500000  37.476659
165.400000  51.000000  31.112698
165.500000  44.500000  23.334524
165.600000  45.500000  24.748737
165.700000  52.500000  30.405592
165.800000  44.500000  23.334524
165.900000  43.500000  26.162951
166.000000  46.500000  20.506097
166.100000  51.000000  24.041631
166.200000  45.500000  17.677670
166.300000  54.000000  24.041631
166.400000  38.500000  13.435029
166.500000  43.000000  24.041631
166.600000  44.500000  27.577164
166.700000  39.500000  23.334524
166.800000  50.500000  21.920310
166.900000  46.500000  14.849242
167.000000  51.500000  30.405592
167.100000  45.000000  26.870058
167.200000  42.000000  19.798990
167.300000  46.500000  27.577164
167.400000  51.000000  31.112698
167.500000  45.000000  21.213203
167.600000  50.500000  28.991378
167.700000  50.500000  36.062446
167.800000  43.500000  26.162951
167.900000  41.000000  28.284271
168.000000  55.500000  28.991378
168.100000  43.500000  20.506097
168.200000  47.000000  9.899495
168.300000  44.000000  29.698485
168.400000  51.000000  21.213203
168.500000  40.000000  25.455844
168.600000  47.500000  16.263456
168.700000  43.500000  21.920310
168.800000  51.500000  27.577164
168.900000  50.000000  24.041631
169.000000  47.000000  16.970563
169.100000  47.000000  19.798990
169.200000  49.500000  21.920310
169.300000  47.000000  33.941125
169.400000  51.500000  33.234019
169.500000  51.500000  38.890873
169.600000  51.000000  33.941125
169.700000  57.000000  31.112698
169.800000  55.000000  32.526912
169.900000  48.000000  28.284271
170.000000  48.000000  19.798990
170.100000  49.000000  25.455844
170.200000  44.500000  14.849242
170.300000  48.500000  26.162951
170.400000  47.000000  32.526912
170.500000  38.000000  25.455844
170.600000  55.000000  12.727922
170.700000  43.500000  12.020815
170.800000  42.500000  10.606602
170.900000  45.000000  19.798990
171.000000  49.000000  22.627417
171.100000  55.500000  34.648232
171.200000  46.000000  15.556349
171.300000  48.000000  15.556349
171.400000  45.500000  28.991378
171.500000  39.000000  29.698485
171.600000  45.000000  36.769553
171.700000  43.500000  24.748737
171.800000  45.000000  18.384776
171.900000  39.000000  16.970563
172.000000  41.500000  16.263456
172.100000  43.000000  24.041631
172.200000  45.500000  28.991378
172.300000  46.500000  12.020815
172.400000  40.000000  18.384776
172.500000  43.000000  25.455844
172.600000  40.500000  24.748737
172.700000  41.500000  23.334524
172.800000  40.000000  28.284271
172.900000  36.000000  14.142136
173.000000  59.000000  32.526912
173.100000  48.000000  11.313708
173.200000  51.000000  15.556349
173.300000  58.500000  26.162951
173.400000  55.000000  7.071068
173.500000  46.500000  10.606602
173.600000  44.000000  15.556349
173.700000  49.000000  24.041631
173.800000  41.000000  21.213203
173.900000  39.000000  9.899495
174.000000  50.500000  30.405592
174.100000  52.000000  11.313708
174.200000  50.500000  12.020815
174.300000  46.500000  17.677670
174.400000  56.500000  28.991378
174.500000  46.500000  4.949747
174.600000  51.000000  21.213203
174.700000  52.500000  34.648232
174.800000  57.000000  29.698485
174.900000  50.000000  24.041631
175.000000  51.500000  23.334524
175.100000  48.500000  24.748737
175.200000  50.000000  18.384776
175.300000  51.500000  20.506097
175.400000  50.000000  12.727922
175.500000  44.000000  22.627417
175.600000  57.000000  32.526912
175.700000  48.500000  10.606602
175.800000  53.000000  32.526912
175.900000  51.500000  28.991378
176.000000  53.500000  26.162951
176.100000  55.500000  23.334524
176.200000  49.500000  10.606602
176.300000  52.000000  24.041631
176.400000  48.500000  24.748737
176.500000  50.500000  17.677670
176.600000  44.500000  20.506097
176.700000  55.000000  26.870058
176.800000  50.000000  24.041631
176.900000  49.500000  17.677670
177.000000  44.000000  28.284271
177.100000  49.500000  14.849242
177.200000  57.000000  5.656854
177.300000  60.500000  10.606602
177.400000  57.000000  8.485281
177.500000  60.000000  19.798990
177.600000  67.000000  5.656854
177.700000  60.500000  19.091883
177.800000  53.000000  14.142136
177.900000  55.000000  18.384776
178.000000  60.000000  22.627417
178.100000  51.500000  13.435029
178.200000  51.500000  20.506097
178.300000  49.000000  18.384776
178.400000  47.000000  12.727922
178.500000  49.000000  25.455844
178.600000  50.500000  28.991378
178.700000  49.000000  24.041631
178.800000  54.000000  16.970563
178.900000  46.500000  23.334524
179.000000  52.000000  24.041631
179.100000  56.000000  24.041631
179.200000  49.000000  31.112698
179.300000  45.500000  14.849242
179.400000  52.000000  33.941125
179.500000  48.500000  19.091883
179.600000  41.500000  24.748737
179.700000  41.500000  17.677670
179.800000  43.000000  29.698485
179.900000  45.500000  27.577164
180.000000  46.500000  24.748737
180.100000  49.000000  36.769553
180.200000  45.500000  28.991378
180.300000  46.500000  38.890873
180.400000  46.500000  40.305087
180.500000  52.000000  33.941125
180.600000  46.000000  29.698485
180.700000  45.500000  34.648232
180.800000  43.500000  24.748737
180.900000  54.500000  37.476659
181.000000  49.500000  37.476659
181.100000  49.500000  36.062446
181.200000  44.500000  38.890873
181.300000  42.500000  34.648232
181.400000  50.000000  42.426407
181.500000  50.500000  31.819805
181.600000  48.000000  31.112698
181.700000  48.500000  21.920310
181.800000  44.000000  28.284271
181.900000  40.500000  20.506097
182.000000  44.500000  33.234019
182.100000  43.500000  36.062446
182.200000  44.000000  22.627417
182.300000  47.000000  39.597980
182.400000  47.500000  26.162951
182.500000  40.500000  26.162951
182.600000  43.000000  28.284271
182.700000  43.500000  33.234019
182.800000  45.000000  32.526912
182.900000  42.500000  36.062446
183.000000  44.000000  29.698485
183.100000  55.000000  28.284271
183.200000  57.500000  33.234019
183.300000  49.500000  30.405592
183.400000  50.000000  22.627417
183.500000  41.500000  36.062446
183.600000  40.000000  31.112698
183.700000  53.000000  39.597980
183.800000  51.500000  33.234019
183.900000  43.500000  20.506097
184.000000  47.000000  35.355339
184.100000  51.500000  44.547727
184.200000  55.000000  31.112698
184.300000  44.000000  26.870058
184.400000  48.500000  24.748737
184.500000  45.500000  34.648232
184.600000  48.000000  32.526912
184.700000  50.000000  28.284271
184.800000  51.500000  36.062446
184.900000  41.500000  27.577164
185.000000  45.500000  31.819805
185.100000  46.000000  28.284271
185.200000  49.500000  40.305087
185.300000  45.500000  34.648232
185.400000  54.000000  32.526912
185.500000  52.000000  35.355339
185.600000  46.500000  33.234019
185.700000  52.500000  38.890873
185.800000  55.000000  41.012193
185.900000  61.500000  48.790368
186.000000  50.500000  31.819805
186.100000  43.500000  28.991378
186.200000  45.000000  28.284271
186.300000  52.500000  33.234019
186.400000  56.000000  42.426407
186.500000  48.000000  24.041631
186.600000  46.000000  26.870058
186.700000  45.500000  30.405592
186.800000  49.000000  38.183766
186.900000  52.500000  36.062446
187.000000  49.500000  30.405592
187.100000  46.500000  30.405592
187.200000  48.000000  32.526912
187.300000  49.500000  34.648232
187.400000  51.000000  31.112698
187.500000  48.500000  30.405592
187.600000  52.500000  38.890873
187.700000  55.000000  45.254834
187.800000  49.000000  35.355339
187.900000  48.500000  37.476659
188.000000  50.000000  28.284271
188.100000  48.500000  27.577164
188.200000  49.000000  32.526912
188.300000  46.500000  38.890873
188.400000  53.000000  35.355339
188.500000  47.500000  34.648232
188.600000  46.000000  33.941125
188.700000  43.500000  31.819805
188.800000  53.000000  43.840620
188.900000  44.500000  34.648232
189.000000  39.500000  21.920310
189.100000  47.000000  31.112698
189.200000  44.000000  31.112698
189.300000  49.500000  33.234019
189.400000  53.500000  33.234019
189.500000  45.500000  33.234019
189.600000  50.500000  31.819805
189.700000  42.500000  24.748737
189.800000  53.500000  40.305087
189.900000  45.000000  24.041631
190.000000  43.000000  25.455844
190.100000  53.000000  49.497475
190.200000  48.000000  35.355339
190.300000  52.500000  28.991378
190.400000  49.000000  32.526912
190.500000  45.500000  41.719300
190.600000  46.000000  22.627417
190.700000  46.500000  27.577164
190.800000  47.000000  33.941125
190.900000  40.500000  24.748737
191.000000  42.000000  32.526912
191.100000  44.500000  36.062446
191.200000  50.000000  31.112698
191.300000  51.500000  37.476659
191.400000  45.000000  38.183766
191.500000  51.500000  37.476659
191.600000  45.500000  33.234019
191.700000  51.000000  42.426407
191.800000  51.000000  33.941125
191.900000  49.000000  29.698485
192.000000  43.000000  25.455844
192.100000  56.000000  39.597980
192.200000  49.000000  35.355339
192.300000  44.500000  31.819805
192.400000  52.500000  38.890873
192.500000  53.000000  35.355339
192.600000  47.000000  42.426407
192.700000  51.500000  41.719300
192.800000  38.500000  26.162951
192.900000  54.500000  41.719300
193.000000  47.500000  37.476659
193.100000  48.000000  39.597980
193.200000  45.000000  33.941125
193.300000  53.000000  46.669048
193.400000  49.500000  31.819805
193.500000  51.500000  43.133514
193.600000  47.500000  30.405592
193.700000  54.000000  38.183766
193.800000  46.500000  30.405592
193.900000  48.500000  37.476659
194.000000  50.000000  32.526912
194.100000  43.500000  20.506097
194.200000  50.000000  39.597980
194.300000  49.500000  45.961941
194.400000  45.000000  25.455844
194.500000  54.000000  31.112698
194.600000  45.500000  27.577164
194.700000  47.500000  27.577164
194.800000  45.000000  33.941125
194.900000  44.000000  26.870058
195.000000  41.500000  34.648232
195.100000  45.000000  35.355339
195.200000  42.500000  26.162951
195.300000  49.500000  38.890873
195.400000  50.000000  35.355339
195.500000  50.500000  26.162951
195.600000  48.000000  35.355339
195.700000  47.500000  31.819805
195.800000  53.500000  36.062446
195.900000  50.500000  38.890873
196.000000  49.500000  30.405592
196.100000  47.000000  33.941125
196.200000  43.000000  38.183766
196.300000  46.000000  38.183766
196.400000  43.000000  33.941125
196.500000  46.000000  33.941125
196.600000  46.500000  31.819805
196.700000  46.500000  41.719300
196.800000  45.000000  32.526912
196.900000  49.500000  28.991378
197.000000  52.000000  26.870058
197.100000  46.000000  25.455844
197.200000  42.500000  27.577164
197.300000  43.500000  26.162951
197.400000  44.500000  27.577164
197.500000  40.500000  26.162951
197.600000  47.000000  33.941125
197.700000  51.000000  36.769553
197.800000  49.000000  29.698485
197.900000  52.000000  33.941125
198.000000  45.500000  23.334524
198.100000  46.500000  36.062446
198.200000  45.000000  41.012193
198.300000  49.500000  26.162951
198.400000  45.500000  33.234019
198.500000  48.500000  40.305087
198.600000  38.500000  24.748737
198.700000  51.000000  26.870058
198.800000  48.500000  34.648232
198.900000  43.500000  24.748737
199.000000  49.500000  36.062446
199.100000  44.000000  35.355339
199.200000  44.500000  30.405592
199.300000  55.500000  38.890873
199.400000  50.000000  39.597980
199.500000  52.500000  36.062446
199.600000  46.500000  30.405592
199.700000  50.500000  33.234019
199.800000  54.000000  42.426407
199.900000  42.500000  28.991378
200.000000  53.500000  38.890873
