# aggregated from 2 replicates
# x  mean  std
0.000000  73.865000  0.000000
0.100000  74.911000  0.015556
0.200000  76.130500  1.704834
0.300000  76.682000  3.535534
0.400000  76.591500  0.320319
0.500000  74.961000  0.014142
0.600000  76.596500  0.171827
0.700000  76.579500  1.762817
0.800000  76.930500  1.513916
0.900000  75.692500  1.498359
1.000000  75.057000  0.057983
1.100000  74.945000  1.006920
1.200000  76.484000  0.009899
1.300000  75.063000  1.062074
1.400000  75.723000  3.108441
1.500000  76.400000  0.876812
1.600000  76.395000  0.565685
1.700000  76.046000  0.425678
1.800000  76.639000  2.593668
1.900000  76.147500  1.771302
2.000000  77.540500  1.163191
2.100000  76.704500  1.281985
2.200000  76.909000  0.366281
2.300000  76.503500  0.523966
2.400000  77.239500  1.154705
2.500000  77.147000  2.774687
2.600000  75.985000  0.093338
2.700000  78.155500  0.955301
2.800000  79.646000  1.408557
2.900000  77.428500  2.967727
3.000000  78.172000  0.367696
3.100000  77.447500  1.006213
3.200000  79.250000  2.685592
3.300000  78.410000  2.148190
3.400000  78.980000  2.158090
3.500000  77.316500  3.416033
3.600000  77.660000  4.139403
3.700000  77.430000  1.206324
3.800000  78.018500  1.813729
3.900000  78.864500  2.465681
4.000000  78.951000  3.190466
4.100000  80.176000  2.892067
4.200000  79.400500  4.912271
4.300000  77.679000  3.740595
4.400000  78.988000  2.098693
4.500000  79.594500  2.649529
4.600000  78.782000  2.658721
4.700000  80.281500  1.283399
4.800000  78.599000  0.582656
4.900000  79.595500  2.185667
5.000000  78.365000  1.412799
5.100000  78.992000  0.810344
5.200000  77.907500  0.787010
5.300000  78.910500  0.187383
5.400000  77.390500  1.074095
5.500000  78.135000  0.657609
5.600000  78.316000  2.012426
5.700000  78.434500  0.854892
5.800000  79.057500  1.502602
5.900000  79.159500  1.082580
6.000000  79.548500  0.098288
6.100000  78.878000  0.731148
6.200000  77.493000  2.039296
6.300000  80.188500  2.358201
6.400000  78.705500  1.317340
6.500000  77.220000  3.565232
6.600000  77.978500  0.733270
6.700000  78.496000  0.107480
6.800000  78.232000  0.848528
6.900000  78.694000  0.205061
7.000000  77.323500  0.253851
7.100000  76.975000  1.200667
7.200000  78.614000  2.141119
7.300000  78.512500  1.731705
7.400000  78.469000  2.104350
7.500000  79.411000  4.444873
7.600000  78.428000  0.152735
7.700000  77.407000  1.728169
7.800000  79.258500  0.781353
7.900000  80.104500  1.190061
8.000000  80.009500  1.745847
8.100000  79.712000  0.120208
8.200000  78.638000  1.883732
8.300000  80.508000  2.442347
8.400000  80.105500  2.137584
8.500000  78.336000  0.097581
8.600000  79.821500  1.740190
8.700000  78.948000  2.289612
8.800000  79.319500  0.331633
8.900000  78.991000  0.956008
9.000000  79.669000  0.674580
9.100000  78.935500  0.714885
9.200000  78.580500  0.635689
9.300000  78.259000  0.224860
9.400000  79.808000  0.972979
9.500000  79.327000  0.565685
9.600000  79.033000  0.995606
9.700000  78.867500  1.665236
9.800000  78.962500  0.420729
9.900000  78.379000  0.582656
10.000000  78.872000  0.694379
10.100000  79.996500  0.840750
10.200000  76.467500  0.648417
10.300000  77.981000  0.083439
10.400000  77.193500  0.180312
10.500000  79.038500  0.262337
10.600000  78.642000  1.991213
10.700000  78.108000  1.284106
10.800000  78.611500  0.518309
10.900000  76.661500  0.627204
11.000000  78.027500  1.365423
11.100000  76.374500  0.299106
11.200000  78.961000  0.541644
11.300000  77.964000  1.371787
11.400000  78.070000  0.741048
11.500000  78.089500  0.490025
11.600000  76.715000  0.244659
11.700000  78.352500  2.518007
11.800000  78.722000  1.740897
11.900000  78.660500  0.994899
12.000000  78.912500  0.632861
12.100000  78.802500  1.509673
12.200000  78.009000  1.944544
12.300000  78.601000  1.402900
12.400000  78.648500  2.662257
12.500000  77.554000  2.300925
12.600000  79.263000  1.685743
12.700000  78.909500  0.666802
12.800000  77.237000  0.363453
12.900000  78.282000  1.005506
13.000000  79.336000  0.503460
13.100000  78.139000  0.268701
13.200000  78.881000  1.988384
13.300000  78.388500  0.115258
13.400000  78.556000  1.277035
13.500000  78.279500  0.183141
13.600000  78.652500  0.208597
13.700000  79.381500  0.146371
13.800000  79.332000  0.097581
13.900000  79.134000  1.144099
14.000000  78.994500  1.089652
14.100000  77.857500  2.816406
14.200000  78.801000  0.603869
14.300000  78.237500  1.304612
14.400000  78.484000  4.302038
14.500000  79.063000  3.582203
14.600000  78.012000  1.271378
14.700000  75.820500  3.459873
14.800000  77.247500  2.547706
14.900000  76.937000  0.019799
15.000000  77.970500  2.107885
15.100000  78.850500  1.252286
15.200000  78.256000  2.238700
15.300000  76.795500  1.001970
15.400000  78.146000  1.559878
15.500000  77.131000  1.531593
15.600000  79.200000  0.982878
15.700000  77.563000  1.165312
15.800000  77.810000  0.192333
15.900000  77.985000  0.535987
16.000000  77.849500  1.446033
16.100000  77.638500  2.683470
16.200000  77.636000  0.202233
16.300000  78.557000  3.003790
16.400000  78.654500  0.012021
16.500000  77.172000  1.602304
16.600000  77.141500  1.380980
16.700000  77.122500  1.908481
16.800000  79.285500  1.407850
16.900000  78.127000  0.728320
17.000000  77.157000  0.794788
17.100000  78.269000  1.103087
17.200000  76.615000  0.394566
17.300000  78.054000  0.316784
17.400000  77.407000  0.724077
17.500000  77.795000  1.648973
17.600000  77.228000  1.409971
17.700000  77.031000  2.392849
17.800000  76.636000  0.535987
17.900000  77.047000  2.108592
18.000000  76.982000  1.630588
18.100000  77.780500  2.860247
18.200000  77.701500  3.087935
18.300000  78.308000  0.308299
18.400000  77.390500  1.007627
18.500000  77.060000  1.282692
18.600000  77.178500  0.026163
18.700000  77.592500  0.358503
18.800000  78.672000  0.634982
18.900000  77.705500  1.273499
19.000000  78.393000  1.236023
19.100000  78.261000  0.243245
19.200000  77.911000  1.417042
19.300000  78.274000  0.660438
19.400000  77.203000  0.745291
19.500000  77.433000  0.209304
19.600000  79.039500  1.260771
19.700000  78.998000  0.719835
19.800000  77.861000  0.311127
19.900000  77.513500  0.703571
20.000000  78.546000  0.132936
20.100000  77.095000  0.340825
20.200000  77.268500  1.010456
20.300000  77.127000  0.982878
20.400000  78.012000  0.472347
20.500000  78.132500  1.718977
20.600000  77.457500  2.083844
20.700000  78.350000  3.191880
20.800000  77.989500  0.354260
20.900000  78.758500  1.017527
21.000000  78.574500  0.475883
21.100000  77.934000  0.209304
21.200000  78.322500  0.881762
21.300000  77.734000  1.257236
21.400000  76.760500  3.329766
21.500000  77.212500  1.873126
21.600000  76.546500  0.111016
21.700000  76.393000  0.171120
21.800000  77.359000  0.336583
21.900000  77.292500  0.350018
22.000000  77.778500  0.290621
22.100000  78.157000  0.189505
22.200000  76.576500  1.048639
22.300000  77.396000  0.487904
22.400000  77.623500  1.064196
22.500000  77.488500  0.333047
22.600000  77.770000  1.554221
22.700000  78.433500  2.157383
22.800000  77.501500  0.260922
22.900000  78.080500  0.142128
23.000000  77.539000  0.828729
23.100000  78.397000  0.159806
23.200000  75.900500  0.747412
23.300000  77.740500  1.091066
23.400000  78.192500  0.344361
23.500000  78.208500  0.832265
23.600000  78.165500  0.062933
23.700000  78.848500  1.614325
23.800000  77.072500  1.158948
23.900000  78.567500  0.669630
24.000000  79.297000  0.851357
24.100000  78.228500  0.300520
24.200000  78.641500  0.096874
24.300000  79.380500  0.183141
24.400000  79.084000  0.753776
24.500000  78.754000  0.576999
24.600000  78.881000  1.323704
24.700000  77.942500  0.177484
24.800000  77.999500  0.047376
24.900000  78.037500  0.679530
25.000000  78.766000  1.067731
25.100000  78.561500  1.272085
25.200000  78.573500  0.286378
25.300000  77.532000  0.398808
25.400000  77.401000  0.175362
25.500000  78.421000  1.542907
25.600000  78.638500  0.828022
25.700000  78.708000  1.152584
25.800000  77.199000  2.241528
25.900000  77.885000  0.035355
26.000000  77.623500  0.852064
26.100000  79.054500  0.340118
26.200000  79.688500  0.113844
26.300000  78.992500  0.511238
26.400000  80.326000  0.168291
26.500000  79.854000  2.313653
26.600000  78.663000  0.321026
26.700000  78.640500  0.809637
26.800000  78.779500  1.919795
26.900000  80.099500  0.195869
27.000000  79.522000  0.199404
27.100000  79.228500  1.447448
27.200000  79.312500  1.553514
27.300000  78.866000  0.971565
27.400000  78.559500  2.286076
27.500000  78.457000  2.177889
27.600000  78.348500  1.885854
27.700000  77.582000  0.821658
27.800000  77.370000  2.177889
27.900000  77.961500  0.598919
28.000000  77.713000  0.636396
28.100000  78.309000  1.069145
28.200000  78.598500  0.125158
28.300000  78.281500  0.873277
28.400000  77.439500  1.083995
28.500000  78.084000  0.974393
28.600000  77.493500  0.560736
28.700000  78.998000  1.043690
28.800000  77.361500  1.368252
28.900000  77.529500  1.702006
29.000000  77.762500  0.829436
29.100000  78.242000  1.824335
29.200000  77.612000  1.335018
29.300000  78.101500  0.440528
29.400000  79.753000  0.216375
29.500000  79.057000  0.994192
29.600000  76.832000  0.343654
29.700000  77.529000  1.616446
29.800000  76.113000  0.376181
29.900000  77.671500  0.497096
30.000000  77.514000  0.596798
30.100000  77.206000  0.337997
30.200000  77.874500  0.357089
30.300000  77.283500  0.086974
30.400000  78.414000  0.763675
30.500000  78.700500  1.515330
30.600000  79.761000  0.956008
30.700000  78.463500  0.296278
30.800000  79.374000  0.350725
30.900000  79.020000  0.311127
31.000000  77.613000  0.154149
31.100000  78.728500  0.966615
31.200000  79.669000  0.049497
31.300000  78.066500  0.327390
31.400000  76.642000  0.441235
31.500000  78.782000  0.752362
31.600000  78.891500  0.762968
31.700000  78.693500  0.973686
31.800000  79.050500  0.542351
31.900000  77.732000  0.554372
32.000000  78.724000  2.668621
32.100000  77.455000  0.965908
32.200000  77.874500  0.249609
32.300000  78.515500  0.540937
32.400000  77.076500  1.897167
32.500000  76.250000  2.802971
32.600000  77.186000  0.766504
32.700000  76.943500  2.817821
32.800000  77.253500  0.094045
32.900000  78.388000  0.121622
33.000000  76.965000  0.359210
33.100000  77.483500  1.180161
33.200000  76.801500  1.608668
33.300000  77.292000  1.373201
33.400000  75.021000  1.431184
33.500000  75.183000  0.330926
33.600000  75.722000  2.701148
33.700000  77.982000  2.074651
33.800000  77.238500  0.737512
33.900000  77.739000  0.475176
34.000000  76.823000  2.856711
34.100000  77.492500  0.948230
34.200000  77.175500  2.298804
34.300000  75.299000  1.704127
34.400000  76.538000  0.398808
34.500000  75.867000  0.896611
34.600000  75.460500  0.350018
34.700000  77.482000  1.022476
34.800000  77.766500  0.184555
34.900000  76.865000  0.755190
35.000000  77.136500  0.408001
35.100000  77.938000  0.161220
35.200000  78.719500  0.045962
35.300000  77.431000  0.093338
35.400000  77.580500  1.666651
35.500000  77.294000  0.835800
35.600000  77.340500  1.245215
35.700000  77.248500  0.168999
35.800000  76.382500  0.395273
35.900000  76.381500  0.436285
36.000000  78.141500  0.089803
36.100000  77.142500  0.060104
36.200000  77.792000  0.053740
36.300000  76.868000  0.354968
36.400000  76.109000  1.066317
36.500000  77.635500  1.590283
36.600000  77.381500  1.405021
36.700000  77.540500  0.297692
36.800000  78.194500  0.352846
36.900000  76.775000  0.967322
37.000000  76.749500  0.956715
37.100000  78.573500  0.355675
37.200000  76.391500  0.147785
37.300000  76.795000  0.294156
37.400000  76.770500  1.676550
37.500000  77.909000  0.811759
37.600000  76.696500  0.375474
37.700000  77.436000  2.886410
37.800000  77.122000  0.717006
37.900000  77.145000  1.699885
38.000000  77.060000  1.069145
38.100000  77.486000  0.879641
38.200000  78.649500  0.878934
38.300000  76.559500  0.074246
38.400000  77.191500  0.836507
38.500000  76.598000  0.533159
38.600000  75.719500  0.388202
38.700000  76.034000  0.411536
38.800000  77.296000  0.224860
38.900000  76.912500  1.038740
39.000000  77.016500  1.232487
39.100000  76.824000  0.166877
39.200000  77.550500  0.106773
39.300000  78.034500  1.147634
39.400000  75.829500  0.672459
39.500000  77.017000  1.070560
39.600000  76.814500  1.956564
39.700000  77.148000  0.984293
39.800000  76.649500  0.088388
39.900000  77.292500  0.304763
40.000000  75.925500  1.728876
40.100000  75.888500  1.021769
40.200000  76.687000  2.225972
40.300000  76.516500  0.878934
40.400000  76.683000  0.731148
40.500000  77.199500  0.127986
40.600000  76.690000  0.394566
40.700000  76.937000  0.018385
40.800000  77.231000  0.250316
40.900000  76.448500  1.597354
41.000000  75.812000  1.383101
41.100000  75.491000  0.905097
41.200000  76.951500  1.663822
41.300000  77.238500  0.727613
41.400000  77.364500  0.084146
41.500000  76.851500  0.622961
41.600000  78.427000  0.059397
41.700000  77.214000  0.946109
41.800000  75.550500  0.410829
41.900000  78.148000  0.705693
42.000000  77.360000  2.101521
42.100000  76.373000  1.260064
42.200000  77.543000  1.258650
42.300000  76.602000  0.680237
42.400000  76.669500  0.119501
42.500000  76.824000  0.453963
42.600000  76.322500  0.600334
42.700000  77.110000  0.026870
42.800000  75.497000  0.438406
42.900000  76.095500  0.159099
43.000000  76.343500  0.975100
43.100000  76.597000  2.063338
43.200000  77.062000  1.404314
43.300000  75.871500  2.095157
43.400000  76.748500  0.785596
43.500000  76.330000  0.647710
43.600000  75.698500  0.034648
43.700000  75.255500  0.560736
43.800000  75.634500  0.043134
43.900000  75.931500  0.962372
44.000000  77.695500  0.464569
44.100000  76.350500  0.529623
44.200000  77.055500  1.028840
44.300000  76.505500  0.436285
44.400000  75.795500  0.072832
44.500000  76.513500  1.430477
44.600000  77.394500  0.002121
44.700000  76.164500  1.697763
44.800000  76.148500  0.420729
44.900000  75.806000  0.729734
45.000000  76.710000  0.131522
45.100000  75.718500  0.963787
45.200000  75.341000  0.267286
45.300000  75.724000  2.088793
45.400000  75.776500  0.235467
45.500000  76.139000  1.257236
45.600000  75.020000  0.974393
45.700000  75.877500  0.375474
45.800000  77.161500  1.260771
45.900000  75.805000  1.742311
46.000000  76.248500  2.044246
46.100000  76.552000  2.671449
46.200000  75.752000  0.509117
46.300000  76.245500  0.514067
46.400000  77.522000  0.831558
46.500000  77.141500  2.280419
46.600000  76.239500  1.581798
46.700000  76.354500  0.481540
46.800000  76.218500  1.421992
46.900000  75.994000  1.363302
47.000000  75.996500  2.516593
47.100000  75.617500  0.249609
47.200000  75.891500  0.515481
47.300000  76.107500  0.115258
47.400000  76.781500  0.866206
47.500000  76.068000  1.632002
47.600000  76.924000  1.736654
47.700000  75.486000  0.756604
47.800000  76.219000  1.079045
47.900000  76.081000  0.550129
48.000000  77.862500  0.802566
48.100000  76.920000  0.325269
48.200000  75.484500  0.030406
48.300000  77.649500  0.027577
48.400000  78.223500  1.547857
48.500000  77.346000  1.210567
48.600000  77.305500  1.221173
48.700000  77.088000  1.428356
48.800000  75.400500  0.830850
48.900000  76.793000  0.565685
49.000000  75.417000  0.436992
49.100000  76.614000  0.115966
49.200000  75.578500  0.205768
49.300000  76.860500  1.858984
49.400000  75.361000  0.014142
49.500000  75.775000  0.278600
49.600000  75.083500  0.276479
49.700000  77.099000  0.001414
49.800000  77.084500  2.279005
49.900000  76.014500  0.460327
50.000000  76.937000  0.981464
50.100000  76.772500  0.345775
50.200000  76.158000  0.049497
50.300000  77.501500  1.608668
50.400000  76.289500  1.658165
50.500000  76.000000  1.005506
50.600000  75.431500  0.335876
50.700000  75.028500  0.852064
50.800000  76.294000  0.239002
50.900000  75.480500  1.130664
51.000000  74.550000  0.205061
51.100000  76.855000  1.574020
51.200000  75.597500  0.526795
51.300000  75.096500  1.263600
51.400000  75.455500  0.149200
51.500000  76.076500  1.400779
51.600000  75.873000  1.568363
51.700000  74.714500  0.857721
51.800000  75.552000  0.031113
51.900000  75.942000  1.038033
52.000000  75.473000  1.391586
52.100000  76.476000  0.722663
52.200000  74.916500  1.618567
52.300000  75.064500  0.820951
52.400000  77.302500  1.361181
52.500000  75.465000  0.486489
52.600000  76.483000  0.199404
52.700000  76.383000  0.814587
52.800000  76.124500  1.750089
52.900000  76.242000  1.105915
53.000000  76.632000  0.622254
53.100000  75.957000  0.496389
53.200000  77.154000  0.282843
53.300000  76.262000  0.799031
53.400000  76.742500  0.982171
53.500000  76.322500  1.477146
53.600000  77.275000  0.009899
53.700000  76.133500  0.374059
53.800000  76.689500  1.209860
53.900000  78.171500  0.012021
54.000000  76.283000  0.718420
54.100000  76.982500  0.514067
54.200000  75.569500  0.567807
54.300000  77.590000  0.376181
54.400000  77.447000  1.121471
54.500000  75.455000  0.012728
54.600000  76.789500  1.342796
54.700000  76.268000  1.613618
54.800000  76.489000  0.255973
54.900000  76.451500  0.632861
55.000000  76.282500  0.433456
55.100000  77.238000  0.366281
55.200000  77.149500  0.509824
55.300000  76.442500  0.673873
55.400000  77.413000  2.530028
55.500000  76.350000  2.339109
55.600000  76.767000  1.231780
55.700000  77.707500  0.451841
55.800000  77.126500  1.109451
55.900000  76.747000  0.101823
56.000000  76.685500  1.489874
56.100000  76.153500  0.787010
56.200000  77.643000  0.735391
56.300000  77.852500  0.280721
56.400000  77.366500  0.095459
56.500000  77.642000  1.175211
56.600000  76.320500  0.931260
56.700000  76.436500  0.276479
56.800000  76.301500  0.354260
56.900000  76.947000  2.183546
57.000000  76.244500  0.628618
57.100000  76.418500  0.122329
57.200000  77.161000  1.721098
57.300000  76.129000  0.739634
57.400000  77.315000  2.080308
57.500000  75.896500  1.792516
57.600000  75.653500  0.952473
57.700000  77.405000  0.431335
57.800000  75.505000  0.599627
57.900000  75.469500  0.553665
58.000000  74.837000  0.096167
58.100000  75.813000  1.294005
58.200000  76.826500  2.048488
58.300000  76.092500  0.089803
58.400000  75.531000  0.480833
58.500000  77.629500  0.416486
58.600000  76.012000  2.365979
58.700000  77.071500  1.520987
58.800000  75.471500  1.181575
58.900000  76.240000  0.523259
59.000000  76.805500  1.635538
59.100000  76.832000  1.169555
59.200000  77.455500  2.559019
59.300000  76.571000  1.384515
59.400000  76.736500  1.228244
59.500000  76.572500  1.314512
59.600000  76.070000  0.718420
59.700000  76.845000  1.616446
59.800000  74.836000  1.589576
59.900000  75.427500  1.485631
60.000000  76.445500  1.468661
60.100000  76.075000  0.015556
60.200000  74.974000  2.443761
60.300000  76.591000  0.711349
60.400000  76.569000  0.434164
60.500000  76.227500  0.020506
60.600000  76.012500  1.537957
60.700000  75.759500  1.125007
60.800000  76.154000  0.664680
60.900000  75.618000  0.452548
61.000000  75.850000  0.296985
61.100000  76.405500  0.474469
61.200000  75.891000  0.041012
61.300000  74.904000  0.053740
61.400000  76.555500  1.044397
61.500000  75.685000  0.482247
61.600000  75.702500  2.573162
61.700000  75.637500  1.132078
61.800000  76.193500  0.996313
61.900000  76.838500  2.027275
62.000000  77.334500  0.928431
62.100000  75.082000  0.967322
62.200000  77.150000  0.644881
62.300000  76.142500  0.269408
62.400000  77.832000  0.352139
62.500000  76.203500  0.801152
62.600000  76.852000  0.561443
62.700000  76.809500  1.120764
62.800000  75.583500  1.216931
62.900000  76.006000  1.442498
63.000000  74.292000  1.206324
63.100000  77.122000  0.240416
63.200000  75.392000  0.046669
63.300000  75.249000  1.185111
63.400000  76.554500  0.741755
63.500000  75.310000  1.175211
63.600000  75.065000  0.277186
63.700000  75.652000  0.564271
63.800000  77.295000  1.398657
63.900000  76.649000  1.653216
64.000000  75.455500  0.088388
64.100000  75.994500  1.506845
64.200000  76.716000  0.277186
64.300000  76.399500  0.600334
64.400000  75.390000  0.444063
64.500000  75.643000  1.718269
64.600000  76.684000  1.226123
64.700000  77.219000  0.967322
64.800000  76.431000  1.101672
64.900000  76.774500  1.028840
65.000000  77.412000  0.261630
65.100000  78.077000  0.408708
65.200000  77.035500  1.747261
65.300000  76.218000  1.677257
65.400000  76.461000  0.248902
65.500000  75.613500  0.843578
65.600000  76.495000  0.913582
65.700000  76.673500  1.356938
65.800000  77.603000  2.167989
65.900000  77.027500  2.201223
66.000000  75.433000  0.219203
66.100000  76.462000  0.606698
66.200000  76.961500  1.513916
66.300000  75.919500  0.487197
66.400000  77.305000  1.013991
66.500000  76.184500  0.130815
66.600000  77.072500  1.366837
66.700000  76.389500  1.191475
66.800000  75.714500  0.194454
66.900000  75.652000  0.791960
67.000000  76.328500  1.942422
67.100000  76.131000  1.551392
67.200000  76.355500  0.772868
67.300000  76.114500  0.557907
67.400000  77.607000  0.234759
67.500000  77.085000  0.263044
67.600000  77.732000  0.922067
67.700000  77.766000  0.503460
67.800000  77.648500  0.409415
67.900000  76.970500  0.615890
68.000000  76.425000  0.714178
68.100000  77.046000  1.030962
68.200000  77.583000  2.032225
68.300000  77.544500  0.101116
68.400000  77.549500  0.413657
68.500000  76.991000  0.197990
68.600000  77.297000  0.852771
68.700000  76.754500  1.045811
68.800000  77.387500  1.799587
68.900000  75.809000  0.171120
69.000000  77.250000  0.350725
69.100000  77.091000  0.762261
69.200000  77.875000  1.012577
69.300000  78.186000  0.345068
69.400000  77.998500  1.218345
69.500000  76.668000  1.318047
69.600000  77.219500  1.079752
69.700000  76.710000  1.603718
69.800000  77.335500  0.174655
69.900000  76.120500  0.924189
70.000000  76.657000  1.182283
70.100000  78.201000  1.508966
70.200000  77.752500  1.629881
70.300000  77.483500  1.974949
70.400000  77.521500  2.161625
70.500000  76.788500  0.627204
70.600000  76.937000  2.822770
70.700000  76.653000  0.158392
70.800000  76.917000  0.354968
70.900000  76.166000  0.582656
71.000000  77.122500  0.177484
71.100000  76.474000  0.275772
71.200000  77.727500  0.070004
71.300000  76.481000  0.575585
71.400000  76.833000  0.612354
71.500000  76.226500  0.557907
71.600000  76.293500  0.990657
71.700000  77.222000  0.466690
71.800000  77.346000  0.161220
71.900000  76.190500  0.574878
72.000000  76.354000  0.076368
72.100000  77.394000  0.302642
72.200000  75.975500  0.403758
72.300000  75.466500  0.852064
72.400000  76.143500  0.415072
72.500000  76.589000  1.110158
72.600000  76.583000  0.280014
72.700000  76.530000  1.015405
72.800000  76.677500  1.344210
72.900000  77.135500  2.000405
73.000000  76.794500  0.775696
73.100000  76.012000  0.797616
73.200000  76.561500  1.092480
73.300000  75.169500  1.834942
73.400000  76.914000  1.434013
73.500000  76.789500  0.256680
73.600000  76.752500  0.098288
73.700000  76.460000  0.854185
73.800000  75.976000  1.267135
73.900000  76.460000  0.603869
74.000000  76.083000  1.497652
74.100000  76.203000  2.300925
74.200000  76.596000  0.560029
74.300000  75.991500  0.673873
74.400000  77.200500  1.300369
74.500000  76.881000  1.354817
74.600000  77.863000  0.557200
74.700000  76.414500  1.406435
74.800000  77.275500  1.014698
74.900000  78.184000  0.642053
75.000000  77.629000  0.603869
75.100000  78.729000  0.496389
75.200000  77.996000  2.513058
75.300000  77.448500  0.542351
75.400000  78.045000  0.093338
75.500000  77.126000  2.135462
75.600000  77.820000  1.596647
75.700000  77.065500  2.878632
75.800000  77.959000  0.700036
75.900000  76.482000  0.306884
76.000000  75.921500  1.102379
76.100000  75.294000  1.305319
76.200000  75.725000  0.708521
76.300000  76.395000  1.780495
76.400000  76.420000  2.679935
76.500000  76.769000  2.102936
76.600000  77.322000  0.063640
76.700000  76.438500  0.775696
76.800000  76.737000  2.036468
76.900000  77.398500  1.512501
77.000000  78.293000  1.093187
77.100000  78.677500  1.846256
77.200000  78.028500  1.181575
77.300000  77.609000  0.205061
77.400000  77.679000  0.557200
77.500000  78.070500  0.468812
77.600000  76.462500  0.045962
77.700000  77.510500  1.757160
77.800000  77.097500  0.778525
77.900000  76.709000  0.185262
78.000000  76.355000  1.438255
78.100000  78.397000  0.205061
78.200000  77.235500  1.598768
78.300000  76.554000  0.579828
78.400000  76.974500  0.081317
78.500000  77.744500  1.050054
78.600000  77.276500  1.849084
78.700000  77.304500  1.317340
78.800000  76.133500  0.771453
78.900000  77.519500  0.977929
79.000000  76.701500  1.322997
79.100000  76.990000  1.434013
79.200000  76.081000  0.239002
79.300000  76.534000  0.004243
79.400000  76.735500  1.484217
79.500000  78.881000  0.115966
79.600000  76.087000  1.738068
79.700000  78.293500  0.412243
79.800000  76.641500  0.351432
79.900000  77.198500  0.951059
80.000000  77.049000  0.685894
80.100000  77.058000  0.026870
80.200000  77.243500  0.136472
80.300000  75.974500  1.810900
80.400000  75.550500  0.465983
80.500000  76.833000  0.530330
80.600000  77.299000  0.997021
80.700000  76.815500  0.948230
80.800000  77.641500  0.795495
80.900000  75.948000  0.387495
81.000000  77.027000  0.800445
81.100000  76.058000  0.545886
81.200000  77.420000  0.493561
81.300000  77.161000  0.011314
81.400000  76.902500  0.026163
81.500000  76.823000  0.554372
81.600000  77.490500  1.071267
81.700000  77.337500  0.102530
81.800000  75.681500  0.963787
81.900000  77.882000  0.137179
82.000000  77.367500  0.481540
82.100000  76.715500  1.733119
82.200000  77.850500  0.211425
82.300000  77.062500  1.204203
82.400000  76.453000  1.183697
82.500000  76.919000  0.724077
82.600000  75.945000  0.295571
82.700000  76.251000  1.206324
82.800000  75.980500  1.122178
82.900000  76.569500  1.348453
83.000000  76.142500  0.061518
83.100000  76.652500  1.840599
83.200000  76.921000  0.965908
83.300000  77.899000  3.775950
83.400000  77.805000  2.849640
83.500000  77.233500  1.655337
83.600000  77.070000  1.155412
83.700000  78.162500  1.627053
83.800000  76.886500  0.968029
83.900000  76.103500  0.341533
84.000000  78.156500  0.662559
84.100000  77.803000  1.272792
84.200000  77.823500  0.396687
84.300000  77.412500  0.234052
84.400000  78.099000  0.636396
84.500000  76.045500  1.233901
84.600000  75.817000  0.629325
84.700000  76.444000  0.687308
84.800000  75.850500  0.654074
84.900000  77.077000  0.151321
85.000000  76.630000  0.492146
85.100000  76.984000  1.838478
85.200000  76.887000  2.890653
85.300000  77.310000  1.216224
85.400000  76.685000  1.511794
85.500000  78.016500  2.793779
85.600000  77.610000  1.762110
85.700000  77.070500  1.908481
85.800000  77.666000  1.542907
85.900000  77.357500  1.163191
86.000000  77.006500  2.102228
86.100000  77.141000  0.937624
86.200000  76.502500  2.486895
86.300000  77.836500  3.144504
86.400000  77.079500  0.400930
86.500000  76.626500  0.754483
86.600000  77.458000  1.484924
86.700000  78.434000  1.958686
86.800000  77.349000  0.623668
86.900000  76.197500  1.317340
87.000000  77.075500  1.730290
87.100000  78.088500  1.450276
87.200000  77.277500  0.894490
87.300000  75.492000  1.018234
87.400000  76.586000  1.817264
87.500000  76.466500  0.645588
87.600000  76.199500  0.515481
87.700000  76.951000  1.704127
87.800000  76.358000  1.426941
87.900000  76.348500  2.911159
88.000000  78.115500  1.115107
88.100000  77.285000  1.913431
88.200000  77.701000  0.864084
88.300000  76.023500  2.083844
88.400000  75.815500  2.144655
88.500000  75.852500  0.815294
88.600000  76.894500  0.973686
88.700000  76.160000  2.580940
88.800000  77.185500  1.564827
88.900000  76.709500  0.212839
89.000000  75.968500  0.634275
89.100000  76.698000  2.696905
89.200000  76.026500  1.192889
89.300000  76.549500  2.737210
89.400000  76.946500  1.808072
89.500000  75.280500  0.079903
89.600000  76.864000  1.289763
89.700000  77.158000  0.796202
89.800000  76.435500  0.072832
89.900000  75.940500  0.156271
90.000000  76.971500  0.294864
90.100000  75.827000  0.571342
90.200000  76.671000  0.917825
90.300000  77.756000  2.071823
90.400000  76.137000  0.356382
90.500000  76.053500  0.045962
90.600000  77.867000  3.915957
90.700000  77.303500  0.669630
90.800000  75.677000  0.719835
90.900000  76.397500  0.447599
91.000000  76.329500  2.595789
91.100000  75.197500  0.358503
91.200000  76.720500  0.335876
91.300000  76.535000  0.441235
91.400000  75.932500  0.973686
91.500000  75.720000  0.982878
91.600000  76.378500  0.451841
91.700000  76.435000  0.305470
91.800000  77.456000  0.147078
91.900000  77.116000  0.677408
92.000000  76.907000  0.975807
92.100000  76.224000  0.397394
92.200000  76.710500  0.811051
92.300000  77.645000  0.069296
92.400000  76.913500  0.337290
92.500000  76.709000  0.473762
92.600000  76.504000  0.651952
92.700000  78.472500  0.880348
92.800000  76.880000  0.224860
92.900000  77.337500  3.588567
93.000000  77.468500  1.693521
93.100000  76.791500  2.358201
93.200000  77.553500  1.499773
93.300000  76.531500  3.544726
93.400000  77.158000  2.589425
93.500000  76.817000  0.748119
93.600000  76.550000  0.620840
93.700000  76.189000  0.555786
93.800000  76.612500  0.321734
93.900000  77.601500  0.342947
94.000000  76.080000  0.452548
94.100000  76.740500  0.902975
94.200000  76.332500  0.712057
94.300000  77.193500  1.044397
94.400000  74.902500  2.133341
94.500000  76.072500  0.760140
94.600000  77.108500  1.320168
94.700000  76.902000  0.810344
94.800000  76.591000  2.592253
94.900000  75.666500  1.253700
95.000000  76.583500  1.262186
95.100000  73.244500  0.092631
95.200000  77.246000  2.702562
95.300000  76.564500  3.147332
95.400000  77.758500  1.332896
95.500000  76.176000  0.311127
95.600000  76.354000  0.705693
95.700000  77.721500  0.415072
95.800000  77.782500  0.573464
95.900000  76.450500  2.055559
96.000000  76.778000  0.789131
96.100000  75.928000  1.192182
96.200000  76.588500  2.674985
96.300000  76.269500  2.829134
96.400000  75.733500  3.147332
96.500000  76.395500  2.202638
96.600000  76.892000  3.404012
96.700000  76.293000  1.098844
96.800000  76.299500  1.378151
96.900000  75.097500  0.013435
97.000000  76.231500  0.563564
97.100000  76.784500  0.706400
97.200000  76.950500  0.540937
97.300000  77.847000  0.060811
97.400000  76.851000  0.487904
97.500000  76.175500  0.647003
97.600000  76.115000  0.861256
97.700000  76.814500  0.366988
97.800000  75.835500  0.794081
97.900000  75.078000  0.239002
98.000000  76.701500  0.951059
98.100000  76.623000  0.762261
98.200000  74.313500  0.692258
98.300000  76.060000  1.475025
98.400000  77.435000  1.033790
98.500000  76.937500  2.641044
98.600000  76.796500  2.465681
98.700000  76.476500  0.226981
98.800000  75.831000  1.774838
98.900000  75.950500  1.083995
99.000000  75.455500  0.085560
99.100000  77.051000  0.914996
99.200000  75.670000  0.743876
99.300000  77.152500  2.717411
99.400000  78.326000  2.812871
99.500000  77.984000  1.135613
99.600000  77.831500  1.915552
99.700000  77.893000  1.185111
99.800000  76.782000  2.856711
99.900000  75.931000  2.688420
100.000000  76.311500  1.166019
100.100000  77.080500  0.439113
100.200000  77.400000  0.045255
100.300000  77.260500  1.386636
100.400000  75.972000  1.558463
100.500000  77.518500  1.188646
100.600000  76.886500  1.218345
100.700000  77.214000  3.654328
100.800000  77.585500  1.574727
100.900000  76.999500  1.281985
101.000000  77.383000  0.568514
101.100000  76.681000  1.438255
101.200000  77.090000  0.865499
101.300000  76.451000  0.121622
101.400000  75.863500  1.158948
101.500000  77.016000  1.142685
101.600000  77.105000  0.629325
101.700000  76.845500  0.801152
101.800000  77.743500  0.693672
101.900000  77.048500  0.330219
102.000000  77.280500  1.686450
102.100000  76.092000  0.749533
102.200000  75.128000  2.019497
102.300000  75.783500  1.495531
102.400000  76.815000  2.306582
102.500000  76.387000  0.483661
102.600000  76.970000  1.267135
102.700000  76.574500  1.984849
102.800000  77.189500  0.996313
102.900000  76.592000  2.848226
103.000000  76.698000  1.163898
103.100000  76.277000  1.530179
103.200000  77.274000  0.926310
103.300000  76.903500  1.834942
103.400000  77.392000  0.469519
103.500000  76.592500  1.221173
103.600000  76.718000  0.118794
103.700000  78.190000  1.128542
103.800000  76.608000  0.073539
103.900000  76.734500  2.134755
104.000000  76.743500  1.914138
104.100000  78.034000  0.565685
104.200000  75.873000  1.161069
104.300000  75.864500  2.010305
104.400000  77.968500  0.523966
104.500000  76.415500  0.490025
104.600000  77.310000  2.102936
104.700000  76.416000  0.514774
104.800000  77.714000  0.801859
104.900000  77.466500  0.874691
105.000000  76.327500  0.115258
105.100000  76.835000  0.357796
105.200000  76.178500  0.122329
105.300000  75.023000  0.321026
105.400000  76.923000  1.818679
105.500000  77.019500  1.341382
105.600000  76.814500  0.883176
105.700000  77.077000  0.606698
105.800000  77.758500  2.271934
105.900000  76.434000  1.189354
106.000000  77.127500  0.467398
106.100000  78.521000  3.036317
106.200000  76.820500  0.630032
106.300000  76.549000  1.309562
106.400000  76.612000  0.264458
106.500000  77.026500  2.696198
106.600000  76.960500  0.150614
106.700000  75.827500  2.802264
106.800000  74.789500  1.907067
106.900000  76.913000  1.829992
107.000000  76.667000  1.128542
107.100000  77.038500  0.004950
107.200000  76.002000  1.749382
107.300000  75.044000  0.441235
107.400000  76.080500  0.839336
107.500000  75.450000  0.634982
107.600000  76.675000  0.480833
107.700000  76.515000  0.342240
107.800000  77.184500  0.986414
107.900000  77.823500  0.262337
108.000000  77.763500  0.931260
108.100000  76.597500  1.327239
108.200000  77.814500  0.767211
108.300000  76.303500  1.023184
108.400000  74.585500  0.857721
108.500000  76.496000  0.473762
108.600000  75.925000  0.943280
108.700000  75.535500  0.747412
108.800000  76.196500  0.637103
108.900000  76.186500  2.932372
109.000000  76.545000  1.565534
109.100000  75.681500  2.331331
109.200000  75.881500  0.273650
109.300000  76.860500  1.612911
109.400000  76.186500  1.795344
109.500000  76.233500  2.058388
109.600000  75.860000  1.579677
109.700000  75.644000  1.805951
109.800000  76.417000  1.465125
109.900000  75.217500  0.218496
110.000000  78.199500  1.819386
110.100000  76.240500  1.523815
110.200000  75.074500  1.103794
110.300000  75.942000  2.059095
110.400000  75.384000  0.708521
110.500000  76.992000  1.219052
110.600000  76.890000  0.243245
110.700000  76.638500  0.053033
110.800000  76.959000  0.688722
110.900000  75.848000  0.823072
111.000000  76.431000  0.837214
111.100000  77.411000  0.332340
111.200000  76.049500  1.566242
111.300000  78.042500  3.779486
111.400000  76.407000  0.412950
111.500000  76.481000  3.385627
111.600000  76.427000  0.087681
111.700000  75.975500  0.282136
111.800000  77.153000  1.810193
111.900000  77.356000  1.056418
112.000000  76.992000  0.250316
112.100000  77.255000  0.072125
112.200000  77.370000  0.261630
112.300000  76.660500  0.294864
112.400000  76.780000  0.373352
112.500000  75.673500  0.538108
112.600000  77.258500  1.542200
112.700000  76.911500  0.699329
112.800000  76.306000  0.550129
112.900000  76.798000  0.690136
113.000000  76.030000  3.032074
113.100000  76.248500  0.970858
113.200000  76.271000  0.489318
113.300000  75.007000  1.524522
113.400000  76.437500  0.181726
113.500000  75.177500  0.717713
113.600000  76.218000  1.945958
113.700000  76.724500  0.413657
113.800000  77.477000  1.788980
113.900000  76.269000  0.453963
114.000000  76.565000  1.326532
114.100000  76.036500  1.378151
114.200000  76.554500  0.258094
114.300000  76.026000  0.930553
114.400000  76.837000  1.223295
114.500000  76.364500  0.982171
114.600000  75.309500  0.125158
114.700000  76.647000  0.612354
114.800000  75.971000  0.584070
114.900000  76.623500  0.009192
115.000000  75.457000  1.842720
115.100000  75.637000  1.753625
115.200000  75.310500  0.235467
115.300000  75.187000  0.468105
115.400000  75.033000  0.787717
115.500000  76.085500  0.898733
115.600000  77.132000  0.535987
115.700000  76.630500  0.113844
115.800000  78.042500  1.195718
115.900000  77.103000  0.106066
116.000000  77.109500  0.135057
116.100000  76.422000  1.493410
116.200000  76.611000  1.350574
116.300000  75.264500  1.126421
116.400000  76.569000  1.224709
116.500000  76.112500  0.282136
116.600000  75.759500  0.325976
116.700000  76.279000  1.958686
116.800000  74.911000  0.660438
116.900000  75.944000  0.613769
117.000000  74.888000  0.299813
117.100000  76.653000  0.042426
117.200000  75.877500  0.755897
117.300000  75.678000  0.550129
117.400000  74.918000  1.216224
117.500000  74.917500  0.676701
117.600000  75.121000  1.148341
117.700000  76.512000  1.103087
117.800000  75.382000  0.312541
117.900000  75.448500  0.946816
118.000000  75.373000  0.243245
118.100000  75.952500  1.339967
118.200000  75.848500  0.171827
118.300000  75.176500  0.395273
118.400000  74.763000  0.120208
118.500000  75.803000  0.343654
118.600000  75.848000  0.280014
118.700000  76.254000  1.070560
118.800000  75.988500  0.074246
118.900000  76.514500  0.119501
119.000000  76.407500  0.426385
119.100000  76.456000  0.497803
119.200000  75.464500  0.038891
119.300000  75.753500  1.123593
119.400000  77.251500  2.040003
119.500000  75.617500  0.296278
119.600000  75.403500  0.190212
119.700000  75.476500  0.867620
119.800000  75.194500  0.477297
119.900000  75.597500  0.596091
120.000000  75.318000  0.369110
120.100000  75.499000  0.335169
120.200000  75.194000  1.251579
120.300000  75.403000  2.418305
120.400000  75.451000  2.211830
120.500000  75.897000  0.613769
120.600000  75.390500  1.660994
120.700000  75.755500  0.545179
120.800000  76.171000  2.216073
120.900000  76.130500  0.634275
121.000000  76.664000  1.953029
121.100000  75.687500  3.630993
121.200000  76.390000  1.169555
121.300000  76.554500  0.531037
121.400000  76.356000  2.469217
121.500000  76.928000  0.753776
121.600000  76.229500  1.943837
121.700000  76.077500  2.045660
121.800000  76.253000  1.566949
121.900000  76.753500  0.888833
122.000000  75.982000  0.074953
122.100000  75.553500  1.300369
122.200000  76.256500  0.754483
122.300000  76.266000  0.527502
122.400000  76.390000  0.059397
122.500000  76.921000  1.974242
122.600000  75.705500  1.601597
122.700000  75.277500  0.631446
122.800000  77.569000  0.346482
122.900000  76.512000  1.112986
123.000000  76.042500  0.369817
123.100000  75.660500  0.900147
123.200000  75.874000  1.214809
123.300000  76.673000  1.319461
123.400000  76.987500  1.407850
123.500000  76.614000  1.910603
123.600000  76.339500  0.741755
123.700000  75.859000  1.346331
123.800000  77.277500  1.768474
123.900000  76.624500  0.529623
124.000000  76.881500  1.069853
124.100000  77.161500  1.453104
124.200000  77.274500  0.393858
124.300000  76.586500  0.211425
124.400000  76.013000  0.537401
124.500000  76.155500  0.864792
124.600000  77.912500  0.316077
124.700000  75.207000  1.033790
124.800000  76.765500  0.622961
124.900000  75.210000  1.310976
125.000000  77.073000  0.650538
125.100000  77.563500  1.078338
125.200000  77.713000  1.747968
125.300000  77.192000  2.228801
125.400000  76.845000  0.820244
125.500000  77.634500  2.605688
125.600000  77.655500  0.787010
125.700000  77.221500  2.402042
125.800000  76.261000  1.429770
125.900000  75.896000  0.241831
126.000000  75.791500  1.405021
126.100000  76.247500  2.314360
126.200000  75.964000  0.415779
126.300000  76.643500  1.682207
126.400000  74.831000  0.695793
126.500000  74.424500  0.849235
126.600000  75.398500  0.627204
126.700000  75.220500  0.212839
126.800000  75.981000  0.356382
126.900000  75.667500  0.450427
127.000000  74.753500  0.637103
127.100000  76.448000  1.303905
127.200000  76.910000  0.357796
127.300000  76.534500  1.479974
127.400000  76.786500  1.239558
127.500000  76.288500  0.627204
127.600000  75.919000  2.381536
127.700000  75.885500  2.379414
127.800000  75.019000  2.862368
127.900000  77.510500  1.974949
128.000000  76.568500  2.327088
128.100000  76.813000  1.899289
128.200000  76.972500  2.192738
128.300000  76.816000  2.436690
128.400000  77.106000  0.750947
128.500000  76.344500  1.151877
128.600000  75.595500  1.380980
128.700000  75.672500  0.719128
128.800000  76.217000  1.800294
128.900000  77.287000  1.808779
129.000000  76.466500  1.355524
129.100000  76.870000  1.418456
129.200000  77.011500  1.704834
129.300000  75.977000  0.390323
129.400000  76.809000  0.142836
129.500000  76.339000  0.132936
129.600000  76.099000  1.854034
129.700000  75.707000  0.271529
129.800000  76.508500  0.490025
129.900000  75.785000  0.646296
130.000000  76.603500  0.160513
130.100000  76.269000  0.595384
130.200000  76.472500  1.199960
130.300000  75.823000  1.176626
130.400000  76.852000  0.415779
130.500000  76.282500  0.016263
130.600000  76.702500  0.525380
130.700000  77.907500  1.147634
130.800000  76.893500  0.799738
130.900000  77.655500  0.225567
131.000000  76.254500  1.253700
131.100000  77.274000  0.301227
131.200000  76.700000  0.684479
131.300000  75.898000  0.934795
131.400000  77.003000  0.520431
131.500000  76.490000  1.197839
131.600000  77.744500  2.426083
131.700000  75.348500  0.781353
131.800000  75.318500  0.884591
131.900000  76.869000  1.329361
132.000000  76.436000  1.349160
132.100000  76.889500  0.676701
132.200000  77.443000  1.475025
132.300000  75.641000  1.839892
132.400000  76.548000  2.418305
132.500000  76.917500  0.193040
132.600000  76.906500  0.304763
132.700000  76.741500  0.096874
132.800000  75.471000  0.712764
132.900000  77.744000  0.584070
133.000000  77.759000  0.345068
133.100000  77.876000  1.269964
133.200000  76.754500  0.311834
133.300000  75.922500  2.266277
133.400000  76.472000  2.520129
133.500000  76.502000  2.230215
133.600000  77.496000  1.419870
133.700000  77.115500  1.704834
133.800000  77.367000  1.889389
133.900000  77.314000  0.441235
134.000000  77.566000  2.831256
134.100000  77.998000  0.630739
134.200000  78.644000  0.397394
134.300000  77.233000  2.484773
134.400000  77.726000  2.525785
134.500000  78.549000  0.557200
134.600000  77.845500  2.457196
134.700000  77.981000  0.978636
134.800000  76.759500  1.798173
134.900000  76.688500  0.358503
135.000000  76.467000  0.267286
135.100000  77.721000  2.060509
135.200000  76.993000  0.073539
135.300000  77.292500  2.918230
135.400000  76.848500  0.881762
135.500000  77.577000  3.142383
135.600000  77.345500  0.024749
135.700000  77.230000  0.237588
135.800000  77.444500  0.910046
135.900000  76.023500  0.471640
136.000000  77.485000  0.431335
136.100000  77.406500  0.359917
136.200000  78.199000  0.861256
136.300000  78.496000  0.524673
136.400000  77.888500  0.842164
136.500000  78.721000  0.087681
136.600000  76.323500  1.103794
136.700000  77.349000  0.726906
136.800000  78.810500  0.280721
136.900000  78.660500  1.583212
137.000000  77.813000  1.175211
137.100000  79.013500  0.222739
137.200000  77.997500  1.243801
137.300000  78.491000  3.056116
137.400000  76.964500  0.529623
137.500000  78.860000  0.219203
137.600000  78.390500  0.747412
137.700000  77.621500  1.460176
137.800000  77.121000  0.929138
137.900000  78.078000  0.692965
138.000000  78.395500  0.088388
138.100000  77.332500  1.204203
138.200000  80.291500  1.091066
138.300000  78.426500  1.184404
138.400000  77.797000  0.016971
138.500000  77.980500  0.095459
138.600000  77.698500  1.895753
138.700000  78.842000  0.499217
138.800000  77.398500  0.497096
138.900000  77.890500  1.440377
139.000000  77.522000  1.533008
139.100000  76.337500  0.437699
139.200000  77.022500  1.395122
139.300000  76.871500  1.130664
139.400000  77.265500  0.157685
139.500000  76.919000  0.659024
139.600000  77.155500  0.091217
139.700000  76.598000  0.264458
139.800000  76.639500  2.518007
139.900000  76.037500  1.899996
140.000000  76.912500  2.686299
140.100000  77.018000  0.360624
140.200000  76.737000  1.011163
140.300000  77.115500  2.124856
140.400000  77.111500  0.919946
140.500000  76.123000  0.968736
140.600000  75.774000  0.294156
140.700000  76.190000  2.406991
140.800000  76.286500  0.176070
140.900000  76.535000  1.336432
141.000000  76.767000  1.148341
141.100000  76.615500  0.461741
141.200000  77.892000  1.441084
141.300000  77.534000  1.497652
141.400000  77.463000  1.277035
141.500000  78.296000  1.260064
141.600000  76.486000  1.450983
141.700000  76.669000  0.654781
141.800000  76.678500  1.479974
141.900000  77.175000  1.049346
142.000000  77.052500  0.689429
142.100000  77.212500  0.925603
142.200000  77.296000  0.104652
142.300000  79.214500  1.059953
142.400000  76.879500  0.594677
142.500000  76.120500  1.146220
142.600000  76.949000  0.200818
142.700000  75.880000  0.541644
142.800000  76.472500  0.362746
142.900000  75.906000  0.332340
143.000000  76.282000  0.493561
143.100000  76.181500  1.946665
143.200000  78.637500  0.829436
143.300000  77.710500  0.870448
143.400000  77.293500  0.176070
143.500000  77.572000  2.295269
143.600000  77.908500  0.036062
143.700000  76.520000  0.195161
143.800000  77.233000  1.258650
143.900000  77.083500  0.767211
144.000000  76.939000  0.892369
144.100000  77.300000  0.274357
144.200000  76.626500  0.648417
144.300000  77.354000  0.076368
144.400000  75.795000  0.223446
144.500000  77.407500  0.811051
144.600000  77.734000  0.415779
144.700000  76.488500  1.315926
144.800000  76.891000  1.544321
144.900000  77.932500  0.572049
145.000000  77.713000  0.558614
145.100000  78.184500  0.238295
145.200000  76.446000  0.589727
145.300000  77.608500  0.419314
145.400000  77.951000  1.714027
145.500000  76.290500  1.270671
145.600000  76.511500  1.361181
145.700000  77.665500  0.396687
145.800000  76.988000  1.350574
145.900000  76.039000  0.770746
146.000000  77.207000  0.753776
146.100000  76.411500  0.559321
146.200000  76.254000  0.014142
146.300000  75.228500  0.201525
146.400000  76.024500  0.328805
146.500000  76.499000  1.090359
146.600000  76.505500  1.690692
146.700000  77.113000  0.046669
146.800000  76.665000  1.415628
146.900000  76.387500  1.768474
147.000000  76.262500  2.064045
147.100000  76.338500  0.521138
147.200000  75.660000  2.278298
147.300000  76.758000  1.981313
147.400000  75.880500  2.041417
147.500000  76.202500  1.543614
147.600000  77.405500  1.287641
147.700000  75.670500  1.959393
147.800000  77.202000  1.999698
147.900000  77.313500  0.716299
148.000000  75.662500  0.183141
148.100000  77.494500  1.875954
148.200000  76.194000  1.378858
148.300000  77.276500  0.282136
148.400000  75.336000  0.335169
148.500000  75.689500  0.368403
148.600000  75.063500  1.064196
148.700000  75.355000  1.756453
148.800000  75.940000  4.307695
148.900000  74.918500  0.125158
149.000000  76.167000  1.332189
149.100000  75.383500  0.925603
149.200000  75.481000  2.097279
149.300000  75.929000  1.434013
149.400000  75.876500  0.345775
149.500000  75.745000  0.405879
149.600000  76.305500  0.400930
149.700000  75.941500  0.943988
149.800000  75.370000  0.817415
149.900000  75.907500  2.163040
150.000000  75.706000  0.271529
150.100000  76.880500  0.034648
150.200000  75.652000  0.554372
150.300000  76.594500  0.221324
150.400000  76.866500  0.359917
150.500000  75.948500  1.011870
150.600000  76.169000  0.690136
150.700000  76.600000  1.135613
150.800000  76.241500  0.379716
150.900000  76.462500  0.249609
151.000000  76.767000  0.050912
151.100000  76.775000  0.881055
151.200000  76.306500  0.958130
151.300000  76.295500  0.709228
151.400000  76.133000  2.054852
151.500000  76.490500  0.023335
151.600000  76.551000  1.380272
151.700000  76.297000  0.072125
151.800000  76.987500  1.433305
151.900000  76.761000  1.499066
152.000000  75.372000  1.769181
152.100000  75.856500  0.853478
152.200000  75.443500  1.067024
152.300000  76.166000  0.799031
152.400000  77.346000  0.178191
152.500000  76.417000  1.394415
152.600000  75.489500  0.823779
152.700000  73.727000  1.187939
152.800000  74.978000  0.429921
152.900000  75.506000  0.514774
153.000000  76.532000  0.632153
153.100000  76.268000  1.538664
153.200000  75.737500  1.079752
153.300000  76.025500  1.700592
153.400000  76.150500  1.016112
153.500000  76.977500  0.140714
153.600000  76.514000  0.735391
153.700000  76.605000  1.694228
153.800000  75.867500  1.027426
153.900000  75.153000  0.284257
154.000000  75.779500  0.900147
154.100000  76.002000  1.356231
154.200000  76.767500  0.238295
154.300000  76.662000  0.398808
154.400000  76.081500  0.624375
154.500000  76.097500  0.757311
154.600000  75.274000  1.762110
154.700000  77.115000  1.285520
154.800000  76.507000  0.814587
154.900000  76.140500  0.014849
155.000000  77.028500  1.595940
155.100000  75.589000  0.332340
155.200000  76.700500  0.727613
155.300000  75.964000  0.612354
155.400000  77.483000  1.261478
155.500000  77.691500  0.228395
155.600000  76.759500  0.921360
155.700000  75.734500  0.461741
155.800000  75.301500  1.672308
155.900000  76.213000  0.294156
156.000000  76.631500  0.976514
156.100000  76.179500  0.446184
156.200000  75.837000  0.574171
156.300000  76.120000  0.473762
156.400000  74.706000  0.490732
156.500000  75.008500  0.550836
156.600000  74.569000  0.841457
156.700000  76.687000  1.414214
156.800000  75.117500  1.571898
156.900000  75.857500  1.317340
157.000000  75.548500  0.038891
157.100000  76.302500  1.054296
157.200000  76.075500  1.273499
157.300000  76.554500  1.310269
157.400000  75.987000  0.004243
157.500000  77.245500  2.493966
157.600000  77.008000  0.978636
157.700000  76.163000  1.370373
157.800000  77.011500  0.907218
157.900000  76.288500  1.086823
158.000000  76.739000  0.766504
158.100000  75.479500  0.581949
158.200000  75.843000  0.694379
158.300000  76.365000  1.299662
158.400000  76.810500  0.211425
158.500000  77.468000  0.435578
158.600000  77.003500  1.752918
158.700000  77.641500  0.068589
158.800000  76.700500  0.770039
158.900000  75.878500  0.243952
159.000000  75.031000  0.620840
159.100000  75.653000  1.224709
159.200000  76.482500  0.333047
159.300000  75.771500  0.283550
159.400000  77.612000  0.289914
159.500000  77.160500  0.143543
159.600000  76.104000  1.916259
159.700000  75.980000  0.287085
159.800000  76.381000  1.316633
159.900000  75.702000  0.091924
160.000000  77.046000  0.789131
160.100000  76.069000  0.035355
160.200000  75.176000  3.303603
160.300000  76.066000  0.828729
160.400000  75.027000  0.100409
160.500000  75.166000  0.014142
160.600000  77.086000  0.817415
160.700000  75.904000  1.964343
160.800000  76.016000  1.996870
160.900000  75.374000  0.561443
161.000000  75.608500  1.293298
161.100000  76.474500  1.018941
161.200000  77.428000  1.183697
161.300000  76.709500  0.272236
161.400000  77.212500  1.308855
161.500000  76.631500  1.475732
161.600000  76.782000  1.107329
161.700000  76.217500  0.299106
161.800000  77.369000  0.900854
161.900000  75.790000  0.649124
162.000000  76.782500  0.842164
162.100000  76.467000  0.572756
162.200000  76.853500  2.754181
162.300000  76.363500  0.028991
162.400000  75.128000  0.534573
162.500000  76.391000  0.142836
162.600000  77.296500  0.149200
162.700000  76.291000  1.306733
162.800000  75.912000  0.944695
162.900000  76.455500  2.218194
163.000000  78.175000  1.378858
163.100000  75.155500  0.106773
163.200000  76.461000  1.053589
163.300000  75.513500  0.717713
163.400000  75.974000  1.261478
163.500000  77.004000  0.506288
163.600000  76.372000  2.160918
163.700000  75.305500  0.187383
163.800000  76.732000  0.637810
163.900000  77.991000  0.732563
164.000000  76.566000  1.195010
164.100000  76.772000  0.207889
164.200000  76.283500  0.985000
164.300000  75.694500  2.233750
164.400000  77.448500  2.752767
164.500000  76.942000  1.533008
164.600000  76.357000  1.412799
164.700000  75.794000  0.015556
164.800000  75.106500  2.370929
164.900000  75.802500  0.135057
165.000000  77.038500  1.287641
165.100000  76.664500  0.004950
165.200000  76.387000  0.100409
165.300000  76.582000  0.039598
165.400000  76.005500  0.369817
165.500000  76.376000  0.933381
165.600000  76.094500  1.085409
165.700000  75.300000  2.534271
165.800000  76.917000  0.329512
165.900000  76.951000  0.072125
166.000000  75.999500  0.651245
166.100000  76.103500  1.215517
166.200000  76.557000  0.451134
166.300000  75.497500  0.309006
166.400000  76.358500  0.758726
166.500000  75.860500  0.064347
166.600000  76.291000  2.088793
166.700000  76.721500  0.987828
166.800000  76.151500  0.826608
166.900000  75.783000  0.543058
167.000000  76.692000  1.004092
167.100000  76.510000  1.490581
167.200000  76.894000  0.175362
167.300000  76.251000  0.478004
167.400000  76.523000  0.202233
167.500000  75.933500  0.154856
167.600000  76.312500  1.201374
167.700000  76.475500  0.160513
167.800000  77.152500  0.432042
167.900000  76.404500  0.536694
168.000000  78.218000  0.032527
168.100000  76.643000  0.513360
168.200000  77.041000  0.980050
168.300000  76.209000  0.623668
168.400000  76.421000  1.617860
168.500000  77.047500  2.465681
168.600000  77.288500  0.289207
168.700000  77.103000  2.638923
168.800000  75.353500  1.001970
168.900000  75.777000  1.930402
169.000000  75.328500  0.730441
169.100000  75.726500  0.542351
169.200000  76.181500  0.829436
169.300000  77.553000  1.354817
169.400000  76.477000  0.340825
169.500000  76.695000  0.379009
169.600000  76.506000  0.753776
169.700000  76.086500  0.246780
169.800000  76.084000  0.865499
169.900000  76.019500  0.695086
170.000000  77.262000  0.445477
170.100000  76.390000  1.387344
170.200000  75.542000  0.681651
170.300000  77.050500  0.235467
170.400000  77.652000  1.149756
170.500000  76.977000  0.404465
170.600000  76.641500  0.900147
170.700000  75.820000  1.137028
170.800000  75.877500  2.283248
170.900000  75.996000  0.241831
171.000000  76.273500  0.832265
171.100000  76.315500  1.007627
171.200000  76.328000  0.357796
171.300000  76.412500  0.412243
171.400000  78.183500  0.897319
171.500000  76.005500  1.455933
171.600000  76.112000  1.162484
171.700000  76.168500  1.883025
171.800000  76.317000  0.483661
171.900000  76.231500  1.750089
172.000000  76.882000  1.295420
172.100000  77.406000  1.947372
172.200000  77.009500  1.863226
172.300000  76.394000  0.101823
172.400000  76.258000  0.813173
172.500000  76.572500  0.970858
172.600000  77.378500  0.328805
172.700000  76.429000  1.380272
172.800000  75.862000  1.170969
172.900000  76.185000  0.005657
173.000000  76.984000  0.189505
173.100000  76.298000  1.073388
173.200000  76.804000  1.534422
173.300000  77.179500  0.031820
173.400000  76.806000  1.933230
173.500000  76.948000  0.685894
173.600000  76.054500  2.372343
173.700000  77.198500  1.364009
173.800000  75.913500  0.115258
173.900000  76.138000  0.960251
174.000000  77.270000  1.186525
174.100000  76.833500  0.450427
174.200000  77.254500  1.134906
174.300000  75.122000  0.050912
174.400000  76.414000  0.576999
174.500000  77.247500  2.976212
174.600000  76.964000  0.485075
174.700000  76.247000  1.671600
174.800000  77.315000  2.291026
174.900000  77.536500  0.661145
175.000000  76.860000  0.302642
175.100000  76.134500  2.267691
175.200000  77.157500  0.173241
175.300000  76.138000  0.674580
175.400000  76.886000  0.466690
175.500000  76.583500  0.070004
175.600000  76.030500  1.117936
175.700000  75.873500  0.456084
175.800000  76.710500  0.296278
175.900000  76.853500  1.263600
176.000000  75.763000  1.183697
176.100000  75.178500  1.235316
176.200000  75.753500  0.727613
176.300000  76.441000  1.069145
176.400000  75.612500  0.441942
176.500000  76.275000  1.361888
176.600000  75.524000  0.186676
176.700000  76.434000  0.202233
176.800000  76.959500  0.014849
176.900000  75.715000  1.142685
177.000000  76.583500  0.392444
177.100000  76.737500  0.546594
177.200000  75.027000  1.069145
177.300000  75.616000  0.357796
177.400000  75.693500  1.868883
177.500000  75.361500  0.546594
177.600000  77.929000  0.896611
177.700000  76.041500  0.232638
177.800000  77.030500  0.385373
177.900000  75.444000  0.241831
178.000000  77.904500  0.651245
178.100000  76.719000  0.661852
178.200000  77.020500  1.347038
178.300000  76.629500  1.287641
178.400000  76.163000  0.738219
178.500000  77.550000  1.889389
178.600000  76.871000  0.141421
178.700000  77.127500  1.474318
178.800000  75.546500  0.454670
178.900000  76.430500  0.174655
179.000000  76.467500  0.992071
179.100000  76.829500  1.414921
179.200000  76.079000  0.823072
179.300000  76.777000  1.646145
179.400000  77.422500  0.436285
179.500000  75.538000  0.715592
179.600000  77.040500  0.184555
179.700000  75.470000  0.032527
179.800000  77.331000  1.561292
179.900000  76.200000  0.168291
180.000000  76.271000  0.691550
180.100000  76.124000  1.619275
180.200000  76.094000  1.535836
180.300000  77.476500  1.238144
180.400000  76.899000  0.439820
180.500000  75.619000  1.596647
180.600000  76.795500  1.330068
180.700000  77.475000  0.835800
180.800000  76.730000  0.086267
180.900000  75.955500  0.731856
181.000000  75.684000  1.476439
181.100000  76.697500  1.238144
181.200000  76.472000  0.857013
181.300000  76.236500  0.444770
181.400000  77.428500  0.914289
181.500000  75.605500  0.904390
181.600000  77.375500  0.144957
181.700000  76.590500  1.267842
181.800000  76.339000  0.124451
181.900000  77.563000  0.391737
182.000000  75.305000  0.002828
182.100000  75.807500  0.120915
182.200000  75.904500  1.256529
182.300000  77.117500  0.234052
182.400000  77.638500  3.715846
182.500000  76.280000  0.936209
182.600000  75.208500  0.376888
182.700000  75.566000  0.780646
182.800000  76.239500  1.072681
182.900000  75.978500  0.989242
183.000000  75.923000  0.793374
183.100000  76.898500  0.675287
183.200000  76.073000  0.332340
183.300000  76.420500  0.081317
183.400000  76.943500  0.297692
183.500000  77.287000  0.148492
183.600000  76.259500  0.045962
183.700000  75.622500  0.036062
183.800000  76.465500  0.775696
183.900000  76.392000  1.728169
184.000000  75.760000  0.633568
184.100000  76.207000  1.045104
184.200000  76.310500  0.184555
184.300000  77.351500  0.328805
184.400000  76.682500  1.024598
184.500000  76.888000  1.032376
184.600000  76.749500  0.429214
184.700000  75.594000  1.483510
184.800000  76.566000  0.673166
184.900000  76.186500  1.645437
185.000000  75.605000  0.192333
185.100000  76.230500  0.809637
185.200000  76.517500  0.263751
185.300000  77.973500  2.356787
185.400000  76.732500  0.217082
185.500000  76.702500  0.325976
185.600000  75.521000  1.647559
185.700000  76.379000  0.609526
185.800000  75.865000  0.743876
185.900000  75.031500  0.505581
186.000000  76.500000  0.357796
186.100000  75.839500  0.214253
186.200000  76.407000  0.978636
186.300000  75.982500  0.009192
186.400000  76.013000  0.487904
186.500000  74.770000  0.680237
186.600000  76.134500  0.516895
186.700000  75.691500  0.058690
186.800000  75.810500  1.156120
186.900000  76.219500  0.777110
187.000000  76.233000  1.013991
187.100000  76.683500  1.902824
187.200000  76.452500  1.095308
187.300000  77.149000  0.978636
187.400000  76.449000  0.466690
187.500000  77.049000  0.516188
187.600000  77.764000  1.250165
187.700000  76.757500  1.810900
187.800000  77.017000  0.551543
187.900000  76.860000  0.541644
188.000000  76.735500  0.628618
188.100000  76.814000  1.367545
188.200000  76.002000  0.100409
188.300000  77.781500  0.079903
188.400000  76.792000  1.029547
188.500000  76.204500  1.494117
188.600000  75.000000  0.712764
188.700000  77.084500  1.686450
188.800000  76.581500  0.444770
188.900000  76.664000  1.602304
189.000000  76.639000  0.760847
189.100000  76.291000  0.544472
189.200000  77.222500  0.700743
189.300000  76.411500  0.502753
189.400000  76.460000  0.758018
189.500000  76.730000  1.617860
189.600000  75.327000  0.343654
189.700000  76.144000  1.170969
189.800000  76.912000  0.852771
189.900000  76.006000  0.620840
190.000000  76.299500  0.671044
190.100000  77.091500  1.076924
190.200000  76.749500  1.287641
190.300000  75.531500  0.044548
190.400000  75.203000  0.028284
190.500000  77.017500  0.116673
190.600000  76.466000  1.753625
190.700000  77.110000  0.176777
190.800000  76.176000  0.571342
190.900000  76.520000  0.352139
191.000000  76.380500  0.478711
191.100000  77.491500  0.985000
191.200000  76.488500  0.177484
191.300000  77.620500  0.627204
191.400000  77.049500  1.424820
191.500000  77.469500  2.520836
191.600000  76.553000  0.158392
191.700000  77.376000  1.016820
191.800000  78.169000  1.452397
191.900000  76.342500  0.802566
192.000000  77.164500  1.164605
192.100000  76.827500  0.000707
192.200000  76.568000  1.421285
192.300000  77.320000  0.557200
192.400000  76.648500  0.542351
192.500000  76.480000  0.998435
192.600000  76.395500  1.083995
192.700000  77.462000  2.470631
192.800000  76.644000  1.480682
192.900000  76.497000  0.253144
193.000000  76.210500  0.641346
193.100000  76.605500  1.185818
193.200000  75.930500  0.881762
193.300000  76.144500  1.281985
193.400000  75.768500  1.984849
193.500000  76.862500  0.795495
193.600000  77.090000  0.562857
193.700000  75.891500  0.542351
193.800000  76.325000  1.619275
193.900000  76.714500  1.990506
194.000000  75.379500  2.682056
194.100000  77.038000  1.135613
194.200000  76.866500  1.153291
194.300000  76.361500  0.075660
194.400000  76.044000  0.847114
194.500000  75.774500  0.152028
194.600000  75.968500  0.351432
194.700000  77.073500  0.936916
194.800000  76.050000  0.832972
194.900000  76.944000  2.175060
195.000000  76.411500  0.231224
195.100000  76.550000  1.948786
195.200000  76.368000  0.544472
195.300000  75.699000  0.326683
195.400000  76.914500  0.523966
195.500000  77.104000  0.268701
195.600000  76.816000  2.921765
195.700000  76.773000  2.268399
195.800000  76.788500  0.454670
195.900000  75.423500  2.014547
196.000000  76.072000  0.861256
196.100000  77.020500  0.764382
196.200000  76.752000  0.445477
196.300000  77.945000  1.636245
196.400000  76.559500  1.450276
196.500000  77.668500  1.095308
196.600000  78.446500  0.883176
196.700000  78.410000  0.564271
196.800000  78.548000  1.616446
196.900000  77.381000  0.442649
197.000000  78.443000  0.212132
197.100000  77.447000  0.332340
197.200000  77.871500  0.837922
197.300000  77.973000  1.001263
197.400000  77.073500  0.811051
197.500000  77.246000  0.299813
197.600000  76.253000  0.690136
197.700000  77.147500  1.451690
197.800000  78.841500  0.430628
197.900000  77.166000  0.337997
198.000000  76.557500  1.315926
198.100000  77.759500  1.195718
198.200000  78.755000  2.752060
198.300000  76.090000  0.032527
198.400000  76.693500  0.070004
198.500000  76.965000  0.572756
198.600000  77.157500  1.156120
198.700000  77.713500  0.983586
198.800000  77.373500  0.695086
198.900000  77.192500  0.627204
199.000000  76.132000  0.500632
199.100000  78.848500  1.250872
199.200000  77.608500  1.151877
199.300000  77.022000  0.500632
199.400000  76.500500  1.816557
199.500000  75.203000  0.571342
199.600000  76.237000  0.465276
199.700000  76.203000  1.709784
199.800000  77.509500  1.082580
199.900000  77.182500  1.238144
200.000000  77.496000  0.660438
