# aggregated from 2 replicates
# x  mean  std
0.000000  75.440000  0.000000
0.100000  76.601500  0.348604
0.200000  78.013000  0.527502
0.300000  76.967000  2.026568
0.400000  77.814000  0.939038
0.500000  76.623500  2.293147
0.600000  77.278500  0.638517
0.700000  76.479000  0.248902
0.800000  76.900000  1.057832
0.900000  76.961000  1.155412
1.000000  77.460500  0.130815
1.100000  77.246500  0.919946
1.200000  76.236000  0.172534
1.300000  76.959500  1.030255
1.400000  77.569500  0.591848
1.500000  76.946500  1.690692
1.600000  77.370000  0.206475
1.700000  76.315000  0.244659
1.800000  75.491000  0.287085
1.900000  76.688500  0.433456
2.000000  76.349500  0.423557
2.100000  75.985000  1.019648
2.200000  76.155000  0.445477
2.300000  76.977000  0.513360
2.400000  76.173500  0.070004
2.500000  75.875500  0.607405
2.600000  76.541000  0.367696
2.700000  77.281000  1.132785
2.800000  75.520000  0.131522
2.900000  76.216500  0.784181
3.000000  78.351500  1.825043
3.100000  76.850500  0.050205
3.200000  76.387500  0.286378
3.300000  76.926000  1.067731
3.400000  76.302000  0.452548
3.500000  76.582500  1.622810
3.600000  75.645000  0.096167
3.700000  76.282000  0.370524
3.800000  77.845500  0.345775
3.900000  75.577500  1.144806
4.000000  77.592000  0.284257
4.100000  76.493000  0.217789
4.200000  77.021000  1.343503
4.300000  76.210000  0.483661
4.400000  76.435000  0.390323
4.500000  76.493000  0.275772
4.600000  76.427000  0.492146
4.700000  76.472500  1.825043
4.800000  76.839500  0.258094
4.900000  76.014500  0.731856
5.000000  75.509000  0.620840
5.100000  76.124000  0.343654
5.200000  77.057000  2.240114
5.300000  75.939500  0.590434
5.400000  76.468500  0.358503
5.500000  76.541500  0.945402
5.600000  75.627000  1.127128
5.700000  76.455000  1.507552
5.800000  76.014000  0.248902
5.900000  74.644000  1.281277
6.000000  74.978000  0.066468
6.100000  75.948500  0.873277
6.200000  76.858500  0.702157
6.300000  76.498000  0.169706
6.400000  76.150500  0.543765
6.500000  76.393500  0.573464
6.600000  75.922000  0.015556
6.700000  77.585000  0.490732
6.800000  76.425000  0.924896
6.900000  77.019500  0.481540
7.000000  76.578000  1.318047
7.100000  76.591000  0.875398
7.200000  75.956500  0.294864
7.300000  75.548000  0.456791
7.400000  76.192000  1.500481
7.500000  76.366000  0.701450
7.600000  76.689000  0.530330
7.700000  76.355500  0.280721
7.800000  76.993500  0.965201
7.900000  75.300500  0.229810
8.000000  77.239000  0.919239
8.100000  76.446000  2.002526
8.200000  75.964000  1.277035
8.300000  76.319500  1.810900
8.400000  76.410500  0.806809
8.500000  77.581000  0.984293
8.600000  76.088000  0.366281
8.700000  76.016500  0.020506
8.800000  77.302000  0.305470
8.900000  77.500500  2.042831
9.000000  76.274500  0.262337
9.100000  76.657000  1.210567
9.200000  77.851000  0.459619
9.300000  76.829000  0.142836
9.400000  77.904000  0.411536
9.500000  77.106500  1.566242
9.600000  76.222500  0.222739
9.700000  77.177000  0.613769
9.800000  76.676500  0.570635
9.900000  76.695000  1.179454
10.000000  77.884500  1.311683
10.100000  76.951000  0.817415
10.200000  75.499500  0.779939
10.300000  76.774500  0.910046
10.400000  75.850500  0.070004
10.500000  77.115500  0.743169
10.600000  77.974500  1.676550
10.700000  78.236500  0.720542
10.800000  77.253000  1.006920
10.900000  76.642500  0.253851
11.000000  77.008000  0.974393
11.100000  77.147000  0.287085
11.200000  75.838500  0.023335
11.300000  75.913500  1.125007
11.400000  76.684000  0.579828
11.500000  76.226000  0.989949
11.600000  77.000000  0.687308
11.700000  77.051500  0.398101
11.800000  78.436000  1.353402
11.900000  76.619500  0.402344
12.000000  77.236000  0.397394
12.100000  76.660500  0.939745
12.200000  76.699500  1.420578
12.300000  76.601000  0.575585
12.400000  77.302000  0.800445
12.500000  77.127500  1.205617
12.600000  76.555500  0.550836
12.700000  76.277500  0.624375
12.800000  75.455500  0.546594
12.900000  77.064500  0.706400
13.000000  76.231500  1.515330
13.100000  76.774500  0.996313
13.200000  75.945500  0.310420
13.300000  75.786000  0.403051
13.400000  77.235500  0.895904
13.500000  76.585000  0.277186
13.600000  76.699000  1.627760
13.700000  76.804500  0.655488
13.800000  77.699500  0.248194
13.900000  76.149500  0.557907
14.000000  76.561000  0.345068
14.100000  75.886000  0.309713
14.200000  75.937000  0.255973
14.300000  76.442000  1.566949
14.400000  76.196500  0.538108
14.500000  76.977000  0.926310
14.600000  76.122000  0.231931
14.700000  76.690500  0.071418
14.800000  76.534500  0.378302
14.900000  76.850000  1.173797
15.000000  76.131000  0.141421
15.100000  76.975500  1.028840
15.200000  77.250000  0.091924
15.300000  76.882500  0.446184
15.400000  77.042000  0.354968
15.500000  77.372500  1.139149
15.600000  76.492000  0.193747
15.700000  77.560000  1.327947
15.800000  75.490000  1.141270
15.900000  76.492500  0.468812
16.000000  77.113500  0.968029
16.100000  77.851500  1.061367
16.200000  76.608500  0.997728
16.300000  77.038000  0.762261
16.400000  77.319000  0.274357
16.500000  77.059500  1.293298
16.600000  77.093000  1.617860
16.700000  76.485000  0.156978
16.800000  76.729000  1.943129
16.900000  76.604500  0.562150
17.000000  75.465000  2.500330
17.100000  76.780500  0.772868
17.200000  76.891000  0.401637
17.300000  75.961500  1.588869
17.400000  76.759000  2.879339
17.500000  75.868000  0.381838
17.600000  78.071000  0.357796
17.700000  76.046000  0.214960
17.800000  76.906000  0.842871
17.900000  76.382500  0.884591
18.000000  77.094000  1.790394
18.100000  76.410500  0.077075
18.200000  76.946000  1.977071
18.300000  76.992500  0.207182
18.400000  76.863500  0.617304
18.500000  77.014000  1.176626
18.600000  77.228000  0.019799
18.700000  76.538000  0.130108
18.800000  76.936000  1.200667
18.900000  77.309500  0.429214
19.000000  77.055500  0.017678
19.100000  76.449000  0.554372
19.200000  76.184000  0.732563
19.300000  76.338500  1.400779
19.400000  77.311500  0.002121
19.500000  76.620500  1.431891
19.600000  77.481000  0.005657
19.700000  76.792500  0.417900
19.800000  77.829500  2.032932
19.900000  76.885500  2.706098
20.000000  77.826000  2.310825
20.100000  77.205000  1.339260
20.200000  78.274500  1.078338
20.300000  76.582500  0.279307
20.400000  76.803500  1.212688
20.500000  78.588500  0.391030
20.600000  76.525000  2.313653
20.700000  76.389500  0.581949
20.800000  78.278500  0.471640
20.900000  77.659500  0.129401
21.000000  76.904500  1.635538
21.100000  76.778000  1.429770
21.200000  78.051000  1.074802
21.300000  78.793000  0.308299
21.400000  76.564000  0.008485
21.500000  77.299000  0.323855
21.600000  77.549500  0.054447
21.700000  76.922000  1.455226
21.800000  77.148000  0.404465
21.900000  76.275500  1.293298
22.000000  76.550500  0.487197
22.100000  76.908000  0.578413
22.200000  77.470000  0.881055
22.300000  76.115500  0.663973
22.400000  78.054500  0.569221
22.500000  77.366500  0.047376
22.600000  77.945000  0.900854
22.700000  77.701500  0.784181
22.800000  77.773500  0.030406
22.900000  75.810000  0.705693
23.000000  75.916500  0.286378
23.100000  77.056000  1.295420
23.200000  78.153000  1.281277
23.300000  76.880000  2.384364
23.400000  77.630000  0.899440
23.500000  77.068000  2.538513
23.600000  76.879500  0.245366
23.700000  76.768000  1.043690
23.800000  76.788500  0.528209
23.900000  77.253000  0.035355
24.000000  78.455500  0.057276
24.100000  76.885000  0.217789
24.200000  76.724500  0.447599
24.300000  77.264500  0.352846
24.400000  76.319500  1.108036
24.500000  76.299000  2.426790
24.600000  76.517500  0.242538
24.700000  76.192000  0.589727
24.800000  77.003000  0.096167
24.900000  76.011500  0.146371
25.000000  76.154500  0.686601
25.100000  77.410500  0.094045
25.200000  75.973500  0.608819
25.300000  77.202500  0.348604
25.400000  76.851000  1.691399
25.500000  77.525500  0.424971
25.600000  78.415000  1.827164
25.700000  75.575000  1.288349
25.800000  76.909500  1.464418
25.900000  77.422000  0.087681
26.000000  77.095500  1.378151
26.100000  76.061000  1.050761
26.200000  76.219000  0.715592
26.300000  77.277500  1.157534
26.400000  76.085500  1.000556
26.500000  77.659500  2.090915
26.600000  76.842500  1.738776
26.700000  78.208500  1.031669
26.800000  77.141500  1.259357
26.900000  76.992000  1.547150
27.000000  78.274500  0.688015
27.100000  77.342500  1.242387
27.200000  78.120000  2.633266
27.300000  78.058500  0.482954
27.400000  75.949000  2.110007
27.500000  77.029500  0.183141
27.600000  76.296000  0.654781
27.700000  77.215500  0.043134
27.800000  77.819000  0.229103
27.900000  77.198000  0.534573
28.000000  77.303000  0.506288
28.100000  76.096500  1.026012
28.200000  76.292500  1.354109
28.300000  76.442000  1.424113
28.400000  77.515000  0.568514
28.500000  75.628000  1.569777
28.600000  76.632500  0.003536
28.700000  77.906500  0.835093
28.800000  77.898000  0.593970
28.900000  76.822500  0.805395
29.000000  76.190000  1.209153
29.100000  77.280500  1.994748
29.200000  77.051500  0.628618
29.300000  76.165500  0.789838
29.400000  75.525500  0.470226
29.500000  76.130000  0.620840
29.600000  77.812500  1.878783
29.700000  76.615000  1.071974
29.800000  77.206500  0.617304
29.900000  77.041000  0.007071
30.000000  76.842000  0.067882
30.100000  78.028500  0.942573
30.200000  76.896000  0.492146
30.300000  77.551000  0.994192
30.400000  76.442500  1.078338
30.500000  76.589000  1.521694
30.600000  76.803000  1.832821
30.700000  76.609000  0.598212
30.800000  76.856500  0.490025
30.900000  75.543500  0.992071
31.000000  76.651500  0.842164
31.100000  74.937500  0.160513
31.200000  77.412000  0.883883
31.300000  76.470500  1.139149
31.400000  76.128000  0.195161
31.500000  76.473500  0.410829
31.600000  77.363000  0.496389
31.700000  77.040500  1.792516
31.800000  77.609000  0.490732
31.900000  76.965000  0.774989
32.000000  76.902000  0.337997
32.100000  77.641000  0.575585
32.200000  75.887500  0.204354
32.300000  75.783500  0.402344
32.400000  77.327500  0.586192
32.500000  75.893000  1.247336
32.600000  76.076500  1.052882
32.700000  77.553500  0.762968
32.800000  78.531500  0.754483
32.900000  76.688500  1.782616
33.000000  77.847000  0.721249
33.100000  77.425500  0.451841
33.200000  78.062000  0.849942
33.300000  77.736000  1.514623
33.400000  76.803500  1.089652
33.500000  77.211500  1.301784
33.600000  77.370500  2.229508
33.700000  77.452000  0.248902
33.800000  77.127500  0.142128
33.900000  76.971000  1.173797
34.000000  76.856000  0.190919
34.100000  77.124500  0.245366
34.200000  78.187000  0.008485
34.300000  77.852500  0.446184
34.400000  76.361000  0.381838
34.500000  75.976500  1.430477
34.600000  75.766500  0.050205
34.700000  76.685000  1.096016
34.800000  77.782500  0.152028
34.900000  77.328000  0.651952
35.000000  77.267000  0.562857
35.100000  78.216000  0.987121
35.200000  77.667500  0.925603
35.300000  77.653000  0.206475
35.400000  78.041000  0.152735
35.500000  78.089000  1.059246
35.600000  77.058500  0.098288
35.700000  77.594500  0.307591
35.800000  77.889000  1.244508
35.900000  76.932000  0.453963
36.000000  77.713500  0.178898
36.100000  77.762500  0.269408
36.200000  77.432500  0.641346
36.300000  77.351500  0.434871
36.400000  77.098000  1.081873
36.500000  77.874500  1.136321
36.600000  77.350000  0.847114
36.700000  78.028000  0.067882
36.800000  77.760500  0.241123
36.900000  77.500000  0.362039
37.000000  77.658500  0.181726
37.100000  77.771500  0.543765
37.200000  77.729500  0.963787
37.300000  76.829500  1.496945
37.400000  76.978500  0.668216
37.500000  77.577500  0.788424
37.600000  77.403000  0.132936
37.700000  77.581000  0.814587
37.800000  76.581500  0.047376
37.900000  77.528500  0.801152
38.000000  78.737500  2.032932
38.100000  77.018500  1.591697
38.200000  77.480000  0.048083
38.300000  76.234500  0.467398
38.400000  76.885000  0.332340
38.500000  77.631500  0.330219
38.600000  79.169500  0.795495
38.700000  78.320000  0.113137
38.800000  78.070000  1.268550
38.900000  78.911500  0.137886
39.000000  77.931000  0.223446
39.100000  77.854500  1.240972
39.200000  77.607000  0.110309
39.300000  77.664500  0.895904
39.400000  78.567000  0.287085
39.500000  76.379000  0.073539
39.600000  77.964500  0.538108
39.700000  78.173000  0.588313
39.800000  77.996000  0.694379
39.900000  77.830500  0.409415
40.000000  77.414000  0.011314
40.100000  77.145500  0.212839
40.200000  78.365500  0.819537
40.300000  78.648000  1.469368
40.400000  78.584000  0.851357
40.500000  78.053500  1.791101
40.600000  78.105000  1.262893
40.700000  76.964500  1.298955
40.800000  78.085500  0.522552
40.900000  77.213500  0.185969
41.000000  77.469000  0.666095
41.100000  78.238000  1.743725
41.200000  77.322000  1.561292
41.300000  78.514000  0.123037
41.400000  77.786000  0.110309
41.500000  78.502000  0.965908
41.600000  77.190000  0.726906
41.700000  77.805000  1.021062
41.800000  77.690500  0.784181
41.900000  78.031500  1.160362
42.000000  78.065500  1.788273
42.100000  76.954500  0.861963
42.200000  76.932500  0.170413
42.300000  77.147500  2.434569
42.400000  77.428500  0.283550
42.500000  78.262000  0.465276
42.600000  77.505500  0.506996
42.700000  77.258000  0.250316
42.800000  77.076000  2.129806
42.900000  76.567000  0.189505
43.000000  76.705500  0.700743
43.100000  78.100500  1.399364
43.200000  76.891000  1.545735
43.300000  76.030500  2.185667
43.400000  75.528500  1.501188
43.500000  77.192500  2.041417
43.600000  76.140500  1.499773
43.700000  76.604000  0.018385
43.800000  76.123500  0.321734
43.900000  75.982000  0.257387
44.000000  76.367500  0.412243
44.100000  76.357000  0.151321
44.200000  77.518000  1.729583
44.300000  76.795000  0.028284
44.400000  76.518500  1.364009
44.500000  77.333000  0.289914
44.600000  76.959000  0.814587
44.700000  78.160000  1.641902
44.800000  76.612000  2.235872
44.900000  76.492500  1.373908
45.000000  77.881000  0.366281
45.100000  76.204000  0.166877
45.200000  76.174000  0.148492
45.300000  78.397000  0.049497
45.400000  77.296000  0.917825
45.500000  77.171500  0.458912
45.600000  76.997000  0.517602
45.700000  77.367500  0.784181
45.800000  76.670000  0.564271
45.900000  76.363000  1.610789
46.000000  77.070000  0.582656
46.100000  76.876000  0.861256
46.200000  76.620500  0.887419
46.300000  77.374500  0.960958
46.400000  76.163500  0.174655
46.500000  77.135000  2.025154
46.600000  76.979000  2.518714
46.700000  77.814000  0.060811
46.800000  76.320500  0.970858
46.900000  77.188000  1.944544
47.000000  76.789500  1.293298
47.100000  77.014000  0.028284
47.200000  78.211000  3.305017
47.300000  76.841500  0.000707
47.400000  77.137500  2.407699
47.500000  77.355500  2.147483
47.600000  77.756500  1.161776
47.700000  77.599000  0.885298
47.800000  78.986000  0.483661
47.900000  77.385500  0.979343
48.000000  78.349500  1.110865
48.100000  77.679000  0.472347
48.200000  77.754000  0.082024
48.300000  77.115000  0.865499
48.400000  79.183000  1.531593
48.500000  77.955000  1.063489
48.600000  78.201000  0.582656
48.700000  77.475000  0.217789
48.800000  78.226000  0.304056
48.900000  78.890500  1.472903
49.000000  78.463000  1.878076
49.100000  77.818000  0.540230
49.200000  77.282500  1.693521
49.300000  76.764000  1.435427
49.400000  79.146000  2.077480
49.500000  79.016500  3.052580
49.600000  79.149500  2.523664
49.700000  79.732000  2.770444
49.800000  78.704500  2.182839
49.900000  79.455500  0.586192
50.000000  79.411500  1.895753
50.100000  77.939500  0.112430
50.200000  79.033500  0.068589
50.300000  78.558500  0.043134
50.400000  78.183500  1.067024
50.500000  78.002000  1.223295
50.600000  79.111000  0.018385
50.700000  78.415500  1.810900
50.800000  79.711500  0.260922
50.900000  79.302000  0.087681
51.000000  78.542500  0.071418
51.100000  78.202000  0.176777
51.200000  77.672500  1.430477
51.300000  78.208500  1.228244
51.400000  78.081000  2.146776
51.500000  78.347000  1.245922
51.600000  77.207500  2.802264
51.700000  76.946000  2.920351
51.800000  78.040000  1.349160
51.900000  78.915500  0.277893
52.000000  78.908000  1.937473
52.100000  78.445000  0.007071
52.200000  78.463500  0.921360
52.300000  78.210500  1.144806
52.400000  77.151500  1.437548
52.500000  78.288500  0.171827
52.600000  76.292500  0.023335
52.700000  78.431000  0.200818
52.800000  78.007000  0.537401
52.900000  77.305000  0.787717
53.000000  78.240000  1.165312
53.100000  78.193000  0.844285
53.200000  78.582000  0.544472
53.300000  77.022500  0.772868
53.400000  78.377500  0.951059
53.500000  78.522000  0.431335
53.600000  77.907500  0.126572
53.700000  76.970000  0.264458
53.800000  78.833500  0.504167
53.900000  77.170500  0.222739
54.000000  78.166000  0.748119
54.100000  77.330500  0.129401
54.200000  77.796500  0.436285
54.300000  78.357500  0.190212
54.400000  76.785000  0.519016
54.500000  78.293500  0.495682
54.600000  76.626000  0.041012
54.700000  78.143500  0.432042
54.800000  77.587500  1.245215
54.900000  77.456000  0.916410
55.000000  76.419500  0.501339
55.100000  76.965500  0.393858
55.200000  77.245000  0.308299
55.300000  77.473500  0.876105
55.400000  77.269500  1.013284
55.500000  78.428000  0.053740
55.600000  78.302000  0.497803
55.700000  78.320000  1.080459
55.800000  76.869000  1.298248
55.900000  78.459000  1.781909
56.000000  78.118500  1.284813
56.100000  77.974000  0.111723
56.200000  76.525500  0.484368
56.300000  77.708500  0.596091
56.400000  76.897000  0.156978
56.500000  77.703500  1.358352
56.600000  77.115500  0.119501
56.700000  78.284500  0.900147
56.800000  77.934500  1.028840
56.900000  77.962000  0.824487
57.000000  77.330500  0.495682
57.100000  78.395000  0.106066
57.200000  78.141500  1.734533
57.300000  77.826000  2.568212
57.400000  78.246000  1.264307
57.500000  78.669500  0.713471
57.600000  77.902000  0.818830
57.700000  77.500000  0.695793
57.800000  77.183000  1.811608
57.900000  78.491500  0.260922
58.000000  78.403000  1.431184
58.100000  79.457000  1.848377
58.200000  77.762500  0.236881
58.300000  78.915500  1.110865
58.400000  78.912000  2.172232
58.500000  77.841500  1.190061
58.600000  77.986500  0.969443
58.700000  78.694500  1.095308
58.800000  77.121500  1.110865
58.900000  78.186000  0.724077
59.000000  77.276000  0.165463
59.100000  78.294000  0.687308
59.200000  78.366000  1.482096
59.300000  76.692500  0.419314
59.400000  77.233500  0.740341
59.500000  77.284000  1.854034
59.600000  77.637500  0.092631
59.700000  77.622000  0.220617
59.800000  76.928500  0.492853
59.900000  77.412500  0.897319
60.000000  77.477000  1.326532
60.100000  78.206000  0.538815
60.200000  77.942000  2.354666
60.300000  76.705500  0.201525
60.400000  77.798000  0.264458
60.500000  78.739500  1.779788
60.600000  76.965000  0.261630
60.700000  78.139000  2.612052
60.800000  78.992000  1.510380
60.900000  78.104000  0.400222
61.000000  79.120500  0.225567
61.100000  78.313500  0.361332
61.200000  77.411500  0.045962
61.300000  78.939000  0.797616
61.400000  80.540000  1.452397
61.500000  78.277500  0.611647
61.600000  78.189000  0.741048
61.700000  77.956000  3.244206
61.800000  78.464000  0.613769
61.900000  78.138500  0.973686
62.000000  79.266000  0.101823
62.100000  77.187500  1.849084
62.200000  77.910500  1.471489
62.300000  78.014500  2.484066
62.400000  77.738500  2.587304
62.500000  77.855500  0.563564
62.600000  77.973500  0.190212
62.700000  77.716000  1.439669
62.800000  77.933000  0.391737
62.900000  78.036500  2.417598
63.000000  78.800500  1.253700
63.100000  78.375500  1.997577
63.200000  77.794000  1.115815
63.300000  77.881500  0.120915
63.400000  77.887500  1.461590
63.500000  77.993000  0.937624
63.600000  78.250000  1.292591
63.700000  77.985500  2.345473
63.800000  77.435500  0.217082
63.900000  77.269000  1.989798
64.000000  77.409500  1.986263
64.100000  76.991500  0.242538
64.200000  77.393500  1.390879
64.300000  76.881000  0.476590
64.400000  76.776500  1.296127
64.500000  77.514000  1.025305
64.600000  76.331500  2.655186
64.700000  76.743500  0.420729
64.800000  77.812500  0.262337
64.900000  77.261000  0.134350
65.000000  79.654500  0.265165
65.100000  77.676000  0.808930
65.200000  79.330500  2.513765
65.300000  79.398500  1.027426
65.400000  77.347500  1.376737
65.500000  76.930000  0.089095
65.600000  77.899500  1.771302
65.700000  77.985000  0.544472
65.800000  77.023500  0.289207
65.900000  76.987000  0.214960
66.000000  77.234000  0.937624
66.100000  78.521500  1.257943
66.200000  77.033000  0.859842
66.300000  77.958500  0.243952
66.400000  77.565000  0.725492
66.500000  77.206500  0.402344
66.600000  77.350500  1.332896
66.700000  77.121000  1.391586
66.800000  77.631000  0.511945
66.900000  77.782000  0.898026
67.000000  78.755000  0.756604
67.100000  77.026500  2.027275
67.200000  76.476500  1.604425
67.300000  76.968500  1.576141
67.400000  78.475000  0.222032
67.500000  77.049000  1.069145
67.600000  77.104500  0.017678
67.700000  78.568500  1.354109
67.800000  77.627000  1.832821
67.900000  78.722500  2.184253
68.000000  77.625500  2.372343
68.100000  77.161500  2.263449
68.200000  78.843500  3.137433
68.300000  77.449500  1.993334
68.400000  79.394000  0.261630
68.500000  78.732500  2.622659
68.600000  78.548000  2.558312
68.700000  78.472500  0.792667
68.800000  78.536500  0.071418
68.900000  78.403500  0.188798
69.000000  78.361500  0.710642
69.100000  78.429500  1.311683
69.200000  78.493500  0.492853
69.300000  77.704000  2.307997
69.400000  76.717500  0.873277
69.500000  78.207500  1.047225
69.600000  77.757500  0.136472
69.700000  77.055500  1.320168
69.800000  78.647500  0.044548
69.900000  77.288500  0.861963
70.000000  78.518500  0.593263
70.100000  78.513000  0.120208
70.200000  77.966000  1.941715
70.300000  77.856500  1.576141
70.400000  79.091500  2.578818
70.500000  78.735500  0.803980
70.600000  77.755000  0.759433
70.700000  77.846500  0.676701
70.800000  79.615500  2.047074
70.900000  78.920000  0.731148
71.000000  78.290500  0.362746
71.100000  77.358500  0.168999
71.200000  77.300000  0.052326
71.300000  78.141000  2.248600
71.400000  78.162000  2.044953
71.500000  77.121000  0.337997
71.600000  77.465000  1.443912
71.700000  79.155000  3.539777
71.800000  78.424500  0.745998
71.900000  78.911000  0.465276
72.000000  79.262500  1.704834
72.100000  79.955500  0.273650
72.200000  78.564500  0.494268
72.300000  77.994500  1.553514
72.400000  78.332500  1.020355
72.500000  79.932500  0.379716
72.600000  79.243500  0.867620
72.700000  78.089500  0.105359
72.800000  78.344000  1.022476
72.900000  78.096000  0.725492
73.000000  78.434000  1.486338
73.100000  77.031000  0.217789
73.200000  77.783000  0.789131
73.300000  78.167000  0.987121
73.400000  78.223000  0.048083
73.500000  78.772500  0.082731
73.600000  78.238500  0.794081
73.700000  77.827500  0.142128
73.800000  76.680000  0.558614
73.900000  77.722000  0.090510
74.000000  78.279500  0.968029
74.100000  78.207000  0.342240
74.200000  77.834500  0.296278
74.300000  79.046000  0.854185
74.400000  77.400500  0.753069
74.500000  78.100500  0.956715
74.600000  77.417000  0.980050
74.700000  78.562000  1.425527
74.800000  77.894500  1.540786
74.900000  76.618000  2.067580
75.000000  77.222500  2.191324
75.100000  77.244500  1.335725
75.200000  77.958000  0.576999
75.300000  78.031500  0.338704
75.400000  79.479500  0.350018
75.500000  77.766500  0.716299
75.600000  77.095500  1.873126
75.700000  77.884000  0.305470
75.800000  77.968500  1.709077
75.900000  78.509000  0.417193
76.000000  77.965500  0.608819
76.100000  78.510500  1.153291
76.200000  76.795000  0.656195
76.300000  77.471000  0.844285
76.400000  76.890000  0.588313
76.500000  77.751000  0.455377
76.600000  78.075500  0.545179
76.700000  77.738500  0.704985
76.800000  78.306500  0.246780
76.900000  77.726500  0.396687
77.000000  79.052500  1.065610
77.100000  78.522500  1.065610
77.200000  77.714500  1.194303
77.300000  78.057500  0.152028
77.400000  79.688500  0.208597
77.500000  79.131500  0.098288
77.600000  78.344000  0.229103
77.700000  77.698500  0.925603
77.800000  78.266000  0.717006
77.900000  77.485000  0.881055
78.000000  78.273000  0.872570
78.100000  78.042000  0.408708
78.200000  77.925500  0.839336
78.300000  77.584000  0.948937
78.400000  77.957500  0.781353
78.500000  79.041000  0.155563
78.600000  77.502000  0.053740
78.700000  78.101000  0.497803
78.800000  77.230500  0.818123
78.900000  78.818000  0.749533
79.000000  76.896500  1.369666
79.100000  78.338000  0.162635
79.200000  79.774500  0.573464
79.300000  77.833500  0.737512
79.400000  78.538500  0.184555
79.500000  77.219000  0.069296
79.600000  76.998500  0.983586
79.700000  78.478000  1.680086
79.800000  78.760000  1.616446
79.900000  77.366000  0.207889
80.000000  77.413500  1.154705
80.100000  77.383500  0.381131
80.200000  77.408000  0.418607
80.300000  77.009500  0.064347
80.400000  77.667500  1.700592
80.500000  77.789000  0.739634
80.600000  78.866500  0.686601
80.700000  78.803500  1.146220
80.800000  77.380500  1.259357
80.900000  78.283000  0.015556
81.000000  78.231000  0.797616
81.100000  79.068500  0.014849
81.200000  78.306000  1.333603
81.300000  78.472000  2.146776
81.400000  76.572000  1.252993
81.500000  78.504000  0.343654
81.600000  77.697500  0.055861
81.700000  78.709000  2.095864
81.800000  77.134500  0.864792
81.900000  76.846000  0.263044
82.000000  79.119500  1.045811
82.100000  77.824500  1.974949
82.200000  76.648500  1.761403
82.300000  78.868500  1.583212
82.400000  77.741000  0.141421
82.500000  78.248000  0.524673
82.600000  78.136000  1.562706
82.700000  77.652500  0.557907
82.800000  77.080500  0.767211
82.900000  78.302500  0.058690
83.000000  77.708500  0.945402
83.100000  78.106500  0.207182
83.200000  77.103000  0.657609
83.300000  78.253500  1.622810
83.400000  80.143500  0.454670
83.500000  77.530500  0.663973
83.600000  78.015500  1.250872
83.700000  78.443000  0.898026
83.800000  77.940500  0.819537
83.900000  77.980000  1.617860
84.000000  77.362000  2.163747
84.100000  78.015000  0.117380
84.200000  78.097500  0.191626
84.300000  78.428500  0.932674
84.400000  76.706500  1.768474
84.500000  77.910500  0.521138
84.600000  78.016000  0.586899
84.700000  77.685000  0.968736
84.800000  78.437000  0.089095
84.900000  78.919500  0.753069
85.000000  77.842500  1.269257
85.100000  77.932500  1.171676
85.200000  77.883000  1.091773
85.300000  77.982500  0.020506
85.400000  77.688500  1.314512
85.500000  78.758500  0.342947
85.600000  78.469500  0.341533
85.700000  77.201000  1.275621
85.800000  77.694000  0.289914
85.900000  77.524500  0.733270
86.000000  79.220500  0.194454
86.100000  77.908000  0.171120
86.200000  78.242000  0.431335
86.300000  78.648500  0.355675
86.400000  78.217500  0.016263
86.500000  77.826000  0.564271
86.600000  77.685000  1.484924
86.700000  77.532000  0.462448
86.800000  78.161000  1.057832
86.900000  77.427500  0.252437
87.000000  78.657500  1.369666
87.100000  79.431500  2.386485
87.200000  77.622500  1.149049
87.300000  77.801000  0.649124
87.400000  78.515500  0.669630
87.500000  77.571000  1.064903
87.600000  78.149500  2.908330
87.700000  77.963500  2.194152
87.800000  78.007000  0.278600
87.900000  76.604500  1.662408
88.000000  76.741500  1.187232
88.100000  78.283000  1.687157
88.200000  78.108000  1.842720
88.300000  78.735000  1.576848
88.400000  78.159500  0.487197
88.500000  78.531000  0.772161
88.600000  78.509000  0.046669
88.700000  77.333500  0.190212
88.800000  78.472000  0.379009
88.900000  80.365500  1.372494
89.000000  78.574000  1.862519
89.100000  78.503500  2.601446
89.200000  78.285500  2.284662
89.300000  77.054000  1.008334
89.400000  78.343500  1.529472
89.500000  78.055500  0.791252
89.600000  78.392000  0.439820
89.700000  78.848500  2.622659
89.800000  77.221000  0.114551
89.900000  78.641500  1.362595
90.000000  78.626000  1.339260
90.100000  77.751500  1.380980
90.200000  77.742500  2.188495
90.300000  78.060000  0.777817
90.400000  79.689000  1.204910
90.500000  79.324500  0.639932
90.600000  78.648000  2.050610
90.700000  78.424500  1.273499
90.800000  78.953500  0.149200
90.900000  78.850500  0.910046
91.000000  78.346500  0.816708
91.100000  78.524000  0.261630
91.200000  77.936000  0.330926
91.300000  77.906000  0.458205
91.400000  79.019000  0.090510
91.500000  78.933500  0.833679
91.600000  79.535000  0.353553
91.700000  78.249000  0.719835
91.800000  78.540500  0.177484
91.900000  77.862500  0.630032
92.000000  79.394000  0.956008
92.100000  77.443500  1.021769
92.200000  78.807500  0.021920
92.300000  77.649500  2.382243
92.400000  78.991000  1.425527
92.500000  77.552500  0.902975
92.600000  78.751000  0.695793
92.700000  80.014500  0.737512
92.800000  79.083000  0.776403
92.900000  77.113500  0.236881
93.000000  78.987500  1.482803
93.100000  79.064000  0.995606
93.200000  77.597500  0.567807
93.300000  78.299500  0.717713
93.400000  77.731000  0.783474
93.500000  79.122000  1.243094
93.600000  77.421500  1.116522
93.700000  77.968500  1.653923
93.800000  79.831000  1.466539
93.900000  78.183500  0.866206
94.000000  77.573000  0.472347
94.100000  77.292000  1.380272
94.200000  78.694000  1.368959
94.300000  77.893000  2.374465
94.400000  78.137500  0.212839
94.500000  78.309500  0.439113
94.600000  77.140000  1.166726
94.700000  76.540500  1.356938
94.800000  78.417000  1.045104
94.900000  77.315500  0.020506
95.000000  77.623500  2.454368
95.100000  77.351000  0.220617
95.200000  77.795500  0.085560
95.300000  78.602000  0.735391
95.400000  76.274000  0.852771
95.500000  78.868500  0.610233
95.600000  77.602500  1.430477
95.700000  78.069500  2.032932
95.800000  77.587000  0.937624
95.900000  79.653000  0.087681
96.000000  77.753000  0.008485
96.100000  77.295000  0.791960
96.200000  77.858000  0.688722
96.300000  77.356500  0.398101
96.400000  77.135500  0.309006
96.500000  76.888000  0.429921
96.600000  77.810500  1.702006
96.700000  78.055500  2.194152
96.800000  78.059500  1.368252
96.900000  78.251500  1.239558
97.000000  77.699000  0.527502
97.100000  77.853500  1.779788
97.200000  77.281000  1.664529
97.300000  78.054500  1.547857
97.400000  76.760500  1.068438
97.500000  77.424000  1.941715
97.600000  77.662500  0.532451
97.700000  77.009000  1.623517
97.800000  76.672000  0.362039
97.900000  77.084500  0.383959
98.000000  77.210500  0.470226
98.100000  77.977500  0.077075
98.200000  77.626000  0.803273
98.300000  76.789000  0.840043
98.400000  76.374500  0.480126
98.500000  77.306500  1.362595
98.600000  76.719000  1.155412
98.700000  77.354500  0.157685
98.800000  76.546500  1.098137
98.900000  78.436000  2.005355
99.000000  78.006500  2.411941
99.100000  77.125000  1.025305
99.200000  77.872000  1.927573
99.300000  77.826000  2.337695
99.400000  77.486500  1.059953
99.500000  77.858000  2.035053
99.600000  76.277000  3.057530
99.700000  77.810500  2.096572
99.800000  78.059500  1.878783
99.900000  76.890000  2.712462
100.000000  77.044000  3.264005
100.100000  77.894000  1.643316
100.200000  77.701000  2.753474
100.300000  78.310000  0.312541
100.400000  78.160000  0.016971
100.500000  77.684000  0.541644
100.600000  77.752000  0.137179
100.700000  77.598500  2.451539
100.800000  77.546500  0.294864
100.900000  77.999000  2.122735
101.000000  77.180500  0.672459
101.100000  77.874500  1.088237
101.200000  77.475500  1.382394
101.300000  76.602500  3.240670
101.400000  77.583000  0.291328
101.500000  76.515000  2.192031
101.600000  77.936000  1.380272
101.700000  78.463500  1.291884
101.800000  77.314500  0.982171
101.900000  78.438500  2.172939
102.000000  78.021000  2.218901
102.100000  78.051500  1.120764
102.200000  77.753000  1.730997
102.300000  78.064500  2.110714
102.400000  78.090500  0.002121
102.500000  77.738500  3.136019
102.600000  77.796000  0.705693
102.700000  77.442000  0.231931
102.800000  78.159000  0.930553
102.900000  77.732500  0.467398
103.000000  77.194000  0.854185
103.100000  77.946500  0.075660
103.200000  77.830000  0.714178
103.300000  78.430500  0.628618
103.400000  78.326500  0.463155
103.500000  78.780500  0.020506
103.600000  77.838000  0.732563
103.700000  77.275500  1.270671
103.800000  78.431500  0.871863
103.900000  78.666500  0.198697
104.000000  79.369500  0.300520
104.100000  78.389500  1.881611
104.200000  78.515500  0.936916
104.300000  79.614000  2.429619
104.400000  78.247500  1.079752
104.500000  77.335500  1.660994
104.600000  78.749000  1.537250
104.700000  78.465500  1.946665
104.800000  78.104000  0.329512
104.900000  78.153500  1.310269
105.000000  78.878500  0.112430
105.100000  77.943500  0.040305
105.200000  79.112000  2.534271
105.300000  77.101500  2.655186
105.400000  76.559000  0.673166
105.500000  77.448000  0.701450
105.600000  77.810500  0.027577
105.700000  77.391000  0.130108
105.800000  77.124000  0.596798
105.900000  78.171000  1.019648
106.000000  77.587000  0.323855
106.100000  77.217500  0.497096
106.200000  76.700500  0.088388
106.300000  77.875500  1.166019
106.400000  76.872000  0.192333
106.500000  76.648500  0.604576
106.600000  77.158000  1.530179
106.700000  78.210500  0.754483
106.800000  79.138500  2.328503
106.900000  78.736500  2.730139
107.000000  78.656500  2.431740
107.100000  78.941500  1.569070
107.200000  78.864500  2.178596
107.300000  78.840000  2.923179
107.400000  78.630000  2.391435
107.500000  78.553000  2.515886
107.600000  76.821000  0.939038
107.700000  77.170000  1.442498
107.800000  77.555000  1.689985
107.900000  79.108500  0.902975
108.000000  77.749000  1.299662
108.100000  77.864500  2.601446
108.200000  77.359500  0.997728
108.300000  77.449000  1.919088
108.400000  78.019000  1.964343
108.500000  78.533000  3.558161
108.600000  77.875500  1.646852
108.700000  77.765500  1.530886
108.800000  78.547000  2.541342
108.900000  76.889000  0.963079
109.000000  78.194000  2.278298
109.100000  77.822000  0.767918
109.200000  78.345000  1.381687
109.300000  78.386000  0.876812
109.400000  78.805500  0.717713
109.500000  78.223500  2.699027
109.600000  77.984500  1.419163
109.700000  78.715000  0.905097
109.800000  77.196000  3.125412
109.900000  77.983000  0.786303
110.000000  77.396500  3.014396
110.100000  77.453500  0.446184
110.200000  77.529500  1.553514
110.300000  77.050000  1.964343
110.400000  77.912000  3.603416
110.500000  77.313000  3.310674
110.600000  76.965500  1.634124
110.700000  77.805000  1.598061
110.800000  77.166000  1.125714
110.900000  76.567000  2.520129
111.000000  78.786000  2.131220
111.100000  77.803500  2.076773
111.200000  77.497500  2.071116
111.300000  78.377500  2.779637
111.400000  77.928000  1.418456
111.500000  77.705500  2.308704
111.600000  78.679000  0.046669
111.700000  78.356500  1.597354
111.800000  77.204500  2.297390
111.900000  77.657500  1.849084
112.000000  78.188000  0.021213
112.100000  78.030500  0.248194
112.200000  78.283000  1.359059
112.300000  78.049500  0.992071
112.400000  78.141000  0.161220
112.500000  78.658000  0.601041
112.600000  77.759500  2.372343
112.700000  77.163000  1.961514
112.800000  78.545000  2.624780
112.900000  79.289000  2.749231
113.000000  78.669000  2.815699
113.100000  78.769500  1.550685
113.200000  77.684500  1.529472
113.300000  77.932500  1.509673
113.400000  77.485000  3.621801
113.500000  77.425000  1.828578
113.600000  77.965000  3.470480
113.700000  77.952000  1.513209
113.800000  78.238000  0.397394
113.900000  77.879500  1.537957
114.000000  77.359000  0.271529
114.100000  77.401500  0.975100
114.200000  77.259500  0.589020
114.300000  77.956500  1.642609
114.400000  77.820000  3.566647
114.500000  78.008500  1.283399
114.600000  77.552000  2.672864
114.700000  77.971000  1.687157
114.800000  77.783000  1.896460
114.900000  77.559000  2.798729
115.000000  78.386000  0.185262
115.100000  76.708000  0.736805
115.200000  78.564500  1.854741
115.300000  79.313500  3.503714
115.400000  78.780000  3.511492
115.500000  77.913500  1.347038
115.600000  77.779500  2.038589
115.700000  78.100000  1.112986
115.800000  78.190500  2.922472
115.900000  78.444000  1.465125
116.000000  77.242000  2.453661
116.100000  78.093000  2.187788
116.200000  78.762000  1.353402
116.300000  77.514500  1.755746
116.400000  78.398500  1.549271
116.500000  78.458500  0.618718
116.600000  79.176500  1.703420
116.700000  78.597000  2.071823
116.800000  78.437000  2.687006
116.900000  78.106000  2.802971
117.000000  78.550500  1.454519
117.100000  78.776000  2.737917
117.200000  78.919500  1.697763
117.300000  78.471000  2.296683
117.400000  78.988500  5.390275
117.500000  79.565500  3.455631
117.600000  79.087000  4.338807
117.700000  79.663500  2.260620
117.800000  79.646000  2.305168
117.900000  79.724500  2.650943
118.000000  78.137500  2.458610
118.100000  77.836000  2.194859
118.200000  79.937500  0.061518
118.300000  77.942000  0.468105
118.400000  78.467000  1.544321
118.500000  79.174000  2.241528
118.600000  78.542500  2.042831
118.700000  78.232500  2.366686
118.800000  77.396000  0.756604
118.900000  77.495000  1.561292
119.000000  79.051000  2.524371
119.100000  77.683500  1.106622
119.200000  77.651500  2.802264
119.300000  77.978500  2.460024
119.400000  77.788500  2.301633
119.500000  77.642500  1.027426
119.600000  78.304000  0.514774
119.700000  77.425500  1.658165
119.800000  78.207000  0.883883
119.900000  78.175500  1.571898
120.000000  77.390000  1.542907
120.100000  76.983000  1.643316
120.200000  76.905000  1.800294
120.300000  78.778000  0.289914
120.400000  78.128000  1.207738
120.500000  76.786500  0.481540
120.600000  78.279000  0.654781
120.700000  78.176000  1.330775
120.800000  76.883500  1.342796
120.900000  77.188000  0.422850
121.000000  78.217500  0.603162
121.100000  77.658500  0.883176
121.200000  78.654000  0.637810
121.300000  77.706500  0.055861
121.400000  77.335500  0.764382
121.500000  77.517000  0.864084
121.600000  77.260000  0.691550
121.700000  79.220500  0.231224
121.800000  77.564500  1.768474
121.900000  77.145000  1.735240
122.000000  78.277500  0.359917
122.100000  77.289500  1.655337
122.200000  77.310000  0.534573
122.300000  77.460500  1.871712
122.400000  77.281500  0.352846
122.500000  76.585500  2.315775
122.600000  76.763500  1.556342
122.700000  76.498500  0.058690
122.800000  76.950000  0.022627
122.900000  76.845500  1.059953
123.000000  76.373000  0.499217
123.100000  77.643000  0.354968
123.200000  76.666500  0.026163
123.300000  76.245000  0.953180
123.400000  76.931500  0.798324
123.500000  77.544000  0.681651
123.600000  76.544000  0.774989
123.700000  77.067000  0.149907
123.800000  76.441500  1.976363
123.900000  77.024500  1.706249
124.000000  76.836000  0.011314
124.100000  77.341000  1.395829
124.200000  76.575000  2.117078
124.300000  77.485000  1.697056
124.400000  76.163000  1.056418
124.500000  77.951000  0.183848
124.600000  77.960000  2.077480
124.700000  77.735000  1.813022
124.800000  77.593500  0.962372
124.900000  76.681500  0.526795
125.000000  76.016000  1.211981
125.100000  77.139000  1.077631
125.200000  76.060500  0.368403
125.300000  76.552000  0.593970
125.400000  77.398000  0.462448
125.500000  77.670000  0.516188
125.600000  77.203500  1.054296
125.700000  76.026000  0.062225
125.800000  75.675500  0.583363
125.900000  76.373500  1.914138
126.000000  76.301000  0.278600
126.100000  76.272000  0.377595
126.200000  77.769000  1.434013
126.300000  77.362500  1.472903
126.400000  77.540500  1.125007
126.500000  78.160500  0.389616
126.600000  77.354500  1.570484
126.700000  77.432000  1.617860
126.800000  76.687000  0.647710
126.900000  76.890500  0.951059
127.000000  76.982500  0.753069
127.100000  77.764000  0.865499
127.200000  77.681000  0.646296
127.300000  77.087500  0.618718
127.400000  78.483000  2.049195
127.500000  76.814500  0.048790
127.600000  78.543500  0.211425
127.700000  77.374500  1.530886
127.800000  77.234500  0.413657
127.900000  77.806500  0.289207
128.000000  77.006500  1.164605
128.100000  77.549000  0.384666
128.200000  76.914000  1.032376
128.300000  76.506500  1.561999
128.400000  77.515000  0.657609
128.500000  76.756000  1.439669
128.600000  77.633500  2.427498
128.700000  78.314000  1.086116
128.800000  77.378000  1.641902
128.900000  77.054500  0.392444
129.000000  77.476000  0.890955
129.100000  78.477500  0.190212
129.200000  76.982500  0.126572
129.300000  77.178000  0.449720
129.400000  77.634000  2.251428
129.500000  77.939500  0.210011
129.600000  76.785000  1.098844
129.700000  77.364000  2.054852
129.800000  77.705500  2.372343
129.900000  78.094000  1.634831
130.000000  77.589000  1.380272
130.100000  77.167000  1.503309
130.200000  78.479000  0.656195
130.300000  76.081000  0.691550
130.400000  77.699000  0.496389
130.500000  78.242500  0.958130
130.600000  76.922500  1.296127
130.700000  77.141000  0.827315
130.800000  77.462000  1.244508
130.900000  77.389000  0.858428
131.000000  76.492000  1.132785
131.100000  77.345500  1.011870
131.200000  76.528000  3.781607
131.300000  77.438000  3.210265
131.400000  77.908500  0.089803
131.500000  77.083500  2.486895
131.600000  76.796000  1.747968
131.700000  77.611500  1.891511
131.800000  76.633000  1.016820
131.900000  76.824500  1.750089
132.000000  76.457500  0.798324
132.100000  77.345500  0.942573
132.200000  77.784500  1.775545
132.300000  77.629500  0.348604
132.400000  76.649500  0.137886
132.500000  77.029000  0.647710
132.600000  75.771000  1.322290
132.700000  76.349000  1.680086
132.800000  77.310500  0.064347
132.900000  78.145000  0.687308
133.000000  77.507500  0.912875
133.100000  76.921000  0.308299
133.200000  77.679000  0.060811
133.300000  77.347500  1.150463
133.400000  76.847500  0.531037
133.500000  76.033000  0.879641
133.600000  77.946500  1.453104
133.700000  76.636000  0.910754
133.800000  77.043000  1.351988
133.900000  78.010000  2.125563
134.000000  77.866500  1.723219
134.100000  77.255500  1.298955
134.200000  77.707000  0.917825
134.300000  77.217000  1.122886
134.400000  76.253000  2.702562
134.500000  76.184500  2.819235
134.600000  76.597000  1.450983
134.700000  75.878500  3.134604
134.800000  77.131000  1.914845
134.900000  76.786000  2.266984
135.000000  77.149500  1.004799
135.100000  76.785000  1.349160
135.200000  77.939000  0.697207
135.300000  78.090500  0.508410
135.400000  76.987000  0.356382
135.500000  76.255500  1.707663
135.600000  76.752500  1.403607
135.700000  78.012500  0.593263
135.800000  76.658000  1.067731
135.900000  77.730500  0.171827
136.000000  77.360500  1.072681
136.100000  77.548000  0.347897
136.200000  77.660500  0.774282
136.300000  75.770000  0.711349
136.400000  76.022000  0.832972
136.500000  77.092500  0.968029
136.600000  78.108000  1.087530
136.700000  77.109000  0.441235
136.800000  76.928500  0.060104
136.900000  77.247500  0.204354
137.000000  77.529500  0.482954
137.100000  76.041000  0.690136
137.200000  76.683500  1.194303
137.300000  77.714500  1.260771
137.400000  77.026000  0.363453
137.500000  76.997500  0.788424
137.600000  77.307000  0.362039
137.700000  78.274500  0.006364
137.800000  77.693500  0.436285
137.900000  77.202000  0.309713
138.000000  76.902500  1.520987
138.100000  76.437500  2.295976
138.200000  76.559500  0.720542
138.300000  77.563000  0.660438
138.400000  77.921000  0.823072
138.500000  77.848000  2.194859
138.600000  78.764500  0.597505
138.700000  76.921500  1.559170
138.800000  77.889500  1.651094
138.900000  77.565500  0.618718
139.000000  77.951000  0.083439
139.100000  77.049500  1.132078
139.200000  75.740000  0.575585
139.300000  76.931000  0.131522
139.400000  75.596500  0.109602
139.500000  77.700000  1.274206
139.600000  76.522000  1.094601
139.700000  77.734500  0.258094
139.800000  77.037500  0.352846
139.900000  76.262500  0.433456
140.000000  75.554500  2.260620
140.100000  77.292000  2.357494
140.200000  77.985000  2.645994
140.300000  77.752000  0.164049
140.400000  77.651000  1.540079
140.500000  76.633000  0.480833
140.600000  78.091500  0.799738
140.700000  77.318500  0.736098
140.800000  77.426500  3.140261
140.900000  78.153500  1.129250
141.000000  77.489000  0.758018
141.100000  78.703000  0.632153
141.200000  77.830500  2.044246
141.300000  77.399500  2.072530
141.400000  77.461500  2.184253
141.500000  77.364500  0.844993
141.600000  77.795000  0.748119
141.700000  78.054000  0.183848
141.800000  77.772500  0.644174
141.900000  76.547000  0.893783
142.000000  76.832000  0.866913
142.100000  76.879500  0.282136
142.200000  77.638500  0.118087
142.300000  77.980000  0.285671
142.400000  78.092500  1.028840
142.500000  76.349500  2.107885
142.600000  77.092500  0.574878
142.700000  76.247000  0.640639
142.800000  78.342500  1.129250
142.900000  78.377500  0.816708
143.000000  77.427500  2.025861
143.100000  77.034000  1.251579
143.200000  78.240000  0.678823
143.300000  77.441500  0.492853
143.400000  77.911500  1.870297
143.500000  76.766500  0.235467
143.600000  77.295000  0.688722
143.700000  78.091500  0.041719
143.800000  77.227000  0.782060
143.900000  78.099000  0.994192
144.000000  77.532500  0.680944
144.100000  77.895000  0.687308
144.200000  77.134000  1.844134
144.300000  77.758000  1.926159
144.400000  77.424000  2.158090
144.500000  78.658000  3.777364
144.600000  78.364500  1.414921
144.700000  77.281000  1.592404
144.800000  77.994500  3.537655
144.900000  77.924000  2.026568
145.000000  77.870500  2.402042
145.100000  78.047500  1.117936
145.200000  78.288500  0.877520
145.300000  79.420000  1.255822
145.400000  78.977000  2.091622
145.500000  78.268500  0.953887
145.600000  78.424000  0.940452
145.700000  78.543500  0.120915
145.800000  79.095000  1.038033
145.900000  77.872000  3.700997
146.000000  78.512500  1.586041
146.100000  78.018500  3.854439
146.200000  78.351000  0.808930
146.300000  77.652500  1.455933
146.400000  77.447500  1.952322
146.500000  78.310500  2.211123
146.600000  76.872500  2.575990
146.700000  77.971000  2.975505
146.800000  77.990500  1.819386
146.900000  77.925500  2.199809
147.000000  77.578500  1.218345
147.100000  77.535000  1.839892
147.200000  78.771500  2.151726
147.300000  77.745500  2.298804
147.400000  78.293000  2.613467
147.500000  78.172500  0.325976
147.600000  78.535500  0.985000
147.700000  78.281000  0.291328
147.800000  79.179000  0.922067
147.900000  77.714000  0.022627
148.000000  77.197000  0.199404
148.100000  78.388000  0.828729
148.200000  79.197500  1.224002
148.300000  77.594500  0.601748
148.400000  77.441500  0.805395
148.500000  79.088500  1.898582
148.600000  79.147500  0.945402
148.700000  78.271500  2.351130
148.800000  79.395500  0.176070
148.900000  77.988500  1.815143
149.000000  79.291000  2.409820
149.100000  79.391000  0.185262
149.200000  78.261500  2.672157
149.300000  78.154000  2.312239
149.400000  78.436500  2.157383
149.500000  79.912500  1.038740
149.600000  78.339500  2.264863
149.700000  78.287000  4.316180
149.800000  77.588500  1.369666
149.900000  78.350000  2.551241
150.000000  77.941500  2.580233
150.100000  77.581000  2.955706
150.200000  77.828000  1.910603
150.300000  78.265000  1.965757
150.400000  78.774000  2.050610
150.500000  78.636000  2.627609
150.600000  78.659500  2.991769
150.700000  78.856500  0.512652
150.800000  80.155000  3.050459
150.900000  80.368500  4.425781
151.000000  79.626500  3.503714
151.100000  78.938500  4.678926
151.200000  77.949000  3.041973
151.300000  77.934500  1.969292
151.400000  78.552000  1.228952
151.500000  78.607000  1.969999
151.600000  78.238500  3.366535
151.700000  77.285500  1.728876
151.800000  78.619500  1.341382
151.900000  77.944500  2.222437
152.000000  78.181500  2.430326
152.100000  78.081500  2.228093
152.200000  77.880000  3.368657
152.300000  78.336000  2.346180
152.400000  77.876000  2.836912
152.500000  79.622000  2.078894
152.600000  78.759500  3.377849
152.700000  77.476000  0.666095
152.800000  78.907000  2.522957
152.900000  78.320500  1.140563
153.000000  78.237500  2.334159
153.100000  78.914000  2.244357
153.200000  78.740500  0.877520
153.300000  78.328500  2.906916
153.400000  78.710500  2.242236
153.500000  79.640000  3.231478
153.600000  78.386000  2.530028
153.700000  78.876500  1.699178
153.800000  78.127500  0.481540
153.900000  77.339500  2.117785
154.000000  79.076000  2.726604
154.100000  78.026500  2.984698
154.200000  78.650500  2.223851
154.300000  77.551500  2.380829
154.400000  77.675000  4.065864
154.500000  78.670000  3.450681
154.600000  77.873500  2.935200
154.700000  78.704000  3.709482
154.800000  77.313000  2.435276
154.900000  79.003000  2.781758
155.000000  79.005000  1.616446
155.100000  78.339500  2.922472
155.200000  77.794000  1.397243
155.300000  77.598000  2.749231
155.400000  78.539500  3.425932
155.500000  79.021000  3.111270
155.600000  78.823500  1.653923
155.700000  78.045500  2.311532
155.800000  78.459500  3.300067
155.900000  77.591500  1.400779
156.000000  77.554000  1.733826
156.100000  78.626500  3.160060
156.200000  77.318500  1.253700
156.300000  79.294500  1.088237
156.400000  78.939500  0.857721
156.500000  77.734500  2.253549
156.600000  78.076000  2.152433
156.700000  77.622000  0.466690
156.800000  77.839000  0.045255
156.900000  77.205000  1.760696
157.000000  77.822500  0.833679
157.100000  78.422500  1.505430
157.200000  77.502000  2.233043
157.300000  78.530500  2.245064
157.400000  77.581500  0.734684
157.500000  79.091500  0.914289
157.600000  78.515000  1.854034
157.700000  78.658500  2.216780
157.800000  77.054500  0.521138
157.900000  78.628000  2.713876
158.000000  78.003000  1.204910
158.100000  78.338500  1.304612
158.200000  77.947500  1.506845
158.300000  77.390500  2.327088
158.400000  77.502500  1.919795
158.500000  78.984500  3.937878
158.600000  77.772000  1.688571
158.700000  77.816500  1.341382
158.800000  78.623000  2.771859
158.900000  78.439500  2.682056
159.000000  77.884500  2.007476
159.100000  77.950500  2.257792
159.200000  78.076000  1.962928
159.300000  77.531000  0.886712
159.400000  78.743000  1.531593
159.500000  78.496500  2.351130
159.600000  77.662500  2.024447
159.700000  77.964000  1.135613
159.800000  78.327500  1.506845
159.900000  77.965500  4.127382
160.000000  77.218000  1.238851
160.100000  78.366500  1.752918
160.200000  77.593500  0.922774
160.300000  79.153500  2.122027
160.400000  77.777000  3.457752
160.500000  76.752500  2.102228
160.600000  77.796000  3.170667
160.700000  78.540500  2.728725
160.800000  77.369000  2.076066
160.900000  77.725000  0.015556
161.000000  77.452000  1.562706
161.100000  78.782500  1.464418
161.200000  79.096500  1.702006
161.300000  77.879500  3.181273
161.400000  77.553000  3.886259
161.500000  77.847000  2.289612
161.600000  79.425500  2.860247
161.700000  79.190000  2.698319
161.800000  78.464000  3.437953
161.900000  77.498000  3.296532
162.000000  78.549000  2.716704
162.100000  77.562000  1.958686
162.200000  77.827500  3.561697
162.300000  77.453000  2.186374
162.400000  78.239500  1.014698
162.500000  78.234000  0.858428
162.600000  77.297000  2.124149
162.700000  77.569500  1.870297
162.800000  77.519500  2.119199
162.900000  78.404500  1.946665
163.000000  77.415000  1.791809
163.100000  77.804500  2.338402
163.200000  78.389000  1.664529
163.300000  77.347500  1.610082
163.400000  77.543500  2.160211
163.500000  77.392000  1.576848
163.600000  77.874500  1.279156
163.700000  77.943000  1.163898
163.800000  77.327500  0.669630
163.900000  78.574000  1.223295
164.000000  78.561500  3.765344
164.100000  78.766500  2.710340
164.200000  78.113500  0.716299
164.300000  78.083500  1.595940
164.400000  78.277500  1.281985
164.500000  77.959000  0.066468
164.600000  78.458000  0.093338
164.700000  77.213500  1.047225
164.800000  77.426500  2.506694
164.900000  78.089500  0.301935
165.000000  77.150000  0.797616
165.100000  77.934500  3.565939
165.200000  77.856500  0.102530
165.300000  78.667500  0.246780
165.400000  76.966500  1.854741
165.500000  78.137000  1.610789
165.600000  77.940500  2.632559
165.700000  77.980500  2.332745
165.800000  77.265000  1.111572
165.900000  77.416000  0.633568
166.000000  78.812500  2.827720
166.100000  77.663500  3.177031
166.200000  78.415000  1.503309
166.300000  77.459500  0.847821
166.400000  77.342500  3.423104
166.500000  77.459000  2.153847
166.600000  78.068500  1.938180
166.700000  78.256000  1.733826
166.800000  76.645000  1.353402
166.900000  77.543500  1.438962
167.000000  77.391000  0.890955
167.100000  79.237500  1.622810
167.200000  78.385500  2.505279
167.300000  78.446000  0.988535
167.400000  76.809000  3.307846
167.500000  77.484000  2.214658
167.600000  76.639000  1.736654
167.700000  78.065000  1.463711
167.800000  77.626500  0.963787
167.900000  77.828500  2.465681
168.000000  79.444000  1.203496
168.100000  76.479500  2.409113
168.200000  77.807000  1.722512
168.300000  77.358000  1.493410
168.400000  77.621000  3.276733
168.500000  78.104000  2.419719
168.600000  78.018500  1.600183
168.700000  76.951000  1.094601
168.800000  76.609000  1.405728
168.900000  75.930000  0.940452
169.000000  77.334500  2.175768
169.100000  76.334500  0.720542
169.200000  76.771000  0.708521
169.300000  76.573500  1.116522
169.400000  77.476000  1.673015
169.500000  77.298500  2.280419
169.600000  77.032000  0.579828
169.700000  76.432000  1.528765
169.800000  75.910000  0.444063
169.900000  76.576500  0.788424
170.000000  76.330000  2.596496
170.100000  76.764500  2.631144
170.200000  77.683000  2.012426
170.300000  77.607000  3.302189
170.400000  77.331000  1.360473
170.500000  78.096500  1.243801
170.600000  78.044000  3.203194
170.700000  77.454000  1.975656
170.800000  78.184000  1.097430
170.900000  77.264500  1.018941
171.000000  77.607500  3.639479
171.100000  76.840000  1.103087
171.200000  77.691000  1.916259
171.300000  77.198000  0.346482
171.400000  78.039500  2.113542
171.500000  77.580500  2.486895
171.600000  77.666000  1.663115
171.700000  76.961000  2.170818
171.800000  77.496500  1.535129
171.900000  78.438000  2.853883
172.000000  77.893000  1.574020
172.100000  78.490500  1.881611
172.200000  77.110000  1.452397
172.300000  79.419500  3.045509
172.400000  78.385000  1.402900
172.500000  77.341500  1.815143
172.600000  79.347500  1.364009
172.700000  77.238000  2.073237
172.800000  76.746500  3.864339
172.900000  78.888500  3.366535
173.000000  77.599500  0.943988
173.100000  77.090500  1.856155
173.200000  78.155000  2.899138
173.300000  77.899000  0.469519
173.400000  77.687000  1.753625
173.500000  77.745000  0.448306
173.600000  77.251500  1.711906
173.700000  78.803000  0.715592
173.800000  78.851500  1.481389
173.900000  78.831500  1.528058
174.000000  78.542000  0.681651
174.100000  77.650000  2.421134
174.200000  76.418500  1.194303
174.300000  78.568500  1.976363
174.400000  77.365000  1.166726
174.500000  78.234500  3.877066
174.600000  78.460500  4.492249
174.700000  78.319000  1.902117
174.800000  79.196000  1.257236
174.900000  77.327500  1.214102
175.000000  77.587000  0.948937
175.100000  77.688500  1.578969
175.200000  77.515500  0.202940
175.300000  77.693500  1.700592
175.400000  79.251500  0.753069
175.500000  77.491500  0.317491
175.600000  77.502500  0.928431
175.700000  78.603000  0.779232
175.800000  77.736000  0.082024
175.900000  76.895000  1.473611
176.000000  78.718000  2.788829
176.100000  78.552000  2.042124
176.200000  77.863500  0.707814
176.300000  77.871000  0.325269
176.400000  78.090500  1.670893
176.500000  77.244000  2.817113
176.600000  76.783000  2.326381
176.700000  77.281000  0.675994
176.800000  77.541000  2.356080
176.900000  78.830000  1.353402
177.000000  77.330000  0.236174
177.100000  77.778000  2.378707
177.200000  79.384500  0.528209
177.300000  79.100000  2.763373
177.400000  78.319000  0.278600
177.500000  78.714500  0.965201
177.600000  78.066500  0.737512
177.700000  78.548500  1.711906
177.800000  77.904500  0.611647
177.900000  78.154500  2.430326
178.000000  79.188000  1.965757
178.100000  78.472500  1.563413
178.200000  79.153500  1.235316
178.300000  77.758000  1.094601
178.400000  78.555000  1.760696
178.500000  78.472500  1.410678
178.600000  78.453500  1.980606
178.700000  77.852500  0.867620
178.800000  78.338000  2.119906
178.900000  78.008000  2.283955
179.000000  76.792500  1.167433
179.100000  77.910500  2.499622
179.200000  77.893500  1.952322
179.300000  78.152000  1.101672
179.400000  77.563000  1.322290
179.500000  77.201000  1.681500
179.600000  77.495000  1.663115
179.700000  77.937000  2.917523
179.800000  78.907000  1.179454
179.900000  77.197500  0.144957
180.000000  77.923500  0.820951
180.100000  76.827500  0.880348
180.200000  78.234500  1.781202
180.300000  77.644000  1.945958
180.400000  78.386000  2.094450
180.500000  76.375000  1.772010
180.600000  77.455500  0.713471
180.700000  76.885000  1.168140
180.800000  78.248000  2.254256
180.900000  78.047500  0.932674
181.000000  77.831000  1.862519
181.100000  77.410000  2.078894
181.200000  78.309000  1.607961
181.300000  77.213500  0.734684
181.400000  79.203500  1.322997
181.500000  78.217500  2.793779
181.600000  77.482000  1.688571
181.700000  76.769500  0.297692
181.800000  77.309000  2.836912
181.900000  77.841000  0.499217
182.000000  78.290000  0.663266
182.100000  78.501000  1.715441
182.200000  78.698500  0.697914
182.300000  76.916500  2.882874
182.400000  77.982500  1.682207
182.500000  77.623500  0.675287
182.600000  77.359000  0.308299
182.700000  77.113500  0.717713
182.800000  77.525500  0.416486
182.900000  77.635000  0.408708
183.000000  78.067500  1.007627
183.100000  76.878000  1.475025
183.200000  77.435500  0.499924
183.300000  77.678000  0.340825
183.400000  77.516500  0.021920
183.500000  78.521500  0.696500
183.600000  77.455000  1.637659
183.700000  78.403000  2.112835
183.800000  77.568000  1.694228
183.900000  78.101500  1.581798
184.000000  78.027500  2.444468
184.100000  77.144000  2.353251
184.200000  77.137500  1.163191
184.300000  76.700000  1.030962
184.400000  76.946500  0.747412
184.500000  76.907000  1.800294
184.600000  77.052000  0.230517
184.700000  76.078500  1.315926
184.800000  77.544500  1.447448
184.900000  76.971500  1.587455
185.000000  77.589000  0.377595
185.100000  78.876500  1.010456
185.200000  78.211000  2.013840
185.300000  77.673000  1.214809
185.400000  76.971500  1.228244
185.500000  78.584000  1.899289
185.600000  76.727000  0.810344
185.700000  77.606000  0.596798
185.800000  77.746000  0.704278
185.900000  76.844000  0.024042
186.000000  77.919500  0.511238
186.100000  77.723000  2.187788
186.200000  77.344000  0.922067
186.300000  77.749500  0.103945
186.400000  77.507000  0.388909
186.500000  77.161500  0.943988
186.600000  77.700000  1.152584
186.700000  76.655000  0.140007
186.800000  77.547000  2.385778
186.900000  76.746500  2.650943
187.000000  78.110000  2.067580
187.100000  77.947500  3.746959
187.200000  77.621000  2.965606
187.300000  78.538500  2.400628
187.400000  77.924500  1.911310
187.500000  77.508500  0.372645
187.600000  76.279000  1.767767
187.700000  78.069500  1.325825
187.800000  78.118500  2.004648
187.900000  77.138000  0.988535
188.000000  75.916500  0.392444
188.100000  77.436000  0.779232
188.200000  76.066500  0.368403
188.300000  76.560500  1.283399
188.400000  76.929500  0.564978
188.500000  76.807500  0.573464
188.600000  76.358500  0.647003
188.700000  77.213500  0.673873
188.800000  76.646000  0.674580
188.900000  77.094500  1.246629
189.000000  76.455500  0.376888
189.100000  77.420000  0.305470
189.200000  77.010500  1.283399
189.300000  76.634000  0.776403
189.400000  77.660000  2.162333
189.500000  77.431500  0.897319
189.600000  77.031000  0.527502
189.700000  77.147500  2.092329
189.800000  76.635500  1.566242
189.900000  78.365000  0.714178
190.000000  77.717500  1.801001
190.100000  77.609500  1.912724
190.200000  77.027000  1.521694
190.300000  77.428500  1.154705
190.400000  76.786000  1.784738
190.500000  78.048500  1.550685
190.600000  77.816000  0.752362
190.700000  77.838500  0.936916
190.800000  79.298000  0.079196
190.900000  77.795000  2.329210
191.000000  78.968000  2.972677
191.100000  76.724500  3.229357
191.200000  78.040500  3.703118
191.300000  77.876000  2.382950
191.400000  77.905000  1.759282
191.500000  77.735000  2.151019
191.600000  77.406000  2.179303
191.700000  78.600500  1.513916
191.800000  78.083000  1.883732
191.900000  77.175000  1.831407
192.000000  77.443000  1.091773
192.100000  76.831000  2.002526
192.200000  77.977500  1.232487
192.300000  77.684000  0.067882
192.400000  78.175500  2.017376
192.500000  77.487000  1.271378
192.600000  78.750500  2.011719
192.700000  77.342500  1.397950
192.800000  78.324500  0.074246
192.900000  78.522500  2.472752
193.000000  77.492000  1.425527
193.100000  78.167000  2.514472
193.200000  77.487000  1.443912
193.300000  77.897000  3.552504
193.400000  78.512500  3.155818
193.500000  77.847000  3.326230
193.600000  78.493500  0.170413
193.700000  78.454000  3.123998
193.800000  78.526000  3.671298
193.900000  78.282500  1.768474
194.000000  78.934500  2.445882
194.100000  77.593000  1.996870
194.200000  78.553500  2.082429
194.300000  78.716000  1.517451
194.400000  78.884500  1.781202
194.500000  78.333000  1.924745
194.600000  78.870000  2.295269
194.700000  77.950500  0.835093
194.800000  78.570000  3.245620
194.900000  78.733000  2.213244
195.000000  77.513000  1.544321
195.100000  78.676000  1.496238
195.200000  78.666000  4.248298
195.300000  78.369000  3.128240
195.400000  78.109000  2.800143
195.500000  77.374000  3.269662
195.600000  77.677500  2.607103
195.700000  77.603000  2.274055
195.800000  78.506500  2.065459
195.900000  77.694500  1.726048
196.000000  78.610000  1.968585
196.100000  77.389000  3.685441
196.200000  78.475500  1.895753
196.300000  78.138500  1.836356
196.400000  78.791000  1.933230
196.500000  79.504000  2.818528
196.600000  78.531500  1.875954
196.700000  77.624500  3.813427
196.800000  78.840500  1.119350
196.900000  78.688000  1.326532
197.000000  76.887500  1.871712
197.100000  78.408000  2.204759
197.200000  77.751500  0.835093
197.300000  78.498000  1.244508
197.400000  79.440500  3.746959
197.500000  78.105000  2.846812
197.600000  78.153000  1.127128
197.700000  78.067000  1.958686
197.800000  77.848500  1.086823
197.900000  78.489500  2.617002
198.000000  77.971000  1.991213
198.100000  79.900500  1.864641
198.200000  77.667000  2.431033
198.300000  78.259000  3.879188
198.400000  78.132000  2.842569
198.500000  76.891000  1.654630
198.600000  76.975500  1.023184
198.700000  78.433500  0.982171
198.800000  77.817500  3.199658
198.900000  78.334000  1.046518
199.000000  78.601000  1.709784
199.100000  78.185500  2.081015
199.200000  78.165000  1.494824
199.300000  78.649000  2.149605
199.400000  78.502500  0.562150
199.500000  78.375000  1.885147
199.600000  78.470000  1.190768
199.700000  79.344500  3.635236
199.800000  78.282000  0.552958
199.900000  79.413500  3.196830
200.000000  78.601500  0.187383
