# aggregated from 2 replicates
# x  mean  std
0.000000  55.000000  0.000000
0.100000  55.500000  4.949747
0.200000  57.000000  11.313708
0.300000  59.000000  2.828427
0.400000  53.000000  1.414214
0.500000  54.000000  2.828427
0.600000  57.000000  4.242641
0.700000  58.500000  2.121320
0.800000  54.500000  2.121320
0.900000  58.000000  1.414214
1.000000  54.500000  2.121320
1.100000  55.500000  4.949747
1.200000  57.000000  5.656854
1.300000  53.000000  7.071068
1.400000  57.500000  0.707107
1.500000  49.000000  1.414214
1.600000  57.000000  4.242641
1.700000  55.500000  3.535534
1.800000  52.500000  4.949747
1.900000  58.500000  9.192388
2.000000  54.000000  9.899495
2.100000  58.500000  6.363961
2.200000  62.000000  1.414214
2.300000  51.500000  0.707107
2.400000  59.000000  7.071068
2.500000  63.000000  8.485281
2.600000  64.500000  0.707107
2.700000  55.000000  7.071068
2.800000  61.000000  7.071068
2.900000  57.500000  2.121320
3.000000  57.500000  7.778175
3.100000  57.000000  4.242641
3.200000  57.000000  9.899495
3.300000  53.000000  1.414214
3.400000  54.000000  7.071068
3.500000  54.500000  6.363961
3.600000  59.500000  4.949747
3.700000  56.500000  2.121320
3.800000  54.500000  6.363961
3.900000  58.000000  2.828427
4.000000  60.500000  2.121320
4.100000  63.000000  8.485281
4.200000  57.000000  2.828427
4.300000  52.000000  0.000000
4.400000  56.500000  13.435029
4.500000  57.000000  4.242641
4.600000  55.500000  4.949747
4.700000  60.500000  2.121320
4.800000  52.000000  4.242641
4.900000  55.000000  0.000000
5.000000  52.000000  9.899495
5.100000  57.500000  0.707107
5.200000  52.000000  12.727922
5.300000  51.500000  9.192388
5.400000  50.000000  0.000000
5.500000  46.000000  1.414214
5.600000  50.500000  4.949747
5.700000  50.500000  2.121320
5.800000  53.000000  5.656854
5.900000  53.000000  4.242641
6.000000  54.000000  5.656854
6.100000  53.000000  1.414214
6.200000  51.500000  6.363961
6.300000  54.000000  2.828427
6.400000  52.000000  7.071068
6.500000  59.000000  2.828427
6.600000  59.500000  10.606602
6.700000  58.000000  11.313708
6.800000  45.000000  0.000000
6.900000  59.500000  0.707107
7.000000  59.500000  6.363961
7.100000  59.000000  1.414214
7.200000  63.000000  5.656854
7.300000  54.000000  2.828427
7.400000  52.000000  4.242641
7.500000  49.500000  7.778175
7.600000  45.000000  1.414214
7.700000  47.000000  8.485281
7.800000  52.500000  7.778175
7.900000  57.000000  5.656854
8.000000  53.500000  2.121320
8.100000  54.000000  5.656854
8.200000  50.000000  5.656854
8.300000  54.000000  18.384776
8.400000  56.500000  0.707107
8.500000  49.500000  4.949747
8.600000  57.000000  0.000000
8.700000  55.500000  0.707107
8.800000  53.500000  7.778175
8.900000  48.000000  2.828427
9.000000  58.500000  2.121320
9.100000  55.500000  9.192388
9.200000  55.500000  3.535534
9.300000  56.500000  6.363961
9.400000  49.500000  9.192388
9.500000  47.000000  8.485281
9.600000  52.500000  14.849242
9.700000  59.000000  4.242641
9.800000  51.000000  5.656854
9.900000  47.500000  3.535534
10.000000  55.500000  7.778175
10.100000  50.500000  7.778175
10.200000  55.500000  4.949747
10.300000  50.500000  4.949747
10.400000  58.000000  5.656854
10.500000  47.000000  7.071068
10.600000  48.000000  11.313708
10.700000  54.000000  15.556349
10.800000  52.500000  4.949747
10.900000  53.000000  1.414214
11.000000  56.000000  2.828427
11.100000  56.000000  11.313708
11.200000  58.000000  19.798990
11.300000  54.500000  4.949747
11.400000  50.500000  12.020815
11.500000  45.500000  4.949747
11.600000  51.000000  4.242641
11.700000  52.000000  1.414214
11.800000  49.000000  9.899495
11.900000  51.000000  2.828427
12.000000  51.500000  0.707107
12.100000  48.500000  9.192388
12.200000  52.000000  14.142136
12.300000  53.000000  9.899495
12.400000  52.000000  9.899495
12.500000  49.000000  11.313708
12.600000  56.500000  19.091883
12.700000  52.000000  11.313708
12.800000  43.500000  14.849242
12.900000  50.500000  6.363961
13.000000  49.000000  4.242641
13.100000  53.500000  2.121320
13.200000  55.000000  1.414214
13.300000  52.000000  2.828427
13.400000  52.500000  6.363961
13.500000  52.000000  2.828427
13.600000  51.000000  5.656854
13.700000  53.000000  9.899495
13.800000  57.500000  9.192388
13.900000  48.500000  4.949747
14.000000  49.500000  2.121320
14.100000  55.000000  11.313708
14.200000  47.000000  5.656854
14.300000  49.500000  0.707107
14.400000  54.500000  2.121320
14.500000  52.000000  5.656854
14.600000  52.500000  19.091883
14.700000  52.500000  4.949747
14.800000  51.000000  7.071068
14.900000  46.500000  7.778175
15.000000  54.000000  12.727922
15.100000  50.000000  8.485281
15.200000  46.500000  10.606602
15.300000  49.500000  16.263456
15.400000  52.000000  2.828427
15.500000  56.000000  14.142136
15.600000  59.500000  3.535534
15.700000  52.500000  7.778175
15.800000  51.000000  7.071068
15.900000  57.000000  1.414214
16.000000  56.000000  2.828427
16.100000  51.000000  11.313708
16.200000  53.000000  5.656854
16.300000  54.000000  4.242641
16.400000  48.500000  3.535534
16.500000  55.500000  9.192388
16.600000  51.500000  4.949747
16.700000  57.500000  7.778175
16.800000  60.500000  3.535534
16.900000  50.000000  8.485281
17.000000  57.000000  5.656854
17.100000  55.000000  2.828427
17.200000  56.000000  2.828427
17.300000  57.000000  4.242641
17.400000  52.000000  11.313708
17.500000  47.000000  2.828427
17.600000  53.000000  8.485281
17.700000  53.500000  9.192388
17.800000  51.500000  4.949747
17.900000  48.000000  16.970563
18.000000  55.000000  5.656854
18.100000  54.500000  3.535534
18.200000  53.000000  5.656854
18.300000  63.500000  10.606602
18.400000  55.500000  6.363961
18.500000  47.000000  12.727922
18.600000  50.000000  7.071068
18.700000  53.000000  8.485281
18.800000  55.000000  14.142136
18.900000  56.500000  3.535534
19.000000  55.000000  16.970563
19.100000  51.000000  5.656854
19.200000  46.500000  3.535534
19.300000  50.500000  4.949747
19.400000  54.000000  8.485281
19.500000  48.000000  9.899495
19.600000  56.500000  4.949747
19.700000  51.500000  9.192388
19.800000  48.500000  9.192388
19.900000  54.500000  10.606602
20.000000  58.000000  5.656854
20.100000  54.000000  9.899495
20.200000  54.000000  7.071068
20.300000  51.500000  9.192388
20.400000  57.500000  14.849242
20.500000  63.000000  14.142136
20.600000  53.500000  3.535534
20.700000  56.500000  13.435029
20.800000  58.000000  5.656854
20.900000  47.000000  1.414214
21.000000  49.500000  7.778175
21.100000  54.500000  14.849242
21.200000  52.500000  14.849242
21.300000  56.500000  12.020815
21.400000  48.000000  12.727922
21.500000  54.000000  11.313708
21.600000  53.000000  2.828427
21.700000  55.500000  7.778175
21.800000  56.500000  12.020815
21.900000  49.000000  11.313708
22.000000  57.000000  0.000000
22.100000  52.500000  13.435029
22.200000  52.000000  14.142136
22.300000  48.000000  11.313708
22.400000  50.000000  12.727922
22.500000  54.500000  10.606602
22.600000  53.500000  0.707107
22.700000  55.500000  9.192388
22.800000  55.500000  6.363961
22.900000  51.000000  11.313708
23.000000  56.500000  10.606602
23.100000  46.500000  7.778175
23.200000  58.500000  6.363961
23.300000  53.500000  4.949747
23.400000  54.500000  14.849242
23.500000  50.000000  12.727922
23.600000  46.000000  11.313708
23.700000  47.500000  3.535534
23.800000  50.500000  4.949747
23.900000  43.500000  13.435029
24.000000  50.500000  3.535534
24.100000  55.500000  7.778175
24.200000  57.000000  2.828427
24.300000  50.000000  9.899495
24.400000  51.500000  7.778175
24.500000  45.500000  2.121320
24.600000  46.000000  7.071068
24.700000  55.000000  8.485281
24.800000  54.000000  2.828427
24.900000  48.000000  14.142136
25.000000  48.500000  17.677670
25.100000  43.500000  9.192388
25.200000  50.000000  18.384776
25.300000  49.500000  7.778175
25.400000  42.500000  7.778175
25.500000  44.000000  4.242641
25.600000  40.500000  17.677670
25.700000  37.000000  8.485281
25.800000  35.000000  4.242641
25.900000  48.500000  12.020815
26.000000  47.500000  3.535534
26.100000  48.000000  2.828427
26.200000  48.000000  12.727922
26.300000  48.000000  4.242641
26.400000  48.500000  3.535534
26.500000  50.000000  9.899495
26.600000  53.000000  5.656854
26.700000  55.500000  0.707107
26.800000  50.000000  4.242641
26.900000  48.500000  6.363961
27.000000  49.500000  2.121320
27.100000  51.500000  2.121320
27.200000  51.000000  1.414214
27.300000  40.500000  7.778175
27.400000  53.000000  2.828427
27.500000  51.500000  2.121320
27.600000  52.500000  3.535534
27.700000  44.500000  2.121320
27.800000  42.000000  4.242641
27.900000  52.500000  6.363961
28.000000  51.500000  7.778175
28.100000  50.500000  13.435029
28.200000  49.000000  11.313708
28.300000  54.000000  8.485281
28.400000  46.500000  0.707107
28.500000  49.500000  4.949747
28.600000  45.000000  0.000000
28.700000  49.500000  6.363961
28.800000  49.000000  1.414214
28.900000  44.500000  13.435029
29.000000  52.000000  9.899495
29.100000  51.000000  0.000000
29.200000  53.000000  1.414214
29.300000  38.500000  6.363961
29.400000  55.000000  5.656854
29.500000  52.000000  7.071068
29.600000  48.000000  4.242641
29.700000  49.500000  3.535534
29.800000  47.000000  5.656854
29.900000  52.500000  3.535534
30.000000  48.000000  8.485281
30.100000  42.000000  1.414214
30.200000  48.000000  5.656854
30.300000  41.000000  4.242641
30.400000  51.500000  4.949747
30.500000  52.500000  7.778175
30.600000  53.000000  0.000000
30.700000  55.500000  3.535534
30.800000  54.000000  4.242641
30.900000  49.500000  3.535534
31.000000  47.000000  2.828427
31.100000  53.500000  2.121320
31.200000  49.000000  1.414214
31.300000  53.000000  2.828427
31.400000  47.500000  4.949747
31.500000  41.500000  6.363961
31.600000  42.000000  2.828427
31.700000  44.500000  6.363961
31.800000  48.500000  3.535534
31.900000  49.000000  2.828427
32.000000  42.000000  0.000000
32.100000  47.000000  1.414214
32.200000  47.500000  3.535534
32.300000  44.000000  1.414214
32.400000  47.500000  0.707107
32.500000  52.500000  3.535534
32.600000  46.000000  8.485281
32.700000  49.500000  0.707107
32.800000  48.000000  0.000000
32.900000  45.500000  0.707107
33.000000  43.500000  3.535534
33.100000  41.000000  1.414214
33.200000  40.500000  14.849242
33.300000  49.500000  2.121320
33.400000  41.500000  2.121320
33.500000  43.000000  4.242641
33.600000  48.000000  2.828427
33.700000  36.500000  6.363961
33.800000  43.000000  7.071068
33.900000  44.500000  6.363961
34.000000  40.500000  0.707107
34.100000  46.000000  7.071068
34.200000  46.000000  7.071068
34.300000  46.500000  3.535534
34.400000  53.000000  5.656854
34.500000  41.000000  4.242641
34.600000  44.500000  3.535534
34.700000  45.000000  1.414214
34.800000  38.000000  1.414214
34.900000  43.000000  9.899495
35.000000  43.000000  2.828427
35.100000  41.500000  3.535534
35.200000  39.500000  10.606602
35.300000  49.000000  7.071068
35.400000  42.500000  6.363961
35.500000  43.000000  7.071068
35.600000  53.000000  2.828427
35.700000  45.000000  4.242641
35.800000  42.500000  4.949747
35.900000  40.000000  8.485281
36.000000  38.500000  6.363961
36.100000  46.500000  6.363961
36.200000  44.000000  8.485281
36.300000  44.500000  9.192388
36.400000  46.500000  3.535534
36.500000  45.500000  12.020815
36.600000  41.000000  7.071068
36.700000  49.500000  14.849242
36.800000  49.000000  11.313708
36.900000  46.000000  12.727922
37.000000  41.000000  5.656854
37.100000  42.500000  4.949747
37.200000  44.500000  0.707107
37.300000  45.500000  0.707107
37.400000  43.000000  8.485281
37.500000  45.000000  1.414214
37.600000  39.500000  12.020815
37.700000  43.000000  8.485281
37.800000  41.500000  13.435029
37.900000  41.000000  1.414214
38.000000  44.500000  3.535534
38.100000  40.500000  4.949747
38.200000  40.500000  3.535534
38.300000  41.000000  5.656854
38.400000  44.500000  4.949747
38.500000  33.000000  2.828427
38.600000  43.500000  3.535534
38.700000  46.500000  4.949747
38.800000  37.500000  3.535534
38.900000  49.000000  7.071068
39.000000  45.500000  4.949747
39.100000  49.000000  5.656854
39.200000  43.000000  1.414214
39.300000  46.500000  3.535534
39.400000  49.000000  2.828427
39.500000  42.000000  5.656854
39.600000  38.500000  2.121320
39.700000  47.000000  9.899495
39.800000  50.500000  2.121320
39.900000  47.500000  4.949747
40.000000  38.000000  2.828427
40.100000  42.500000  6.363961
40.200000  37.500000  0.707107
40.300000  41.500000  3.535534
40.400000  43.500000  10.606602
40.500000  47.500000  7.778175
40.600000  42.500000  10.606602
40.700000  45.000000  5.656854
40.800000  49.500000  6.363961
40.900000  42.500000  0.707107
41.000000  42.500000  0.707107
41.100000  47.500000  9.192388
41.200000  46.000000  5.656854
41.300000  45.500000  2.121320
41.400000  41.500000  3.535534
41.500000  49.000000  2.828427
41.600000  41.500000  6.363961
41.700000  45.500000  2.121320
41.800000  45.000000  2.828427
41.900000  47.000000  8.485281
42.000000  45.500000  0.707107
42.100000  46.500000  0.707107
42.200000  43.500000  9.192388
42.300000  43.000000  7.071068
42.400000  38.500000  0.707107
42.500000  41.500000  0.707107
42.600000  44.500000  9.192388
42.700000  43.000000  1.414214
42.800000  45.000000  5.656854
42.900000  46.500000  0.707107
43.000000  44.500000  7.778175
43.100000  50.500000  2.121320
43.200000  47.000000  4.242641
43.300000  46.500000  4.949747
43.400000  46.500000  9.192388
43.500000  44.500000  10.606602
43.600000  48.000000  4.242641
43.700000  47.500000  6.363961
43.800000  47.000000  7.071068
43.900000  44.500000  4.949747
44.000000  47.000000  5.656854
44.100000  47.000000  12.727922
44.200000  42.000000  4.242641
44.300000  46.000000  2.828427
44.400000  41.000000  1.414214
44.500000  45.500000  10.606602
44.600000  41.500000  9.192388
44.700000  44.000000  7.071068
44.800000  43.500000  2.121320
44.900000  42.000000  5.656854
45.000000  41.000000  1.414214
45.100000  46.000000  1.414214
45.200000  47.000000  5.656854
45.300000  42.500000  0.707107
45.400000  43.500000  2.121320
45.500000  49.500000  7.778175
45.600000  37.500000  0.707107
45.700000  34.000000  1.414214
45.800000  41.000000  1.414214
45.900000  34.000000  4.242641
46.000000  44.000000  5.656854
46.100000  41.000000  8.485281
46.200000  46.500000  4.949747
46.300000  45.000000  8.485281
46.400000  48.000000  0.000000
46.500000  49.000000  8.485281
46.600000  40.500000  3.535534
46.700000  43.000000  4.242641
46.800000  39.500000  3.535534
46.900000  37.000000  1.414214
47.000000  36.500000  7.778175
47.100000  39.500000  6.363961
47.200000  42.500000  3.535534
47.300000  50.000000  12.727922
47.400000  40.000000  8.485281
47.500000  45.000000  2.828427
47.600000  40.500000  6.363961
47.700000  45.000000  8.485281
47.800000  41.000000  0.000000
47.900000  45.000000  8.485281
48.000000  45.500000  12.020815
48.100000  46.500000  12.020815
48.200000  43.000000  18.384776
48.300000  41.000000  11.313708
48.400000  45.000000  7.071068
48.500000  47.000000  14.142136
48.600000  37.000000  12.727922
48.700000  42.000000  15.556349
48.800000  48.500000  3.535534
48.900000  46.000000  4.242641
49.000000  43.000000  19.798990
49.100000  43.500000  10.606602
49.200000  42.500000  10.606602
49.300000  44.500000  12.020815
49.400000  42.500000  0.707107
49.500000  47.500000  7.778175
49.600000  43.000000  8.485281
49.700000  39.000000  12.727922
49.800000  49.500000  17.677670
49.900000  44.500000  9.192388
50.000000  51.000000  11.313708
50.100000  43.000000  7.071068
50.200000  46.000000  9.899495
50.300000  47.000000  5.656854
50.400000  44.500000  6.363961
50.500000  46.000000  9.899495
50.600000  47.000000  11.313708
50.700000  44.000000  2.828427
50.800000  47.500000  10.606602
50.900000  43.000000  7.071068
51.000000  45.500000  9.192388
51.100000  48.500000  13.435029
51.200000  49.500000  9.192388
51.300000  47.000000  12.727922
51.400000  44.000000  7.071068
51.500000  40.500000  3.535534
51.600000  44.000000  7.071068
51.700000  52.000000  7.071068
51.800000  47.000000  8.485281
51.900000  48.000000  7.071068
52.000000  45.000000  7.071068
52.100000  48.500000  3.535534
52.200000  44.000000  9.899495
52.300000  47.500000  12.020815
52.400000  46.000000  4.242641
52.500000  49.500000  7.778175
52.600000  55.500000  12.020815
52.700000  42.500000  7.778175
52.800000  45.500000  4.949747
52.900000  45.500000  16.263456
53.000000  44.000000  11.313708
53.100000  48.500000  0.707107
53.200000  46.000000  0.000000
53.300000  47.500000  12.020815
53.400000  50.500000  13.435029
53.500000  52.000000  2.828427
53.600000  45.000000  11.313708
53.700000  51.500000  9.192388
53.800000  49.500000  0.707107
53.900000  44.500000  0.707107
54.000000  48.500000  4.949747
54.100000  53.000000  7.071068
54.200000  46.500000  0.707107
54.300000  49.000000  4.242641
54.400000  53.000000  5.656854
54.500000  50.500000  6.363961
54.600000  46.000000  2.828427
54.700000  43.000000  4.242641
54.800000  41.500000  0.707107
54.900000  48.000000  14.142136
55.000000  41.000000  7.071068
55.100000  42.500000  3.535534
55.200000  50.500000  13.435029
55.300000  38.500000  7.778175
55.400000  42.000000  12.727922
55.500000  40.500000  2.121320
55.600000  42.500000  6.363961
55.700000  44.000000  4.242641
55.800000  41.000000  5.656854
55.900000  46.500000  9.192388
56.000000  47.500000  16.263456
56.100000  47.000000  12.727922
56.200000  51.000000  4.242641
56.300000  40.000000  9.899495
56.400000  47.000000  0.000000
56.500000  46.500000  16.263456
56.600000  48.500000  9.192388
56.700000  47.000000  12.727922
56.800000  47.000000  12.727922
56.900000  45.000000  9.899495
57.000000  46.500000  12.020815
57.100000  43.500000  7.778175
57.200000  44.000000  15.556349
57.300000  47.500000  3.535534
57.400000  48.500000  6.363961
57.500000  45.000000  8.485281
57.600000  44.500000  0.707107
57.700000  42.500000  9.192388
57.800000  47.500000  7.778175
57.900000  51.500000  2.121320
58.000000  44.000000  12.727922
58.100000  49.000000  15.556349
58.200000  42.500000  9.192388
58.300000  46.000000  4.242641
58.400000  43.500000  7.778175
58.500000  45.000000  2.828427
58.600000  46.000000  15.556349
58.700000  39.500000  9.192388
58.800000  49.500000  7.778175
58.900000  50.500000  7.778175
59.000000  48.500000  6.363961
59.100000  42.000000  8.485281
59.200000  40.500000  13.435029
59.300000  50.500000  7.778175
59.400000  46.500000  4.949747
59.500000  46.500000  7.778175
59.600000  44.500000  12.020815
59.700000  44.500000  0.707107
59.800000  43.000000  7.071068
59.900000  49.500000  10.606602
60.000000  47.500000  2.121320
60.100000  53.000000  7.071068
60.200000  52.000000  4.242641
60.300000  47.500000  0.707107
60.400000  37.500000  7.778175
60.500000  43.500000  10.606602
60.600000  44.500000  3.535534
60.700000  51.500000  0.707107
60.800000  39.000000  0.000000
60.900000  40.000000  7.071068
61.000000  44.500000  9.192388
61.100000  51.500000  6.363961
61.200000  56.500000  2.121320
61.300000  40.000000  7.071068
61.400000  52.500000  0.707107
61.500000  48.500000  2.121320
61.600000  53.000000  12.727922
61.700000  51.500000  3.535534
61.800000  50.000000  7.071068
61.900000  50.000000  0.000000
62.000000  47.500000  14.849242
62.100000  45.000000  0.000000
62.200000  42.500000  2.121320
62.300000  46.000000  2.828427
62.400000  43.000000  7.071068
62.500000  43.000000  11.313708
62.600000  49.000000  12.727922
62.700000  42.500000  6.363961
62.800000  45.000000  11.313708
62.900000  41.500000  3.535534
63.000000  50.500000  2.121320
63.100000  43.500000  9.192388
63.200000  45.500000  9.192388
63.300000  40.000000  5.656854
63.400000  45.000000  5.656854
63.500000  46.000000  1.414214
63.600000  49.500000  4.949747
63.700000  44.500000  2.121320
63.800000  45.000000  5.656854
63.900000  49.000000  4.242641
64.000000  48.000000  12.727922
64.100000  49.000000  7.071068
64.200000  49.000000  9.899495
64.300000  45.000000  2.828427
64.400000  38.500000  10.606602
64.500000  44.500000  12.020815
64.600000  42.500000  3.535534
64.700000  41.000000  7.071068
64.800000  43.500000  14.849242
64.900000  45.000000  18.384776
65.000000  45.000000  7.071068
65.100000  47.000000  9.899495
65.200000  48.000000  8.485281
65.300000  44.500000  10.606602
65.400000  45.500000  2.121320
65.500000  46.000000  14.142136
65.600000  42.000000  4.242641
65.700000  47.500000  2.121320
65.800000  50.500000  3.535534
65.900000  47.500000  4.949747
66.000000  42.000000  7.071068
66.100000  49.000000  0.000000
66.200000  42.000000  12.727922
66.300000  43.000000  1.414214
66.400000  45.000000  8.485281
66.500000  43.000000  8.485281
66.600000  41.000000  15.556349
66.700000  46.500000  7.778175
66.800000  45.500000  3.535534
66.900000  50.000000  9.899495
67.000000  46.000000  4.242641
67.100000  52.000000  1.414214
67.200000  47.500000  6.363961
67.300000  38.000000  5.656854
67.400000  46.500000  6.363961
67.500000  46.000000  8.485281
67.600000  44.000000  5.656854
67.700000  51.500000  0.707107
67.800000  46.000000  7.071068
67.900000  47.500000  0.707107
68.000000  44.000000  7.071068
68.100000  47.500000  7.778175
68.200000  42.500000  7.778175
68.300000  46.500000  2.121320
68.400000  52.000000  5.656854
68.500000  49.500000  4.949747
68.600000  47.000000  7.071068
68.700000  47.000000  2.828427
68.800000  48.500000  0.707107
68.900000  53.000000  8.485281
69.000000  50.000000  2.828427
69.100000  45.500000  4.949747
69.200000  44.000000  0.000000
69.300000  51.500000  0.707107
69.400000  55.500000  2.121320
69.500000  55.500000  2.121320
69.600000  43.500000  10.606602
69.700000  50.500000  0.707107
69.800000  50.000000  1.414214
69.900000  50.000000  1.414214
70.000000  52.000000  8.485281
70.100000  47.500000  6.363961
70.200000  45.500000  12.020815
70.300000  47.500000  13.435029
70.400000  45.000000  7.071068
70.500000  46.000000  8.485281
70.600000  44.000000  9.899495
70.700000  39.000000  8.485281
70.800000  47.000000  22.627417
70.900000  38.500000  6.363961
71.000000  38.500000  10.606602
71.100000  44.500000  7.778175
71.200000  49.500000  13.435029
71.300000  42.500000  12.020815
71.400000  48.500000  6.363961
71.500000  46.500000  7.778175
71.600000  46.000000  7.071068
71.700000  49.000000  0.000000
71.800000  43.000000  12.727922
71.900000  48.000000  0.000000
72.000000  52.500000  7.778175
72.100000  39.000000  18.384776
72.200000  36.500000  13.435029
72.300000  44.000000  16.970563
72.400000  47.000000  7.071068
72.500000  46.500000  12.020815
72.600000  43.000000  14.142136
72.700000  36.500000  9.192388
72.800000  49.000000  9.899495
72.900000  46.000000  4.242641
73.000000  46.000000  11.313708
73.100000  43.000000  5.656854
73.200000  50.000000  9.899495
73.300000  48.500000  0.707107
73.400000  44.000000  5.656854
73.500000  45.000000  4.242641
73.600000  37.500000  6.363961
73.700000  42.000000  4.242641
73.800000  47.500000  6.363961
73.900000  44.500000  3.535534
74.000000  49.000000  1.414214
74.100000  45.000000  0.000000
74.200000  45.500000  0.707107
74.300000  44.500000  10.606602
74.400000  50.000000  15.556349
74.500000  42.500000  4.949747
74.600000  50.000000  1.414214
74.700000  51.000000  2.828427
74.800000  43.500000  2.121320
74.900000  47.000000  0.000000
75.000000  48.500000  6.363961
75.100000  50.500000  3.535534
75.200000  45.000000  7.071068
75.300000  48.500000  3.535534
75.400000  50.000000  4.242641
75.500000  48.000000  15.556349
75.600000  48.000000  2.828427
75.700000  44.000000  5.656854
75.800000  45.000000  1.414214
75.900000  47.500000  7.778175
76.000000  43.500000  10.606602
76.100000  39.000000  2.828427
76.200000  46.500000  17.677670
76.300000  45.500000  14.849242
76.400000  46.500000  20.506097
76.500000  41.500000  10.606602
76.600000  44.000000  15.556349
76.700000  40.500000  14.849242
76.800000  50.500000  2.121320
76.900000  40.500000  4.949747
77.000000  44.000000  1.414214
77.100000  38.000000  11.313708
77.200000  43.000000  7.071068
77.300000  38.000000  5.656854
77.400000  39.000000  5.656854
77.500000  41.000000  4.242641
77.600000  43.000000  4.242641
77.700000  41.000000  1.414214
77.800000  41.500000  0.707107
77.900000  45.000000  11.313708
78.000000  43.500000  4.949747
78.100000  41.000000  4.242641
78.200000  40.500000  6.363961
78.300000  41.500000  9.192388
78.400000  39.500000  10.606602
78.500000  40.500000  12.020815
78.600000  47.500000  13.435029
78.700000  45.500000  13.435029
78.800000  41.000000  12.727922
78.900000  41.500000  7.778175
79.000000  37.500000  14.849242
79.100000  40.000000  2.828427
79.200000  38.000000  2.828427
79.300000  43.500000  7.778175
79.400000  41.000000  1.414214
79.500000  39.500000  10.606602
79.600000  42.500000  7.778175
79.700000  45.000000  12.727922
79.800000  45.500000  19.091883
79.900000  39.000000  15.556349
80.000000  40.500000  12.020815
80.100000  44.000000  12.727922
80.200000  45.000000  11.313708
80.300000  41.500000  13.435029
80.400000  35.000000  14.142136
80.500000  40.000000  8.485281
80.600000  41.500000  9.192388
80.700000  40.000000  9.899495
80.800000  40.000000  15.556349
80.900000  39.000000  11.313708
81.000000  47.500000  3.535534
81.100000  46.000000  11.313708
81.200000  42.000000  7.071068
81.300000  41.000000  2.828427
81.400000  45.000000  12.727922
81.500000  45.500000  17.677670
81.600000  37.500000  12.020815
81.700000  42.000000  12.727922
81.800000  39.000000  21.213203
81.900000  47.500000  17.677670
82.000000  39.500000  10.606602
82.100000  45.000000  4.242641
82.200000  41.000000  12.727922
82.300000  48.500000  12.020815
82.400000  40.000000  15.556349
82.500000  47.500000  17.677670
82.600000  44.000000  2.828427
82.700000  41.500000  12.020815
82.800000  47.500000  14.849242
82.900000  43.500000  10.606602
83.000000  43.000000  15.556349
83.100000  40.500000  12.020815
83.200000  41.500000  9.192388
83.300000  41.000000  12.727922
83.400000  39.000000  7.071068
83.500000  37.000000  9.899495
83.600000  46.000000  15.556349
83.700000  41.000000  12.727922
83.800000  36.500000  19.091883
83.900000  41.000000  7.071068
84.000000  44.000000  12.727922
84.100000  43.500000  12.020815
84.200000  43.000000  12.727922
84.300000  40.000000  14.142136
84.400000  42.500000  17.677670
84.500000  42.500000  10.606602
84.600000  44.000000  11.313708
84.700000  46.000000  15.556349
84.800000  41.000000  0.000000
84.900000  37.500000  2.121320
85.000000  38.000000  14.142136
85.100000  39.000000  15.556349
85.200000  44.000000  16.970563
85.300000  40.500000  16.263456
85.400000  41.500000  14.849242
85.500000  45.500000  14.849242
85.600000  40.500000  9.192388
85.700000  44.000000  12.727922
85.800000  52.000000  2.828427
85.900000  45.000000  14.142136
86.000000  42.000000  12.727922
86.100000  35.000000  15.556349
86.200000  43.500000  7.778175
86.300000  45.500000  3.535534
86.400000  41.000000  5.656854
86.500000  40.500000  10.606602
86.600000  47.500000  20.506097
86.700000  46.000000  14.142136
86.800000  37.000000  11.313708
86.900000  34.500000  9.192388
87.000000  42.500000  13.435029
87.100000  39.000000  11.313708
87.200000  43.000000  7.071068
87.300000  45.000000  14.142136
87.400000  47.500000  10.606602
87.500000  47.500000  10.606602
87.600000  42.000000  14.142136
87.700000  41.000000  14.142136
87.800000  46.000000  9.899495
87.900000  43.000000  11.313708
88.000000  45.000000  19.798990
88.100000  41.000000  7.071068
88.200000  42.500000  19.091883
88.300000  46.500000  7.778175
88.400000  45.000000  9.899495
88.500000  42.000000  11.313708
88.600000  44.500000  9.192388
88.700000  42.500000  9.192388
88.800000  38.500000  10.606602
88.900000  44.000000  12.727922
89.000000  44.000000  16.970563
89.100000  46.000000  11.313708
89.200000  48.000000  11.313708
89.300000  42.000000  11.313708
89.400000  49.500000  14.849242
89.500000  44.500000  10.606602
89.600000  38.000000  4.242641
89.700000  39.000000  21.213203
89.800000  37.500000  7.778175
89.900000  42.500000  9.192388
90.000000  44.000000  8.485281
90.100000  46.000000  2.828427
90.200000  42.500000  13.435029
90.300000  44.500000  12.020815
90.400000  51.000000  7.071068
90.500000  44.000000  8.485281
90.600000  44.000000  15.556349
90.700000  39.500000  13.435029
90.800000  44.000000  2.828427
90.900000  37.500000  6.363961
91.000000  38.500000  14.849242
91.100000  46.000000  11.313708
91.200000  45.500000  14.849242
91.300000  46.000000  9.899495
91.400000  45.000000  12.727922
91.500000  38.500000  6.363961
91.600000  40.000000  14.142136
91.700000  44.500000  9.192388
91.800000  44.500000  10.606602
91.900000  44.500000  14.849242
92.000000  43.000000  8.485281
92.100000  42.500000  10.606602
92.200000  45.500000  7.778175
92.300000  42.000000  14.142136
92.400000  44.500000  7.778175
92.500000  47.500000  7.778175
92.600000  45.000000  7.071068
92.700000  40.000000  8.485281
92.800000  45.000000  18.384776
92.900000  42.000000  11.313708
93.000000  40.000000  9.899495
93.100000  43.000000  14.142136
93.200000  43.500000  26.162951
93.300000  44.000000  1.414214
93.400000  40.500000  7.778175
93.500000  45.000000  12.727922
93.600000  45.500000  7.778175
93.700000  43.000000  11.313708
93.800000  48.500000  9.192388
93.900000  45.500000  12.020815
94.000000  39.000000  7.071068
94.100000  43.000000  16.970563
94.200000  49.000000  14.142136
94.300000  48.000000  7.071068
94.400000  37.000000  11.313708
94.500000  40.500000  12.020815
94.600000  45.500000  2.121320
94.700000  46.500000  7.778175
94.800000  42.500000  9.192388
94.900000  42.500000  4.949747
95.000000  41.500000  0.707107
95.100000  41.000000  12.727922
95.200000  41.000000  15.556349
95.300000  45.000000  11.313708
95.400000  45.000000  2.828427
95.500000  36.500000  0.707107
95.600000  46.000000  12.727922
95.700000  49.000000  11.313708
95.800000  45.500000  3.535534
95.900000  39.500000  6.363961
96.000000  36.500000  10.606602
96.100000  39.500000  13.435029
96.200000  46.500000  12.020815
96.300000  43.000000  5.656854
96.400000  45.500000  6.363961
96.500000  45.500000  10.606602
96.600000  35.000000  7.071068
96.700000  39.000000  5.656854
96.800000  40.000000  12.727922
96.900000  39.500000  9.192388
97.000000  45.500000  14.849242
97.100000  45.500000  12.020815
97.200000  39.000000  8.485281
97.300000  42.000000  9.899495
97.400000  39.000000  8.485281
97.500000  42.500000  9.192388
97.600000  39.000000  16.970563
97.700000  46.000000  15.556349
97.800000  40.500000  9.192388
97.900000  46.000000  14.142136
98.000000  41.000000  15.556349
98.100000  36.500000  14.849242
98.200000  42.000000  29.698485
98.300000  44.500000  16.263456
98.400000  38.000000  9.899495
98.500000  50.500000  13.435029
98.600000  41.500000  12.020815
98.700000  39.500000  13.435029
98.800000  41.000000  11.313708
98.900000  42.500000  12.020815
99.000000  37.500000  13.435029
99.100000  37.000000  12.727922
99.200000  40.000000  12.727922
99.300000  46.500000  17.677670
99.400000  41.500000  14.849242
99.500000  40.000000  12.727922
99.600000  43.500000  14.849242
99.700000  36.000000  12.727922
99.800000  37.500000  6.363961
99.900000  45.500000  4.949747
100.000000  43.000000  8.485281
100.100000  46.500000  14.849242
100.200000  36.500000  9.192388
100.300000  42.000000  11.313708
100.400000  46.500000  17.677670
100.500000  44.500000  19.091883
100.600000  38.500000  9.192388
100.700000  44.000000  9.899495
100.800000  37.000000  11.313708
100.900000  46.500000  14.849242
101.000000  45.500000  16.263456
101.100000  41.000000  16.970563
101.200000  41.000000  24.041631
101.300000  42.000000  7.071068
101.400000  46.500000  10.606602
101.500000  43.500000  17.677670
101.600000  39.000000  15.556349
101.700000  42.000000  11.313708
101.800000  38.500000  9.192388
101.900000  44.000000  5.656854
102.000000  40.000000  8.485281
102.100000  42.000000  8.485281
102.200000  44.500000  3.535534
102.300000  46.000000  9.899495
102.400000  43.500000  13.435029
102.500000  41.000000  15.556349
102.600000  43.000000  4.242641
102.700000  45.000000  18.384776
102.800000  42.000000  15.556349
102.900000  37.000000  18.384776
103.000000  46.500000  13.435029
103.100000  42.000000  12.727922
103.200000  41.500000  14.849242
103.300000  43.000000  7.071068
103.400000  39.500000  17.677670
103.500000  42.500000  23.334524
103.600000  34.500000  9.192388
103.700000  41.000000  26.870058
103.800000  34.500000  12.020815
103.900000  38.500000  6.363961
104.000000  42.500000  9.192388
104.100000  43.000000  12.727922
104.200000  38.000000  5.656854
104.300000  41.000000  11.313708
104.400000  40.000000  14.142136
104.500000  37.500000  9.192388
104.600000  37.500000  13.435029
104.700000  36.500000  3.535534
104.800000  45.500000  4.949747
104.900000  34.500000  19.091883
105.000000  42.500000  6.363961
105.100000  35.500000  9.192388
105.200000  44.000000  5.656854
105.300000  39.500000  13.435029
105.400000  39.500000  23.334524
105.500000  42.000000  14.142136
105.600000  38.500000  10.606602
105.700000  44.000000  19.798990
105.800000  41.500000  19.091883
105.900000  42.500000  6.363961
106.000000  37.500000  13.435029
106.100000  40.500000  12.020815
106.200000  37.500000  16.263456
106.300000  39.000000  9.899495
106.400000  42.500000  3.535534
106.500000  43.500000  4.949747
106.600000  47.000000  16.970563
106.700000  42.500000  10.606602
106.800000  38.000000  11.313708
106.900000  41.000000  5.656854
107.000000  40.000000  5.656854
107.100000  40.500000  16.263456
107.200000  43.500000  10.606602
107.300000  40.000000  14.142136
107.400000  46.000000  18.384776
107.500000  43.500000  14.849242
107.600000  42.000000  4.242641
107.700000  45.500000  9.192388
107.800000  40.000000  9.899495
107.900000  45.000000  8.485281
108.000000  45.500000  3.535534
108.100000  40.000000  12.727922
108.200000  40.000000  11.313708
108.300000  48.500000  20.506097
108.400000  41.500000  3.535534
108.500000  42.000000  11.313708
108.600000  39.500000  2.121320
108.700000  45.000000  11.313708
108.800000  44.500000  13.435029
108.900000  38.000000  16.970563
109.000000  47.500000  19.091883
109.100000  42.500000  12.020815
109.200000  41.000000  24.041631
109.300000  42.000000  9.899495
109.400000  40.000000  1.414214
109.500000  42.500000  13.435029
109.600000  39.000000  11.313708
109.700000  45.000000  14.142136
109.800000  46.000000  9.899495
109.900000  48.500000  4.949747
110.000000  43.500000  12.020815
110.100000  44.500000  6.363961
110.200000  48.000000  19.798990
110.300000  52.000000  4.242641
110.400000  38.000000  14.142136
110.500000  44.500000  14.849242
110.600000  39.500000  9.192388
110.700000  37.000000  14.142136
110.800000  39.000000  15.556349
110.900000  37.000000  18.384776
111.000000  37.000000  14.142136
111.100000  40.000000  8.485281
111.200000  43.000000  16.970563
111.300000  43.000000  14.142136
111.400000  47.000000  7.071068
111.500000  44.500000  13.435029
111.600000  42.000000  8.485281
111.700000  44.500000  12.020815
111.800000  44.500000  9.192388
111.900000  38.500000  7.778175
112.000000  44.000000  8.485281
112.100000  39.000000  11.313708
112.200000  39.500000  10.606602
112.300000  41.000000  8.485281
112.400000  49.000000  15.556349
112.500000  42.000000  18.384776
112.600000  40.000000  7.071068
112.700000  44.500000  13.435029
112.800000  45.500000  6.363961
112.900000  36.000000  12.727922
113.000000  44.000000  18.384776
113.100000  36.500000  9.192388
113.200000  34.000000  2.828427
113.300000  48.000000  8.485281
113.400000  38.500000  10.606602
113.500000  39.500000  13.435029
113.600000  40.000000  9.899495
113.700000  46.500000  16.263456
113.800000  45.000000  11.313708
113.900000  39.500000  10.606602
114.000000  37.500000  6.363961
114.100000  44.000000  15.556349
114.200000  42.000000  19.798990
114.300000  48.500000  10.606602
114.400000  38.500000  16.263456
114.500000  41.500000  9.192388
114.600000  39.500000  13.435029
114.700000  38.000000  14.142136
114.800000  37.500000  13.435029
114.900000  41.000000  15.556349
115.000000  45.000000  11.313708
115.100000  43.500000  16.263456
115.200000  50.000000  18.384776
115.300000  42.500000  12.020815
115.400000  40.500000  6.363961
115.500000  41.000000  16.970563
115.600000  44.000000  2.828427
115.700000  47.000000  14.142136
115.800000  45.000000  9.899495
115.900000  44.000000  5.656854
116.000000  48.000000  11.313708
116.100000  47.500000  12.020815
116.200000  41.000000  15.556349
116.300000  46.000000  9.899495
116.400000  43.500000  13.435029
116.500000  40.500000  14.849242
116.600000  44.500000  4.949747
116.700000  42.500000  7.778175
116.800000  44.500000  4.949747
116.900000  46.000000  15.556349
117.000000  50.000000  9.899495
117.100000  49.500000  13.435029
117.200000  35.500000  12.020815
117.300000  38.000000  15.556349
117.400000  36.500000  24.748737
117.500000  51.000000  14.142136
117.600000  40.000000  12.727922
117.700000  45.000000  15.556349
117.800000  36.500000  12.020815
117.900000  38.000000  19.798990
118.000000  40.000000  14.142136
118.100000  39.500000  12.020815
118.200000  45.000000  7.071068
118.300000  40.500000  17.677670
118.400000  46.500000  10.606602
118.500000  44.000000  12.727922
118.600000  42.500000  7.778175
118.700000  42.000000  12.727922
118.800000  45.500000  10.606602
118.900000  39.000000  15.556349
119.000000  41.000000  8.485281
119.100000  44.500000  19.091883
119.200000  38.500000  12.020815
119.300000  40.000000  15.556349
119.400000  37.000000  19.798990
119.500000  40.000000  15.556349
119.600000  45.000000  8.485281
119.700000  37.500000  12.020815
119.800000  40.000000  8.485281
119.900000  42.500000  13.435029
120.000000  41.000000  11.313708
120.100000  39.500000  13.435029
120.200000  47.500000  13.435029
120.300000  40.500000  16.263456
120.400000  41.000000  14.142136
120.500000  37.500000  17.677670
120.600000  42.500000  16.263456
120.700000  42.500000  19.091883
120.800000  40.500000  9.192388
120.900000  41.000000  21.213203
121.000000  41.000000  9.899495
121.100000  47.000000  16.970563
121.200000  42.500000  14.849242
121.300000  45.000000  9.899495
121.400000  44.000000  11.313708
121.500000  44.000000  16.970563
121.600000  46.000000  12.727922
121.700000  38.500000  14.849242
121.800000  43.500000  14.849242
121.900000  43.000000  8.485281
122.000000  47.000000  16.970563
122.100000  38.500000  10.606602
122.200000  41.000000  18.384776
122.300000  46.000000  18.384776
122.400000  46.500000  12.020815
122.500000  43.000000  11.313708
122.600000  46.000000  22.627417
122.700000  40.500000  7.778175
122.800000  44.500000  10.606602
122.900000  45.500000  19.091883
123.000000  41.000000  18.384776
123.100000  42.500000  10.606602
123.200000  41.500000  20.506097
123.300000  41.000000  12.727922
123.400000  38.500000  7.778175
123.500000  44.000000  12.727922
123.600000  44.000000  15.556349
123.700000  41.000000  7.071068
123.800000  48.000000  8.485281
123.900000  44.500000  13.435029
124.000000  42.000000  8.485281
124.100000  45.500000  4.949747
124.200000  41.000000  12.727922
124.300000  41.000000  8.485281
124.400000  40.000000  9.899495
124.500000  40.500000  14.849242
124.600000  45.000000  14.142136
124.700000  46.500000  19.091883
124.800000  41.000000  11.313708
124.900000  44.000000  11.313708
125.000000  40.500000  19.091883
125.100000  41.500000  10.606602
125.200000  41.000000  11.313708
125.300000  39.000000  1.414214
125.400000  44.500000  10.606602
125.500000  46.500000  13.435029
125.600000  42.000000  9.899495
125.700000  40.500000  14.849242
125.800000  43.000000  4.242641
125.900000  46.000000  14.142136
126.000000  39.000000  11.313708
126.100000  48.000000  7.071068
126.200000  39.500000  13.435029
126.300000  40.500000  13.435029
126.400000  40.500000  23.334524
126.500000  45.000000  9.899495
126.600000  41.000000  8.485281
126.700000  50.000000  8.485281
126.800000  44.000000  12.727922
126.900000  47.000000  12.727922
127.000000  40.000000  14.142136
127.100000  40.000000  15.556349
127.200000  43.000000  14.142136
127.300000  43.500000  9.192388
127.400000  45.500000  12.020815
127.500000  49.000000  11.313708
127.600000  48.000000  8.485281
127.700000  42.500000  7.778175
127.800000  38.000000  9.899495
127.900000  44.500000  9.192388
128.000000  42.500000  6.363961
128.100000  46.000000  7.071068
128.200000  47.500000  12.020815
128.300000  42.000000  2.828427
128.400000  42.000000  0.000000
128.500000  40.000000  8.485281
128.600000  40.500000  7.778175
128.700000  46.500000  6.363961
128.800000  44.500000  9.192388
128.900000  40.000000  7.071068
129.000000  41.000000  8.485281
129.100000  42.000000  8.485281
129.200000  43.000000  18.384776
129.300000  44.500000  16.263456
129.400000  43.500000  16.263456
129.500000  45.000000  21.213203
129.600000  44.000000  16.970563
129.700000  44.500000  12.020815
129.800000  48.000000  12.727922
129.900000  43.000000  12.727922
130.000000  41.500000  16.263456
130.100000  39.500000  14.849242
130.200000  42.500000  16.263456
130.300000  40.000000  5.656854
130.400000  41.500000  7.778175
130.500000  42.000000  7.071068
130.600000  42.500000  9.192388
130.700000  41.000000  0.000000
130.800000  40.000000  11.313708
130.900000  47.500000  10.606602
131.000000  41.500000  19.091883
131.100000  43.500000  7.778175
131.200000  47.500000  16.263456
131.300000  45.500000  24.748737
131.400000  47.500000  12.020815
131.500000  47.000000  8.485281
131.600000  40.500000  13.435029
131.700000  43.500000  10.606602
131.800000  35.000000  9.899495
131.900000  44.000000  18.384776
132.000000  42.500000  17.677670
132.100000  45.000000  12.727922
132.200000  41.500000  10.606602
132.300000  42.000000  18.384776
132.400000  41.000000  19.798990
132.500000  42.500000  12.020815
132.600000  42.500000  19.091883
132.700000  46.000000  11.313708
132.800000  41.500000  12.020815
132.900000  40.000000  11.313708
133.000000  37.000000  7.071068
133.100000  41.000000  9.899495
133.200000  45.500000  21.920310
133.300000  39.000000  18.384776
133.400000  36.000000  8.485281
133.500000  38.500000  6.363961
133.600000  50.500000  17.677670
133.700000  36.000000  8.485281
133.800000  36.000000  11.313708
133.900000  45.000000  12.727922
134.000000  44.500000  17.677670
134.100000  44.000000  11.313708
134.200000  44.000000  8.485281
134.300000  43.000000  11.313708
134.400000  39.500000  4.949747
134.500000  38.500000  16.263456
134.600000  46.500000  21.920310
134.700000  49.000000  21.213203
134.800000  45.000000  14.142136
134.900000  40.500000  14.849242
135.000000  36.000000  9.899495
135.100000  44.500000  10.606602
135.200000  43.000000  11.313708
135.300000  42.000000  4.242641
135.400000  34.000000  8.485281
135.500000  40.500000  9.192388
135.600000  41.500000  13.435029
135.700000  37.000000  2.828427
135.800000  48.000000  4.242641
135.900000  43.500000  6.363961
136.000000  48.000000  14.142136
136.100000  46.500000  14.849242
136.200000  40.500000  6.363961
136.300000  40.500000  7.778175
136.400000  39.500000  14.849242
136.500000  38.500000  12.020815
136.600000  42.000000  14.142136
136.700000  41.000000  12.727922
136.800000  41.500000  7.778175
136.900000  41.500000  4.949747
137.000000  47.000000  5.656854
137.100000  48.000000  11.313708
137.200000  42.000000  1.414214
137.300000  38.000000  12.727922
137.400000  37.000000  5.656854
137.500000  37.500000  10.606602
137.600000  39.500000  10.606602
137.700000  36.500000  7.778175
137.800000  40.000000  15.556349
137.900000  40.500000  7.778175
138.000000  44.500000  20.506097
138.100000  45.000000  18.384776
138.200000  37.500000  16.263456
138.300000  39.000000  14.142136
138.400000  44.500000  13.435029
138.500000  45.500000  19.091883
138.600000  40.500000  7.778175
138.700000  39.000000  1.414214
138.800000  43.000000  14.142136
138.900000  40.500000  7.778175
139.000000  46.500000  13.435029
139.100000  41.000000  9.899495
139.200000  52.500000  17.677670
139.300000  39.500000  12.020815
139.400000  40.500000  7.778175
139.500000  40.500000  0.707107
139.600000  43.500000  13.435029
139.700000  39.000000  8.485281
139.800000  42.500000  12.020815
139.900000  41.000000  14.142136
140.000000  41.500000  17.677670
140.100000  40.500000  17.677670
140.200000  49.000000  19.798990
140.300000  43.000000  9.899495
140.400000  44.000000  12.727922
140.500000  47.000000  8.485281
140.600000  40.500000  13.435029
140.700000  39.500000  10.606602
140.800000  42.500000  6.363961
140.900000  45.500000  17.677670
141.000000  46.000000  14.142136
141.100000  42.500000  6.363961
141.200000  34.500000  10.606602
141.300000  39.500000  14.849242
141.400000  46.000000  14.142136
141.500000  43.000000  15.556349
141.600000  48.500000  6.363961
141.700000  45.000000  15.556349
141.800000  48.500000  12.020815
141.900000  42.500000  19.091883
142.000000  49.000000  19.798990
142.100000  46.500000  13.435029
142.200000  42.500000  13.435029
142.300000  40.000000  9.899495
142.400000  38.000000  11.313708
142.500000  48.500000  13.435029
142.600000  40.500000  10.606602
142.700000  46.500000  12.020815
142.800000  37.000000  18.384776
142.900000  49.500000  19.091883
143.000000  46.000000  11.313708
143.100000  39.500000  7.778175
143.200000  44.000000  16.970563
143.300000  41.500000  6.363961
143.400000  51.500000  17.677670
143.500000  47.000000  18.384776
143.600000  47.500000  14.849242
143.700000  46.000000  9.899495
143.800000  45.000000  9.899495
143.900000  40.500000  9.192388
144.000000  41.000000  12.727922
144.100000  44.000000  18.384776
144.200000  42.000000  12.727922
144.300000  48.000000  12.727922
144.400000  39.500000  10.606602
144.500000  46.500000  23.334524
144.600000  40.000000  5.656854
144.700000  40.000000  15.556349
144.800000  42.000000  2.828427
144.900000  52.000000  19.798990
145.000000  48.500000  10.606602
145.100000  40.500000  14.849242
145.200000  41.000000  11.313708
145.300000  45.500000  12.020815
145.400000  46.000000  9.899495
145.500000  45.500000  9.192388
145.600000  43.500000  10.606602
145.700000  45.500000  9.192388
145.800000  48.000000  15.556349
145.900000  46.000000  11.313708
146.000000  40.500000  10.606602
146.100000  40.000000  9.899495
146.200000  42.500000  16.263456
146.300000  44.000000  21.213203
146.400000  40.000000  14.142136
146.500000  42.500000  9.192388
146.600000  36.000000  9.899495
146.700000  42.500000  10.606602
146.800000  47.500000  13.435029
146.900000  49.000000  12.727922
147.000000  44.500000  13.435029
147.100000  42.500000  10.606602
147.200000  36.500000  12.020815
147.300000  48.500000  16.263456
147.400000  41.500000  19.091883
147.500000  38.000000  9.899495
147.600000  47.500000  17.677670
147.700000  40.000000  18.384776
147.800000  43.500000  16.263456
147.900000  43.500000  12.020815
148.000000  43.000000  15.556349
148.100000  40.500000  13.435029
148.200000  43.000000  24.041631
148.300000  35.500000  12.020815
148.400000  47.000000  12.727922
148.500000  42.000000  16.970563
148.600000  40.500000  23.334524
148.700000  39.000000  11.313708
148.800000  38.500000  13.435029
148.900000  43.000000  14.142136
149.000000  38.500000  21.920310
149.100000  41.500000  20.506097
149.200000  45.000000  8.485281
149.300000  47.500000  17.677670
149.400000  37.500000  14.849242
149.500000  39.500000  17.677670
149.600000  40.000000  25.455844
149.700000  46.500000  16.263456
149.800000  39.500000  16.263456
149.900000  49.000000  2.828427
150.000000  44.500000  3.535534
150.100000  39.000000  8.485281
150.200000  43.000000  12.727922
150.300000  38.500000  14.849242
150.400000  46.000000  9.899495
150.500000  42.500000  16.263456
150.600000  39.000000  8.485281
150.700000  42.000000  9.899495
150.800000  37.000000  5.656854
150.900000  37.500000  13.435029
151.000000  38.500000  12.020815
151.100000  42.500000  12.020815
151.200000  38.000000  15.556349
151.300000  41.500000  16.263456
151.400000  39.500000  19.091883
151.500000  37.000000  11.313708
151.600000  42.500000  10.606602
151.700000  40.500000  20.506097
151.800000  33.500000  3.535534
151.900000  41.500000  6.363961
152.000000  43.500000  16.263456
152.100000  38.500000  10.606602
152.200000  42.000000  5.656854
152.300000  43.000000  12.727922
152.400000  41.000000  11.313708
152.500000  45.000000  15.556349
152.600000  40.000000  9.899495
152.700000  40.000000  4.242641
152.800000  44.000000  7.071068
152.900000  42.000000  1.414214
153.000000  35.000000  11.313708
153.100000  37.500000  17.677670
153.200000  44.000000  19.798990
153.300000  42.000000  8.485281
153.400000  43.000000  5.656854
153.500000  43.000000  18.384776
153.600000  48.000000  15.556349
153.700000  43.500000  7.778175
153.800000  41.500000  9.192388
153.900000  45.000000  12.727922
154.000000  47.500000  2.121320
154.100000  44.000000  15.556349
154.200000  47.500000  9.192388
154.300000  40.500000  4.949747
154.400000  42.000000  7.071068
154.500000  45.500000  7.778175
154.600000  48.000000  7.071068
154.700000  45.500000  9.192388
154.800000  44.000000  14.142136
154.900000  43.500000  12.020815
155.000000  48.500000  16.263456
155.100000  47.500000  13.435029
155.200000  46.000000  11.313708
155.300000  47.500000  10.606602
155.400000  39.500000  14.849242
155.500000  42.000000  16.970563
155.600000  41.000000  5.656854
155.700000  33.500000  0.707107
155.800000  40.500000  4.949747
155.900000  39.000000  4.242641
156.000000  41.000000  8.485281
156.100000  39.000000  11.313708
156.200000  42.000000  12.727922
156.300000  43.000000  14.142136
156.400000  36.000000  5.656854
156.500000  39.500000  17.677670
156.600000  42.000000  14.142136
156.700000  37.500000  10.606602
156.800000  48.000000  22.627417
156.900000  49.000000  24.041631
157.000000  41.500000  12.020815
157.100000  43.500000  10.606602
157.200000  46.500000  9.192388
157.300000  44.500000  10.606602
157.400000  40.500000  12.020815
157.500000  47.500000  4.949747
157.600000  44.500000  13.435029
157.700000  42.500000  13.435029
157.800000  42.000000  11.313708
157.900000  44.000000  7.071068
158.000000  48.000000  7.071068
158.100000  43.000000  15.556349
158.200000  38.500000  13.435029
158.300000  39.000000  15.556349
158.400000  33.500000  20.506097
158.500000  35.000000  21.213203
158.600000  31.500000  17.677670
158.700000  34.000000  25.455844
158.800000  34.500000  20.506097
158.900000  37.000000  18.384776
159.000000  46.500000  21.920310
159.100000  40.500000  21.920310
159.200000  37.000000  18.384776
159.300000  34.500000  19.091883
159.400000  35.000000  21.213203
159.500000  34.000000  19.798990
159.600000  34.000000  24.041631
159.700000  33.000000  11.313708
159.800000  34.500000  20.506097
159.900000  38.000000  25.455844
160.000000  38.000000  9.899495
160.100000  37.000000  21.213203
160.200000  31.000000  11.313708
160.300000  41.500000  27.577164
160.400000  35.500000  21.920310
160.500000  38.000000  14.142136
160.600000  40.000000  29.698485
160.700000  35.500000  21.920310
160.800000  34.000000  21.213203
160.900000  34.500000  20.506097
161.000000  36.500000  21.920310
161.100000  35.500000  26.162951
161.200000  34.000000  18.384776
161.300000  34.500000  20.506097
161.400000  44.000000  22.627417
161.500000  34.500000  13.435029
161.600000  29.000000  21.213203
161.700000  43.000000  18.384776
161.800000  44.000000  12.727922
161.900000  42.500000  26.162951
162.000000  38.000000  22.627417
162.100000  38.000000  19.798990
162.200000  40.500000  28.991378
162.300000  39.000000  19.798990
162.400000  31.500000  17.677670
162.500000  31.500000  16.263456
162.600000  34.500000  24.748737
162.700000  40.500000  19.091883
162.800000  34.000000  16.970563
162.900000  35.500000  19.091883
163.000000  37.000000  24.041631
163.100000  43.500000  6.363961
163.200000  37.000000  29.698485
163.300000  36.000000  12.727922
163.400000  38.000000  19.798990
163.500000  33.500000  16.263456
163.600000  33.000000  19.798990
163.700000  32.000000  21.213203
163.800000  36.000000  21.213203
163.900000  40.000000  15.556349
164.000000  37.500000  23.334524
164.100000  34.000000  18.384776
164.200000  35.500000  23.334524
164.300000  34.000000  22.627417
164.400000  36.000000  25.455844
164.500000  36.500000  13.435029
164.600000  35.500000  6.363961
164.700000  38.500000  6.363961
164.800000  31.500000  21.920310
164.900000  33.500000  20.506097
165.000000  33.500000  13.435029
165.100000  33.500000  21.920310
165.200000  37.500000  19.091883
165.300000  34.000000  14.142136
165.400000  35.500000  23.334524
165.500000  33.500000  20.506097
165.600000  32.000000  15.556349
165.700000  34.000000  19.798990
165.800000  40.000000  22.627417
165.900000  31.500000  14.849242
166.000000  33.000000  19.798990
166.100000  33.000000  24.041631
166.200000  34.500000  24.748737
166.300000  30.500000  21.920310
166.400000  39.000000  25.455844
166.500000  36.000000  18.384776
166.600000  32.500000  21.920310
166.700000  39.500000  28.991378
166.800000  32.500000  13.435029
166.900000  30.500000  21.920310
167.000000  36.000000  21.213203
167.100000  32.000000  12.727922
167.200000  34.000000  18.384776
167.300000  31.000000  12.727922
167.400000  33.500000  23.334524
167.500000  30.500000  20.506097
167.600000  36.000000  18.384776
167.700000  33.000000  18.384776
167.800000  33.500000  21.920310
167.900000  35.000000  29.698485
168.000000  38.500000  23.334524
168.100000  32.500000  24.748737
168.200000  37.500000  21.920310
168.300000  31.000000  21.213203
168.400000  31.500000  14.849242
168.500000  36.500000  17.677670
168.600000  34.500000  21.920310
168.700000  32.000000  18.384776
168.800000  34.500000  21.920310
168.900000  40.500000  27.577164
169.000000  35.000000  24.041631
169.100000  36.500000  19.091883
169.200000  35.500000  20.506097
169.300000  35.000000  22.627417
169.400000  30.000000  21.213203
169.500000  35.000000  16.970563
169.600000  33.000000  22.627417
169.700000  35.500000  23.334524
169.800000  34.500000  19.091883
169.900000  41.500000  31.819805
170.000000  33.000000  21.213203
170.100000  32.500000  21.920310
170.200000  29.000000  21.213203
170.300000  43.500000  16.263456
170.400000  39.500000  24.748737
170.500000  36.500000  26.162951
170.600000  39.000000  28.284271
170.700000  37.000000  21.213203
170.800000  32.000000  16.970563
170.900000  41.000000  25.455844
171.000000  31.000000  14.142136
171.100000  39.500000  16.263456
171.200000  37.000000  14.142136
171.300000  38.500000  23.334524
171.400000  36.500000  24.748737
171.500000  34.500000  14.849242
171.600000  30.000000  21.213203
171.700000  48.000000  14.142136
171.800000  43.500000  19.091883
171.900000  42.000000  12.727922
172.000000  40.500000  4.949747
172.100000  44.500000  6.363961
172.200000  47.000000  9.899495
172.300000  40.500000  14.849242
172.400000  42.500000  10.606602
172.500000  41.000000  7.071068
172.600000  49.000000  18.384776
172.700000  35.000000  7.071068
172.800000  40.000000  12.727922
172.900000  36.000000  8.485281
173.000000  39.500000  20.506097
173.100000  39.000000  11.313708
173.200000  41.500000  20.506097
173.300000  39.500000  6.363961
173.400000  44.000000  18.384776
173.500000  45.500000  14.849242
173.600000  46.500000  7.778175
173.700000  39.000000  5.656854
173.800000  42.000000  4.242641
173.900000  39.500000  13.435029
174.000000  42.500000  14.849242
174.100000  47.500000  0.707107
174.200000  46.500000  6.363961
174.300000  40.500000  13.435029
174.400000  56.500000  2.121320
174.500000  46.500000  3.535534
174.600000  45.000000  9.899495
174.700000  51.500000  2.121320
174.800000  55.500000  7.778175
174.900000  53.500000  0.707107
175.000000  47.500000  3.535534
175.100000  56.000000  8.485281
175.200000  47.000000  1.414214
175.300000  42.500000  6.363961
175.400000  41.500000  13.435029
175.500000  53.000000  4.242641
175.600000  45.000000  2.828427
175.700000  49.000000  4.242641
175.800000  43.000000  0.000000
175.900000  48.000000  2.828427
176.000000  43.500000  12.020815
176.100000  44.000000  7.071068
176.200000  49.000000  4.242641
176.300000  51.500000  14.849242
176.400000  47.000000  7.071068
176.500000  45.500000  9.192388
176.600000  48.500000  3.535534
176.700000  46.000000  11.313708
176.800000  44.500000  10.606602
176.900000  44.500000  0.707107
177.000000  42.500000  6.363961
177.100000  48.000000  9.899495
177.200000  44.000000  1.414214
177.300000  44.500000  10.606602
177.400000  52.000000  7.071068
177.500000  44.000000  4.242641
177.600000  44.500000  0.707107
177.700000  39.500000  3.535534
177.800000  47.500000  7.778175
177.900000  44.500000  9.192388
178.000000  52.000000  14.142136
178.100000  44.000000  5.656854
178.200000  48.000000  15.556349
178.300000  48.500000  13.435029
178.400000  43.000000  2.828427
178.500000  47.500000  3.535534
178.600000  45.500000  6.363961
178.700000  53.000000  8.485281
178.800000  45.000000  8.485281
178.900000  54.500000  13.435029
179.000000  46.000000  1.414214
179.100000  47.000000  9.899495
179.200000  51.000000  4.242641
179.300000  47.000000  7.071068
179.400000  48.000000  8.485281
179.500000  49.000000  8.485281
179.600000  48.000000  7.071068
179.700000  40.500000  4.949747
179.800000  44.000000  8.485281
179.900000  46.000000  8.485281
180.000000  50.500000  13.435029
180.100000  48.000000  4.242641
180.200000  49.500000  17.677670
180.300000  47.500000  12.020815
180.400000  42.500000  4.949747
180.500000  41.000000  5.656854
180.600000  43.500000  7.778175
180.700000  44.500000  9.192388
180.800000  39.000000  1.414214
180.900000  47.000000  12.727922
181.000000  43.500000  3.535534
181.100000  43.500000  0.707107
181.200000  46.500000  3.535534
181.300000  46.500000  3.535534
181.400000  48.500000  9.192388
181.500000  43.500000  16.263456
181.600000  46.000000  4.242641
181.700000  47.500000  2.121320
181.800000  49.000000  7.071068
181.900000  42.500000  4.949747
182.000000  57.500000  12.020815
182.100000  47.500000  0.707107
182.200000  38.500000  3.535534
182.300000  45.500000  0.707107
182.400000  44.000000  2.828427
182.500000  52.000000  11.313708
182.600000  42.500000  0.707107
182.700000  51.500000  4.949747
182.800000  44.000000  1.414214
182.900000  46.500000  2.121320
183.000000  47.000000  8.485281
183.100000  43.000000  0.000000
183.200000  47.500000  0.707107
183.300000  46.000000  2.828427
183.400000  48.000000  5.656854
183.500000  46.500000  2.121320
183.600000  48.000000  0.000000
183.700000  46.000000  2.828427
183.800000  49.000000  5.656854
183.900000  54.000000  5.656854
184.000000  49.500000  0.707107
184.100000  48.000000  2.828427
184.200000  46.500000  0.707107
184.300000  46.500000  2.121320
184.400000  46.000000  0.000000
184.500000  46.500000  2.121320
184.600000  43.000000  0.000000
184.700000  47.500000  4.949747
184.800000  40.000000  4.242641
184.900000  48.000000  9.899495
185.000000  47.000000  8.485281
185.100000  49.000000  5.656854
185.200000  50.000000  4.242641
185.300000  50.500000  4.949747
185.400000  50.000000  0.000000
185.500000  53.000000  2.828427
185.600000  42.500000  3.535534
185.700000  41.000000  7.071068
185.800000  53.500000  3.535534
185.900000  49.000000  9.899495
186.000000  43.000000  8.485281
186.100000  44.000000  1.414214
186.200000  48.000000  4.242641
186.300000  41.500000  6.363961
186.400000  44.000000  5.656854
186.500000  46.500000  3.535534
186.600000  50.000000  0.000000
186.700000  48.500000  7.778175
186.800000  39.000000  11.313708
186.900000  50.500000  13.435029
187.000000  43.500000  6.363961
187.100000  47.500000  3.535534
187.200000  45.000000  9.899495
187.300000  47.000000  8.485281
187.400000  46.000000  5.656854
187.500000  49.500000  0.707107
187.600000  44.500000  6.363961
187.700000  41.500000  12.020815
187.800000  49.500000  7.778175
187.900000  49.500000  3.535534
188.000000  46.000000  0.000000
188.100000  50.000000  7.071068
188.200000  49.000000  0.000000
188.300000  48.000000  0.000000
188.400000  48.000000  9.899495
188.500000  49.000000  2.828427
188.600000  46.500000  2.121320
188.700000  51.000000  4.242641
188.800000  51.000000  8.485281
188.900000  46.500000  2.121320
189.000000  47.500000  4.949747
189.100000  46.500000  9.192388
189.200000  50.500000  2.121320
189.300000  50.000000  7.071068
189.400000  47.500000  6.363961
189.500000  52.000000  4.242641
189.600000  48.500000  2.121320
189.700000  54.000000  8.485281
189.800000  51.500000  3.535534
189.900000  49.500000  2.121320
190.000000  41.500000  6.363961
190.100000  47.000000  5.656854
190.200000  51.000000  8.485281
190.300000  53.500000  2.121320
190.400000  53.000000  0.000000
190.500000  50.500000  7.778175
190.600000  49.000000  1.414214
190.700000  47.500000  6.363961
190.800000  44.500000  4.949747
190.900000  49.000000  5.656854
191.000000  49.000000  2.828427
191.100000  47.000000  5.656854
191.200000  47.500000  2.121320
191.300000  47.500000  4.949747
191.400000  47.000000  2.828427
191.500000  48.000000  0.000000
191.600000  49.500000  2.121320
191.700000  51.000000  4.242641
191.800000  51.000000  2.828427
191.900000  46.000000  4.242641
192.000000  47.500000  3.535534
192.100000  54.500000  3.535534
192.200000  43.500000  3.535534
192.300000  55.000000  4.242641
192.400000  49.000000  14.142136
192.500000  47.000000  2.828427
192.600000  42.500000  0.707107
192.700000  51.500000  4.949747
192.800000  48.500000  2.121320
192.900000  48.000000  7.071068
193.000000  52.500000  4.949747
193.100000  46.500000  6.363961
193.200000  45.500000  0.707107
193.300000  45.500000  10.606602
193.400000  51.500000  2.121320
193.500000  46.500000  2.121320
193.600000  43.500000  3.535534
193.700000  49.500000  0.707107
193.800000  49.000000  1.414214
193.900000  46.500000  13.435029
194.000000  46.500000  9.192388
194.100000  48.000000  14.142136
194.200000  45.500000  12.020815
194.300000  41.000000  5.656854
194.400000  41.500000  12.020815
194.500000  42.000000  11.313708
194.600000  43.500000  4.949747
194.700000  49.000000  0.000000
194.800000  46.000000  9.899495
194.900000  49.000000  7.071068
195.000000  46.500000  6.363961
195.100000  44.500000  12.020815
195.200000  45.500000  6.363961
195.300000  50.000000  18.384776
195.400000  51.000000  14.142136
195.500000  42.000000  8.485281
195.600000  53.000000  8.485281
195.700000  40.000000  11.313708
195.800000  41.500000  6.363961
195.900000  45.000000  1.414214
196.000000  47.500000  16.263456
196.100000  47.500000  4.949747
196.200000  56.000000  22.627417
196.300000  50.000000  5.656854
196.400000  47.000000  8.485281
196.500000  43.500000  9.192388
196.600000  43.000000  14.142136
196.700000  46.000000  2.828427
196.800000  45.000000  7.071068
196.900000  41.500000  6.363961
197.000000  45.500000  4.949747
197.100000  45.500000  13.435029
197.200000  43.500000  12.020815
197.300000  47.500000  13.435029
197.400000  44.000000  11.313708
197.500000  46.000000  9.899495
197.600000  43.000000  5.656854
197.700000  46.000000  14.142136
197.800000  39.500000  14.849242
197.900000  44.000000  9.899495
198.000000  42.500000  6.363961
198.100000  47.500000  12.020815
198.200000  40.000000  12.727922
198.300000  48.500000  16.263456
198.400000  44.500000  4.949747
198.500000  44.500000  9.192388
198.600000  44.500000  4.949747
198.700000  37.500000  3.535534
198.800000  44.500000  10.606602
198.900000  43.000000  2.828427
199.000000  48.500000  16.263456
199.100000  46.000000  16.970563
199.200000  50.000000  4.242641
199.300000  50.500000  16.263456
199.400000  44.500000  16.263456
199.500000  45.500000  14.849242
199.600000  48.000000  18.384776
199.700000  48.500000  17.677670
199.800000  53.500000  16.263456
199.900000  49.500000  19.091883
200.000000  50.500000  17.677670
