# aggregated from 2 replicates
# x  mean  std
0.000000  57.669150  1.059600
1.000000  30.834450  2.698814
2.000000  8.990600  0.771029
6.000000  13.374650  0.160443
7.000000  41.444850  33.056606
8.000000  22.553850  12.764904
11.000000  9.878350  0.404112
13.000000  18.151350  9.071544
14.000000  66.932300  72.602613
15.000000  34.783400  12.190521
16.000000  14.938050  5.225873
17.000000  46.283450  24.257510
18.000000  71.054850  0.616102
19.000000  44.667950  25.158647
20.000000  12.808200  6.155506
21.000000  29.784750  30.016329
22.000000  17.984100  8.724566
23.000000  25.068200  1.247761
24.000000  37.534250  25.849915
25.000000  13.277300  8.057482
26.000000  52.427800  49.307122
27.000000  40.394050  2.664308
28.000000  61.450150  17.211474
29.000000  89.146550  10.882868
30.000000  68.556900  2.992334
31.000000  58.547850  1.699531
32.000000  27.604450  20.545483
33.000000  12.432250  4.746454
34.000000  54.009650  5.930292
35.000000  14.857750  6.691139
36.000000  35.109950  18.962978
39.000000  84.371850  11.088495
40.000000  17.158800  9.001752
41.000000  13.453950  6.501635
42.000000  55.022600  20.244326
44.000000  48.234850  11.581914
45.000000  10.228950  1.170332
46.000000  9.164500  1.507410
48.000000  41.453700  10.600379
49.000000  15.697150  4.269440
50.000000  49.872450  8.317485
52.000000  12.350300  2.607386
53.000000  30.274050  12.619523
54.000000  30.723700  25.900190
55.000000  7.435750  0.089873
56.000000  10.902700  0.810769
57.000000  77.380800  26.169739
58.000000  7.052150  0.353341
59.000000  41.635300  39.528118
60.000000  12.639800  0.546028
61.000000  74.820550  9.391297
62.000000  44.922950  3.772768
63.000000  9.041400  0.503036
64.000000  11.539400  2.958818
65.000000  37.441450  39.758139
66.000000  53.946650  6.971719
69.000000  43.714350  0.274852
70.000000  34.247250  16.872204
71.000000  28.085650  12.449817
72.000000  16.592850  12.733932
73.000000  8.746200  1.045670
74.000000  9.754700  0.116814
76.000000  42.736050  3.826933
77.000000  49.893150  31.740538
81.000000  88.263350  30.457281
82.000000  51.918500  17.170391
83.000000  27.415350  0.591778
84.000000  40.871600  14.615614
85.000000  39.754950  18.636577
87.000000  24.807350  0.140785
88.000000  10.059200  0.346907
89.000000  48.217000  14.629332
90.000000  46.806250  16.614393
91.000000  50.713500  2.785718
92.000000  7.989050  1.896814
94.000000  8.601100  0.169140
95.000000  6.490050  0.218991
96.000000  7.633850  0.139371
98.000000  8.778000  0.405738
100.000000  62.044150  7.344082
101.000000  63.044850  6.475048
102.000000  29.376250  4.050803
103.000000  7.330150  0.336795
104.000000  45.282250  6.685058
105.000000  37.506600  0.187808
106.000000  34.034200  8.764306
107.000000  13.316700  2.399638
109.000000  31.669050  16.194089
110.000000  19.304150  6.371244
111.000000  33.076650  4.509149
112.000000  52.217900  10.170175
113.000000  48.993200  9.518506
114.000000  82.975550  7.840754
115.000000  52.062050  44.871936
116.000000  45.292450  11.699152
117.000000  60.828700  4.627165
120.000000  31.334600  4.789658
121.000000  11.125050  0.141916
122.000000  24.870750  0.338916
123.000000  90.538600  5.714413
125.000000  49.604350  9.278302
127.000000  7.799000  0.092914
128.000000  17.362400  7.851148
129.000000  6.649050  0.044477
130.000000  6.711450  0.145028
131.000000  8.158450  1.167504
132.000000  17.240050  0.435790
133.000000  17.526000  6.601690
134.000000  52.311750  3.406204
135.000000  8.852800  1.214244
136.000000  10.757800  0.250881
137.000000  31.511900  0.224719
138.000000  64.376800  0.443215
