# aggregated from 2 replicates
# x  mean  std
0.000000  7.068600  0.000000
0.100000  7.391700  0.078065
0.200000  7.231800  0.093762
0.300000  7.371950  0.595030
0.400000  7.332500  0.027860
0.500000  7.308800  0.284116
0.600000  7.234900  0.017819
0.700000  7.213050  0.351220
0.800000  7.420600  0.050205
0.900000  6.952000  0.474751
1.000000  7.336150  0.357160
1.100000  7.271700  0.168716
1.200000  7.324950  0.024678
1.300000  7.184900  0.184838
1.400000  7.171200  0.260074
1.500000  7.267150  0.022981
1.600000  7.409350  0.038537
1.700000  7.353700  0.151604
1.800000  7.285650  0.062862
1.900000  7.264950  0.147856
2.000000  7.435400  0.139017
2.100000  7.309950  0.199475
2.200000  7.407850  0.002192
2.300000  7.623750  0.221819
2.400000  7.237050  0.220971
2.500000  7.281000  0.186111
2.600000  7.478650  0.191131
2.700000  7.153700  0.055437
2.800000  7.318300  0.187383
2.900000  7.159300  0.182716
3.000000  7.115050  0.129188
3.100000  7.345850  0.193252
3.200000  7.292850  0.012374
3.300000  7.044400  0.094187
3.400000  7.128300  0.319047
3.500000  7.195450  0.008839
3.600000  6.956300  0.084287
3.700000  7.201100  0.290338
3.800000  7.291050  0.039386
3.900000  7.043200  0.012162
4.000000  7.290050  0.108399
4.100000  7.426900  0.170696
4.200000  7.336400  0.203505
4.300000  7.745650  0.059326
4.400000  7.295150  0.013930
4.500000  7.525900  0.022627
4.600000  7.560550  0.070923
4.700000  7.572300  0.123178
4.800000  7.454600  0.151745
4.900000  7.389900  0.175645
5.000000  7.505650  0.132583
5.100000  7.246050  0.075590
5.200000  7.158000  0.190919
5.300000  6.869450  0.315582
5.400000  6.746800  0.680095
5.500000  6.952050  0.449791
5.600000  6.832550  0.172181
5.700000  6.798100  0.146795
5.800000  6.966000  0.146513
5.900000  6.792550  0.338492
6.000000  7.103650  0.159594
6.100000  7.023000  0.139159
6.200000  7.212450  0.186747
6.300000  7.315000  0.525946
6.400000  7.155300  0.332623
6.500000  7.135250  0.232143
6.600000  7.113550  0.398455
6.700000  7.175000  0.385797
6.800000  7.324550  0.040800
6.900000  7.182300  0.486772
7.000000  7.047000  0.303490
7.100000  7.161900  0.569645
7.200000  7.208050  0.067104
7.300000  7.147950  0.540300
7.400000  7.284900  0.544472
7.500000  6.918600  0.554372
7.600000  7.141750  0.245437
7.700000  6.989250  0.899793
7.800000  7.065250  0.610728
7.900000  6.972300  0.574878
8.000000  6.998400  0.560311
8.100000  6.928800  0.579686
8.200000  7.157100  0.448164
8.300000  7.075950  0.196505
8.400000  7.026450  0.603233
8.500000  7.251000  0.645730
8.600000  6.987700  0.132795
8.700000  7.244600  0.165180
8.800000  7.316400  0.367130
8.900000  7.378550  0.261842
9.000000  7.183700  0.646720
9.100000  7.535250  0.403970
9.200000  6.926350  0.606061
9.300000  6.871600  0.527502
9.400000  6.831850  0.640568
9.500000  6.758750  0.771666
9.600000  7.102450  0.420658
9.700000  7.173450  0.536199
9.800000  7.406050  0.275560
9.900000  6.712200  0.495540
10.000000  6.940500  0.634699
10.100000  7.152650  0.909269
10.200000  7.039900  0.398667
10.300000  7.277650  0.440315
10.400000  7.019600  0.581807
10.500000  7.284850  0.311056
10.600000  7.361400  0.494268
10.700000  7.001100  0.692399
10.800000  6.686550  0.684691
10.900000  7.280650  0.643679
11.000000  7.166050  0.201313
11.100000  6.926400  0.905804
11.200000  6.695550  0.310208
11.300000  6.793000  0.571908
11.400000  7.068400  0.582656
11.500000  7.019800  0.548573
11.600000  7.098650  0.616526
11.700000  6.998550  0.476095
11.800000  7.188350  0.443427
11.900000  7.148700  0.665387
12.000000  7.001400  0.834245
12.100000  6.880050  0.738573
12.200000  6.997550  0.512865
12.300000  6.947500  0.497379
12.400000  6.922000  0.337856
12.500000  7.078650  0.613132
12.600000  6.953900  0.788707
12.700000  7.068250  0.285176
12.800000  7.083650  0.321239
12.900000  7.364800  0.659306
13.000000  7.145050  0.634063
13.100000  6.838300  0.551402
13.200000  7.273750  0.560948
13.300000  7.121750  0.617234
13.400000  6.942050  0.419809
13.500000  6.915550  0.451346
13.600000  6.993750  0.515693
13.700000  6.810500  0.593404
13.800000  7.122550  0.587111
13.900000  6.983400  0.629608
14.000000  6.906050  0.719057
14.100000  7.069300  0.637245
14.200000  7.109350  0.774918
14.300000  6.990350  0.588808
14.400000  6.890450  0.590788
14.500000  6.894100  0.468953
14.600000  6.828450  0.442012
14.700000  6.893600  0.404182
14.800000  6.822350  0.651740
14.900000  6.974000  0.332199
15.000000  7.160850  0.372433
15.100000  6.861000  0.737512
15.200000  6.950050  0.478499
15.300000  6.815500  0.109743
15.400000  7.049700  0.514915
15.500000  6.973800  0.308864
15.600000  7.007650  0.709723
15.700000  6.727400  0.337573
15.800000  6.701150  0.484580
15.900000  6.982400  0.974110
16.000000  6.830750  0.556422
16.100000  6.836600  0.264741
16.200000  6.797750  0.081529
16.300000  6.917850  0.324208
16.400000  7.187800  0.399798
16.500000  6.860350  0.626992
16.600000  6.836550  0.065549
16.700000  6.718700  0.030264
16.800000  6.401550  0.061306
16.900000  6.510650  0.331138
17.000000  6.470200  0.244235
17.100000  6.544150  0.242467
17.200000  6.483950  0.330290
17.300000  6.720400  0.053882
17.400000  6.592550  0.339906
17.500000  6.698650  0.166524
17.600000  6.759950  0.500702
17.700000  6.533050  0.064417
17.800000  6.930850  0.122542
17.900000  6.743350  0.372150
18.000000  6.684200  0.059256
18.100000  6.869400  0.427092
18.200000  6.685350  0.022840
18.300000  6.920200  0.215950
18.400000  6.840700  0.152876
18.500000  6.479450  0.130461
18.600000  6.518550  0.271317
18.700000  6.043150  0.620486
18.800000  6.343100  0.141846
18.900000  6.131300  0.643043
19.000000  6.340950  0.462094
19.100000  6.242650  0.359847
19.200000  6.326350  0.167938
19.300000  6.337900  0.134350
19.400000  6.235750  0.155351
19.500000  6.509500  0.150472
19.600000  6.369850  0.547089
19.700000  6.407000  0.351715
19.800000  6.378450  0.226345
19.900000  6.440550  0.070923
20.000000  6.450150  0.040800
20.100000  6.541800  0.075095
20.200000  6.476350  0.402697
20.300000  6.607250  0.028072
20.400000  6.420600  0.156129
20.500000  6.493800  0.146795
20.600000  6.439750  0.169776
20.700000  6.499950  0.339623
20.800000  6.501400  0.265165
20.900000  6.463450  0.098783
21.000000  6.555050  0.007990
21.100000  6.275450  0.030476
21.200000  6.269700  0.373494
21.300000  6.198850  0.507773
21.400000  6.190900  0.282701
21.500000  6.480100  0.578838
21.600000  6.560750  0.243740
21.700000  6.386250  0.535492
21.800000  6.472250  0.678610
21.900000  6.048850  0.683136
22.000000  6.196400  0.531603
22.100000  6.295900  0.561867
22.200000  6.265950  0.570423
22.300000  6.405550  0.551897
22.400000  6.357800  0.388626
22.500000  6.546600  0.490025
22.600000  6.490000  0.089520
22.700000  6.086800  0.479277
22.800000  6.254450  0.113491
22.900000  6.573000  0.510531
23.000000  6.497700  0.240416
23.100000  6.264450  0.497450
23.200000  6.235800  0.477156
23.300000  6.267550  0.249397
23.400000  6.379950  0.143472
23.500000  6.366550  0.227476
23.600000  6.204600  0.238295
23.700000  6.240250  0.361968
23.800000  6.475500  0.576575
23.900000  6.312200  0.392727
24.000000  6.407850  0.344997
24.100000  6.390250  0.083934
24.200000  6.390300  0.168716
24.300000  6.282450  0.025385
24.400000  6.207850  0.199051
24.500000  6.343250  0.268913
24.600000  6.391850  0.216304
24.700000  6.307300  0.409556
24.800000  6.454550  0.336371
24.900000  6.785400  0.665812
25.000000  6.532250  0.475671
25.100000  6.268300  0.450851
25.200000  6.337250  0.567170
25.300000  6.416150  0.378373
25.400000  6.374800  0.376746
25.500000  6.289800  0.318622
25.600000  6.427350  0.246851
25.700000  6.233400  0.193747
25.800000  6.191850  0.013789
25.900000  6.310450  0.118440
26.000000  6.228650  0.353058
26.100000  6.264400  0.052467
26.200000  6.197850  0.086055
26.300000  6.394600  0.355109
26.400000  6.246150  0.158463
26.500000  6.333100  0.468529
26.600000  6.487700  0.257245
26.700000  6.622050  0.573817
26.800000  6.314250  0.635053
26.900000  6.336100  0.637810
27.000000  6.590750  0.655276
27.100000  6.417500  0.746988
27.200000  6.458300  0.325835
27.300000  6.330400  0.597929
27.400000  6.317950  0.598142
27.500000  6.323250  0.842518
27.600000  6.537900  1.002960
27.700000  6.354450  0.511733
27.800000  6.295150  0.633356
27.900000  6.469350  0.509895
28.000000  6.497900  0.656902
28.100000  6.488300  0.579262
28.200000  6.426150  0.350513
28.300000  6.475150  0.565049
28.400000  6.517800  0.356948
28.500000  6.553200  0.669772
28.600000  6.619450  0.553028
28.700000  6.608400  0.527077
28.800000  6.526450  0.572262
28.900000  6.489250  0.751160
29.000000  6.514850  0.377807
29.100000  6.517700  0.527785
29.200000  6.423550  0.735603
29.300000  6.421400  0.617304
29.400000  6.587150  0.672671
29.500000  6.486400  0.435154
29.600000  6.681700  0.735674
29.700000  6.598800  0.469802
29.800000  6.666150  0.556281
29.900000  6.792550  0.295500
30.000000  6.543350  0.550200
30.100000  6.385800  0.468246
30.200000  6.746350  0.658529
30.300000  6.484000  0.772443
30.400000  6.634150  0.509046
30.500000  6.395950  0.357301
30.600000  6.655000  0.230234
30.700000  6.561500  0.250599
30.800000  6.686000  0.058407
30.900000  6.624300  0.495258
31.000000  6.768300  0.295995
31.100000  6.660800  0.070428
31.200000  6.633000  0.333613
31.300000  6.458550  0.421931
31.400000  6.708000  0.191909
31.500000  6.568200  0.541361
31.600000  6.562250  0.609314
31.700000  6.721450  0.687944
31.800000  6.501400  0.523400
31.900000  6.479600  0.376039
32.000000  6.590700  0.387636
32.100000  6.351100  0.401212
32.200000  6.522200  0.392161
32.300000  6.402750  0.401849
32.400000  6.542650  0.143755
32.500000  6.356500  0.297692
32.600000  6.605000  0.469660
32.700000  6.690700  0.441800
32.800000  6.446100  0.459478
32.900000  6.356350  0.468034
33.000000  6.620850  0.529128
33.100000  6.637500  0.219910
33.200000  6.499900  0.326966
33.300000  6.749200  0.272378
33.400000  6.460600  0.511097
33.500000  6.634050  0.111369
33.600000  6.455700  0.528350
33.700000  6.448150  0.311481
33.800000  6.562100  0.587606
33.900000  6.639300  0.242679
34.000000  6.479500  0.447316
34.100000  6.564050  0.201172
34.200000  6.636400  0.120774
34.300000  6.438300  0.115258
34.400000  6.399450  0.387141
34.500000  6.441900  0.175221
34.600000  6.301200  0.242113
34.700000  6.486700  0.171544
34.800000  6.762100  0.758160
34.900000  6.575950  0.278529
35.000000  6.648050  0.248407
35.100000  6.371800  0.366281
35.200000  6.449950  0.444134
35.300000  6.792250  0.259862
35.400000  6.623300  0.259932
35.500000  6.596600  0.389333
35.600000  6.697400  0.164897
35.700000  6.531450  0.397182
35.800000  6.459550  0.537755
35.900000  6.567550  0.314309
36.000000  6.553200  0.062933
36.100000  6.538250  0.173878
36.200000  6.454400  0.069296
36.300000  6.652800  0.052184
36.400000  6.599400  0.119784
36.500000  6.402550  0.101328
36.600000  6.591300  0.265165
36.700000  6.469650  0.114905
36.800000  6.546700  0.298682
36.900000  6.440250  0.374837
37.000000  6.353050  0.401849
37.100000  6.430300  0.098146
37.200000  6.546000  0.035921
37.300000  6.531950  0.319966
37.400000  6.350950  0.301722
37.500000  6.667250  0.254488
37.600000  6.473950  0.275701
37.700000  6.658550  0.238507
37.800000  6.726100  0.320178
37.900000  6.793300  0.209304
38.000000  6.776950  0.313602
38.100000  6.507500  0.513360
38.200000  6.581100  0.538957
38.300000  6.713500  0.312117
38.400000  6.555600  0.197707
38.500000  6.569550  0.304975
38.600000  6.524900  0.210011
38.700000  6.463950  0.247558
38.800000  6.389650  0.115329
38.900000  6.269400  0.332340
39.000000  6.510700  0.394000
39.100000  6.400650  0.409061
39.200000  6.621100  0.132795
39.300000  6.497050  0.430699
39.400000  6.631900  0.396687
39.500000  6.685100  0.465559
39.600000  6.483100  0.395273
39.700000  6.675050  0.208950
39.800000  6.504700  0.280863
39.900000  6.602100  0.072125
40.000000  6.726000  0.527077
40.100000  6.516500  0.092065
40.200000  6.566000  0.239992
40.300000  6.615250  0.145735
40.400000  6.570200  0.422567
40.500000  6.546550  0.332552
40.600000  6.575950  0.198202
40.700000  6.549650  0.140926
40.800000  6.612900  0.520572
40.900000  6.567400  0.173383
41.000000  6.714000  0.365291
41.100000  6.620650  0.548786
41.200000  6.430100  0.694945
41.300000  6.536150  0.303702
41.400000  6.663050  0.167372
41.500000  6.647050  0.499995
41.600000  6.710900  0.016405
41.700000  6.471250  0.523471
41.800000  6.529300  0.364160
41.900000  6.664400  0.622537
42.000000  6.577150  0.329300
42.100000  6.652300  0.312541
42.200000  6.551800  0.058831
42.300000  6.580650  0.432254
42.400000  6.381250  0.328734
42.500000  6.448900  0.290197
42.600000  6.463300  0.137886
42.700000  6.442050  0.193959
42.800000  6.447300  0.197848
42.900000  6.509300  0.865499
43.000000  6.334650  0.570282
43.100000  6.336200  0.799314
43.200000  6.506150  0.360271
43.300000  6.540500  0.346341
43.400000  6.344700  0.537543
43.500000  6.431200  0.588737
43.600000  6.547700  0.601889
43.700000  6.550950  0.541432
43.800000  6.570150  0.395343
43.900000  6.635400  0.330926
44.000000  6.633300  0.222880
44.100000  6.248050  0.945472
44.200000  6.568850  0.768979
44.300000  6.368300  0.495823
44.400000  6.243700  0.507703
44.500000  6.181150  0.399869
44.600000  6.410350  0.302288
44.700000  6.185600  0.837639
44.800000  6.204200  0.630598
44.900000  6.198800  0.643609
45.000000  6.746200  0.680378
45.100000  6.527650  0.518380
45.200000  6.487550  0.486136
45.300000  6.410550  0.212344
45.400000  6.283850  0.392091
45.500000  6.311600  0.583222
45.600000  6.206850  0.319824
45.700000  6.222950  0.601819
45.800000  6.447250  0.185898
45.900000  6.728050  0.408637
46.000000  6.678500  0.592414
46.100000  6.497500  0.627062
46.200000  6.529450  0.620486
46.300000  6.430500  0.509965
46.400000  6.417550  0.333118
46.500000  6.432400  0.673731
46.600000  6.327250  0.535209
46.700000  6.568950  0.355321
46.800000  6.784650  0.159735
46.900000  6.535050  0.332269
47.000000  6.487300  0.278600
47.100000  6.508150  0.586404
47.200000  6.441350  0.889187
47.300000  6.267400  0.819254
47.400000  6.616800  0.465418
47.500000  6.439200  0.652801
47.600000  6.634400  0.248619
47.700000  6.480050  0.493348
47.800000  6.415200  0.593545
47.900000  6.455000  0.665812
48.000000  6.593550  1.113905
48.100000  6.378550  0.677055
48.200000  6.482350  0.689924
48.300000  6.437150  0.533229
48.400000  6.284800  0.665246
48.500000  6.425900  0.721956
48.600000  6.506700  0.837639
48.700000  6.440450  0.076721
48.800000  6.513650  0.662347
48.900000  6.687000  0.505016
49.000000  6.441750  0.689500
49.100000  6.547850  0.553028
49.200000  6.293950  0.474539
49.300000  6.106000  0.525805
49.400000  6.464000  0.436143
49.500000  6.388250  0.298328
49.600000  6.488950  0.661781
49.700000  6.396000  0.712764
49.800000  6.417850  0.609172
49.900000  6.374700  0.688439
50.000000  6.223700  0.436992
50.100000  6.386150  0.532664
50.200000  6.509050  0.556139
50.300000  6.349950  0.598283
50.400000  6.558750  0.519511
50.500000  6.330000  0.469802
50.600000  6.334800  0.750947
50.700000  6.378050  0.712410
50.800000  6.538850  0.454175
50.900000  6.337300  0.646013
51.000000  6.020600  0.840891
51.100000  6.488950  0.789626
51.200000  6.596700  0.553240
51.300000  6.272150  0.623739
51.400000  6.455300  0.498510
51.500000  6.164550  0.432537
51.600000  6.522100  0.395414
51.700000  6.431050  0.461953
51.800000  6.506500  0.734118
51.900000  6.553750  0.532098
52.000000  6.451050  0.178686
52.100000  6.547350  0.619638
52.200000  6.461550  0.523754
52.300000  6.754550  0.315582
52.400000  6.416800  0.843154
52.500000  6.561300  0.652518
52.600000  6.567900  0.657751
52.700000  6.655200  0.670479
52.800000  6.655250  0.619779
52.900000  6.447900  0.360766
53.000000  6.414100  0.680944
53.100000  6.538350  0.607758
53.200000  6.090450  0.442295
53.300000  6.483850  0.411041
53.400000  6.351000  0.621123
53.500000  6.438150  0.989596
53.600000  6.365100  0.515764
53.700000  6.494300  0.429638
53.800000  6.311100  0.576433
53.900000  6.317950  0.552180
54.000000  6.301150  0.223092
54.100000  6.197350  0.477085
54.200000  6.515450  0.692753
54.300000  6.457700  0.674297
54.400000  6.456500  0.838911
54.500000  6.228600  0.685469
54.600000  6.374300  0.472064
54.700000  6.116250  0.682853
54.800000  6.344050  0.536765
54.900000  6.496500  0.722663
55.000000  6.388850  0.619496
55.100000  6.393700  0.797192
55.200000  6.436950  0.704773
55.300000  6.207600  0.503743
55.400000  6.519500  0.595808
55.500000  6.371500  0.514491
55.600000  6.037850  0.619638
55.700000  6.338850  0.856236
55.800000  6.263950  0.656266
55.900000  6.404600  0.269266
56.000000  6.193050  0.284045
56.100000  6.348250  0.740694
56.200000  6.282850  0.688651
56.300000  6.356450  0.272731
56.400000  6.381650  0.217435
56.500000  6.498900  0.717996
56.600000  6.139050  0.429002
56.700000  6.172100  0.353978
56.800000  6.319800  0.474610
56.900000  6.128450  0.541432
57.000000  6.442400  0.545886
57.100000  6.319850  0.300733
57.200000  6.373550  0.235962
57.300000  6.398650  0.210223
57.400000  6.549250  0.109531
57.500000  6.339800  0.241123
57.600000  6.082550  0.455023
57.700000  6.287150  0.588949
57.800000  6.285250  0.497308
57.900000  6.330350  0.575231
58.000000  6.298550  0.747907
58.100000  6.400950  0.594889
58.200000  6.413650  0.620910
58.300000  6.448650  0.373847
58.400000  6.421650  0.292106
58.500000  6.207500  0.659024
58.600000  6.330400  0.485782
58.700000  6.268050  0.636608
58.800000  6.463350  0.417971
58.900000  6.229850  0.459973
59.000000  6.163500  0.119925
59.100000  6.158250  0.218567
59.200000  6.049800  0.476307
59.300000  6.134700  0.212839
59.400000  6.371250  0.147432
59.500000  6.244800  0.466832
59.600000  6.389050  0.256468
59.700000  6.276300  0.549988
59.800000  6.404100  0.515057
59.900000  6.594100  0.367554
60.000000  6.512700  0.365291
60.100000  6.347800  0.754483
60.200000  6.349600  0.720966
60.300000  6.597050  0.841952
60.400000  6.245550  0.775767
60.500000  6.466750  0.528421
60.600000  6.498600  0.803132
60.700000  6.282750  0.387565
60.800000  6.346700  0.561443
60.900000  6.005850  0.437770
61.000000  6.279150  0.697278
61.100000  6.465250  0.280651
61.200000  6.226400  0.540371
61.300000  6.450500  0.537684
61.400000  6.486250  0.349381
61.500000  6.691950  0.659518
61.600000  6.555650  0.323077
61.700000  6.533150  0.131875
61.800000  6.334200  0.397818
61.900000  6.506550  0.522481
62.000000  6.430150  0.021567
62.100000  6.211750  0.790758
62.200000  6.174550  0.292954
62.300000  6.525800  0.020365
62.400000  6.294450  0.497308
62.500000  6.610900  0.083156
62.600000  6.395800  0.274640
62.700000  6.288250  0.191838
62.800000  6.474050  0.370878
62.900000  6.475850  0.110379
63.000000  6.525950  0.365362
63.100000  6.418200  0.438689
63.200000  6.465800  0.529764
63.300000  6.498000  0.238578
63.400000  6.574400  0.250881
63.500000  6.271650  0.358008
63.600000  6.312950  0.563211
63.700000  6.211950  0.264811
63.800000  6.448300  0.419880
63.900000  6.377000  0.455377
64.000000  6.243850  0.062013
64.100000  6.385400  0.581666
64.200000  6.450250  0.263397
64.300000  6.625850  0.417688
64.400000  6.423600  0.800869
64.500000  6.445950  0.353341
64.600000  6.435950  0.263539
64.700000  6.539000  0.190495
64.800000  6.602200  0.180736
64.900000  6.367900  0.001838
65.000000  6.725500  0.122047
65.100000  6.542150  0.398172
65.200000  6.506400  0.068872
65.300000  6.743750  0.217718
65.400000  6.481400  0.392161
65.500000  6.538850  0.199758
65.600000  6.605850  0.252508
65.700000  6.492100  0.086126
65.800000  6.642400  0.270256
65.900000  6.617600  0.106773
66.000000  6.096950  0.664185
66.100000  6.167850  0.591919
66.200000  6.279500  0.398808
66.300000  6.326700  0.240558
66.400000  6.166950  0.068519
66.500000  6.215850  0.434376
66.600000  6.055550  0.768130
66.700000  6.264400  0.229385
66.800000  6.178750  0.516259
66.900000  6.361500  0.389333
67.000000  6.038200  0.377878
67.100000  6.285800  0.718420
67.200000  6.164450  0.462519
67.300000  6.400200  0.704985
67.400000  6.365150  0.659236
67.500000  6.350050  0.849165
67.600000  6.398900  0.640639
67.700000  6.298550  0.580181
67.800000  6.017750  0.466337
67.900000  6.349350  0.284610
68.000000  6.425650  0.242608
68.100000  6.173500  0.186111
68.200000  6.222400  0.342523
68.300000  5.806150  0.877025
68.400000  6.037650  0.527997
68.500000  6.143150  0.576646
68.600000  6.051400  0.419031
68.700000  6.074250  0.596162
68.800000  6.068600  0.733411
68.900000  6.272950  0.548361
69.000000  5.944600  0.542492
69.100000  6.125500  0.671327
69.200000  6.166150  0.393364
69.300000  6.106850  0.159311
69.400000  6.083000  0.358362
69.500000  6.200850  0.462801
69.600000  6.080950  0.806738
69.700000  6.277250  0.316572
69.800000  6.117100  0.699187
69.900000  5.906450  0.810557
70.000000  6.326750  0.410758
70.100000  6.224400  0.372645
70.200000  6.052950  0.426598
70.300000  6.103700  0.248760
70.400000  6.241050  0.107975
70.500000  6.297000  0.279307
70.600000  6.195350  0.725987
70.700000  6.175100  0.309006
70.800000  6.196200  0.497379
70.900000  6.368850  0.328451
71.000000  6.462200  0.464286
71.100000  6.658900  0.756321
71.200000  6.448950  0.433527
71.300000  6.252650  0.466196
71.400000  6.370950  0.413162
71.500000  6.141300  0.443639
71.600000  6.312200  0.460751
71.700000  6.297950  0.199192
71.800000  6.447750  0.316430
71.900000  6.266500  0.177767
72.000000  6.368600  0.465276
72.100000  6.521550  0.018738
72.200000  6.412650  0.485287
72.300000  6.396150  0.344290
72.400000  6.367650  0.436780
72.500000  6.709950  0.423911
72.600000  6.398850  0.688934
72.700000  6.724500  0.610092
72.800000  6.703450  0.787505
72.900000  6.490000  0.661993
73.000000  6.930950  0.222809
73.100000  6.579050  0.570140
73.200000  6.852100  0.642194
73.300000  6.484350  0.375120
73.400000  6.749400  0.677833
73.500000  6.762950  0.461670
73.600000  6.873650  0.620910
73.700000  6.829600  0.539522
73.800000  6.915000  0.577423
73.900000  6.772700  0.790545
74.000000  6.712900  0.639932
74.100000  6.686250  0.825264
74.200000  6.552550  0.559534
74.300000  6.458100  0.106632
74.400000  6.588600  0.483095
74.500000  6.554200  0.288924
74.600000  6.576000  0.310278
74.700000  6.537250  0.338209
74.800000  6.985100  0.605849
74.900000  6.666500  0.491439
75.000000  6.574100  0.326259
75.100000  6.466650  0.635901
75.200000  6.746750  0.514137
75.300000  6.578200  0.601889
75.400000  6.578750  0.581171
75.500000  6.377650  0.597010
75.600000  6.590050  0.524603
75.700000  6.365550  0.390818
75.800000  6.563700  0.185262
75.900000  6.244900  0.532027
76.000000  6.453250  0.255902
76.100000  6.270000  0.352281
76.200000  6.426200  0.012445
76.300000  6.398750  0.208809
76.400000  6.502200  0.087116
76.500000  6.455800  0.065902
76.600000  6.602150  0.029628
76.700000  6.506100  0.086267
76.800000  6.668200  0.047659
76.900000  6.415800  0.296419
77.000000  6.381900  0.232921
77.100000  6.575800  0.478853
77.200000  6.578100  0.135340
77.300000  6.559550  0.057629
77.400000  6.736450  0.293803
77.500000  6.382300  0.057558
77.600000  6.307400  0.016405
77.700000  6.743900  0.202798
77.800000  6.601100  0.101116
77.900000  6.295950  0.218425
78.000000  6.600700  0.108470
78.100000  6.494150  0.157897
78.200000  6.629350  0.140785
78.300000  6.634700  0.162635
78.400000  6.585700  0.006505
78.500000  6.726700  0.512370
78.600000  6.579850  0.390535
78.700000  6.359850  0.371019
78.800000  6.571900  0.319329
78.900000  6.508750  0.341745
79.000000  6.668200  0.542492
79.100000  6.502350  0.254912
79.200000  6.494600  0.041719
79.300000  6.569550  0.008273
79.400000  6.396100  0.166312
79.500000  6.516650  0.095106
79.600000  6.325050  0.248124
79.700000  6.464700  0.081883
79.800000  6.663400  0.056569
79.900000  6.693000  0.493561
80.000000  6.752550  0.093974
80.100000  6.521100  0.053599
80.200000  6.765700  0.003536
80.300000  6.483350  0.146018
80.400000  6.438900  0.203505
80.500000  6.431850  0.066256
80.600000  6.420550  0.187595
80.700000  6.247800  0.292177
80.800000  6.728950  0.065690
80.900000  6.608250  0.067246
81.000000  6.667150  0.084641
81.100000  6.627400  0.056286
81.200000  6.516400  0.281287
81.300000  6.371050  0.237800
81.400000  6.509950  0.046598
81.500000  6.484850  0.000071
81.600000  6.615350  0.298328
81.700000  6.749650  0.392939
81.800000  6.775150  0.267216
81.900000  6.740550  0.211637
82.000000  6.705300  0.072691
82.100000  6.566450  0.067387
82.200000  6.817650  0.302430
82.300000  6.757000  0.269549
82.400000  6.854900  0.164897
82.500000  6.617250  0.297197
82.600000  6.661050  0.282631
82.700000  6.557700  0.280863
82.800000  6.615850  0.325481
82.900000  6.659750  0.077004
83.000000  6.469350  0.035992
83.100000  6.544850  0.024537
83.200000  6.476900  0.259791
83.300000  6.758300  0.095177
83.400000  6.977450  0.095530
83.500000  6.764950  0.025102
83.600000  6.634650  0.191414
83.700000  6.565400  0.017678
83.800000  6.645650  0.110238
83.900000  6.811050  0.194808
84.000000  6.429250  0.403263
84.100000  6.349850  0.339199
84.200000  6.488250  0.126360
84.300000  6.498250  0.177696
84.400000  6.603150  0.084075
84.500000  6.459950  0.236810
84.600000  6.398300  0.435861
84.700000  6.325900  0.363453
84.800000  6.489700  0.211849
84.900000  6.479550  0.093409
85.000000  6.282900  0.028567
85.100000  6.260150  0.081105
85.200000  6.310100  0.272943
85.300000  6.334150  0.157756
85.400000  6.451050  0.085489
85.500000  6.046750  0.014920
85.600000  6.450750  0.083651
85.700000  6.185850  0.083368
85.800000  6.340850  0.039386
85.900000  6.280300  0.133219
86.000000  6.406250  0.104864
86.100000  6.406450  0.223941
86.200000  6.414500  0.040729
86.300000  6.470600  0.258235
86.400000  6.354200  0.127562
86.500000  6.251400  0.163766
86.600000  6.259200  0.445194
86.700000  6.380850  0.186040
86.800000  6.508900  0.022486
86.900000  6.408800  0.201243
87.000000  6.443000  0.547725
87.100000  6.619650  0.595030
87.200000  6.739600  0.416203
87.300000  6.439850  0.498722
87.400000  6.425600  0.302359
87.500000  6.362100  0.501056
87.600000  6.777700  0.016263
87.700000  6.611500  0.052892
87.800000  6.784200  0.181585
87.900000  6.655150  0.050417
88.000000  6.673900  0.144674
88.100000  6.633700  0.022627
88.200000  6.590250  0.011384
88.300000  6.539900  0.081176
88.400000  6.481750  0.072196
88.500000  6.543000  0.030406
88.600000  6.557150  0.211496
88.700000  6.327950  0.076297
88.800000  6.652850  0.566746
88.900000  6.643600  0.037052
89.000000  6.656600  0.633851
89.100000  6.378500  0.168574
89.200000  6.506400  0.241689
89.300000  6.277500  0.162352
89.400000  6.252700  0.012869
89.500000  6.301400  0.125865
89.600000  6.297850  0.133007
89.700000  6.089200  0.470792
89.800000  6.127600  0.328239
89.900000  6.352850  0.318127
90.000000  6.516300  0.240982
90.100000  6.364750  0.071630
90.200000  6.276950  0.242325
90.300000  6.464050  0.037265
90.400000  6.662450  0.211213
90.500000  6.517900  0.067458
90.600000  6.723350  0.401283
90.700000  6.473600  0.022910
90.800000  6.562100  0.014284
90.900000  6.455450  0.069367
91.000000  6.453300  0.440103
91.100000  6.476950  0.312470
91.200000  6.591750  0.420234
91.300000  6.429600  0.262478
91.400000  6.388900  0.497237
91.500000  6.238900  0.150897
91.600000  6.436400  0.171261
91.700000  6.249950  0.447386
91.800000  6.558500  0.247770
91.900000  6.482200  0.113561
92.000000  6.458000  0.183989
92.100000  6.812050  0.112925
92.200000  6.453300  0.450568
92.300000  6.666400  0.171544
92.400000  6.707800  0.000990
92.500000  6.575250  0.114056
92.600000  6.527800  0.214536
92.700000  6.596250  0.240204
92.800000  6.556250  0.308794
92.900000  6.590700  0.210294
93.000000  6.681300  0.020223
93.100000  6.735850  0.093550
93.200000  6.714600  0.591283
93.300000  6.685500  0.009334
93.400000  6.536650  0.002899
93.500000  6.818650  0.206122
93.600000  6.733400  0.065478
93.700000  6.732500  0.231507
93.800000  6.373850  0.094823
93.900000  6.611400  0.075378
94.000000  6.406150  0.070923
94.100000  6.585500  0.247912
94.200000  6.781850  0.071206
94.300000  6.714600  0.237305
94.400000  6.913800  0.062084
94.500000  6.667400  0.217506
94.600000  6.729650  0.482318
94.700000  6.915300  0.226840
94.800000  6.677550  0.083934
94.900000  6.608450  0.221961
95.000000  6.742100  0.335027
95.100000  6.683300  0.041295
95.200000  6.621550  0.338209
95.300000  6.631300  0.135765
95.400000  6.753600  0.315087
95.500000  6.664350  0.077145
95.600000  6.775350  0.119996
95.700000  6.494900  0.303207
95.800000  6.850050  0.023688
95.900000  6.583200  0.161503
96.000000  6.390500  0.353271
96.100000  6.489000  0.237871
96.200000  6.744600  0.609950
96.300000  6.865750  0.522198
96.400000  6.594600  0.100833
96.500000  6.675000  0.405879
96.600000  6.475500  0.210718
96.700000  6.543650  0.210647
96.800000  6.512250  0.279378
96.900000  6.610000  0.254417
97.000000  6.632800  0.055296
97.100000  6.616450  0.040941
97.200000  6.605000  0.268559
97.300000  6.595800  0.038042
97.400000  6.361000  0.121340
97.500000  6.635050  0.436356
97.600000  6.402600  0.420304
97.700000  6.585400  0.138876
97.800000  6.420600  0.141704
97.900000  6.451200  0.065337
98.000000  6.529250  0.219415
98.100000  6.887300  0.013294
98.200000  6.788050  0.316713
98.300000  6.393850  0.485570
98.400000  6.508750  0.310632
98.500000  6.654850  0.027365
98.600000  6.939400  0.076933
98.700000  6.759750  0.174019
98.800000  6.563750  0.001768
98.900000  6.870300  0.033093
99.000000  6.485650  0.032032
99.100000  6.846050  0.512440
99.200000  6.896450  0.749321
99.300000  7.034300  0.680661
99.400000  7.069050  0.841104
99.500000  7.250300  0.915279
99.600000  6.942350  0.482742
99.700000  6.966300  0.790828
99.800000  6.957250  0.474257
99.900000  6.869400  0.725774
100.000000  6.966950  1.162271
100.100000  7.047700  0.646296
100.200000  6.427200  0.266862
100.300000  6.524900  0.280580
100.400000  6.449200  0.184413
100.500000  6.355350  0.003465
100.600000  6.807250  0.179534
100.700000  6.616650  0.056215
100.800000  6.816150  0.045891
100.900000  6.540800  0.174090
101.000000  6.683200  0.249467
101.100000  6.623850  0.400717
101.200000  6.581850  0.120703
101.300000  6.749900  0.132370
101.400000  6.565950  0.158604
101.500000  6.540850  0.043487
101.600000  6.281850  0.001485
101.700000  6.696250  0.485570
101.800000  6.610400  0.131239
101.900000  6.471300  0.025314
102.000000  6.565000  0.094752
102.100000  6.666500  0.018668
102.200000  6.508700  0.177625
102.300000  6.555250  0.244305
102.400000  6.589100  0.103945
102.500000  6.398800  0.118511
102.600000  6.673750  0.233416
102.700000  6.553800  0.240558
102.800000  6.476850  0.200748
102.900000  6.700450  0.088600
103.000000  6.593900  0.305470
103.100000  6.658950  0.156058
103.200000  6.687150  0.099773
103.300000  6.592950  0.120845
103.400000  6.658450  0.012092
103.500000  6.669900  0.377029
103.600000  6.405900  0.226981
103.700000  6.336800  0.355109
103.800000  6.572250  0.284752
103.900000  6.699100  0.200535
104.000000  6.270100  0.244093
104.100000  6.466550  0.271600
104.200000  6.552550  0.367625
104.300000  6.809750  0.076438
104.400000  6.620500  0.336583
104.500000  6.704150  0.211920
104.600000  6.473400  0.278600
104.700000  6.535200  0.675428
104.800000  6.650250  0.151533
104.900000  6.627200  0.257811
105.000000  6.623550  0.305399
105.100000  6.548050  0.265660
105.200000  6.631450  0.753139
105.300000  6.595850  0.298753
105.400000  6.715300  0.549139
105.500000  6.598150  0.289984
105.600000  6.650300  0.429638
105.700000  6.433500  0.504733
105.800000  6.748200  0.360483
105.900000  6.610400  0.253710
106.000000  6.636100  0.203364
106.100000  6.708500  0.609385
106.200000  6.606950  0.149412
106.300000  6.460600  0.393717
106.400000  6.479550  0.566322
106.500000  6.825150  0.002475
106.600000  6.344100  0.230375
106.700000  6.753400  0.151745
106.800000  6.911650  0.138381
106.900000  6.542600  0.172534
107.000000  6.770800  0.686884
107.100000  6.443750  0.696854
107.200000  6.658950  0.598566
107.300000  6.703700  0.280580
107.400000  6.520450  0.636750
107.500000  6.588900  0.724926
107.600000  6.702650  0.320673
107.700000  6.494300  0.649690
107.800000  6.445150  0.285600
107.900000  6.548200  0.294156
108.000000  6.558050  0.783545
108.100000  6.544850  0.644386
108.200000  6.494000  0.713329
108.300000  6.321300  0.329795
108.400000  6.544550  0.379787
108.500000  6.834700  0.793091
108.600000  6.822350  0.716936
108.700000  6.613650  0.784676
108.800000  6.477850  0.438053
108.900000  6.684800  0.499783
109.000000  6.845950  0.628264
109.100000  6.649350  0.377807
109.200000  6.542850  0.496035
109.300000  6.415550  0.866984
109.400000  6.583950  0.578908
109.500000  6.618550  0.538320
109.600000  6.665150  0.587252
109.700000  6.686650  0.667580
109.800000  6.601450  0.738290
109.900000  6.705350  0.189575
110.000000  6.602550  0.564483
110.100000  6.463350  0.369888
110.200000  6.602650  0.571696
110.300000  6.565600  0.293166
110.400000  6.691550  0.544402
110.500000  6.736100  0.314945
110.600000  6.567400  0.253427
110.700000  6.569800  0.396970
110.800000  6.598300  0.290197
110.900000  6.573100  0.598778
111.000000  6.875150  0.753847
111.100000  6.778950  0.594465
111.200000  6.612150  0.804051
111.300000  6.805550  0.573393
111.400000  6.834600  0.172534
111.500000  6.677400  0.730724
111.600000  6.681300  0.907642
111.700000  6.786750  0.456720
111.800000  6.933500  0.463721
111.900000  6.770950  0.916198
112.000000  6.731850  0.668711
112.100000  6.684000  0.322441
112.200000  6.713450  0.478358
112.300000  6.976050  0.724714
112.400000  7.257950  0.401000
112.500000  7.018200  0.391454
112.600000  6.942300  0.751089
112.700000  6.953850  0.697702
112.800000  6.760750  0.379787
112.900000  6.815200  0.461034
113.000000  6.817050  0.141351
113.100000  6.767450  0.331704
113.200000  6.970500  0.096025
113.300000  6.722400  0.186252
113.400000  6.832700  0.147361
113.500000  7.191750  0.374413
113.600000  6.934050  0.443285
113.700000  7.044850  0.127491
113.800000  6.854300  0.548008
113.900000  6.976400  0.073115
114.000000  6.983600  0.464145
114.100000  7.135050  0.032173
114.200000  7.441450  0.063145
114.300000  6.997650  0.016617
114.400000  7.139100  0.125724
114.500000  6.582600  0.477721
114.600000  6.868650  0.334674
114.700000  6.915700  0.362463
114.800000  6.732650  0.017324
114.900000  6.697800  0.038042
115.000000  6.565250  0.180666
115.100000  6.558950  0.254629
115.200000  6.469950  0.030335
115.300000  6.664100  0.136189
115.400000  6.647800  0.263468
115.500000  6.623100  0.040305
115.600000  6.526950  0.040800
115.700000  6.836600  0.034507
115.800000  6.819600  0.225426
115.900000  6.361950  0.099207
116.000000  6.548750  0.125936
116.100000  6.461250  0.168645
116.200000  6.576350  0.028355
116.300000  6.274950  0.470297
116.400000  6.649300  0.100126
116.500000  6.529300  0.266438
116.600000  6.805150  0.148987
116.700000  7.047700  0.188090
116.800000  7.082450  0.097086
116.900000  6.880150  0.499995
117.000000  6.721150  0.181656
117.100000  6.803750  0.193535
117.200000  6.719150  0.091005
117.300000  6.762400  0.117804
117.400000  6.900900  0.417193
117.500000  6.460750  0.002333
117.600000  6.612900  0.204495
117.700000  6.557950  0.714956
117.800000  6.782900  0.187383
117.900000  6.650150  0.269620
118.000000  6.695050  0.141068
118.100000  6.461850  0.021142
118.200000  6.780750  0.218991
118.300000  6.608550  0.031325
118.400000  6.740000  0.384949
118.500000  6.558550  0.447669
118.600000  6.397250  0.579898
118.700000  6.768050  0.017183
118.800000  6.660350  0.451629
118.900000  6.615200  0.476307
119.000000  6.377800  0.173948
119.100000  6.531600  0.193747
119.200000  6.669050  0.043204
119.300000  6.353150  0.026375
119.400000  6.605550  0.401142
119.500000  6.787650  0.255478
119.600000  6.836700  0.155846
119.700000  6.724650  0.095813
119.800000  6.997900  0.070711
119.900000  6.892600  0.401637
120.000000  6.636600  0.110874
120.100000  6.610000  0.164756
120.200000  6.682050  0.238083
120.300000  6.614200  0.306177
120.400000  6.633000  0.507561
120.500000  6.484250  0.364372
120.600000  6.983850  0.638730
120.700000  6.587550  0.437770
120.800000  6.638550  0.268347
120.900000  6.635300  0.181161
121.000000  6.656750  0.319117
121.100000  6.489550  0.052397
121.200000  6.681300  0.056003
121.300000  7.381750  0.441871
121.400000  7.124400  0.236315
121.500000  7.141650  0.268064
121.600000  7.150600  0.114127
121.700000  6.849900  0.221607
121.800000  7.070950  0.194808
121.900000  6.885300  0.140431
122.000000  7.048850  0.165534
122.100000  6.838800  0.294581
122.200000  6.460800  0.530330
122.300000  6.761750  0.263539
122.400000  7.045650  0.099631
122.500000  6.864750  0.026799
122.600000  6.932550  0.334674
122.700000  7.072050  0.341886
122.800000  6.805000  0.845983
122.900000  6.705200  0.730300
123.000000  6.777900  0.513642
123.100000  6.930200  0.207041
123.200000  6.957400  0.204920
123.300000  6.917200  0.345634
123.400000  6.984450  0.585272
123.500000  6.812300  0.330785
123.600000  6.572450  0.532522
123.700000  6.602200  0.310844
123.800000  6.698450  0.522340
123.900000  6.659850  0.349381
124.000000  6.557350  0.031325
124.100000  6.748850  0.345563
124.200000  6.542200  0.641487
124.300000  6.609900  0.254983
124.400000  6.669000  0.092207
124.500000  6.655250  0.341603
124.600000  6.746800  0.105642
124.700000  6.682650  0.556988
124.800000  6.767000  0.212132
124.900000  6.526100  0.174514
125.000000  6.476250  0.297763
125.100000  6.791950  0.307521
125.200000  7.045850  0.855246
125.300000  6.965200  0.775979
125.400000  6.888100  0.453255
125.500000  6.570350  0.587676
125.600000  6.470950  0.118723
125.700000  6.367450  0.218850
125.800000  6.579900  0.106066
125.900000  6.410400  0.109602
126.000000  6.375250  0.231719
126.100000  6.428550  0.059043
126.200000  6.565700  0.139441
126.300000  6.495800  0.111440
126.400000  6.663250  0.079832
126.500000  6.585800  0.197283
126.600000  6.521550  0.033870
126.700000  6.707100  0.134633
126.800000  6.439650  0.096944
126.900000  6.543950  0.095530
127.000000  6.509350  0.018455
127.100000  6.448250  0.213193
127.200000  6.582300  0.210152
127.300000  6.484900  0.047235
127.400000  6.737650  0.729946
127.500000  6.705550  0.219839
127.600000  6.875950  0.430416
127.700000  6.566550  0.231860
127.800000  6.738200  0.318622
127.900000  6.845900  0.098854
128.000000  6.797400  0.736240
128.100000  6.771600  0.181019
128.200000  6.645400  0.000707
128.300000  6.591400  0.057276
128.400000  6.644850  0.235113
128.500000  6.519250  0.059326
128.600000  6.476650  0.008273
128.700000  6.675450  0.305824
128.800000  6.516250  0.101187
128.900000  6.456800  0.011879
129.000000  6.638100  0.338704
129.100000  6.724500  0.268983
129.200000  6.650400  0.047800
129.300000  6.625050  0.395485
129.400000  6.721500  0.016688
129.500000  6.580600  0.327108
129.600000  6.663200  0.278741
129.700000  6.671100  0.222456
129.800000  6.743700  0.056993
129.900000  6.795500  0.070145
130.000000  6.657900  0.061943
130.100000  6.585500  0.149482
130.200000  6.795950  0.047023
130.300000  6.560600  0.135906
130.400000  6.889300  0.205768
130.500000  6.882050  0.425042
130.600000  6.879900  0.189363
130.700000  6.799150  0.091005
130.800000  6.691450  0.038537
130.900000  6.390550  0.164685
131.000000  6.585800  0.129118
131.100000  6.512150  0.045467
131.200000  6.658250  0.183211
131.300000  6.745250  0.280085
131.400000  6.647550  0.095813
131.500000  6.687400  0.412102
131.600000  6.862350  0.524178
131.700000  6.724000  0.527926
131.800000  6.899100  0.297268
131.900000  6.854450  0.350796
132.000000  6.492300  0.350866
132.100000  6.631200  0.508975
132.200000  6.531300  0.080186
132.300000  6.774200  0.503460
132.400000  6.673950  0.316855
132.500000  6.771100  0.138169
132.600000  6.582100  0.199404
132.700000  6.724400  0.359493
132.800000  6.642300  0.035355
132.900000  6.654400  0.067458
133.000000  6.598750  0.098783
133.100000  6.543750  0.297480
133.200000  6.668900  0.043841
133.300000  6.867250  0.225921
133.400000  6.742750  0.057205
133.500000  6.569500  0.115400
133.600000  7.219950  0.533795
133.700000  6.870050  0.185474
133.800000  6.238750  0.578060
133.900000  6.470750  0.738573
134.000000  6.291100  0.463721
134.100000  6.474300  0.309713
134.200000  6.564400  0.497803
134.300000  6.543950  0.277398
134.400000  6.739600  0.305612
134.500000  6.706250  0.233699
134.600000  6.266100  0.617304
134.700000  6.491900  0.485641
134.800000  6.790600  0.035214
134.900000  6.646700  0.123319
135.000000  6.774700  0.029981
135.100000  6.568650  0.240487
135.200000  6.769300  0.126148
135.300000  6.446800  0.158675
135.400000  6.653700  0.151745
135.500000  6.790550  0.095106
135.600000  6.476000  0.128128
135.700000  6.821950  0.433810
135.800000  6.493100  0.104228
135.900000  6.540250  0.098641
136.000000  6.750000  0.360907
136.100000  6.480650  0.073610
136.200000  6.926500  0.542775
136.300000  6.617100  0.046245
136.400000  6.893200  0.551685
136.500000  6.753450  0.315440
136.600000  6.920400  0.654357
136.700000  7.137050  0.361685
136.800000  6.876800  0.742604
136.900000  7.098650  0.617799
137.000000  6.812900  0.566958
137.100000  6.874400  0.467680
137.200000  6.925800  0.288924
137.300000  7.062800  0.707814
137.400000  6.815850  0.656690
137.500000  6.837850  0.180807
137.600000  6.703550  0.204849
137.700000  6.823250  0.392232
137.800000  7.056350  0.310208
137.900000  6.748950  0.057064
138.000000  6.695950  0.043628
138.100000  6.556600  0.258660
138.200000  6.436750  0.066680
138.300000  6.627350  0.024112
138.400000  6.956950  0.403829
138.500000  6.763750  0.030193
138.600000  6.563050  0.227759
138.700000  6.588950  0.073751
138.800000  6.755200  0.083297
138.900000  6.716450  0.099773
139.000000  6.733900  0.373635
139.100000  6.598500  0.176918
139.200000  6.806650  0.068094
139.300000  6.642150  0.307096
139.400000  6.533100  0.400647
139.500000  6.517550  0.059185
139.600000  6.440900  0.333047
139.700000  6.526600  0.388767
139.800000  6.562750  0.346836
139.900000  6.615000  0.047518
140.000000  6.607950  0.226062
140.100000  6.859250  0.042780
140.200000  6.475950  0.071771
140.300000  6.891950  0.482035
140.400000  6.317800  0.067599
140.500000  6.742150  0.016900
140.600000  6.549850  0.152382
140.700000  6.570250  0.172746
140.800000  6.234100  0.168291
140.900000  6.347950  0.110379
141.000000  6.138750  0.303137
141.100000  6.491600  0.193747
141.200000  6.452900  0.108046
141.300000  6.500850  0.170625
141.400000  6.592650  0.287297
141.500000  6.571800  0.007354
141.600000  6.604200  0.041719
141.700000  6.777750  0.229456
141.800000  6.547550  0.270186
141.900000  6.444500  0.357937
142.000000  6.351200  0.511521
142.100000  6.509750  0.184201
142.200000  6.466000  0.112006
142.300000  6.401000  0.493843
142.400000  6.493850  0.059326
142.500000  6.419550  0.021708
142.600000  6.674350  0.202869
142.700000  6.446550  0.170625
142.800000  6.802050  0.089449
142.900000  6.594650  0.064842
143.000000  6.489500  0.081034
143.100000  6.473600  0.346765
143.200000  6.809300  0.112571
143.300000  6.834350  0.264104
143.400000  6.735250  0.011243
143.500000  6.664350  0.052962
143.600000  6.496400  0.131522
143.700000  6.545950  0.139512
143.800000  6.705350  0.150260
143.900000  6.748150  0.097227
144.000000  6.712500  0.063074
144.100000  6.602700  0.087398
144.200000  6.629500  0.341674
144.300000  6.588350  0.118723
144.400000  6.530650  0.293379
144.500000  6.751650  0.171473
144.600000  6.338100  0.239285
144.700000  6.588500  0.162493
144.800000  6.482600  0.079479
144.900000  6.386250  0.402273
145.000000  6.675850  0.121834
145.100000  6.554700  0.141846
145.200000  6.430100  0.058973
145.300000  6.669650  0.214183
145.400000  6.778050  0.283479
145.500000  6.488000  0.338280
145.600000  6.592600  0.064771
145.700000  6.564750  0.335522
145.800000  6.435100  0.250881
145.900000  6.396500  0.043134
146.000000  6.092450  0.551048
146.100000  6.473450  0.278954
146.200000  6.278050  0.114481
146.300000  6.675050  0.046740
146.400000  6.490650  0.122966
146.500000  6.565800  0.167301
146.600000  6.454350  0.285883
146.700000  6.582300  0.025880
146.800000  6.682800  0.117380
146.900000  6.704050  0.135128
147.000000  6.757150  0.125653
147.100000  6.582700  0.301793
147.200000  6.452250  0.119713
147.300000  6.379300  0.346058
147.400000  6.429900  0.415072
147.500000  6.642300  0.152452
147.600000  6.630150  0.291823
147.700000  6.350050  0.243457
147.800000  6.065200  0.445336
147.900000  6.264550  0.172463
148.000000  6.247500  0.504733
148.100000  5.994500  0.417476
148.200000  6.177700  0.597222
148.300000  6.449450  0.453609
148.400000  6.515600  0.705551
148.500000  6.174200  0.858993
148.600000  6.406750  0.971070
148.700000  6.371250  0.707460
148.800000  5.895750  0.565756
148.900000  6.269400  0.860832
149.000000  6.275200  0.568938
149.100000  6.307500  0.664963
149.200000  6.351200  0.362322
149.300000  6.235350  0.406374
149.400000  6.496000  0.227971
149.500000  6.240600  0.745856
149.600000  6.432050  0.405243
149.700000  6.511850  0.747483
149.800000  6.301450  0.733765
149.900000  6.421350  1.021557
150.000000  6.357800  0.756321
150.100000  6.202150  0.439608
150.200000  6.269600  0.444770
150.300000  6.275400  0.703430
150.400000  6.382450  0.934724
150.500000  6.277600  0.627911
150.600000  6.366100  0.628335
150.700000  6.313950  0.701662
150.800000  6.265050  0.383323
150.900000  6.477750  0.494197
151.000000  6.457000  0.472772
151.100000  6.394150  0.477085
151.200000  6.166200  0.719269
151.300000  6.411600  0.480126
151.400000  6.395850  0.503531
151.500000  6.480850  0.338633
151.600000  6.157500  0.579545
151.700000  6.477900  0.422567
151.800000  6.443950  0.447245
151.900000  6.593800  0.143118
152.000000  6.328450  0.359564
152.100000  6.402550  0.224224
152.200000  6.513850  0.146866
152.300000  6.325400  0.363311
152.400000  6.154850  0.269903
152.500000  6.182000  0.821375
152.600000  6.419250  0.572827
152.700000  6.679200  0.151179
152.800000  6.349700  0.302500
152.900000  6.402750  0.442012
153.000000  6.321000  0.220476
153.100000  6.614050  0.091146
153.200000  6.454050  0.234972
153.300000  6.507200  0.475176
153.400000  6.516450  0.110662
153.500000  6.481800  0.356806
153.600000  6.413750  0.288712
153.700000  6.373450  0.277681
153.800000  6.442350  0.317137
153.900000  6.435000  0.089944
154.000000  6.343350  0.375686
154.100000  6.692600  0.213263
154.200000  6.430000  0.164473
154.300000  6.638800  0.037618
154.400000  6.479000  0.006223
154.500000  6.368150  0.467893
154.600000  6.197800  0.317067
154.700000  6.512200  0.325128
154.800000  6.300600  0.321026
154.900000  6.415050  0.468458
155.000000  6.111300  0.574454
155.100000  6.320900  0.366988
155.200000  6.339600  0.473054
155.300000  6.237000  0.824628
155.400000  6.617650  0.258165
155.500000  6.494500  0.610092
155.600000  6.448750  0.360695
155.700000  6.312850  0.254346
155.800000  6.189850  0.245861
155.900000  6.163750  0.638305
156.000000  6.254300  0.646861
156.100000  6.037850  0.745503
156.200000  6.450050  0.229315
156.300000  6.244500  0.479418
156.400000  6.317950  0.329865
156.500000  6.561450  0.298753
156.600000  6.349800  0.374767
156.700000  6.500300  0.425820
156.800000  6.286950  0.436073
156.900000  6.183650  0.409627
157.000000  6.484000  0.123319
157.100000  6.507900  0.300379
157.200000  6.546500  0.480408
157.300000  6.121600  0.428648
157.400000  6.382600  0.106773
157.500000  6.349400  0.586474
157.600000  6.512500  0.220334
157.700000  6.337500  0.483378
157.800000  6.623400  0.028143
157.900000  6.534850  0.032456
158.000000  6.387750  0.294934
158.100000  6.558450  0.011243
158.200000  6.428900  0.161786
158.300000  6.539300  0.249184
158.400000  6.511350  0.409203
158.500000  6.575000  0.296278
158.600000  6.225750  0.445548
158.700000  6.197650  0.329865
158.800000  6.487400  0.157543
158.900000  6.350500  0.230800
159.000000  6.486450  0.080257
159.100000  6.656000  0.397394
159.200000  6.485500  0.197566
159.300000  6.551000  0.210576
159.400000  6.516600  0.244518
159.500000  6.555300  0.417900
159.600000  6.214100  0.361614
159.700000  6.647150  0.164119
159.800000  6.459850  0.070216
159.900000  6.356400  0.191626
160.000000  6.287700  0.207182
160.100000  6.436450  0.171473
160.200000  6.417400  0.349735
160.300000  6.278100  0.178049
160.400000  6.408750  0.295217
160.500000  6.479850  0.223941
160.600000  6.425250  0.141351
160.700000  6.525900  0.285530
160.800000  6.436900  0.325411
160.900000  6.684350  0.119289
161.000000  6.757750  0.257175
161.100000  6.510950  0.245578
161.200000  6.563550  0.001485
161.300000  6.282900  0.006223
161.400000  6.390500  0.150472
161.500000  6.461650  0.201313
161.600000  6.481500  0.317632
161.700000  6.439100  0.440245
161.800000  6.357450  0.103874
161.900000  6.434600  0.418749
162.000000  6.726400  0.082166
162.100000  6.538500  0.024466
162.200000  6.507700  0.301227
162.300000  6.473250  0.083368
162.400000  6.303150  0.343159
162.500000  6.593600  0.016546
162.600000  6.585500  0.179181
162.700000  6.483000  0.439820
162.800000  6.698550  0.221395
162.900000  6.430750  0.476378
163.000000  6.479350  0.198909
163.100000  6.627800  0.051336
163.200000  6.486750  0.163978
163.300000  6.542000  0.114127
163.400000  6.441100  0.248619
163.500000  6.284800  0.275913
163.600000  6.716300  0.063215
163.700000  6.432100  0.245790
163.800000  6.440150  0.307662
163.900000  6.547600  0.143260
164.000000  6.634050  0.153513
164.100000  6.547900  0.010465
164.200000  6.476900  0.123885
164.300000  6.603350  0.029204
164.400000  6.846900  0.111299
164.500000  6.512650  0.416557
164.600000  6.499400  0.456932
164.700000  6.335700  0.343088
164.800000  6.361850  0.265801
164.900000  6.471950  0.435224
165.000000  6.467050  0.330290
165.100000  6.412650  0.432254
165.200000  6.550050  0.654852
165.300000  6.511400  0.483237
165.400000  6.435750  0.515127
165.500000  6.556700  0.325552
165.600000  6.665000  0.419314
165.700000  6.916200  0.011314
165.800000  6.337000  0.355250
165.900000  6.523250  0.521491
166.000000  6.531800  0.266155
166.100000  6.479950  0.572827
166.200000  6.661150  0.357725
166.300000  6.970300  0.103520
166.400000  6.654050  0.433527
166.500000  6.590900  0.061094
166.600000  6.776750  0.238790
166.700000  6.608450  0.003041
166.800000  6.775600  0.205344
166.900000  6.862750  0.269903
167.000000  6.929100  0.187808
167.100000  6.805400  0.212273
167.200000  7.038400  0.395838
167.300000  6.973900  0.047518
167.400000  6.826650  0.024961
167.500000  6.764400  0.130249
167.600000  7.004300  0.352988
167.700000  6.965450  0.037689
167.800000  6.656450  0.106278
167.900000  6.861750  0.109814
168.000000  6.747350  0.193535
168.100000  6.787450  0.256750
168.200000  6.795450  0.076580
168.300000  6.843800  0.042426
168.400000  7.063650  0.420092
168.500000  6.716300  0.015839
168.600000  6.665950  0.034153
168.700000  6.715800  0.008202
168.800000  6.478500  0.336017
168.900000  6.647000  0.129966
169.000000  6.872900  0.091358
169.100000  6.770700  0.226557
169.200000  6.918250  0.319966
169.300000  6.653150  0.010253
169.400000  6.568850  0.147856
169.500000  6.644550  0.071206
169.600000  6.563850  0.135270
169.700000  7.019700  0.565120
169.800000  6.658650  0.500844
169.900000  6.541700  0.010607
170.000000  6.694300  0.083580
170.100000  6.460950  0.043770
170.200000  6.660450  0.190848
170.300000  6.446650  0.017324
170.400000  6.464500  0.434871
170.500000  6.680500  0.063357
170.600000  6.516350  0.206122
170.700000  6.506800  0.411678
170.800000  6.489950  0.169352
170.900000  6.696250  0.084358
171.000000  6.643550  0.242891
171.100000  6.557250  0.066822
171.200000  6.408150  0.014496
171.300000  6.335450  0.252366
171.400000  6.465500  0.631588
171.500000  6.399350  0.386717
171.600000  6.372550  0.614405
171.700000  6.267000  0.465559
171.800000  6.332150  0.615254
171.900000  6.371300  0.206051
172.000000  6.319300  0.293308
172.100000  6.243900  0.781494
172.200000  6.382250  0.243881
172.300000  6.386600  0.521138
172.400000  6.047750  0.714814
172.500000  6.140150  0.521774
172.600000  6.143400  0.495965
172.700000  6.242800  0.528633
172.800000  6.151300  0.620698
172.900000  6.229900  0.707531
173.000000  6.201950  0.546240
173.100000  6.111100  0.480833
173.200000  6.281050  0.404819
173.300000  6.171850  0.444275
173.400000  6.283700  0.421577
173.500000  6.286000  0.508410
173.600000  6.095950  0.883954
173.700000  6.218350  0.498722
173.800000  6.269400  0.455235
173.900000  6.197500  0.853761
174.000000  6.155200  0.725916
174.100000  6.068550  0.737866
174.200000  6.130600  0.656478
174.300000  6.096400  0.598919
174.400000  6.139500  0.754483
174.500000  6.224000  1.134482
174.600000  6.230400  0.563847
174.700000  6.140450  0.822012
174.800000  6.236750  0.528138
174.900000  6.303800  0.738078
175.000000  6.226150  0.784394
175.100000  6.306800  0.322441
175.200000  5.989300  0.478428
175.300000  6.092350  0.792596
175.400000  6.014800  0.808364
175.500000  6.230750  1.086611
175.600000  6.023050  0.979979
175.700000  6.201950  0.536623
175.800000  6.112950  0.423628
175.900000  6.155650  0.891167
176.000000  6.315650  0.663903
176.100000  6.086000  0.675711
176.200000  6.106600  0.811476
176.300000  6.088050  0.815506
176.400000  5.906700  0.650680
176.500000  6.390350  0.345139
176.600000  6.027750  0.585131
176.700000  5.827600  0.601889
176.800000  6.242850  0.649619
176.900000  6.176400  0.698197
177.000000  5.990150  0.767847
177.100000  5.954550  0.504238
177.200000  5.975000  0.734401
177.300000  6.342900  1.035629
177.400000  6.058700  0.939179
177.500000  6.214400  1.031245
177.600000  6.104900  0.720118
177.700000  5.893000  0.838204
177.800000  5.988050  0.707602
177.900000  5.853650  0.718350
178.000000  6.045300  0.913016
178.100000  5.859050  0.964140
178.200000  6.034500  0.471357
178.300000  6.117450  0.302430
178.400000  6.220050  0.760776
178.500000  6.144950  0.471287
178.600000  6.149400  0.398950
178.700000  6.045100  0.638942
178.800000  6.456600  0.502470
178.900000  6.326150  0.583292
179.000000  6.591150  0.643396
179.100000  6.213500  0.947382
179.200000  6.436750  0.629820
179.300000  6.325400  0.948230
179.400000  6.493700  1.008476
179.500000  6.161950  0.597576
179.600000  5.961500  0.915845
179.700000  6.366750  0.920441
179.800000  6.505850  0.992000
179.900000  6.496900  0.791818
180.000000  6.404350  0.720188
180.100000  6.098550  0.665175
180.200000  6.573400  0.757594
180.300000  6.447600  0.839336
180.400000  6.082350  0.752998
180.500000  6.355300  1.191616
180.600000  6.004200  1.069994
180.700000  6.573500  1.357504
180.800000  6.248800  0.916269
180.900000  6.354800  1.658731
181.000000  5.947750  1.294076
181.100000  5.794050  1.013355
181.200000  5.781200  1.096440
181.300000  5.760500  1.115390
181.400000  5.764450  0.916623
181.500000  5.765650  1.105279
181.600000  5.838200  0.865074
181.700000  5.990650  0.675782
181.800000  5.837200  1.349725
181.900000  5.909700  0.985141
182.000000  5.895250  1.178111
182.100000  5.988950  0.870661
182.200000  5.990000  1.086399
182.300000  5.730450  1.295207
182.400000  5.973900  1.033932
182.500000  6.197550  0.556422
182.600000  5.917600  0.700177
182.700000  6.205200  0.403334
182.800000  6.097750  0.745644
182.900000  5.701300  0.927017
183.000000  5.954000  0.956574
183.100000  5.879600  0.828305
183.200000  5.839750  1.039518
183.300000  5.894700  0.794929
183.400000  6.114300  0.754766
183.500000  6.007900  1.030255
183.600000  6.019700  0.952190
183.700000  5.879600  0.811334
183.800000  5.764050  0.907572
183.900000  5.976050  0.918037
184.000000  5.882850  0.933452
184.100000  6.110250  1.033578
184.200000  6.114750  1.079964
184.300000  6.164050  0.759928
184.400000  6.091900  0.597222
184.500000  6.102800  0.815436
184.600000  5.909350  0.829083
184.700000  6.015800  1.065044
184.800000  6.005600  1.085833
184.900000  6.082850  0.929492
185.000000  6.102700  1.210425
185.100000  6.196200  0.824345
185.200000  5.865450  0.869529
185.300000  6.182250  0.659801
185.400000  6.316800  0.548149
185.500000  6.235250  0.411041
185.600000  6.245350  0.780575
185.700000  6.651100  0.178332
185.800000  6.156950  0.749038
185.900000  6.140600  0.720118
186.000000  6.220250  0.774635
186.100000  6.035850  0.888904
186.200000  6.154050  1.029335
186.300000  6.176300  0.776828
186.400000  6.257700  0.999566
186.500000  6.093000  1.063347
186.600000  6.320950  1.066246
186.700000  6.529000  1.427649
186.800000  6.309900  1.230507
186.900000  6.545300  1.162908
187.000000  6.317300  0.986131
187.100000  6.286400  0.815860
187.200000  6.143650  0.645235
187.300000  6.288050  0.877449
187.400000  6.231650  0.791323
187.500000  5.809600  1.189071
187.600000  5.882450  1.082227
187.700000  5.808200  1.096298
187.800000  5.969000  1.386495
187.900000  5.864750  1.171464
188.000000  5.985150  1.272439
188.100000  6.006750  1.164251
188.200000  5.809250  1.122532
188.300000  6.043350  1.296905
188.400000  5.827350  1.277671
188.500000  6.000800  1.189212
188.600000  5.638000  1.250306
188.700000  5.724750  1.337210
188.800000  5.940400  1.175494
188.900000  5.896950  1.392081
189.000000  6.119550  1.388263
189.100000  6.315500  1.184545
189.200000  5.762050  1.605203
189.300000  5.894000  1.229942
189.400000  5.744050  1.198900
189.500000  5.956200  1.011587
189.600000  5.868650  0.876742
189.700000  5.790150  1.321795
189.800000  5.937100  1.307016
189.900000  5.827300  1.366555
190.000000  5.869000  1.322290
190.100000  5.639950  1.533502
190.200000  5.815950  1.607607
190.300000  5.743150  1.291106
190.400000  5.681350  1.516108
190.500000  5.869300  1.266428
190.600000  5.810950  1.347533
190.700000  5.775150  1.480187
190.800000  5.745700  1.018092
190.900000  5.678900  1.393707
191.000000  5.738650  1.429558
191.100000  5.895600  1.715441
191.200000  5.803800  1.548422
191.300000  5.855000  1.199395
191.400000  5.864400  1.397809
191.500000  5.618850  1.239912
191.600000  5.877400  1.213678
191.700000  5.809750  1.341877
191.800000  5.712050  1.360686
191.900000  5.867450  0.997940
192.000000  5.957200  1.198970
192.100000  5.757750  1.407355
192.200000  5.863500  1.863651
192.300000  5.800150  1.356160
192.400000  5.935850  1.637164
192.500000  5.788800  1.489874
192.600000  5.893500  1.654347
192.700000  5.694500  1.103652
192.800000  5.829050  1.674358
192.900000  5.774200  1.537109
193.000000  6.001600  1.230931
193.100000  5.655650  1.413436
193.200000  5.660700  1.652509
193.300000  5.766650  1.258721
193.400000  5.938150  1.329149
193.500000  5.862750  1.352342
193.600000  5.839000  1.395122
193.700000  6.011900  1.202647
193.800000  6.063500  0.949503
193.900000  5.860800  1.326957
194.000000  5.960750  1.203708
194.100000  5.880950  1.405940
194.200000  5.968400  1.207031
194.300000  6.135500  0.953321
194.400000  5.845150  1.227467
194.500000  6.000100  1.343927
194.600000  5.687150  1.362524
194.700000  5.910300  1.400354
194.800000  5.742500  1.302349
194.900000  5.860750  0.829224
195.000000  6.059050  1.099339
195.100000  6.078050  1.088449
195.200000  5.816850  0.988606
195.300000  6.236600  0.953887
195.400000  6.042150  0.765867
195.500000  6.050400  1.052599
195.600000  6.445650  0.277964
195.700000  6.055600  0.745715
195.800000  6.146100  0.892934
195.900000  5.934250  0.921855
196.000000  6.047600  0.555645
196.100000  6.259850  0.658811
196.200000  6.025700  0.898167
196.300000  6.202700  0.914148
196.400000  6.019650  0.802637
196.500000  6.115550  0.483732
196.600000  6.103600  0.918390
196.700000  6.075150  0.857650
196.800000  5.950850  1.080388
196.900000  6.155400  0.774989
197.000000  6.182650  0.803768
197.100000  5.885200  0.976090
197.200000  6.053350  0.782696
197.300000  6.239350  0.676489
197.400000  6.217100  0.556210
197.500000  6.309200  0.845134
197.600000  6.174650  0.664327
197.700000  6.054850  0.538603
197.800000  5.950750  0.876600
197.900000  6.132100  0.663690
198.000000  6.023450  0.626143
198.100000  5.916650  0.981252
198.200000  6.111800  1.024739
198.300000  6.050600  0.809354
198.400000  6.030750  0.945897
198.500000  6.104900  0.721673
198.600000  6.072250  0.767989
198.700000  6.136900  0.819678
198.800000  6.337200  0.818547
198.900000  6.278600  1.017244
199.000000  6.176700  0.758584
199.100000  5.950500  0.790121
199.200000  6.090500  0.771312
199.300000  6.074050  0.764453
199.400000  6.220200  0.876530
199.500000  5.916100  1.083146
199.600000  6.067250  1.047437
199.700000  5.996000  0.728603
199.800000  5.884200  0.614476
199.900000  6.224700  0.827174
200.000000  6.003000  0.872711
