# aggregated from 2 replicates
# x  mean  std
0.000000  69.008722  0.000000
0.100000  68.699293  0.993614
0.200000  71.207394  4.809927
0.300000  73.395408  2.041225
0.400000  70.722590  3.974311
0.500000  72.189076  6.480658
0.600000  70.906815  3.894259
0.700000  74.349477  7.537186
0.800000  71.268208  7.460926
0.900000  73.482540  6.627308
1.000000  70.030006  0.876369
1.100000  69.241724  5.707680
1.200000  70.316047  6.585689
1.300000  71.322306  0.747139
1.400000  78.778314  10.090021
1.500000  70.896693  9.472014
1.600000  70.814638  3.504832
1.700000  72.443972  17.189769
1.800000  72.909478  4.420469
1.900000  72.701045  6.559073
2.000000  79.673367  10.005778
2.100000  69.558127  9.271921
2.200000  70.476821  6.571897
2.300000  70.480599  9.268436
2.400000  59.200702  8.328374
2.500000  64.611181  5.757396
2.600000  66.951711  4.871754
2.700000  67.165099  1.910673
2.800000  65.819908  1.684314
2.900000  70.867060  3.312712
3.000000  74.137923  14.768982
3.100000  73.466076  10.290906
3.200000  74.188204  5.748757
3.300000  78.068322  13.640143
3.400000  75.650253  18.200061
3.500000  72.494992  13.675440
3.600000  73.255591  15.271078
3.700000  79.655093  13.329056
3.800000  73.032215  11.758068
3.900000  70.580647  2.439279
4.000000  69.987692  5.187489
4.100000  68.210794  2.296932
4.200000  72.414905  7.869685
4.300000  76.641273  18.488685
4.400000  78.109994  12.581582
4.500000  66.499753  1.295549
4.600000  77.595134  15.761662
4.700000  72.436656  5.971581
4.800000  70.746307  11.812391
4.900000  70.931230  12.315933
5.000000  71.909101  4.983102
5.100000  71.623834  10.589826
5.200000  76.202938  9.742562
5.300000  75.940412  10.182835
5.400000  79.404931  11.909729
5.500000  78.070522  13.566871
5.600000  72.791767  3.522278
5.700000  72.745890  7.795255
5.800000  78.305782  3.908359
5.900000  73.106842  1.807733
6.000000  77.872215  6.729672
6.100000  76.599282  13.041639
6.200000  80.029505  12.249620
6.300000  83.498596  8.130912
6.400000  83.755990  7.993676
6.500000  78.877381  6.617863
6.600000  79.574222  7.599191
6.700000  79.322602  1.559661
6.800000  81.357082  8.914748
6.900000  79.638380  6.753083
7.000000  76.049232  3.188897
7.100000  75.083968  3.888380
7.200000  79.982449  5.491154
7.300000  80.229589  4.435294
7.400000  78.441527  8.321329
7.500000  79.137836  9.692505
7.600000  82.444230  9.352002
7.700000  74.183177  5.764303
7.800000  74.615979  0.205855
7.900000  70.645626  14.892656
8.000000  78.701725  6.089983
8.100000  83.579335  8.840538
8.200000  76.052955  7.181880
8.300000  85.065602  3.728137
8.400000  78.429035  4.455254
8.500000  81.758631  2.192669
8.600000  83.736018  6.080408
8.700000  80.369851  3.904236
8.800000  80.454313  12.218851
8.900000  81.900156  8.730905
9.000000  84.936933  5.974430
9.100000  82.480758  7.867455
9.200000  81.956163  7.601942
9.300000  80.109131  5.515788
9.400000  79.130101  2.929299
9.500000  74.114157  0.814109
9.600000  74.700186  2.846292
9.700000  79.146356  1.715428
9.800000  77.281235  1.652103
9.900000  66.210819  10.863704
10.000000  74.754441  2.635468
10.100000  76.977816  3.567600
10.200000  71.673690  8.240743
10.300000  71.908673  10.454678
10.400000  75.173001  10.806191
10.500000  60.100945  15.296755
10.600000  64.210774  16.220187
10.700000  69.752036  5.258823
10.800000  66.680498  4.381881
10.900000  59.432698  15.547573
11.000000  64.373876  11.025197
11.100000  71.617105  3.475836
11.200000  68.583759  13.497764
11.300000  72.029804  7.344997
11.400000  74.445105  5.830582
11.500000  77.896532  1.898443
11.600000  80.968670  7.682497
11.700000  80.166035  9.510477
11.800000  81.980477  9.294639
11.900000  81.330216  11.644992
12.000000  75.127784  4.874575
12.100000  80.925534  8.487542
12.200000  72.279011  1.969248
12.300000  68.562680  8.533143
12.400000  84.275302  8.065966
12.500000  82.780901  8.968915
12.600000  80.100470  6.508859
12.700000  82.620055  10.418784
12.800000  80.251734  6.315234
12.900000  78.212308  3.603028
13.000000  74.344875  3.774116
13.100000  84.880271  7.103984
13.200000  77.796277  2.082311
13.300000  79.953302  0.150581
13.400000  79.626819  2.625224
13.500000  79.737020  0.825629
13.600000  77.891421  2.808879
13.700000  80.131194  1.480723
13.800000  84.720251  4.711320
13.900000  81.380767  3.582693
14.000000  83.045896  8.850220
14.100000  82.063541  9.432679
14.200000  80.527990  0.287295
14.300000  78.631146  4.092871
14.400000  75.795041  6.300527
14.500000  71.974604  3.001927
14.600000  76.775836  4.772127
14.700000  77.465065  3.746408
14.800000  80.643841  1.467662
14.900000  73.784886  2.352583
15.000000  73.798330  0.926715
15.100000  73.932260  2.064576
15.200000  74.747254  1.569291
15.300000  73.959194  2.054615
15.400000  75.366862  4.807312
15.500000  81.609745  4.650504
15.600000  78.065239  1.719971
15.700000  75.466936  4.263295
15.800000  75.519064  3.103842
15.900000  74.598613  1.737173
16.000000  77.425230  1.858000
16.100000  78.056977  1.810193
16.200000  74.468434  1.487130
16.300000  76.351700  5.547266
16.400000  76.402853  0.974350
16.500000  80.702155  1.426459
16.600000  81.636461  0.173730
16.700000  79.337848  1.195021
16.800000  75.617463  0.264300
16.900000  77.759071  2.009464
17.000000  71.542350  7.907623
17.100000  79.026497  0.028924
17.200000  70.683815  3.990307
17.300000  71.988127  5.943840
17.400000  71.448147  3.700789
17.500000  76.258556  3.756789
17.600000  78.243871  5.308119
17.700000  81.803670  6.511497
17.800000  78.674605  0.498254
17.900000  80.415858  2.371729
18.000000  81.155682  2.652358
18.100000  79.879303  9.478563
18.200000  82.198822  4.303931
18.300000  83.608067  5.022983
18.400000  77.411756  11.027055
18.500000  78.172179  4.377522
18.600000  80.187130  2.660368
18.700000  78.820281  4.328337
18.800000  80.801360  7.852243
18.900000  76.930684  5.732675
19.000000  75.701540  1.537625
19.100000  86.302362  3.011960
19.200000  81.316291  3.753019
19.300000  85.140552  5.290711
19.400000  80.692868  4.701156
19.500000  77.155481  11.523769
19.600000  83.271503  2.284373
19.700000  86.068224  1.527733
19.800000  78.695833  6.469024
19.900000  82.771439  3.853317
20.000000  80.112633  4.033932
20.100000  88.165189  1.373289
20.200000  81.654645  2.280315
20.300000  81.763489  2.027104
20.400000  76.536082  4.935018
20.500000  76.215936  5.940958
20.600000  76.956485  5.418148
20.700000  82.702594  5.651544
20.800000  80.167199  2.418273
20.900000  78.729746  4.153522
21.000000  83.059432  7.745914
21.100000  79.747567  3.578171
21.200000  80.687806  3.007556
21.300000  82.835842  4.932937
21.400000  78.339906  1.517805
21.500000  83.128372  3.393231
21.600000  84.986231  1.104701
21.700000  85.214394  5.809038
21.800000  77.033106  3.432149
21.900000  77.501963  3.857724
22.000000  75.966649  3.958747
22.100000  75.894523  7.467418
22.200000  75.330917  5.230197
22.300000  72.868889  3.914647
22.400000  72.682331  2.004164
22.500000  77.863229  1.763045
22.600000  76.170088  5.612298
22.700000  74.865441  0.739083
22.800000  71.191129  1.370435
22.900000  73.710212  6.259917
23.000000  71.415779  1.334702
23.100000  72.831746  4.208141
23.200000  72.969772  0.247512
23.300000  72.042110  1.772502
23.400000  74.242603  1.124914
23.500000  70.510114  3.533824
23.600000  73.233570  2.536394
23.700000  71.923043  1.579604
23.800000  77.165670  17.419718
23.900000  77.143491  15.724188
24.000000  76.673130  17.317184
24.100000  69.995498  0.357974
24.200000  74.433803  3.346281
24.300000  72.318860  3.395892
24.400000  74.077979  0.692170
24.500000  73.889286  2.800441
24.600000  74.662987  6.905667
24.700000  74.524205  2.712049
24.800000  65.186348  2.397240
24.900000  68.222452  5.184205
25.000000  70.890711  4.845245
25.100000  71.246870  1.364573
25.200000  77.392066  3.933386
25.300000  82.213179  7.323598
25.400000  77.562835  10.295740
25.500000  74.840444  3.243290
25.600000  82.277842  8.743220
25.700000  74.993281  2.684204
25.800000  80.057467  7.206273
25.900000  77.683374  6.962359
26.000000  72.755845  2.549867
26.100000  80.566248  8.314538
26.200000  75.013239  3.517624
26.300000  79.295914  9.896899
26.400000  74.387533  9.623968
26.500000  79.069274  13.906738
26.600000  77.777512  3.554881
26.700000  63.306765  16.910187
26.800000  62.506912  9.018856
26.900000  71.176402  3.980680
27.000000  81.242627  10.707710
27.100000  74.880469  6.557334
27.200000  78.227713  4.354931
27.300000  71.748299  5.910884
27.400000  79.488188  14.423276
27.500000  73.984262  6.030026
27.600000  73.388673  14.711522
27.700000  76.551771  9.503380
27.800000  72.682582  4.312317
27.900000  74.220365  1.523491
28.000000  75.855445  3.562396
28.100000  79.556489  6.979354
28.200000  78.360069  7.595340
28.300000  75.393078  3.360360
28.400000  71.446816  4.397503
28.500000  68.009827  0.304180
28.600000  76.630792  3.063059
28.700000  73.258877  1.912606
28.800000  69.836140  2.496912
28.900000  67.122390  0.846807
29.000000  71.473779  1.468142
29.100000  73.381385  3.303725
29.200000  75.564761  11.927795
29.300000  74.579200  7.309912
29.400000  72.905215  8.167119
29.500000  71.121096  13.747925
29.600000  75.689025  10.729689
29.700000  73.454463  8.936464
29.800000  79.798505  6.014080
29.900000  76.161260  11.595946
30.000000  75.212595  4.382359
30.100000  74.555921  13.409317
30.200000  73.972207  9.560655
30.300000  77.442468  12.674753
30.400000  66.184989  6.244865
30.500000  59.200288  6.863578
30.600000  59.039556  15.247691
30.700000  53.678720  14.882083
30.800000  65.826149  7.973139
30.900000  57.792451  20.724436
31.000000  63.628391  15.596031
31.100000  71.371476  1.626318
31.200000  53.867958  26.016112
31.300000  56.474023  23.460447
31.400000  52.071584  29.808117
31.500000  57.967086  22.642921
31.600000  69.605698  9.993059
31.700000  53.943281  28.057820
31.800000  65.816389  6.929782
31.900000  67.642949  10.302619
32.000000  65.225602  16.861236
32.100000  75.429283  11.528820
32.200000  67.103007  13.644574
32.300000  69.507537  13.709328
32.400000  70.893979  6.864378
32.500000  75.915615  0.306325
32.600000  76.212622  3.179835
32.700000  75.607576  2.628639
32.800000  76.555184  0.066823
32.900000  78.356263  1.029003
33.000000  79.640717  3.703303
33.100000  70.413208  4.836752
33.200000  68.840850  11.551437
33.300000  63.951867  22.784097
33.400000  70.148739  9.484352
33.500000  70.774919  11.110299
33.600000  66.822017  16.087296
33.700000  74.585600  1.677518
33.800000  74.052416  3.170573
33.900000  77.776224  0.779486
34.000000  79.535061  5.070827
34.100000  83.194309  3.347996
34.200000  70.781376  8.854306
34.300000  64.799724  17.434371
34.400000  63.900016  15.006251
34.500000  79.302050  5.802207
34.600000  66.059855  17.566188
34.700000  67.075839  13.228840
34.800000  73.136493  7.275020
34.900000  72.744642  2.907994
35.000000  74.193871  3.737121
35.100000  77.158758  3.434771
35.200000  85.413010  5.728358
35.300000  71.346213  0.257226
35.400000  75.775639  1.590425
35.500000  76.975122  3.205528
35.600000  80.005016  6.480105
35.700000  70.296717  12.187737
35.800000  66.929471  14.239858
35.900000  67.867010  13.891258
36.000000  72.789731  3.858377
36.100000  73.857267  1.426647
36.200000  73.491291  0.711079
36.300000  73.937731  3.698113
36.400000  77.222043  1.671979
36.500000  74.903831  0.725913
36.600000  76.491622  1.657994
36.700000  75.600892  6.225910
36.800000  75.723541  4.763099
36.900000  73.069226  3.845976
37.000000  75.470470  5.093137
37.100000  73.725797  3.166358
37.200000  70.222499  9.266834
37.300000  75.935131  0.058063
37.400000  78.509133  0.865098
37.500000  73.634056  6.174338
37.600000  74.104450  2.016459
37.700000  65.241330  15.068035
37.800000  69.471034  11.245034
37.900000  70.248169  1.704695
38.000000  65.958388  24.350757
38.100000  64.751281  16.698889
38.200000  63.949445  16.325568
38.300000  65.213649  17.775245
38.400000  68.929224  15.994260
38.500000  67.716976  11.154877
38.600000  72.152575  6.113454
38.700000  66.147366  14.291505
38.800000  67.497785  13.546104
38.900000  65.647731  14.419020
39.000000  67.055992  12.172859
39.100000  68.841900  12.169008
39.200000  68.583701  11.162918
39.300000  74.867801  0.888916
39.400000  73.980726  4.124816
39.500000  71.550821  0.482089
39.600000  69.856943  6.197609
39.700000  78.402204  0.920085
39.800000  70.798080  11.179113
39.900000  73.733486  1.529816
40.000000  72.040730  22.347299
40.100000  64.595321  18.963367
40.200000  72.042682  10.991357
40.300000  82.537708  5.582666
40.400000  68.837368  12.312369
40.500000  67.870410  7.929111
40.600000  70.492154  9.198826
40.700000  75.180807  1.776705
40.800000  62.960567  11.289815
40.900000  68.350678  9.448328
41.000000  65.476676  13.729706
41.100000  66.176586  13.763669
41.200000  63.961560  14.616424
41.300000  63.606563  20.788975
41.400000  64.037366  19.746776
41.500000  73.920441  8.322119
41.600000  75.785774  2.852385
41.700000  78.478703  1.562748
41.800000  81.279155  8.372379
41.900000  78.945042  0.006598
42.000000  70.126280  10.648694
42.100000  67.645543  12.722399
42.200000  71.601413  3.150757
42.300000  74.308778  4.837710
42.400000  76.260558  2.017789
42.500000  78.169567  1.019876
42.600000  72.631255  0.764040
42.700000  79.863236  6.819792
42.800000  81.321526  3.623740
42.900000  82.971260  7.520424
43.000000  78.770316  1.771813
43.100000  82.396013  6.628647
43.200000  79.347503  14.096402
43.300000  75.153963  3.328810
43.400000  79.814067  5.864489
43.500000  77.528485  3.477603
43.600000  80.832492  1.664593
43.700000  75.159867  2.808982
43.800000  72.860272  1.627633
43.900000  68.237998  14.424616
44.000000  73.236131  17.170371
44.100000  78.126418  3.329010
44.200000  73.856424  1.163664
44.300000  70.729803  4.520406
44.400000  75.884198  4.702120
44.500000  71.336520  15.248897
44.600000  55.727401  23.271675
44.700000  80.906842  9.799771
44.800000  81.239943  5.893087
44.900000  72.475391  11.067449
45.000000  73.382065  7.470215
45.100000  84.388970  6.971823
45.200000  76.144764  3.252695
45.300000  83.185081  7.432872
45.400000  82.236941  8.315446
45.500000  73.499937  2.109974
45.600000  79.497530  2.099319
45.700000  83.446692  5.966885
45.800000  66.131440  13.383151
45.900000  72.692969  6.759166
46.000000  73.353833  4.539879
46.100000  77.060155  3.772584
46.200000  76.923764  4.528469
46.300000  74.244611  1.133221
46.400000  68.720059  0.691461
46.500000  66.272885  8.698744
46.600000  74.985458  6.551073
46.700000  78.846654  8.829332
46.800000  68.668942  8.708455
46.900000  71.897537  1.960105
47.000000  79.773764  0.625902
47.100000  73.101292  6.337041
47.200000  71.473084  1.417287
47.300000  76.873931  5.833619
47.400000  75.702599  1.670740
47.500000  78.530968  10.180786
47.600000  71.494214  3.036796
47.700000  76.703406  0.148462
47.800000  79.208940  0.820568
47.900000  71.574002  3.069169
48.000000  77.275050  6.815060
48.100000  84.061476  7.860946
48.200000  74.116555  0.923299
48.300000  79.602947  3.885644
48.400000  78.619557  0.411030
48.500000  71.332566  1.759114
48.600000  75.600459  0.020947
48.700000  72.426237  2.993992
48.800000  75.254863  2.013049
48.900000  78.668629  1.981370
49.000000  74.519362  9.181024
49.100000  75.059799  4.467854
49.200000  72.161821  1.001236
49.300000  72.255514  6.829927
49.400000  82.104372  8.892175
49.500000  73.077540  6.378670
49.600000  80.959643  8.033728
49.700000  71.543311  3.280324
49.800000  70.162307  2.153338
49.900000  75.845987  5.810521
50.000000  75.355705  0.342051
50.100000  73.727356  4.034220
50.200000  80.441352  5.074566
50.300000  67.422469  0.336161
50.400000  74.383840  3.386353
50.500000  84.467388  4.508939
50.600000  76.945499  1.107483
50.700000  74.957287  1.838975
50.800000  79.084413  2.136021
50.900000  71.686543  5.169510
51.000000  76.286046  4.243493
51.100000  72.434938  2.075361
51.200000  76.026126  1.051827
51.300000  69.441851  13.309217
51.400000  72.092517  7.293570
51.500000  68.832535  12.256426
51.600000  69.751643  7.503493
51.700000  66.699359  13.927481
51.800000  72.135903  12.282890
51.900000  80.084135  1.570114
52.000000  75.042670  10.013087
52.100000  75.269263  2.316533
52.200000  76.435148  9.351500
52.300000  73.335072  11.049065
52.400000  85.913203  1.845428
52.500000  81.012090  8.002514
52.600000  80.431165  1.820891
52.700000  73.709846  9.163535
52.800000  73.772368  9.800071
52.900000  79.438337  3.194701
53.000000  73.290418  1.486401
53.100000  78.036657  0.795261
53.200000  71.693065  4.786563
53.300000  72.390264  1.431970
53.400000  66.189176  13.516990
53.500000  71.948781  2.586018
53.600000  78.890183  0.561489
53.700000  73.812806  7.696128
53.800000  73.904924  4.135687
53.900000  72.939152  9.046990
54.000000  69.956417  3.959553
54.100000  75.748007  0.309231
54.200000  74.570449  5.124562
54.300000  72.272688  5.327469
54.400000  75.587263  4.011604
54.500000  76.337102  2.182359
54.600000  74.855461  3.151767
54.700000  71.970955  5.744487
54.800000  76.759839  1.451718
54.900000  72.934969  5.398925
55.000000  76.653982  4.171212
55.100000  73.046678  1.581121
55.200000  77.209530  5.001098
55.300000  82.416765  2.673349
55.400000  76.452053  8.225165
55.500000  74.539958  10.864732
55.600000  78.923630  1.177210
55.700000  74.322047  1.417900
55.800000  77.983269  5.766994
55.900000  80.895567  2.872949
56.000000  75.320625  5.222214
56.100000  74.806137  8.505768
56.200000  78.052051  4.265062
56.300000  78.830236  6.306652
56.400000  81.008188  5.946385
56.500000  75.875644  2.234135
56.600000  71.715635  7.125146
56.700000  71.734249  7.411353
56.800000  75.947716  6.046587
56.900000  73.503315  1.297061
57.000000  72.317431  2.910229
57.100000  63.713353  15.685067
57.200000  81.624889  4.668468
57.300000  75.648847  2.044386
57.400000  77.112412  2.890496
57.500000  74.954744  0.277528
57.600000  75.464573  3.879311
57.700000  76.273782  1.636953
57.800000  68.143733  4.114110
57.900000  83.644532  5.539820
58.000000  76.019629  1.526382
58.100000  74.915135  0.968281
58.200000  74.739029  0.191472
58.300000  70.567757  2.520734
58.400000  70.067208  0.171104
58.500000  77.543874  4.617273
58.600000  76.348907  6.994597
58.700000  72.758112  1.447225
58.800000  71.663428  2.607934
58.900000  76.960520  2.765809
59.000000  77.143644  1.892478
59.100000  77.147232  2.293689
59.200000  72.974691  5.174571
59.300000  66.955343  6.679112
59.400000  69.640254  2.813692
59.500000  67.486483  9.509663
59.600000  70.364506  6.392976
59.700000  79.006498  2.460273
59.800000  79.260418  7.732936
59.900000  72.853131  0.598996
60.000000  77.843823  9.462704
60.100000  73.175182  1.135030
60.200000  72.397376  1.430950
60.300000  79.013187  4.137663
60.400000  72.553088  4.023654
60.500000  70.341968  1.130049
60.600000  75.109435  1.132212
60.700000  77.879098  5.237183
60.800000  74.923260  1.632386
60.900000  79.166334  2.466549
61.000000  73.422300  10.486059
61.100000  65.276055  11.685461
61.200000  73.328798  5.688181
61.300000  69.826041  4.937176
61.400000  72.207439  4.649904
61.500000  73.595775  1.669265
61.600000  76.003733  0.054033
61.700000  70.231352  7.438861
61.800000  79.911923  5.714189
61.900000  77.738269  3.970610
62.000000  75.632541  10.057600
62.100000  55.348010  27.920173
62.200000  59.190385  17.197759
62.300000  74.994954  4.785567
62.400000  73.495598  0.609730
62.500000  73.222073  6.714201
62.600000  73.355095  2.979417
62.700000  75.947919  6.583421
62.800000  70.470541  6.117814
62.900000  72.527145  4.283043
63.000000  68.665707  4.899891
63.100000  78.250478  3.229673
63.200000  70.370065  8.340437
63.300000  71.601644  4.574545
63.400000  77.004796  0.465758
63.500000  71.407939  0.777610
63.600000  70.974958  11.427272
63.700000  75.600961  0.669353
63.800000  72.430093  3.309870
63.900000  70.724998  8.276806
64.000000  72.366301  3.731122
64.100000  74.905776  6.337305
64.200000  75.154006  1.093954
64.300000  82.785574  6.471725
64.400000  76.924646  6.230770
64.500000  76.512356  5.832225
64.600000  64.835303  14.421616
64.700000  75.022445  0.995985
64.800000  74.311710  3.029706
64.900000  75.081849  0.302246
65.000000  81.419769  5.314279
65.100000  53.955790  29.455240
65.200000  70.373859  7.613532
65.300000  70.911620  5.453580
65.400000  83.152086  8.746555
65.500000  78.011719  4.478525
65.600000  69.904445  2.697890
65.700000  73.180796  2.896173
65.800000  65.093935  12.091408
65.900000  71.914102  3.171708
66.000000  74.043748  6.606465
66.100000  73.429588  11.535710
66.200000  71.376986  9.487927
66.300000  78.025460  12.432343
66.400000  76.187672  0.439835
66.500000  81.149907  7.192785
66.600000  78.742944  3.599345
66.700000  72.929440  2.978599
66.800000  76.189089  7.924092
66.900000  69.793301  5.749470
67.000000  73.939518  1.610825
67.100000  72.804380  8.405643
67.200000  63.061320  16.527279
67.300000  77.252026  2.845191
67.400000  75.997444  1.191106
67.500000  76.662425  6.617167
67.600000  73.714416  0.574766
67.700000  78.173341  4.173901
67.800000  67.566637  8.262036
67.900000  83.188990  7.317797
68.000000  77.559787  2.217619
68.100000  71.926390  1.272377
68.200000  75.988550  2.895934
68.300000  76.021706  2.414188
68.400000  72.807574  2.985236
68.500000  75.855182  0.083971
68.600000  78.663576  10.118248
68.700000  74.576793  1.671335
68.800000  73.266723  1.871953
68.900000  74.895888  3.746643
69.000000  81.485620  9.665189
69.100000  68.443089  6.809207
69.200000  76.825759  5.194840
69.300000  72.634540  3.928376
69.400000  71.368825  4.991962
69.500000  72.859768  4.404394
69.600000  74.679150  6.095837
69.700000  78.514190  10.627984
69.800000  66.127185  17.415050
69.900000  73.046411  3.623266
70.000000  72.285573  0.915160
70.100000  72.792972  1.749184
70.200000  72.474751  3.220296
70.300000  80.969439  4.126510
70.400000  74.619891  12.386126
70.500000  78.785534  2.587978
70.600000  79.769688  2.386357
70.700000  76.023222  3.672781
70.800000  75.625355  1.190903
70.900000  75.722519  4.837342
71.000000  71.640906  5.286579
71.100000  70.916188  0.222796
71.200000  79.749731  5.074731
71.300000  74.050821  0.104421
71.400000  76.774135  1.843865
71.500000  79.658839  11.085457
71.600000  77.393764  2.886700
71.700000  70.582222  2.523796
71.800000  82.845388  8.937385
71.900000  71.995036  3.149669
72.000000  76.152371  6.603489
72.100000  78.246780  4.163881
72.200000  73.612405  7.005445
72.300000  73.138155  5.296904
72.400000  74.417896  1.650859
72.500000  71.265371  6.822134
72.600000  74.911380  2.601512
72.700000  72.375872  4.116252
72.800000  78.564637  7.476195
72.900000  74.953979  4.693764
73.000000  73.942860  1.114321
73.100000  74.287380  5.879848
73.200000  69.658481  8.669718
73.300000  74.323798  3.427664
73.400000  76.226219  0.862751
73.500000  70.676537  3.162804
73.600000  70.627480  1.153005
73.700000  75.632850  1.500768
73.800000  76.851222  0.854187
73.900000  75.678054  1.348373
74.000000  74.216096  5.717289
74.100000  74.092620  0.322876
74.200000  77.480901  0.803825
74.300000  73.151693  1.055177
74.400000  78.995766  12.791079
74.500000  74.097502  0.881595
74.600000  71.193770  5.808380
74.700000  75.498539  0.351274
74.800000  68.475418  4.359436
74.900000  76.234073  6.225273
75.000000  72.410339  0.887963
75.100000  74.548485  4.127759
75.200000  75.407556  3.875483
75.300000  74.702908  2.161040
75.400000  75.833522  0.238849
75.500000  73.768572  3.339300
75.600000  76.276255  3.883027
75.700000  74.645139  1.614596
75.800000  70.623440  6.561329
75.900000  81.192408  3.811227
76.000000  69.620248  4.969092
76.100000  68.071373  4.771215
76.200000  73.376912  1.098980
76.300000  81.423000  7.504147
76.400000  76.858740  4.983682
76.500000  73.408050  2.116107
76.600000  75.584293  0.993344
76.700000  72.352039  2.134746
76.800000  73.447335  2.734168
76.900000  72.703972  3.047047
77.000000  75.918634  2.517535
77.100000  74.985589  4.416701
77.200000  74.519201  2.664753
77.300000  74.532926  3.246078
77.400000  77.242619  2.113095
77.500000  77.604404  1.610866
77.600000  82.091490  5.191710
77.700000  76.142166  0.960602
77.800000  75.522504  1.021067
77.900000  75.712013  0.215366
78.000000  80.414232  8.305149
78.100000  76.088981  2.785191
78.200000  79.292127  4.829645
78.300000  76.028266  11.190803
78.400000  73.440140  2.267735
78.500000  76.481589  3.715199
78.600000  70.900737  0.950409
78.700000  73.170427  8.701274
78.800000  74.715702  4.441704
78.900000  74.568648  3.636362
79.000000  76.133173  1.713448
79.100000  75.111839  0.284169
79.200000  82.062370  1.284768
79.300000  73.060133  2.408394
79.400000  76.331129  2.544955
79.500000  81.203360  11.577722
79.600000  79.429208  4.748791
79.700000  72.251990  6.370840
79.800000  78.732388  1.306110
79.900000  77.448885  0.358352
80.000000  77.065243  0.024897
80.100000  78.568131  2.983557
80.200000  72.001067  2.471657
80.300000  77.601846  0.485908
80.400000  78.014353  7.308175
80.500000  67.696830  8.318169
80.600000  78.236519  6.339329
80.700000  76.181510  1.232182
80.800000  74.894128  4.754327
80.900000  71.050415  6.622623
81.000000  71.046720  5.548511
81.100000  77.776599  7.332823
81.200000  74.622800  6.047753
81.300000  73.309667  7.796360
81.400000  74.842290  2.107226
81.500000  75.200707  3.342435
81.600000  72.610677  3.654681
81.700000  75.982766  4.026807
81.800000  41.003962  52.055825
81.900000  72.428039  3.872960
82.000000  77.717136  0.453243
82.100000  78.328429  5.065543
82.200000  76.129048  7.003647
82.300000  72.545464  5.866970
82.400000  76.047320  2.798213
82.500000  75.682704  1.847232
82.600000  76.453592  5.155978
82.700000  80.523108  9.557330
82.800000  82.365376  1.517442
82.900000  72.739894  2.263132
83.000000  77.647513  7.746422
83.100000  66.219192  15.304659
83.200000  75.574360  3.023410
83.300000  72.984983  1.129618
83.400000  75.071898  2.168684
83.500000  75.879145  2.025945
83.600000  80.516102  7.314604
83.700000  77.099069  1.651372
83.800000  77.065027  2.660549
83.900000  75.657208  3.865251
84.000000  77.437843  0.419174
84.100000  73.900222  6.686162
84.200000  82.669933  2.380556
84.300000  75.483183  5.048824
84.400000  70.173858  2.861392
84.500000  72.732398  8.236149
84.600000  71.089767  4.739237
84.700000  77.062511  4.428364
84.800000  75.424225  6.581850
84.900000  73.054544  5.282141
85.000000  80.744335  0.869526
85.100000  71.673277  2.441581
85.200000  77.665161  0.303077
85.300000  75.023662  0.641661
85.400000  74.699921  3.561058
85.500000  76.501580  0.669447
85.600000  71.688948  2.926527
85.700000  75.620596  5.233086
85.800000  78.436466  5.882789
85.900000  77.186366  0.135554
86.000000  72.384458  5.417328
86.100000  72.351507  6.511727
86.200000  78.371767  4.483403
86.300000  76.415785  0.727541
86.400000  73.098274  6.961611
86.500000  73.070075  0.306464
86.600000  73.139059  2.088088
86.700000  68.079010  8.728554
86.800000  70.076750  9.743156
86.900000  76.190055  3.321974
87.000000  76.546012  1.567537
87.100000  73.377516  2.863147
87.200000  73.679674  2.375850
87.300000  72.930043  2.992284
87.400000  81.549643  6.277006
87.500000  76.020492  7.525532
87.600000  77.258050  3.177286
87.700000  77.900893  4.357048
87.800000  75.422706  0.055745
87.900000  73.029875  1.856080
88.000000  70.691306  4.998638
88.100000  73.614123  4.798255
88.200000  82.089737  5.206383
88.300000  71.916614  4.396012
88.400000  76.518029  2.330309
88.500000  82.433513  6.203885
88.600000  79.445918  4.828262
88.700000  74.376838  1.753640
88.800000  67.166390  13.163692
88.900000  70.382169  11.999794
89.000000  72.928386  3.912067
89.100000  79.603541  0.088152
89.200000  76.705562  0.388107
89.300000  74.706600  3.495898
89.400000  72.689752  1.998193
89.500000  74.299747  4.260342
89.600000  76.263299  4.006935
89.700000  76.301485  0.068748
89.800000  76.541950  4.573292
89.900000  79.934933  6.726888
90.000000  75.515778  5.991608
90.100000  72.921097  9.210072
90.200000  75.023006  0.245621
90.300000  73.331005  6.315978
90.400000  77.421495  2.691039
90.500000  82.329016  6.909834
90.600000  72.088513  5.106963
90.700000  68.728632  13.171204
90.800000  70.727930  2.905124
90.900000  73.532801  4.946069
91.000000  80.037631  2.055460
91.100000  70.418036  6.676218
91.200000  80.791292  8.362545
91.300000  62.690670  12.234888
91.400000  75.633552  3.110674
91.500000  78.445818  0.117881
91.600000  82.081294  10.763784
91.700000  73.252592  1.717431
91.800000  78.309235  5.332098
91.900000  73.103459  1.887549
92.000000  71.149440  0.061725
92.100000  73.997612  1.712690
92.200000  73.993856  2.199003
92.300000  81.924504  10.960490
92.400000  79.140411  9.346292
92.500000  76.400895  1.116507
92.600000  75.999896  1.299967
92.700000  74.626332  3.087686
92.800000  74.222234  3.355532
92.900000  72.416691  2.933523
93.000000  75.654661  2.022605
93.100000  72.861822  1.923120
93.200000  60.954702  13.878847
93.300000  76.718091  0.395124
93.400000  79.749691  6.372872
93.500000  76.016987  4.109099
93.600000  72.919164  1.525862
93.700000  70.997179  0.650685
93.800000  67.623787  4.315658
93.900000  71.311009  0.637996
94.000000  73.376471  0.776745
94.100000  73.465952  2.779682
94.200000  77.582179  0.594945
94.300000  73.076055  2.312228
94.400000  73.808960  5.268554
94.500000  73.387594  3.763824
94.600000  79.798335  0.792166
94.700000  71.600380  6.970517
94.800000  71.727128  2.650045
94.900000  78.086153  5.969400
95.000000  78.297071  0.655460
95.100000  76.782359  4.938508
95.200000  68.307139  11.177668
95.300000  77.392626  2.791032
95.400000  75.327712  6.858238
95.500000  76.320881  3.598212
95.600000  77.723564  1.787309
95.700000  75.886749  3.563486
95.800000  74.662653  0.797106
95.900000  72.695110  4.382614
96.000000  70.838082  3.922837
96.100000  75.361629  1.568295
96.200000  66.613241  11.184934
96.300000  70.902648  3.084624
96.400000  73.624441  4.452949
96.500000  72.891892  1.339678
96.600000  73.281526  0.291105
96.700000  69.899021  0.424179
96.800000  75.407174  0.824356
96.900000  72.744171  0.057974
97.000000  72.153109  0.058442
97.100000  68.452712  6.488897
97.200000  76.058029  4.039729
97.300000  71.004492  2.721383
97.400000  70.662031  7.760836
97.500000  68.618979  7.685365
97.600000  71.420177  8.287013
97.700000  75.807054  3.352885
97.800000  79.870758  2.274926
97.900000  76.599930  4.359673
98.000000  74.556140  2.893789
98.100000  76.267736  1.095226
98.200000  78.115820  3.516992
98.300000  74.408510  3.982059
98.400000  73.170678  2.853250
98.500000  71.399404  2.192525
98.600000  70.663320  0.036724
98.700000  65.934584  1.007341
98.800000  70.638241  2.529580
98.900000  69.972960  5.096486
99.000000  77.941217  2.534747
99.100000  75.147493  5.558555
99.200000  75.990721  1.534319
99.300000  70.548934  2.248803
99.400000  75.810153  2.578467
99.500000  76.522092  6.414697
99.600000  75.416571  2.788076
99.700000  78.477796  12.832509
99.800000  74.505825  2.385565
99.900000  71.337686  5.665024
100.000000  73.682552  0.175109
100.100000  67.446099  2.234501
100.200000  71.053579  2.853266
100.300000  69.097208  6.090319
100.400000  65.797978  8.031346
100.500000  76.678571  1.784600
100.600000  49.650000  27.884094
100.700000  75.330881  0.419398
100.800000  77.603405  4.289354
100.900000  69.881471  3.947845
101.000000  80.277102  8.252208
101.100000  73.302545  1.118144
101.200000  73.620666  1.776637
101.300000  73.509782  6.854632
101.400000  67.979752  11.815637
101.500000  74.340578  2.631545
101.600000  74.450800  4.221679
101.700000  73.782674  1.620849
101.800000  74.519744  3.455905
101.900000  70.261862  14.404240
102.000000  67.750424  8.503624
102.100000  74.540651  0.591252
102.200000  75.989064  0.668029
102.300000  71.069257  1.991742
102.400000  68.423961  8.918877
102.500000  68.296656  1.718390
102.600000  73.038483  4.806192
102.700000  72.288918  0.393015
102.800000  76.396030  9.985944
102.900000  73.182481  0.267047
103.000000  75.411442  1.828817
103.100000  78.982532  6.222779
103.200000  75.024719  3.058110
103.300000  75.389037  0.761717
103.400000  74.815236  0.848406
103.500000  71.228496  18.622887
103.600000  78.651516  5.374716
103.700000  69.171036  17.343417
103.800000  79.405980  8.333668
103.900000  68.722079  5.709807
104.000000  71.044181  2.124865
104.100000  72.342061  0.681361
104.200000  80.399650  11.540683
104.300000  67.952904  4.521797
104.400000  76.300903  7.531930
104.500000  73.251068  0.680678
104.600000  74.579076  1.554946
104.700000  72.302469  1.700873
104.800000  72.480205  4.006345
104.900000  74.067836  2.298850
105.000000  75.392676  2.330901
105.100000  80.193143  4.452642
105.200000  78.620701  1.641633
105.300000  77.267719  5.922395
105.400000  72.360138  2.936030
105.500000  71.798656  7.159937
105.600000  77.331204  3.747905
105.700000  73.539593  5.916805
105.800000  73.364560  2.126229
105.900000  78.669436  2.017110
106.000000  75.472748  0.757368
106.100000  66.271252  9.069085
106.200000  63.268476  13.618302
106.300000  61.748058  19.596541
106.400000  70.584811  1.003385
106.500000  70.964484  4.354979
106.600000  77.460176  10.140385
106.700000  73.979090  0.255612
106.800000  69.398244  6.848845
106.900000  75.197075  3.802661
107.000000  76.743238  4.194453
107.100000  71.882841  0.677789
107.200000  75.512923  3.604137
107.300000  71.118260  8.593784
107.400000  75.653612  0.032737
107.500000  74.699200  1.896501
107.600000  78.867882  2.268349
107.700000  76.377150  0.737292
107.800000  74.554536  4.554816
107.900000  75.303057  1.098879
108.000000  76.524900  0.736730
108.100000  73.331780  6.935152
108.200000  76.451031  0.031075
108.300000  71.372419  4.038647
108.400000  76.484830  1.094388
108.500000  68.092194  7.331399
108.600000  72.745833  1.071108
108.700000  71.091510  6.632780
108.800000  75.668750  0.054491
108.900000  71.578984  2.583055
109.000000  81.094654  6.958204
109.100000  79.827774  4.813424
109.200000  73.361432  4.483521
109.300000  78.455303  0.854744
109.400000  72.699210  2.022642
109.500000  77.887238  1.874959
109.600000  79.355826  2.871626
109.700000  79.032457  0.465921
109.800000  72.425694  11.884561
109.900000  77.422490  3.035747
110.000000  73.843534  2.272049
110.100000  76.518271  4.952855
110.200000  76.187336  5.997323
110.300000  74.001621  5.515103
110.400000  70.800546  4.797950
110.500000  75.655136  3.965346
110.600000  79.815749  1.079157
110.700000  73.240800  12.911437
110.800000  73.626209  1.764774
110.900000  77.100978  3.199413
111.000000  78.908903  7.905616
111.100000  78.531593  8.233356
111.200000  73.641343  5.323984
111.300000  71.889022  5.063850
111.400000  75.246115  2.397427
111.500000  77.792645  4.879707
111.600000  73.231952  2.237532
111.700000  61.993775  12.589917
111.800000  78.706301  2.573396
111.900000  78.235147  3.265279
112.000000  74.503231  5.427624
112.100000  69.764038  8.056606
112.200000  73.404112  3.934269
112.300000  74.073352  0.122442
112.400000  73.834100  2.206450
112.500000  71.527620  2.396270
112.600000  68.345102  0.500446
112.700000  74.183729  2.839702
112.800000  81.586309  0.214562
112.900000  78.132437  3.008896
113.000000  74.762328  1.135647
113.100000  77.765229  5.353414
113.200000  70.821341  8.557155
113.300000  75.401807  3.366347
113.400000  79.264183  2.730116
113.500000  78.797634  1.723182
113.600000  74.885852  1.455590
113.700000  79.056110  0.676408
113.800000  82.831905  0.426276
113.900000  83.835504  8.330315
114.000000  81.994078  5.420382
114.100000  79.824370  11.373187
114.200000  76.631011  1.717739
114.300000  76.950491  1.854105
114.400000  64.551891  12.651591
114.500000  75.002311  2.433320
114.600000  73.806808  1.585324
114.700000  78.369045  7.463170
114.800000  80.333077  7.149419
114.900000  70.748436  7.833682
115.000000  72.268070  4.622383
115.100000  77.860207  2.230919
115.200000  74.832486  3.514682
115.300000  78.334529  0.156147
115.400000  78.149884  2.743301
115.500000  75.267925  2.063613
115.600000  75.775227  3.566488
115.700000  76.634681  0.437988
115.800000  79.284949  6.296063
115.900000  76.749661  1.575061
116.000000  77.370821  4.009418
116.100000  80.923507  1.586188
116.200000  75.767920  6.242182
116.300000  73.539702  6.696815
116.400000  78.218178  4.178232
116.500000  77.849137  2.114493
116.600000  78.263548  0.927298
116.700000  75.494868  4.616344
116.800000  69.199774  13.615000
116.900000  79.512893  8.164343
117.000000  78.924141  2.722446
117.100000  79.592337  1.516548
117.200000  78.603845  4.036784
117.300000  78.489033  2.416490
117.400000  79.367174  0.927019
117.500000  80.144803  4.429472
117.600000  83.439872  1.042087
117.700000  63.106212  17.675828
117.800000  74.188818  4.907786
117.900000  75.757588  0.292416
118.000000  77.402196  3.017330
118.100000  77.485634  0.600609
118.200000  79.151501  2.948431
118.300000  79.475854  1.034552
118.400000  77.044714  1.737788
118.500000  71.022231  5.910839
118.600000  75.893760  3.429341
118.700000  80.111643  2.851357
118.800000  76.166878  4.585035
118.900000  77.159496  3.414187
119.000000  86.495825  0.419724
119.100000  78.745291  10.071934
119.200000  75.491863  0.305352
119.300000  80.197078  5.026977
119.400000  81.352823  6.999272
119.500000  79.512879  0.983528
119.600000  75.784410  6.754763
119.700000  75.006105  0.981044
119.800000  75.526130  1.510711
119.900000  76.335521  0.263387
120.000000  75.301355  0.774083
120.100000  79.462722  2.587550
120.200000  76.938413  1.714822
120.300000  79.884251  3.963499
120.400000  75.596928  0.428474
120.500000  78.179916  2.941810
120.600000  73.748547  7.539098
120.700000  76.925200  3.472918
120.800000  79.136206  0.440257
120.900000  81.882581  6.209677
121.000000  80.000573  0.644456
121.100000  70.829563  6.820610
121.200000  77.179721  1.758481
121.300000  80.897071  5.441471
121.400000  79.508584  2.299571
121.500000  70.269640  2.817827
121.600000  78.480807  0.805455
121.700000  77.477060  2.347764
121.800000  78.681646  6.068224
121.900000  70.642018  9.838228
122.000000  78.150598  3.345152
122.100000  80.990881  3.969946
122.200000  75.813670  0.442007
122.300000  74.633110  7.732989
122.400000  77.929607  3.646030
122.500000  76.126863  2.883876
122.600000  71.137738  8.065099
122.700000  76.972319  3.375601
122.800000  77.602095  2.944636
122.900000  71.680998  6.659733
123.000000  73.710657  3.992953
123.100000  79.087622  1.368968
123.200000  72.637840  2.079691
123.300000  76.135199  1.272955
123.400000  71.907708  6.298742
123.500000  83.538827  7.534238
123.600000  77.690500  0.917024
123.700000  79.333259  3.998301
123.800000  75.168408  3.011215
123.900000  74.107241  2.498336
124.000000  78.526269  0.238857
124.100000  72.853396  5.859328
124.200000  76.128062  0.026203
124.300000  76.319653  3.780067
124.400000  78.680660  0.920510
124.500000  73.306305  1.084463
124.600000  75.223225  2.048765
124.700000  74.768127  4.040972
124.800000  73.655471  2.574314
124.900000  78.130854  3.842617
125.000000  75.446870  11.082676
125.100000  80.469605  8.936284
125.200000  76.568154  1.940984
125.300000  79.567945  0.133954
125.400000  75.838285  3.516738
125.500000  75.384456  2.818373
125.600000  75.884445  0.783034
125.700000  79.964241  1.697488
125.800000  78.819313  3.697235
125.900000  78.448878  0.084170
126.000000  74.914772  2.514465
126.100000  74.919068  0.165039
126.200000  78.174666  1.581853
126.300000  76.361716  0.393793
126.400000  71.818072  8.571128
126.500000  73.552213  6.633483
126.600000  80.562330  1.885793
126.700000  72.537922  5.258253
126.800000  73.252531  0.536268
126.900000  78.563675  3.871808
127.000000  75.131741  6.789566
127.100000  76.828398  1.872200
127.200000  74.710763  3.282324
127.300000  72.711817  1.277386
127.400000  76.589286  3.596936
127.500000  73.569114  4.318434
127.600000  73.413790  0.517505
127.700000  75.594716  1.584681
127.800000  76.186378  0.491991
127.900000  75.980487  2.590155
128.000000  76.227641  0.628443
128.100000  75.797429  1.779044
128.200000  73.923679  2.606019
128.300000  75.353949  4.812476
128.400000  75.405017  1.980978
128.500000  81.934103  8.086195
128.600000  75.991056  0.292814
128.700000  80.335024  4.492643
128.800000  65.245382  12.975696
128.900000  76.465564  1.661324
129.000000  77.467615  0.013347
129.100000  76.849934  3.797765
129.200000  73.137443  0.899310
129.300000  74.720221  4.904826
129.400000  81.829059  9.583939
129.500000  81.006233  8.898174
129.600000  78.294126  6.902798
129.700000  74.742492  0.136510
129.800000  70.216912  2.456705
129.900000  70.536098  15.430172
130.000000  77.016596  1.229391
130.100000  73.975764  3.581833
130.200000  72.880978  0.713220
130.300000  75.966601  3.244556
130.400000  74.805389  1.140692
130.500000  74.741441  0.323445
130.600000  72.553659  2.058379
130.700000  73.645564  1.294141
130.800000  76.026820  3.831279
130.900000  73.873420  1.141196
131.000000  84.617793  0.247608
131.100000  82.813752  9.723671
131.200000  75.144791  4.805985
131.300000  74.837935  5.484047
131.400000  76.557907  1.435884
131.500000  74.776499  8.025537
131.600000  72.425896  1.271756
131.700000  75.730708  1.488738
131.800000  75.141696  2.178344
131.900000  70.958146  2.816197
132.000000  78.031218  2.573872
132.100000  74.974127  0.267939
132.200000  73.592048  2.683020
132.300000  72.371301  2.715932
132.400000  77.623208  0.446861
132.500000  70.670051  7.417567
132.600000  77.472840  0.960361
132.700000  74.107231  2.216759
132.800000  63.204564  20.221178
132.900000  69.044004  3.041599
133.000000  75.146300  1.520530
133.100000  74.437657  3.333417
133.200000  79.478383  5.577559
133.300000  73.778445  4.010774
133.400000  74.691404  3.009832
133.500000  82.097303  10.188852
133.600000  73.586171  4.358599
133.700000  76.321576  11.170990
133.800000  71.907258  8.893539
133.900000  73.329038  0.374359
134.000000  68.254125  11.215836
134.100000  79.574809  10.864706
134.200000  75.138689  4.887078
134.300000  74.562257  0.090068
134.400000  81.058023  0.293555
134.500000  75.271241  1.951342
134.600000  78.139570  0.379910
134.700000  80.104484  0.697034
134.800000  79.207605  8.497169
134.900000  76.896419  0.832243
135.000000  69.152951  10.356837
135.100000  73.142946  0.840780
135.200000  76.718119  3.478201
135.300000  78.124403  7.831318
135.400000  78.921368  1.893128
135.500000  74.009341  6.111207
135.600000  71.635993  4.085785
135.700000  72.483467  7.070662
135.800000  77.430779  7.681952
135.900000  79.487426  0.108252
136.000000  78.732316  3.768872
136.100000  81.121351  1.519507
136.200000  78.552812  2.815990
136.300000  79.836410  3.270252
136.400000  73.412029  2.943771
136.500000  86.269078  4.075252
136.600000  73.768659  0.512729
136.700000  67.590100  14.989739
136.800000  75.269617  3.759680
136.900000  75.323141  4.049207
137.000000  73.394476  1.897627
137.100000  77.346993  3.593166
137.200000  80.780401  3.072219
137.300000  80.281464  2.147987
137.400000  71.945961  6.268473
137.500000  82.471310  9.817666
137.600000  70.461352  8.080348
137.700000  76.200653  3.828951
137.800000  68.362060  14.598474
137.900000  75.275266  8.006351
138.000000  79.073369  4.955167
138.100000  76.677842  5.894835
138.200000  75.196246  0.224229
138.300000  70.950120  1.131249
138.400000  80.334994  1.283375
138.500000  78.283963  5.389495
138.600000  74.795296  6.139988
138.700000  79.955403  0.029568
138.800000  76.942141  1.715428
138.900000  77.588600  1.302067
139.000000  78.173979  2.589222
139.100000  63.843379  15.886813
139.200000  77.883083  0.410944
139.300000  74.574286  3.845341
139.400000  69.902389  11.829416
139.500000  68.302374  9.997843
139.600000  76.043552  0.452792
139.700000  72.623079  7.084652
139.800000  76.420322  0.015867
139.900000  71.899937  7.646760
140.000000  79.135779  0.525921
140.100000  72.928067  2.688413
140.200000  80.364017  6.070965
140.300000  74.794588  6.999044
140.400000  73.528404  7.737011
140.500000  76.233946  0.017280
140.600000  67.352166  18.507015
140.700000  78.550787  3.921115
140.800000  79.884837  6.386773
140.900000  83.786560  6.396800
141.000000  80.641373  6.009347
141.100000  81.020021  8.216508
141.200000  84.103105  0.640454
141.300000  66.304556  24.043777
141.400000  81.670100  5.713185
141.500000  77.415888  3.101377
141.600000  72.126392  4.672619
141.700000  76.247928  0.373282
141.800000  72.541071  2.393316
141.900000  77.664555  1.590813
142.000000  79.663827  5.862026
142.100000  77.824303  5.243317
142.200000  73.816821  1.883303
142.300000  74.180392  1.151446
142.400000  78.590978  1.620839
142.500000  79.636856  2.058731
142.600000  77.020279  0.781007
142.700000  75.263937  0.667616
142.800000  72.839637  0.080623
142.900000  72.232281  0.181174
143.000000  81.467056  4.664434
143.100000  72.935367  5.421702
143.200000  71.337762  6.312037
143.300000  79.595202  0.790488
143.400000  77.737060  1.004449
143.500000  77.588325  1.430085
143.600000  60.464433  21.085571
143.700000  73.136533  9.366028
143.800000  76.688637  2.810821
143.900000  77.018913  1.586060
144.000000  77.867203  0.998079
144.100000  73.631027  3.660479
144.200000  76.451212  1.992319
144.300000  76.471143  0.608829
144.400000  72.466691  0.379815
144.500000  81.353250  6.184603
144.600000  74.393744  0.706163
144.700000  77.958572  1.267917
144.800000  71.505299  0.860091
144.900000  73.579523  5.629106
145.000000  75.363364  2.237307
145.100000  78.346908  1.641265
145.200000  78.954779  3.485655
145.300000  70.223512  4.059789
145.400000  75.532500  4.499040
145.500000  73.963980  3.005197
145.600000  74.069095  2.808692
145.700000  75.719555  0.860578
145.800000  73.890369  0.304096
145.900000  77.760908  1.131608
146.000000  80.939346  1.047582
146.100000  80.257961  2.896476
146.200000  70.836029  2.143540
146.300000  76.640078  0.653456
146.400000  75.173227  3.435439
146.500000  60.253402  15.005738
146.600000  77.347137  0.166460
146.700000  75.889343  0.643601
146.800000  73.103825  7.605646
146.900000  77.683188  2.920227
147.000000  76.325811  0.193074
147.100000  73.632354  3.652278
147.200000  74.130120  2.545399
147.300000  72.540508  6.528276
147.400000  72.423480  2.806211
147.500000  70.434190  1.115187
147.600000  78.537415  2.138043
147.700000  76.799930  0.772564
147.800000  77.264485  1.022912
147.900000  69.115961  7.693090
148.000000  77.185553  2.025821
148.100000  75.951226  1.633316
148.200000  74.508452  6.381578
148.300000  70.615904  6.169707
148.400000  76.849985  5.818234
148.500000  69.607400  6.398565
148.600000  77.759099  0.915181
148.700000  72.155820  5.283393
148.800000  77.382646  0.013861
148.900000  77.646266  0.516645
149.000000  73.649264  3.989246
149.100000  75.651685  3.586273
149.200000  78.137925  1.588377
149.300000  73.486818  2.736589
149.400000  75.818874  3.899935
149.500000  77.301247  2.916516
149.600000  72.869163  0.652124
149.700000  80.601141  12.316873
149.800000  78.527296  13.560938
149.900000  78.888798  14.030646
150.000000  84.950049  5.724681
150.100000  74.323466  2.956334
150.200000  74.425202  2.693558
150.300000  77.287868  1.441508
150.400000  73.369877  6.665282
150.500000  71.914997  2.931658
150.600000  76.590195  4.007231
150.700000  73.627808  7.986759
150.800000  78.409405  3.691545
150.900000  81.438885  9.225623
151.000000  74.388428  21.855110
151.100000  74.155054  6.124991
151.200000  81.305270  7.159810
151.300000  73.966926  1.992254
151.400000  75.291079  0.753269
151.500000  70.955215  8.362076
151.600000  76.610344  7.494783
151.700000  75.168539  7.033177
151.800000  77.336973  4.129888
151.900000  79.156689  3.453966
152.000000  78.336694  1.623950
152.100000  80.362742  4.368456
152.200000  77.670572  5.429703
152.300000  78.380088  0.531385
152.400000  71.198740  18.972561
152.500000  73.962800  9.747457
152.600000  65.648764  16.713449
152.700000  65.841528  18.074817
152.800000  54.258927  26.443266
152.900000  67.204632  8.564474
153.000000  71.089315  5.029688
153.100000  78.264707  3.182705
153.200000  81.158912  11.321603
153.300000  73.105766  1.239697
153.400000  77.108474  1.281349
153.500000  75.193872  4.490428
153.600000  79.577258  1.201245
153.700000  75.396201  1.621078
153.800000  82.034916  6.538317
153.900000  80.233072  7.134567
154.000000  76.302201  3.303758
154.100000  73.642931  4.205969
154.200000  75.574055  10.826472
154.300000  78.028607  4.263953
154.400000  80.401871  1.948667
154.500000  75.144554  1.928219
154.600000  79.506118  3.494848
154.700000  75.462676  2.052107
154.800000  83.823580  2.294355
154.900000  78.187040  1.462587
155.000000  79.791971  0.007806
155.100000  76.299685  6.145676
155.200000  75.748223  0.236044
155.300000  77.635967  0.111947
155.400000  77.830423  0.896338
155.500000  77.185741  7.354135
155.600000  82.409634  0.027450
155.700000  76.468315  5.911583
155.800000  80.582572  7.591788
155.900000  79.063900  6.989879
156.000000  80.496608  1.406401
156.100000  76.675820  1.011270
156.200000  77.673964  1.754785
156.300000  77.435791  2.954200
156.400000  82.973491  6.696678
156.500000  82.932117  9.357647
156.600000  78.856705  0.490718
156.700000  85.233738  3.137950
156.800000  78.749412  6.024555
156.900000  77.011938  1.633335
157.000000  76.972498  0.244392
157.100000  79.571276  4.336544
157.200000  78.653613  2.541478
157.300000  80.759237  6.726941
157.400000  76.639263  0.474628
157.500000  78.082988  5.159221
157.600000  70.359020  13.619267
157.700000  82.050641  6.005511
157.800000  79.015411  5.331332
157.900000  77.443397  0.792399
158.000000  73.787826  3.774287
158.100000  84.302956  5.719196
158.200000  77.167190  4.846543
158.300000  73.828226  2.885677
158.400000  75.466698  4.267096
158.500000  79.011542  4.477062
158.600000  81.097409  8.715295
158.700000  80.634034  7.666319
158.800000  81.034123  4.378088
158.900000  77.112940  5.301065
159.000000  79.747380  3.160605
159.100000  80.794590  7.065866
159.200000  75.399120  1.527530
159.300000  83.062575  5.037924
159.400000  79.907954  8.273329
159.500000  77.052115  5.972969
159.600000  79.657576  1.979648
159.700000  84.057299  6.072289
159.800000  77.522545  2.378591
159.900000  80.534613  3.604102
160.000000  83.977391  6.916995
160.100000  74.736943  2.264455
160.200000  82.518701  10.393746
160.300000  74.220195  6.340680
160.400000  76.819416  1.915244
160.500000  81.360740  2.916405
160.600000  83.281696  5.702127
160.700000  79.871070  0.056042
160.800000  80.850023  1.353897
160.900000  77.927687  3.049926
161.000000  75.299039  2.498715
161.100000  79.383198  1.035178
161.200000  81.706930  4.659940
161.300000  81.499633  7.443036
161.400000  78.355957  2.870296
161.500000  76.828233  3.504211
161.600000  76.155438  5.721486
161.700000  79.761102  4.920622
161.800000  81.952359  2.701675
161.900000  76.710209  1.280125
162.000000  78.963787  2.757655
162.100000  81.748109  3.233036
162.200000  82.363564  7.271900
162.300000  84.155648  6.241634
162.400000  78.525541  1.938042
162.500000  84.137093  6.424111
162.600000  78.702815  6.709260
162.700000  81.400691  9.983110
162.800000  75.356152  4.358978
162.900000  78.297642  8.073271
163.000000  81.960870  5.164068
163.100000  83.441215  4.429373
163.200000  80.682788  3.733859
163.300000  78.298242  5.432582
163.400000  80.927550  6.152277
163.500000  81.653765  5.220123
163.600000  81.380525  8.142806
163.700000  77.803364  7.588202
163.800000  79.739758  2.073077
163.900000  82.532723  8.683587
164.000000  87.669293  2.710031
164.100000  80.218659  6.201835
164.200000  88.201352  2.282349
164.300000  72.961903  0.577397
164.400000  74.083998  2.167014
164.500000  81.371126  11.407358
164.600000  79.830887  7.474761
164.700000  79.656800  5.694822
164.800000  79.407792  2.300110
164.900000  79.655175  5.360027
165.000000  78.445165  9.136165
165.100000  74.283339  5.548404
165.200000  76.867563  3.007232
165.300000  78.805928  4.026705
165.400000  77.255918  3.887183
165.500000  82.347132  5.904943
165.600000  79.300674  8.343341
165.700000  79.176738  4.170467
165.800000  75.726278  3.705382
165.900000  74.566394  1.151161
166.000000  79.861203  5.183315
166.100000  77.046550  4.592103
166.200000  78.426394  4.352965
166.300000  78.804663  7.794460
166.400000  82.074487  7.536014
166.500000  77.989520  3.679507
166.600000  73.855710  0.479517
166.700000  81.133562  9.145989
166.800000  85.343982  3.034297
166.900000  78.788407  7.270257
167.000000  76.677953  4.994420
167.100000  82.942375  4.646348
167.200000  76.710911  5.846369
167.300000  76.037820  1.721367
167.400000  82.733364  10.239667
167.500000  72.321348  2.479632
167.600000  73.352874  9.555119
167.700000  73.846098  9.206670
167.800000  75.970733  6.082708
167.900000  75.028059  2.356865
168.000000  72.748980  5.824324
168.100000  79.105703  12.401130
168.200000  79.911907  11.384732
168.300000  78.329216  3.993639
168.400000  79.084198  9.694250
168.500000  77.859802  2.529892
168.600000  77.941573  3.165796
168.700000  75.840671  1.956707
168.800000  79.179787  1.021035
168.900000  76.935836  7.652842
169.000000  78.958476  6.683019
169.100000  79.577820  5.862253
169.200000  81.268791  7.161701
169.300000  78.459192  3.121565
169.400000  78.230952  7.242244
169.500000  75.800528  2.166252
169.600000  73.679291  2.677106
169.700000  82.299802  6.725286
169.800000  84.939147  6.325352
169.900000  77.715359  0.861337
170.000000  79.187669  3.497302
170.100000  76.285946  8.700520
170.200000  76.824699  0.993556
170.300000  80.563773  5.743929
170.400000  79.424781  5.793800
170.500000  77.638705  9.722283
170.600000  78.511843  2.199369
170.700000  81.262372  7.552376
170.800000  80.412982  7.720091
170.900000  79.340265  1.814906
171.000000  78.171015  3.534914
171.100000  79.293149  4.978844
171.200000  79.870717  2.860929
171.300000  80.010667  7.130651
171.400000  81.127164  2.698226
171.500000  78.681561  6.874700
171.600000  80.101426  7.213105
171.700000  74.873686  4.057237
171.800000  76.966785  0.813921
171.900000  78.281137  3.996890
172.000000  77.239397  0.263146
172.100000  81.447686  4.334145
172.200000  83.326592  8.612003
172.300000  80.236722  7.008548
172.400000  83.000608  7.279345
172.500000  82.553041  9.378020
172.600000  76.317660  1.281760
172.700000  78.216068  6.079475
172.800000  81.286869  4.685113
172.900000  79.761719  5.575094
173.000000  83.455601  7.206692
173.100000  75.962851  6.529564
173.200000  83.030088  1.897590
173.300000  82.000274  0.689883
173.400000  70.320010  21.947308
173.500000  74.879686  0.216964
173.600000  77.228485  11.011993
173.700000  78.564172  3.531701
173.800000  73.083689  4.068683
173.900000  74.216594  0.984472
174.000000  58.519666  19.929069
174.100000  59.430041  25.281730
174.200000  69.573344  9.889135
174.300000  82.687579  9.168343
174.400000  58.713080  26.107837
174.500000  67.866107  18.932937
174.600000  76.108891  4.481684
174.700000  80.555274  10.836066
174.800000  83.179673  1.890122
174.900000  79.428375  7.711876
175.000000  76.259590  1.070010
175.100000  76.473131  1.462031
175.200000  82.125186  5.435700
175.300000  80.038991  8.075265
175.400000  83.327563  6.518486
175.500000  84.346873  4.948468
175.600000  77.208859  4.318512
175.700000  81.200686  8.916428
175.800000  77.546490  5.228656
175.900000  77.937646  6.386820
176.000000  78.715066  3.481292
176.100000  82.335441  7.436184
176.200000  78.092680  3.638302
176.300000  83.516032  3.175222
176.400000  76.217968  1.774948
176.500000  76.470347  10.628152
176.600000  76.156959  2.984516
176.700000  74.614671  0.105631
176.800000  73.847693  4.064825
176.900000  73.646497  7.890373
177.000000  76.523262  0.519390
177.100000  73.067081  3.410941
177.200000  80.659401  6.962470
177.300000  75.923031  1.881745
177.400000  81.594232  7.592122
177.500000  72.458402  0.277849
177.600000  74.466707  4.255595
177.700000  71.306972  9.047416
177.800000  73.298515  7.932942
177.900000  67.904240  8.843149
178.000000  65.489969  16.668728
178.100000  65.548716  11.892257
178.200000  68.605529  6.176610
178.300000  71.097259  10.302865
178.400000  72.550033  4.914420
178.500000  75.740162  0.479333
178.600000  68.870749  13.542443
178.700000  73.334336  5.520036
178.800000  71.948174  8.335271
178.900000  69.565407  11.661733
179.000000  72.368623  3.603542
179.100000  69.274656  12.364613
179.200000  69.925111  13.863962
179.300000  70.804220  8.339065
179.400000  70.264367  4.723405
179.500000  75.086677  5.492810
179.600000  71.565009  6.379542
179.700000  65.954075  5.560338
179.800000  66.589369  2.692076
179.900000  70.637579  4.965491
180.000000  75.232677  3.420135
180.100000  75.442351  2.368714
180.200000  74.214892  4.795252
180.300000  70.967992  11.752681
180.400000  71.262635  2.305321
180.500000  66.747287  5.486110
180.600000  73.089581  0.792634
180.700000  69.288539  10.241340
180.800000  69.958359  0.350210
180.900000  70.238774  2.157401
181.000000  68.729153  8.844364
181.100000  69.192905  6.757505
181.200000  77.035050  9.102702
181.300000  76.847901  6.053672
181.400000  74.124718  2.693477
181.500000  63.141524  19.258994
181.600000  71.556471  3.545865
181.700000  69.435727  1.684818
181.800000  62.199541  12.521398
181.900000  66.606544  5.647091
182.000000  78.008708  0.296729
182.100000  79.795665  7.121098
182.200000  75.336628  3.590419
182.300000  67.130809  5.984910
182.400000  75.463162  6.285826
182.500000  74.688675  0.568739
182.600000  75.911236  3.279626
182.700000  79.297213  4.842912
182.800000  68.975237  6.323465
182.900000  76.091470  6.199619
183.000000  77.436686  2.480573
183.100000  68.158094  14.291910
183.200000  68.281211  9.577780
183.300000  67.980810  7.557908
183.400000  73.570445  0.617511
183.500000  72.425296  0.170379
183.600000  69.786968  0.997185
183.700000  75.242628  1.797619
183.800000  75.889809  3.487533
183.900000  73.595753  10.286998
184.000000  68.148449  9.184370
184.100000  70.934004  3.627746
184.200000  70.807663  4.625102
184.300000  72.013223  0.899355
184.400000  76.954803  0.913907
184.500000  73.220245  1.799290
184.600000  71.194649  12.708425
184.700000  80.069643  0.478291
184.800000  76.794050  2.375527
184.900000  76.046854  3.290723
185.000000  77.850250  2.224062
185.100000  69.315706  6.351300
185.200000  72.152937  1.658823
185.300000  70.055726  2.568707
185.400000  72.123390  0.863396
185.500000  74.353990  2.330201
185.600000  71.189414  1.568347
185.700000  76.609960  8.251323
185.800000  74.223241  7.906783
185.900000  71.243650  4.549019
186.000000  66.541269  7.366322
186.100000  65.272632  9.473682
186.200000  63.011021  11.770312
186.300000  70.611787  2.699097
186.400000  68.464379  0.439316
186.500000  74.682542  4.753150
186.600000  73.965897  6.813745
186.700000  67.205669  3.321448
186.800000  71.828413  3.603698
186.900000  73.780072  0.611804
187.000000  73.176078  3.130867
187.100000  76.452316  7.112609
187.200000  74.623054  4.864214
187.300000  74.574238  3.317876
187.400000  75.306738  2.803755
187.500000  72.639652  4.865873
187.600000  73.238189  1.610641
187.700000  72.149017  0.573959
187.800000  70.639204  0.495857
187.900000  66.245153  1.091364
188.000000  75.009261  7.094754
188.100000  73.697111  1.861191
188.200000  78.955038  5.912565
188.300000  78.069302  1.617841
188.400000  78.006891  1.780506
188.500000  77.657731  2.430059
188.600000  78.640563  3.783237
188.700000  80.210735  9.902078
188.800000  76.551659  5.562229
188.900000  76.138490  9.569784
189.000000  71.355429  6.403637
189.100000  73.857143  1.326134
189.200000  74.473652  2.139734
189.300000  69.878143  1.446660
189.400000  78.339583  7.424614
189.500000  73.681298  6.150908
189.600000  76.056503  1.364494
189.700000  74.080781  5.814144
189.800000  74.938756  0.724659
189.900000  76.187145  6.858508
190.000000  75.045675  2.283129
190.100000  76.031491  14.856649
190.200000  79.172089  5.368296
190.300000  75.605309  5.476694
190.400000  78.871912  2.824450
190.500000  78.540164  3.825950
190.600000  72.317437  9.385688
190.700000  73.789291  6.920805
190.800000  76.039569  2.684061
190.900000  78.297688  9.614572
191.000000  73.285622  4.326895
191.100000  78.952036  4.740322
191.200000  74.867120  1.584607
191.300000  80.650056  0.641781
191.400000  77.027866  6.295507
191.500000  82.340285  1.194397
191.600000  79.533431  9.006779
191.700000  81.441482  3.833731
191.800000  81.487533  5.755916
191.900000  83.684256  7.963214
192.000000  83.466145  6.309833
192.100000  82.270872  5.739609
192.200000  78.063932  7.267258
192.300000  79.442066  11.822459
192.400000  77.949418  12.834369
192.500000  72.187336  0.439110
192.600000  80.518152  12.290677
192.700000  76.549523  2.134664
192.800000  79.940527  7.089509
192.900000  76.620129  1.864022
193.000000  79.259451  12.106617
193.100000  82.899778  6.922068
193.200000  74.273249  0.821145
193.300000  74.117196  2.411388
193.400000  77.983418  2.260911
193.500000  73.741159  0.049080
193.600000  77.115962  5.798357
193.700000  79.917130  0.981663
193.800000  82.206965  2.944247
193.900000  77.542474  2.472627
194.000000  77.148909  4.862003
194.100000  80.381598  4.795274
194.200000  77.980053  10.855135
194.300000  79.510571  4.131804
194.400000  76.997600  0.814169
194.500000  75.970151  1.344470
194.600000  75.059798  4.125881
194.700000  75.161730  1.856621
194.800000  78.268516  4.660095
194.900000  78.819790  2.559198
195.000000  75.829932  1.763179
195.100000  78.003012  0.301121
195.200000  76.408282  0.360850
195.300000  76.157247  4.687677
195.400000  74.733191  3.480385
195.500000  78.534085  3.069006
195.600000  76.640200  2.032817
195.700000  76.878609  2.595122
195.800000  78.373587  3.084178
195.900000  78.590639  2.898576
196.000000  72.642549  0.143537
196.100000  75.136964  1.911583
196.200000  72.396300  2.500456
196.300000  76.724255  0.876178
196.400000  72.602460  3.866166
196.500000  71.401505  4.985744
196.600000  73.922427  3.149295
196.700000  70.996986  3.150393
196.800000  78.693404  2.267264
196.900000  74.307413  1.073443
197.000000  75.533870  2.656646
197.100000  74.430065  0.862925
197.200000  78.519767  2.009022
197.300000  81.506790  0.377466
197.400000  76.965417  2.290871
197.500000  74.284921  1.682486
197.600000  74.852926  1.857936
197.700000  75.750549  3.901056
197.800000  77.606538  1.693888
197.900000  77.181297  4.038262
198.000000  75.047299  2.453660
198.100000  77.276673  1.222168
198.200000  71.614942  3.977475
198.300000  75.167037  0.417703
198.400000  75.586117  5.371965
198.500000  77.138184  6.199915
198.600000  76.345754  3.870583
198.700000  69.919228  6.828354
198.800000  76.544401  7.976908
198.900000  75.229220  6.946236
199.000000  77.440080  7.208382
199.100000  75.020838  5.409472
199.200000  76.343666  5.833222
199.300000  72.869465  6.452318
199.400000  73.818381  6.469323
199.500000  74.612540  4.188894
199.600000  76.146499  6.605328
199.700000  72.638641  5.301923
199.800000  78.262461  3.094239
199.900000  72.033941  4.128686
200.000000  74.665405  3.022348
