# aggregated from 2 replicates
# x  mean  std
1.000000  100.700800  3.199517
2.000000  39.796200  10.980944
4.000000  113.275500  18.676529
6.000000  46.821250  9.518718
7.000000  11.459650  0.198909
9.000000  56.379100  1.515047
10.000000  30.590300  12.919548
11.000000  55.127600  15.620554
15.000000  63.948550  17.839243
16.000000  72.784600  15.207463
24.000000  55.216300  18.289317
26.000000  11.112200  2.464691
27.000000  49.574700  17.994312
28.000000  24.003500  9.625138
29.000000  23.232100  6.727414
30.000000  82.067750  4.868501
32.000000  44.297800  16.183836
33.000000  40.625200  21.155079
34.000000  72.508100  5.940828
35.000000  43.696900  9.363649
36.000000  26.266800  20.818072
37.000000  49.280600  0.322865
38.000000  55.294150  1.482874
39.000000  13.309700  1.191616
40.000000  43.573500  2.032932
41.000000  37.188600  7.791044
42.000000  87.028450  14.124246
43.000000  8.393550  0.056922
44.000000  61.489750  11.714143
45.000000  6.886300  0.319329
46.000000  32.733100  1.556059
47.000000  67.800400  1.731846
48.000000  22.339450  13.746792
49.000000  31.021850  1.079823
52.000000  57.602100  20.040820
53.000000  24.312400  0.697914
54.000000  59.238350  7.641349
55.000000  47.919400  20.567898
56.000000  56.060400  9.514122
57.000000  8.196100  0.513218
58.000000  39.064950  14.891740
59.000000  97.924300  22.115472
60.000000  15.305800  7.750456
61.000000  34.528200  6.111665
62.000000  63.329950  2.334513
63.000000  11.142250  0.565615
64.000000  29.025200  1.246064
65.000000  102.207450  1.797112
66.000000  9.282250  3.188132
67.000000  8.558150  0.246851
68.000000  26.760200  0.385656
69.000000  34.259150  4.648025
70.000000  79.968250  12.109981
71.000000  15.795450  5.628358
72.000000  79.900100  25.441985
73.000000  55.836700  25.562334
74.000000  26.332150  26.965164
75.000000  53.023600  21.347695
76.000000  20.027250  7.784185
78.000000  16.353800  11.045856
79.000000  10.193950  0.231153
80.000000  9.930750  1.091136
82.000000  17.021600  12.785339
84.000000  9.820500  0.190353
85.000000  13.936100  5.231176
86.000000  17.894700  14.527650
88.000000  18.657450  11.240240
89.000000  58.032850  9.767337
90.000000  7.936900  0.193464
91.000000  50.167700  6.187891
92.000000  10.473000  1.591697
93.000000  11.180550  1.426164
94.000000  56.596700  18.233738
95.000000  43.577800  16.949208
96.000000  36.493550  12.097395
97.000000  33.047300  2.269954
98.000000  53.074050  19.069044
99.000000  15.390500  2.584334
100.000000  11.626050  1.059600
101.000000  10.178250  0.795990
102.000000  56.042600  0.189222
107.000000  45.073650  8.017106
108.000000  14.979600  5.868138
109.000000  10.432300  1.059812
110.000000  12.603350  0.452053
111.000000  10.896500  0.400647
113.000000  48.155750  1.856792
116.000000  20.187250  8.042138
117.000000  52.585700  24.028903
118.000000  83.326300  25.702766
120.000000  55.068750  15.843788
121.000000  73.671000  14.560036
122.000000  96.140450  17.932299
123.000000  72.667650  1.888187
124.000000  47.267700  7.271745
125.000000  13.781400  2.887117
126.000000  22.813050  11.544296
128.000000  16.848400  0.749109
129.000000  6.895200  0.323148
130.000000  14.045650  5.735131
131.000000  66.903800  1.091914
132.000000  75.819450  12.294395
133.000000  35.652850  4.504341
134.000000  42.482800  3.393547
135.000000  17.023750  9.151022
136.000000  9.760600  2.089642
137.000000  16.566150  3.800770
138.000000  50.854250  4.745889
141.000000  10.344600  0.043982
142.000000  8.493800  1.541917
144.000000  8.609650  0.052962
146.000000  8.565400  0.391030
147.000000  22.363900  5.313059
148.000000  7.444400  0.248477
149.000000  8.994800  0.657185
150.000000  47.929600  2.481803
151.000000  37.379800  3.387749
152.000000  15.913900  3.837469
153.000000  58.363050  10.037027
154.000000  19.935300  11.114163
155.000000  37.902850  36.261355
156.000000  20.238550  1.621325
157.000000  34.287850  1.720744
158.000000  63.835950  11.778914
160.000000  121.514850  6.026318
162.000000  25.683450  7.892514
163.000000  98.543200  9.144871
164.000000  85.907050  3.123644
165.000000  23.222800  3.107451
166.000000  7.836550  1.053236
172.000000  63.375500  0.845841
174.000000  97.649950  23.149474
176.000000  54.950700  60.004657
177.000000  39.028900  5.250551
178.000000  27.244550  0.587818
179.000000  32.417250  5.815317
180.000000  67.439500  4.388446
181.000000  53.385600  3.936463
184.000000  23.438750  1.458691
185.000000  63.556100  39.092681
186.000000  68.972200  1.780636
187.000000  21.287200  5.073067
188.000000  40.524400  25.125908
189.000000  62.629650  3.913058
191.000000  8.348100  0.103238
192.000000  8.757800  0.725067
193.000000  20.382100  0.837780
194.000000  33.946200  3.324675
195.000000  44.760100  3.811588
196.000000  75.952150  18.273548
197.000000  56.904650  1.131300
198.000000  27.676450  5.916150
199.000000  19.140350  1.700097
200.000000  34.158450  2.802052
201.000000  8.811000  0.124168
202.000000  56.403300  0.778383
203.000000  12.348350  2.970626
204.000000  49.152500  3.400194
205.000000  27.465500  10.699091
206.000000  50.565350  1.464065
207.000000  20.363300  5.372456
210.000000  26.688050  0.048861
211.000000  93.120350  30.073888
