# aggregated from 2 replicates
# x  mean  std
0.000000  89.884000  0.000000
0.100000  94.015500  2.587304
0.200000  92.592000  2.626195
0.300000  94.402000  3.416740
0.400000  92.418000  0.743876
0.500000  94.997000  1.047932
0.600000  92.698000  1.450983
0.700000  92.980000  1.820093
0.800000  95.022000  1.409971
0.900000  92.966000  0.159806
1.000000  91.369000  2.175060
1.100000  91.017000  2.937322
1.200000  92.175500  0.246780
1.300000  91.895000  0.712764
1.400000  92.321500  0.733270
1.500000  91.647500  0.378302
1.600000  91.329000  0.267286
1.700000  91.469500  2.283248
1.800000  91.021000  2.141119
1.900000  91.922000  2.408406
2.000000  93.215500  0.330219
2.100000  89.992000  3.582203
2.200000  92.051500  1.143392
2.300000  91.584500  1.215517
2.400000  93.137500  2.519421
2.500000  93.502000  5.028943
2.600000  91.984500  5.139959
2.700000  91.981500  2.014547
2.800000  91.704000  4.963890
2.900000  92.415000  3.522806
3.000000  91.510500  2.954999
3.100000  91.602500  2.560434
3.200000  93.075000  2.018083
3.300000  92.691500  0.853478
3.400000  91.813500  0.289207
3.500000  91.626500  0.690843
3.600000  92.221000  1.950201
3.700000  92.487000  1.035204
3.800000  92.243500  2.742867
3.900000  93.016000  2.620538
4.000000  92.244000  1.390172
4.100000  92.177500  2.081015
4.200000  92.872500  0.970858
4.300000  91.575500  2.047074
4.400000  91.141000  0.066468
4.500000  91.079000  0.849942
4.600000  90.656000  2.293854
4.700000  89.884000  2.873682
4.800000  92.545000  2.421134
4.900000  92.029000  3.545433
5.000000  92.080000  2.015254
5.100000  90.920000  0.069296
5.200000  91.307500  0.883176
5.300000  91.432500  1.020355
5.400000  91.319500  0.764382
5.500000  91.628500  1.294713
5.600000  92.577500  0.852064
5.700000  92.113000  0.360624
5.800000  91.554500  0.079903
5.900000  91.706000  0.530330
6.000000  91.068500  0.960958
6.100000  91.486500  0.914289
6.200000  91.963500  0.057276
6.300000  90.055500  0.972272
6.400000  93.212500  1.194303
6.500000  92.181000  1.077631
6.600000  92.593000  1.360473
6.700000  91.430000  1.947372
6.800000  90.719000  1.882318
6.900000  91.479500  2.252135
7.000000  93.088000  1.050761
7.100000  91.922500  0.673873
7.200000  91.369000  3.135311
7.300000  91.781000  0.690136
7.400000  91.576000  0.004243
7.500000  91.518500  0.004950
7.600000  90.718000  0.680237
7.700000  90.879000  2.911866
7.800000  91.634000  2.252842
7.900000  91.129500  1.734533
8.000000  89.791500  2.498208
8.100000  91.511500  0.925603
8.200000  89.934500  0.665387
8.300000  91.055500  0.557907
8.400000  92.212500  1.286227
8.500000  91.278000  1.114400
8.600000  90.740000  0.222032
8.700000  91.752500  0.796909
8.800000  90.358500  1.115107
8.900000  91.985000  1.359059
9.000000  91.115500  1.537957
9.100000  91.594500  1.405021
9.200000  90.468500  0.249609
9.300000  90.463500  0.219910
9.400000  90.574500  0.246780
9.500000  90.622500  0.283550
9.600000  91.020500  1.071267
9.700000  91.310000  0.496389
9.800000  92.003500  0.292035
9.900000  93.077500  0.936916
10.000000  91.800000  0.236174
10.100000  90.150000  1.155412
10.200000  90.599500  1.132078
10.300000  90.082000  2.603567
10.400000  91.642500  0.481540
10.500000  91.253000  2.057681
10.600000  92.488000  0.687308
10.700000  92.395000  3.774536
10.800000  92.029500  3.895451
10.900000  92.240000  0.694379
11.000000  92.001500  0.662559
11.100000  91.023500  1.638366
11.200000  93.290000  0.620840
11.300000  92.179500  0.077075
11.400000  90.921000  3.189052
11.500000  92.563500  1.166019
11.600000  92.376000  0.811759
11.700000  91.974000  2.156676
11.800000  92.090500  1.581798
11.900000  91.233500  2.475581
12.000000  90.971000  2.534271
12.100000  93.059000  2.358908
12.200000  92.372500  1.588869
12.300000  93.175000  1.285520
12.400000  92.475000  0.066468
12.500000  91.388000  1.350574
12.600000  91.166000  1.766353
12.700000  92.627000  1.335018
12.800000  90.635500  1.287641
12.900000  91.945000  0.598212
13.000000  91.838500  1.676550
13.100000  92.820000  0.782060
13.200000  91.913000  1.224709
13.300000  90.962500  0.491439
13.400000  89.661000  1.773424
13.500000  91.723500  1.301784
13.600000  88.520000  2.381536
13.700000  90.285500  2.772566
13.800000  91.692500  2.495380
13.900000  91.950000  3.041973
14.000000  90.126500  1.839185
14.100000  91.345000  2.122735
14.200000  90.471500  3.836054
14.300000  91.727000  0.673166
14.400000  91.672000  1.125714
14.500000  92.308500  0.910046
14.600000  91.620000  0.589727
14.700000  92.466000  1.432598
14.800000  90.470500  0.099702
14.900000  91.294000  1.453812
15.000000  90.780000  0.825901
15.100000  91.318500  1.378151
15.200000  91.424500  2.957828
15.300000  92.366000  2.500330
15.400000  92.140500  3.403305
15.500000  91.809000  0.159806
15.600000  93.273500  0.012021
15.700000  91.419000  0.424264
15.800000  92.780500  0.092631
15.900000  91.005500  1.880197
16.000000  92.294000  2.572454
16.100000  90.429500  0.869034
16.200000  92.580000  1.081873
16.300000  91.248000  1.030962
16.400000  91.348500  0.999142
16.500000  92.198500  1.587455
16.600000  92.781000  0.804688
16.700000  93.136500  0.777110
16.800000  91.981500  0.371231
16.900000  93.102500  1.048639
17.000000  94.256500  0.490025
17.100000  92.241500  1.663822
17.200000  92.135500  0.184555
17.300000  92.446500  2.544877
17.400000  90.465500  1.673722
17.500000  92.813000  3.279561
17.600000  92.653500  0.331633
17.700000  91.833500  0.518309
17.800000  91.465000  0.057983
17.900000  91.677500  0.108187
18.000000  91.472000  1.022476
18.100000  91.974000  0.270115
18.200000  91.756500  0.549422
18.300000  92.351000  2.067580
18.400000  91.362500  0.632861
18.500000  92.743500  1.040154
18.600000  91.673500  0.672459
18.700000  91.786500  1.057125
18.800000  91.997000  1.166726
18.900000  92.479500  2.131927
19.000000  93.303000  1.056418
19.100000  91.407000  3.046216
19.200000  92.740000  0.799031
19.300000  93.247000  1.166726
19.400000  93.809500  1.813729
19.500000  92.761500  0.376888
19.600000  93.712000  0.671751
19.700000  92.108500  1.024598
19.800000  90.268500  0.569221
19.900000  94.286000  0.779232
20.000000  93.536000  1.746554
20.100000  91.838000  0.158392
20.200000  94.518000  2.085965
20.300000  93.487000  0.801859
20.400000  92.837500  1.253700
20.500000  95.891500  2.856004
20.600000  94.656000  1.916259
20.700000  93.968500  1.669479
20.800000  94.719000  1.803122
20.900000  92.892000  2.220315
21.000000  93.686000  2.093036
21.100000  94.459000  2.395678
21.200000  94.516500  0.156271
21.300000  92.595500  0.376888
21.400000  91.973000  3.114098
21.500000  92.993500  0.210011
21.600000  92.722000  0.257387
21.700000  91.601500  0.457498
21.800000  91.291500  2.913987
21.900000  89.608500  0.576292
22.000000  91.997500  1.748675
22.100000  92.375000  0.373352
22.200000  93.532500  1.028840
22.300000  92.537000  0.673166
22.400000  91.752000  0.858428
22.500000  90.997500  0.335876
22.600000  93.158500  0.412243
22.700000  91.471500  0.222739
22.800000  92.471500  0.699329
22.900000  93.680000  0.862670
23.000000  92.533000  2.077480
23.100000  93.116500  0.774282
23.200000  91.546000  3.658570
23.300000  93.246000  3.361586
23.400000  92.128500  0.973686
23.500000  91.386500  0.702157
23.600000  92.592500  1.030255
23.700000  92.866500  2.468510
23.800000  91.855500  1.547857
23.900000  90.274500  0.785596
24.000000  91.571500  0.878934
24.100000  91.961000  2.176475
24.200000  92.444500  1.375323
24.300000  91.126000  0.872570
24.400000  93.316000  1.568363
24.500000  91.366500  0.235467
24.600000  91.615000  1.275621
24.700000  92.137000  1.523108
24.800000  91.505000  2.880753
24.900000  91.444000  1.750796
25.000000  93.099000  1.343503
25.100000  92.783000  0.582656
25.200000  93.033500  0.242538
25.300000  93.418000  3.808477
25.400000  93.656000  1.619275
25.500000  93.820500  2.468510
25.600000  92.764000  0.332340
25.700000  92.134000  0.934795
25.800000  93.541000  2.209002
25.900000  92.161000  0.347897
26.000000  92.420500  0.372645
26.100000  92.284500  0.468812
26.200000  92.446500  0.943988
26.300000  90.991000  0.405879
26.400000  90.906500  2.444468
26.500000  91.449000  1.958686
26.600000  92.836000  2.224558
26.700000  92.913500  2.228093
26.800000  92.173000  0.946109
26.900000  93.726500  0.548008
27.000000  93.105500  0.405172
27.100000  91.885500  0.053033
27.200000  93.602000  0.179605
27.300000  91.626500  2.328503
27.400000  93.018500  1.239558
27.500000  92.317000  1.562706
27.600000  91.994000  0.039598
27.700000  92.749000  0.552958
27.800000  93.082000  1.880904
27.900000  92.782500  1.627053
28.000000  93.079500  0.292035
28.100000  93.235500  0.341533
28.200000  92.518000  0.250316
28.300000  91.930500  0.816708
28.400000  93.125000  0.091924
28.500000  92.642000  0.865499
28.600000  92.321000  0.593970
28.700000  93.013000  0.207889
28.800000  93.835500  0.246780
28.900000  91.973500  0.133643
29.000000  92.257500  2.066873
29.100000  92.979500  1.728876
29.200000  94.332000  0.701450
29.300000  92.565000  1.602304
29.400000  92.456500  0.730441
29.500000  92.695000  0.031113
29.600000  90.798000  1.248751
29.700000  93.117000  1.673015
29.800000  94.240500  2.137584
29.900000  93.215500  0.419314
30.000000  93.215000  0.360624
30.100000  93.196000  0.219203
30.200000  91.960500  2.287490
30.300000  93.248500  0.533866
30.400000  92.698000  0.974393
30.500000  92.292500  0.081317
30.600000  92.375000  0.479418
30.700000  93.643500  1.784030
30.800000  92.676000  2.769030
30.900000  93.317500  1.362595
31.000000  93.461000  1.153998
31.100000  93.664500  2.864490
31.200000  92.800000  1.013991
31.300000  94.716500  2.233750
31.400000  94.150000  2.957121
31.500000  94.716000  0.353553
31.600000  92.545000  1.458054
31.700000  91.828000  0.141421
31.800000  93.436500  0.060104
31.900000  94.288000  2.070409
32.000000  94.302500  2.512350
32.100000  92.350000  0.209304
32.200000  91.139500  1.844842
32.300000  91.315500  3.401891
32.400000  94.101500  1.669479
32.500000  91.206000  1.415628
32.600000  93.262000  4.317594
32.700000  92.541000  3.528463
32.800000  94.245500  1.030255
32.900000  93.550000  1.855448
33.000000  92.771000  2.473460
33.100000  92.909000  2.070409
33.200000  91.600500  1.525229
33.300000  92.111500  1.242387
33.400000  93.442000  1.306733
33.500000  92.837500  1.844842
33.600000  92.060500  1.741604
33.700000  93.580500  0.919946
33.800000  91.792000  1.978485
33.900000  93.440500  3.003082
34.000000  92.546000  2.910452
34.100000  91.265000  1.732412
34.200000  94.059500  3.237842
34.300000  90.637000  3.166424
34.400000  92.825000  3.355929
34.500000  92.385000  3.504421
34.600000  90.880000  1.507552
34.700000  92.796500  1.338553
34.800000  91.831500  1.830699
34.900000  93.414000  1.876661
35.000000  91.489000  1.692814
35.100000  92.328500  1.873126
35.200000  91.827000  1.910603
35.300000  93.677000  3.486036
35.400000  93.472500  0.328805
35.500000  92.309000  1.827164
35.600000  92.451000  3.309260
35.700000  92.078000  3.822619
35.800000  92.720500  2.198395
35.900000  92.462000  2.453661
36.000000  93.179000  2.740746
36.100000  93.832000  1.064903
36.200000  93.424500  0.497096
36.300000  92.986000  0.346482
36.400000  91.752000  0.178191
36.500000  92.958000  2.743574
36.600000  93.546000  1.414214
36.700000  92.277500  0.992071
36.800000  93.113500  0.874691
36.900000  92.014500  1.505430
37.000000  93.634000  0.595384
37.100000  91.828500  0.335876
37.200000  92.764500  0.559321
37.300000  91.996500  1.311683
37.400000  93.336000  0.731148
37.500000  91.857000  2.613467
37.600000  91.950000  2.408406
37.700000  94.747500  1.426234
37.800000  94.223500  2.222437
37.900000  92.026000  2.266984
38.000000  95.292000  2.087379
38.100000  92.477000  0.533159
38.200000  91.509500  1.392293
38.300000  91.370000  1.158241
38.400000  93.285500  1.788273
38.500000  92.549500  1.578969
38.600000  91.710000  1.032376
38.700000  94.004000  1.325118
38.800000  91.323000  1.508966
38.900000  92.161000  2.565383
39.000000  91.601000  0.922067
39.100000  91.811500  1.395122
39.200000  91.922000  0.007071
39.300000  93.927000  2.995304
39.400000  91.356000  2.884996
39.500000  91.669500  3.261884
39.600000  91.237000  1.400071
39.700000  91.815000  1.373201
39.800000  92.031000  2.343352
39.900000  92.657000  4.111119
40.000000  92.621500  1.523815
40.100000  94.233500  3.348151
40.200000  92.521000  1.590990
40.300000  92.230000  2.896309
40.400000  91.630000  2.725190
40.500000  91.887500  2.792365
40.600000  91.405000  3.848075
40.700000  92.533500  3.243499
40.800000  90.835500  3.324109
40.900000  92.001000  1.752211
41.000000  90.790000  3.524220
41.100000  92.188000  5.122282
41.200000  93.558500  2.151726
41.300000  91.945500  0.997728
41.400000  93.395500  1.979192
41.500000  92.587000  1.224709
41.600000  91.328500  0.645588
41.700000  92.428500  0.663973
41.800000  93.379500  0.621547
41.900000  92.560000  1.138442
42.000000  92.170000  2.613467
42.100000  92.249500  1.774131
42.200000  92.409500  2.281834
42.300000  92.432500  1.245215
42.400000  92.569000  1.855448
42.500000  93.467500  3.150161
42.600000  92.615000  3.215922
42.700000  92.501000  2.288198
42.800000  93.763500  3.991618
42.900000  92.473500  3.274612
43.000000  93.277500  2.301633
43.100000  94.064000  1.190768
43.200000  92.405000  0.588313
43.300000  92.198500  2.887117
43.400000  93.517000  2.678520
43.500000  93.031500  3.045509
43.600000  92.696000  3.447853
43.700000  93.561500  3.915250
43.800000  94.897500  1.857570
43.900000  93.948000  2.094450
44.000000  93.955000  0.944695
44.100000  94.676500  2.636801
44.200000  93.920000  1.586748
44.300000  94.366500  0.951059
44.400000  95.127000  2.473460
44.500000  94.175000  4.279410
44.600000  94.799500  2.491137
44.700000  95.263000  3.355929
44.800000  94.365500  2.475581
44.900000  94.581000  2.419719
45.000000  94.187500  4.150010
45.100000  93.984500  0.717713
45.200000  93.770000  1.156827
45.300000  95.863000  1.787566
45.400000  93.754000  4.867723
45.500000  95.905000  4.085663
45.600000  95.114000  2.685592
45.700000  93.809000  3.767465
45.800000  95.618500  4.695896
45.900000  94.787500  2.909744
46.000000  94.690000  2.327796
46.100000  94.266000  2.645994
46.200000  94.443000  3.050459
46.300000  92.613500  2.522250
46.400000  94.687000  2.944393
46.500000  94.281000  0.046669
46.600000  93.282000  3.838176
46.700000  94.090000  3.068843
46.800000  97.111500  3.182688
46.900000  95.491500  2.373757
47.000000  94.432500  3.823326
47.100000  94.974500  3.250570
47.200000  94.368500  3.151575
47.300000  94.549000  3.942827
47.400000  94.568000  2.115663
47.500000  93.621000  0.865499
47.600000  93.477500  0.041719
47.700000  92.656000  2.651650
47.800000  91.250000  2.001112
47.900000  92.086000  0.834386
48.000000  93.347000  2.957121
48.100000  92.648500  3.819084
48.200000  92.069500  2.114956
48.300000  92.726000  1.449569
48.400000  91.595000  1.344917
48.500000  92.353500  2.018790
48.600000  92.083000  3.156525
48.700000  93.541000  4.228499
48.800000  93.873000  1.405728
48.900000  94.070000  4.477400
49.000000  92.788500  1.584626
49.100000  93.321000  2.179303
49.200000  92.411500  2.546292
49.300000  94.026000  2.064752
49.400000  93.461500  1.991920
49.500000  95.092000  0.274357
49.600000  93.431000  1.632002
49.700000  94.758000  0.654781
49.800000  94.218000  1.258650
49.900000  94.504500  1.785445
50.000000  93.721000  2.556898
50.100000  93.372000  1.697056
50.200000  94.556500  4.787820
50.300000  95.634500  3.017225
50.400000  94.061000  3.433711
50.500000  93.590000  1.982727
50.600000  94.275500  4.299916
50.700000  96.457000  2.036468
50.800000  93.972000  2.216073
50.900000  94.970000  2.954292
51.000000  93.973500  0.491439
51.100000  94.372000  1.863933
51.200000  94.007500  1.372494
51.300000  93.167500  0.598919
51.400000  93.242500  0.622961
51.500000  93.460000  2.152433
51.600000  93.890000  2.388607
51.700000  94.237000  2.691248
51.800000  94.557500  1.963636
51.900000  94.796000  1.009748
52.000000  95.917500  3.779486
52.100000  94.698500  2.301633
52.200000  93.519500  1.894339
52.300000  94.032500  4.250419
52.400000  94.382500  5.190871
52.500000  96.467500  3.458459
52.600000  95.086000  2.954292
52.700000  94.565500  2.064045
52.800000  93.843500  2.407699
52.900000  93.139000  1.203496
53.000000  94.463500  2.178596
53.100000  94.149500  3.720089
53.200000  95.348000  5.528161
53.300000  93.280500  3.656449
53.400000  94.875000  2.998133
53.500000  92.712000  3.132483
53.600000  93.302500  3.557454
53.700000  93.059500  3.558868
53.800000  93.482500  0.501339
53.900000  94.783000  1.634831
54.000000  93.965000  2.404163
54.100000  94.298500  3.828983
54.200000  95.104000  5.833631
54.300000  93.610500  3.075207
54.400000  95.877000  3.153696
54.500000  94.210000  3.521392
54.600000  94.603000  3.200365
54.700000  93.724000  2.433862
54.800000  93.674500  1.226830
54.900000  94.691500  1.216931
55.000000  94.826500  3.165717
55.100000  94.072000  3.816962
55.200000  94.271500  4.680340
55.300000  93.530000  3.037731
55.400000  94.548500  3.930807
55.500000  93.196000  4.374163
55.600000  93.530000  1.528765
55.700000  92.774500  4.315473
55.800000  93.218500  1.799587
55.900000  93.668000  4.280824
56.000000  94.318000  2.957121
56.100000  93.331000  2.093036
56.200000  93.036000  2.177889
56.300000  93.169000  1.210567
56.400000  93.848500  3.758273
56.500000  94.315000  1.231780
56.600000  94.190000  1.801708
56.700000  94.325500  3.625336
56.800000  93.550500  2.895602
56.900000  95.022000  2.408406
57.000000  94.798500  4.526191
57.100000  95.725500  3.939292
57.200000  94.270000  0.100409
57.300000  93.782500  2.506694
57.400000  93.788000  2.172232
57.500000  95.745000  1.769181
57.600000  94.076500  3.828983
57.700000  94.131000  3.262591
57.800000  93.910000  4.720645
57.900000  94.478500  4.550232
58.000000  94.998500  0.600334
58.100000  95.186500  2.420427
58.200000  95.289500  1.806658
58.300000  94.863000  4.297795
58.400000  95.310000  2.814285
58.500000  95.176500  5.164001
58.600000  94.997500  3.114805
58.700000  94.385500  1.747261
58.800000  93.580000  1.665944
58.900000  93.534500  2.908330
59.000000  93.203000  1.545735
59.100000  94.622000  3.473309
59.200000  93.340000  3.635943
59.300000  92.135000  2.685592
59.400000  93.536000  1.931816
59.500000  91.890000  0.036770
59.600000  94.886500  0.707814
59.700000  95.287500  0.023335
59.800000  93.803500  0.829436
59.900000  93.212500  0.236881
60.000000  93.786000  3.005204
60.100000  94.358500  1.491288
60.200000  94.229000  0.960251
60.300000  93.116000  1.607961
60.400000  93.052000  0.431335
60.500000  93.355500  0.345775
60.600000  93.792000  0.280014
60.700000  95.483000  2.286783
60.800000  95.113000  1.042275
60.900000  94.851000  1.272792
61.000000  95.826000  1.624931
61.100000  94.014500  0.638517
61.200000  94.889500  0.914289
61.300000  93.994000  0.128693
61.400000  94.924500  0.161927
61.500000  95.120000  0.381838
61.600000  94.280000  0.145664
61.700000  94.309500  0.859135
61.800000  94.866000  0.302642
61.900000  95.100000  0.745291
62.000000  92.953500  1.487046
62.100000  92.313000  1.045104
62.200000  93.478500  1.242387
62.300000  94.126500  1.079752
62.400000  93.907000  0.907925
62.500000  93.346500  2.506694
62.600000  93.191000  1.100258
62.700000  93.711000  0.790545
62.800000  94.194500  1.519572
62.900000  94.789500  0.038891
63.000000  94.460000  0.113137
63.100000  93.484500  0.217082
63.200000  94.698500  0.700743
63.300000  94.974500  0.041719
63.400000  93.752000  0.759433
63.500000  94.869000  0.285671
63.600000  94.461000  1.248751
63.700000  93.664000  0.929138
63.800000  95.319500  0.584777
63.900000  94.897000  0.162635
64.000000  95.062000  1.931816
64.100000  93.861500  1.653923
64.200000  94.965500  1.438962
64.300000  94.288000  0.869741
64.400000  96.182000  1.566949
64.500000  95.443000  3.672713
64.600000  95.171500  1.564827
64.700000  93.851500  4.070814
64.800000  94.990500  3.206729
64.900000  94.104500  2.322846
65.000000  94.599000  2.190617
65.100000  95.463500  3.089350
65.200000  93.857500  2.918230
65.300000  94.510000  3.809891
65.400000  94.490500  4.773678
65.500000  94.860500  1.962221
65.600000  94.131000  3.039145
65.700000  95.390000  1.534422
65.800000  94.176500  1.607254
65.900000  95.500500  1.426234
66.000000  94.055500  3.297239
66.100000  96.224000  1.590990
66.200000  94.794500  1.149049
66.300000  93.970500  1.902824
66.400000  95.813000  1.494824
66.500000  95.848500  2.021618
66.600000  95.705000  0.712764
66.700000  96.282500  1.140563
66.800000  96.864000  0.175362
66.900000  94.818000  1.086116
67.000000  95.467000  0.575585
67.100000  93.714500  0.055861
67.200000  93.940500  0.400930
67.300000  94.061500  1.093894
67.400000  94.246500  0.067175
67.500000  94.289000  0.260215
67.600000  95.201000  1.056418
67.700000  94.730500  0.249609
67.800000  94.402000  0.335169
67.900000  96.541000  0.264458
68.000000  96.285500  1.622810
68.100000  96.261500  1.663822
68.200000  96.108500  0.156271
68.300000  95.750000  1.807365
68.400000  94.775500  0.381131
68.500000  94.880000  0.558614
68.600000  95.186000  0.789131
68.700000  94.817000  1.368959
68.800000  94.009000  0.660438
68.900000  97.317500  1.255115
69.000000  95.633000  0.930553
69.100000  95.389000  2.781758
69.200000  95.844500  1.830699
69.300000  94.811000  3.006618
69.400000  95.923500  0.167584
69.500000  94.860000  2.152433
69.600000  95.892500  1.825043
69.700000  94.390500  0.419314
69.800000  95.552500  0.799738
69.900000  95.388500  1.156120
70.000000  94.891000  0.470933
70.100000  93.302000  0.509117
70.200000  94.851500  0.446184
70.300000  92.657500  1.389465
70.400000  94.033000  3.333301
70.500000  93.450500  0.132229
70.600000  93.706500  1.842013
70.700000  95.216500  2.042831
70.800000  93.359500  1.717562
70.900000  93.907500  1.819386
71.000000  94.266500  4.488007
71.100000  94.720500  4.345171
71.200000  94.580000  2.732261
71.300000  93.801000  3.385627
71.400000  93.137500  3.881309
71.500000  93.034500  2.338402
71.600000  93.312000  1.747968
71.700000  95.247500  0.412243
71.800000  92.279000  0.038184
71.900000  94.242500  0.219910
72.000000  95.996000  0.849942
72.100000  93.463500  0.648417
72.200000  94.635500  1.533715
72.300000  94.445000  0.104652
72.400000  93.971000  1.170969
72.500000  94.662500  0.126572
72.600000  95.335000  2.005355
72.700000  93.755000  2.125563
72.800000  94.335500  2.430326
72.900000  93.878000  1.902117
73.000000  93.976500  1.093894
73.100000  95.117000  0.400222
73.200000  93.579500  0.443356
73.300000  94.388500  1.765646
73.400000  93.263500  0.755897
73.500000  93.173500  1.366837
73.600000  92.563500  2.404870
73.700000  94.383500  0.297692
73.800000  92.601000  0.459619
73.900000  94.095500  1.330068
74.000000  93.652000  1.783323
74.100000  92.782500  0.808223
74.200000  93.259000  2.542756
74.300000  94.078500  0.951059
74.400000  92.352000  1.872419
74.500000  92.566000  0.718420
74.600000  92.721000  2.965606
74.700000  92.886000  2.315068
74.800000  93.993000  3.173495
74.900000  94.243000  0.644881
75.000000  93.332500  2.137584
75.100000  93.305500  0.444770
75.200000  93.671500  1.902824
75.300000  93.278500  1.296127
75.400000  94.299500  1.488460
75.500000  94.144500  2.410527
75.600000  93.838500  2.232336
75.700000  95.712000  3.064601
75.800000  94.314000  2.476288
75.900000  94.914000  1.861105
76.000000  95.253000  2.261327
76.100000  93.872500  0.284964
76.200000  93.423500  1.416335
76.300000  93.339500  0.555079
76.400000  93.221000  1.482096
76.500000  93.532000  1.257236
76.600000  93.284500  0.144957
76.700000  96.042000  1.490581
76.800000  94.875000  2.013840
76.900000  93.778000  2.858126
77.000000  93.854000  1.820093
77.100000  94.961500  0.579120
77.200000  95.637000  0.924896
77.300000  95.537000  0.707107
77.400000  94.871500  2.410527
77.500000  96.035500  1.257943
77.600000  93.825000  2.245771
77.700000  95.826000  1.872419
77.800000  94.062500  3.558868
77.900000  94.919000  0.627911
78.000000  95.750000  0.528916
78.100000  94.440500  1.484217
78.200000  95.876500  1.851913
78.300000  95.824000  0.956008
78.400000  96.799000  0.632153
78.500000  95.232500  1.095308
78.600000  96.201500  1.802415
78.700000  95.895000  0.552958
78.800000  93.515500  0.866206
78.900000  95.251000  0.005657
79.000000  97.402000  0.486489
79.100000  95.926000  1.863933
79.200000  96.881000  0.205061
79.300000  95.223500  0.828022
79.400000  95.041000  0.507703
79.500000  94.102500  2.293147
79.600000  94.364000  0.588313
79.700000  95.384500  2.071116
79.800000  93.964000  2.825599
79.900000  93.712500  1.407850
80.000000  93.861000  1.507552
80.100000  94.347500  0.434871
80.200000  94.737500  1.270671
80.300000  96.780000  3.939999
80.400000  93.403000  1.303905
80.500000  94.118500  2.598617
80.600000  95.755000  2.954292
80.700000  94.605500  0.140714
80.800000  95.706000  1.535836
80.900000  94.866500  0.605991
81.000000  95.425500  2.196981
81.100000  94.260500  2.632559
81.200000  94.190500  2.949342
81.300000  94.363000  2.661550
81.400000  93.929000  3.133897
81.500000  94.361000  2.238700
81.600000  94.764500  2.301633
81.700000  94.033500  2.974798
81.800000  94.530000  1.811608
81.900000  93.890500  3.068136
82.000000  95.655000  4.468915
82.100000  95.340000  1.986970
82.200000  92.952500  3.858682
82.300000  93.823500  3.697461
82.400000  95.128500  3.005911
82.500000  94.959500  0.474469
82.600000  94.633000  1.899289
82.700000  93.727000  3.535534
82.800000  94.043500  1.310269
82.900000  95.160500  1.648266
83.000000  93.831500  0.975100
83.100000  93.501000  0.154149
83.200000  94.477000  0.311127
83.300000  94.938000  1.596647
83.400000  94.334000  0.965908
83.500000  95.125000  0.939038
83.600000  94.579500  0.519723
83.700000  94.751500  0.765797
83.800000  95.536500  0.529623
83.900000  94.961500  3.028538
84.000000  95.287500  4.042529
84.100000  94.108000  1.680086
84.200000  94.878000  1.511794
84.300000  94.495000  3.264005
84.400000  94.171500  3.205315
84.500000  92.748000  0.825901
84.600000  94.148500  3.191173
84.700000  93.509500  3.737059
84.800000  93.495000  3.569475
84.900000  95.160000  3.090057
85.000000  93.397000  0.690136
85.100000  93.574000  0.823072
85.200000  95.011500  2.417598
85.300000  95.870500  0.149200
85.400000  93.948000  0.538815
85.500000  93.898500  1.973535
85.600000  93.745000  0.103238
85.700000  94.440500  0.969443
85.800000  93.682000  1.294005
85.900000  93.522000  1.019648
86.000000  93.199000  3.430882
86.100000  94.750000  1.129957
86.200000  94.981500  1.171676
86.300000  95.180500  0.611647
86.400000  96.563500  0.081317
86.500000  95.336500  0.359917
86.600000  93.801500  1.656751
86.700000  94.856500  0.630032
86.800000  96.245500  0.566393
86.900000  95.779500  0.248194
87.000000  96.798000  0.746705
87.100000  96.118000  0.558614
87.200000  96.005500  0.703571
87.300000  94.750000  0.630739
87.400000  94.283500  1.294713
87.500000  95.173000  1.319461
87.600000  96.978500  1.651094
87.700000  95.144500  1.242387
87.800000  95.641000  0.965908
87.900000  94.529000  2.841155
88.000000  95.342500  0.038891
88.100000  94.787000  0.042426
88.200000  94.411000  1.747968
88.300000  94.930500  0.408001
88.400000  95.489000  3.109856
88.500000  94.808000  0.035355
88.600000  93.244500  1.110865
88.700000  94.668000  1.193596
88.800000  94.293500  1.823628
88.900000  94.536500  0.644174
89.000000  93.569500  1.113693
89.100000  94.162000  0.374767
89.200000  94.082000  1.056418
89.300000  94.914000  0.985707
89.400000  93.277500  0.852064
89.500000  94.664500  1.444619
89.600000  95.700500  1.126421
89.700000  93.884500  0.770039
89.800000  93.177500  1.321583
89.900000  94.179500  1.727462
90.000000  94.472500  0.506996
90.100000  95.040000  1.156827
90.200000  95.226000  1.335018
90.300000  94.927000  1.264307
90.400000  93.559000  1.199253
90.500000  95.742000  1.153998
90.600000  93.694500  1.379565
90.700000  93.095500  0.239709
90.800000  94.680000  1.407142
90.900000  93.403500  0.542351
91.000000  92.985000  1.776252
91.100000  94.016000  0.906511
91.200000  94.879000  2.077480
91.300000  95.271000  0.581242
91.400000  95.384000  0.128693
91.500000  94.656000  0.606698
91.600000  93.586000  0.036770
91.700000  93.376000  1.207738
91.800000  95.690000  0.422850
91.900000  95.753500  1.634124
92.000000  94.467500  2.525078
92.100000  95.234000  1.551392
92.200000  96.040500  1.489874
92.300000  94.992000  0.989949
92.400000  94.713000  0.663266
92.500000  94.830500  1.274914
92.600000  94.799000  0.989949
92.700000  93.527000  1.238851
92.800000  94.560000  0.685894
92.900000  94.152500  1.567656
93.000000  95.282000  1.688571
93.100000  95.504000  0.257387
93.200000  96.044500  0.163342
93.300000  94.508000  1.185111
93.400000  95.682500  1.764231
93.500000  96.589000  0.892369
93.600000  96.750500  1.850498
93.700000  94.425500  1.795344
93.800000  95.741500  2.027275
93.900000  94.797500  0.410829
94.000000  93.215500  2.461439
94.100000  94.840000  1.070560
94.200000  95.702000  0.390323
94.300000  95.091500  1.296127
94.400000  95.565000  1.653216
94.500000  94.439500  2.014547
94.600000  94.261500  2.489723
94.700000  93.872500  3.304310
94.800000  93.774000  3.095713
94.900000  94.839000  0.937624
95.000000  94.443500  0.886005
95.100000  94.664500  0.067175
95.200000  95.908000  2.190617
95.300000  95.938500  1.136321
95.400000  94.641500  1.676550
95.500000  94.560000  1.896460
95.600000  97.157000  1.815850
95.700000  95.545500  0.907218
95.800000  95.733000  0.008485
95.900000  95.733000  0.879641
96.000000  95.706000  0.954594
96.100000  95.197500  0.143543
96.200000  94.584000  0.507703
96.300000  95.210000  2.720947
96.400000  94.647000  0.144250
96.500000  94.848000  1.639074
96.600000  94.560000  0.387495
96.700000  95.138500  1.178747
96.800000  94.893000  1.549978
96.900000  94.543500  2.222437
97.000000  93.306500  3.292996
97.100000  96.796500  2.216780
97.200000  94.807000  1.523108
97.300000  93.186500  1.991920
97.400000  94.670000  0.376181
97.500000  95.771500  1.593112
97.600000  94.754000  0.784889
97.700000  94.238500  2.796607
97.800000  94.973500  1.949493
97.900000  94.740500  1.929694
98.000000  94.502500  0.963787
98.100000  94.623000  0.763675
98.200000  93.699000  1.636245
98.300000  94.862000  1.561292
98.400000  96.506500  2.290319
98.500000  95.848000  0.554372
98.600000  96.029500  0.163342
98.700000  95.461500  2.096572
98.800000  94.438000  0.565685
98.900000  95.547500  1.614325
99.000000  95.968500  1.099551
99.100000  94.745500  1.184404
99.200000  95.678000  0.087681
99.300000  95.267000  0.156978
99.400000  94.325000  0.042426
99.500000  94.455000  0.883883
99.600000  94.208000  0.315370
99.700000  94.835000  0.342240
99.800000  94.875000  0.084853
99.900000  94.597500  1.413506
100.000000  93.094500  0.416486
100.100000  94.526500  1.600183
100.200000  94.504000  1.848377
100.300000  92.413000  0.647710
100.400000  92.871500  0.171827
100.500000  92.524000  1.462297
100.600000  92.390500  2.754181
100.700000  94.948500  0.106773
100.800000  94.094500  0.109602
100.900000  93.282500  0.444770
101.000000  93.664500  1.897167
101.100000  94.647000  1.398657
101.200000  95.054000  1.168140
101.300000  93.776000  0.678823
101.400000  93.400000  1.552806
101.500000  92.755000  0.816001
101.600000  93.719000  0.970151
101.700000  94.129500  0.590434
101.800000  93.562500  1.895753
101.900000  93.925500  0.050205
102.000000  96.337500  3.250570
102.100000  94.589500  1.157534
102.200000  93.847000  1.895046
102.300000  92.848500  1.331482
102.400000  93.387500  2.645286
102.500000  93.265500  2.392142
102.600000  93.476000  0.916410
102.700000  92.310500  1.993334
102.800000  92.358500  0.999142
102.900000  92.219500  2.221022
103.000000  92.623500  0.976514
103.100000  92.619500  0.713471
103.200000  92.852500  1.199960
103.300000  93.128500  0.679530
103.400000  93.751500  0.350018
103.500000  92.644500  0.166170
103.600000  93.180500  0.630032
103.700000  92.260000  1.725341
103.800000  94.527000  1.791809
103.900000  93.447000  2.811457
104.000000  92.335500  0.139300
104.100000  93.242500  0.951059
104.200000  94.540000  0.736805
104.300000  94.865000  0.476590
104.400000  94.675000  0.458205
104.500000  95.221000  1.747968
104.600000  94.369500  0.146371
104.700000  95.610000  0.202233
104.800000  94.407500  2.010305
104.900000  93.919000  1.012577
105.000000  93.617500  0.055861
105.100000  92.405000  1.339260
105.200000  93.207000  1.120057
105.300000  92.100500  0.703571
105.400000  92.675000  0.415779
105.500000  92.577500  0.924189
105.600000  92.885500  0.313248
105.700000  92.483500  1.195718
105.800000  93.296500  3.029953
105.900000  93.612000  0.719835
106.000000  94.276000  1.711198
106.100000  93.856500  1.808072
106.200000  91.572000  2.883581
106.300000  93.005500  0.859135
106.400000  95.068500  1.376737
106.500000  92.651500  1.573313
106.600000  93.452000  1.073388
106.700000  94.058500  0.959544
106.800000  93.929000  1.356231
106.900000  95.439000  0.172534
107.000000  95.491000  0.756604
107.100000  95.464500  0.070004
107.200000  94.185000  0.029698
107.300000  94.835000  0.086267
107.400000  95.835000  0.745291
107.500000  92.497500  0.294864
107.600000  94.666500  0.033234
107.700000  94.309500  0.987828
107.800000  94.783500  0.106773
107.900000  94.539500  1.399364
108.000000  93.164000  1.055003
108.100000  94.485500  0.293449
108.200000  93.921000  0.552958
108.300000  95.802500  0.736098
108.400000  94.952500  1.327239
108.500000  94.659000  2.306582
108.600000  94.835000  0.660438
108.700000  95.317000  1.984142
108.800000  95.278500  0.101116
108.900000  93.799500  2.966313
109.000000  94.724500  0.618718
109.100000  95.977000  2.258499
109.200000  94.940500  2.112128
109.300000  96.308000  2.258499
109.400000  95.705000  1.015405
109.500000  95.182500  0.953887
109.600000  95.067500  4.308402
109.700000  94.685500  0.301935
109.800000  94.597000  1.837063
109.900000  94.948500  2.189910
110.000000  95.128000  1.763524
110.100000  94.602500  0.327390
110.200000  93.718500  0.359917
110.300000  96.959000  1.170969
110.400000  94.876500  1.660994
110.500000  94.789500  2.020204
110.600000  95.299500  2.312946
110.700000  95.089500  2.710340
110.800000  95.135500  2.411941
110.900000  96.110000  1.350574
111.000000  94.720500  2.174353
111.100000  95.270500  1.054296
111.200000  95.612500  1.457347
111.300000  94.633000  2.397092
111.400000  94.957000  0.429921
111.500000  96.716000  2.483359
111.600000  96.661000  2.240114
111.700000  95.812500  0.758726
111.800000  96.542500  1.126421
111.900000  95.453000  1.846963
112.000000  96.553000  0.330926
112.100000  94.402000  1.974242
112.200000  96.578500  1.181575
112.300000  97.438000  1.206324
112.400000  97.235000  1.786152
112.500000  97.465000  0.862670
112.600000  95.508000  0.960251
112.700000  95.616000  0.601041
112.800000  96.850500  0.717713
112.900000  95.228500  3.592810
113.000000  94.393500  2.312946
113.100000  95.508000  2.505986
113.200000  96.726000  0.988535
113.300000  95.189000  1.272792
113.400000  94.711500  0.426385
113.500000  94.184000  4.378405
113.600000  94.447000  0.817415
113.700000  95.646000  2.821356
113.800000  95.363000  2.933079
113.900000  96.209500  3.226528
114.000000  94.413000  3.125412
114.100000  95.638000  3.981011
114.200000  96.355000  2.967020
114.300000  96.598000  5.030358
114.400000  96.759000  0.436992
114.500000  97.027000  1.489167
114.600000  96.394000  2.139705
114.700000  97.146000  2.976920
114.800000  96.819000  3.517149
114.900000  97.422000  1.817264
115.000000  96.199000  1.088944
115.100000  96.602500  0.635689
115.200000  95.730000  0.110309
115.300000  94.522000  0.557200
115.400000  95.148000  0.777817
115.500000  95.841500  0.781353
115.600000  94.963500  2.041417
115.700000  95.976000  0.797616
115.800000  95.214000  0.376181
115.900000  94.617000  2.264156
116.000000  96.041000  0.482247
116.100000  95.326000  2.991062
116.200000  93.883500  0.467398
116.300000  94.053000  0.002828
116.400000  94.903000  1.907774
116.500000  95.622500  0.794081
116.600000  95.559500  0.137886
116.700000  94.382000  1.757867
116.800000  95.609000  0.731148
116.900000  95.257000  2.121320
117.000000  95.448000  1.821507
117.100000  95.665500  2.771151
117.200000  95.098000  2.282541
117.300000  94.756500  0.328805
117.400000  95.002000  3.934342
117.500000  94.543500  2.020204
117.600000  93.397000  2.361737
117.700000  95.448000  0.405879
117.800000  95.115500  1.071267
117.900000  94.700000  0.441235
118.000000  93.436500  0.652660
118.100000  93.514500  0.398101
118.200000  94.158500  1.027426
118.300000  94.900000  1.849791
118.400000  94.075500  1.496945
118.500000  93.883000  1.425527
118.600000  94.421000  3.404012
118.700000  92.271500  1.453104
118.800000  92.582500  2.790950
118.900000  93.158500  3.235014
119.000000  93.273000  2.453661
119.100000  93.921000  0.558614
119.200000  92.907000  1.354817
119.300000  91.832500  1.751503
119.400000  93.203000  2.790243
119.500000  92.714500  2.113542
119.600000  91.988000  0.717006
119.700000  92.894000  2.423962
119.800000  93.637500  0.286378
119.900000  94.731000  1.767767
120.000000  95.225000  2.433862
120.100000  94.187500  0.301935
120.200000  93.507000  0.354968
120.300000  93.270000  0.280014
120.400000  94.507000  0.072125
120.500000  93.673500  1.727462
120.600000  93.046500  1.949493
120.700000  93.787500  1.201374
120.800000  94.681500  0.693672
120.900000  94.570500  1.612911
121.000000  93.804500  2.905502
121.100000  96.231000  0.371938
121.200000  96.302500  1.294713
121.300000  96.302000  4.109705
121.400000  95.382000  1.340674
121.500000  94.759500  0.860549
121.600000  96.057500  2.691956
121.700000  95.512000  1.060660
121.800000  94.399000  0.135765
121.900000  95.974000  4.238398
122.000000  95.432000  3.767465
122.100000  96.618500  3.619680
122.200000  96.234500  4.111826
122.300000  92.614500  2.993183
122.400000  93.638500  2.580233
122.500000  96.032000  2.370222
122.600000  94.942500  3.482501
122.700000  94.690000  3.521392
122.800000  93.156000  2.367394
122.900000  94.562000  0.725492
123.000000  95.189000  2.384364
123.100000  96.171500  0.738927
123.200000  97.409000  0.650538
123.300000  97.066000  1.088944
123.400000  95.438000  1.623517
123.500000  96.161500  1.863226
123.600000  95.683000  0.400222
123.700000  96.071000  2.554070
123.800000  96.354500  1.484217
123.900000  94.506000  2.169404
124.000000  95.084000  1.315219
124.100000  96.298500  1.034497
124.200000  95.340500  1.334310
124.300000  97.042000  0.674580
124.400000  96.583000  1.974242
124.500000  96.424000  2.240114
124.600000  95.830000  1.193596
124.700000  96.085000  0.063640
124.800000  95.026000  2.107178
124.900000  95.888000  3.099956
125.000000  95.585500  3.455631
125.100000  95.725000  2.068994
125.200000  95.399500  1.229659
125.300000  95.521000  3.331887
125.400000  95.390000  1.008334
125.500000  96.029000  2.930251
125.600000  95.261500  0.942573
125.700000  93.222500  2.280419
125.800000  94.962500  0.536694
125.900000  94.493000  1.381687
126.000000  95.664000  0.207889
126.100000  96.421500  2.649529
126.200000  96.032000  1.013991
126.300000  97.263000  1.397243
126.400000  95.895000  1.810193
126.500000  95.636000  2.054852
126.600000  96.088500  0.960958
126.700000  94.923500  0.641346
126.800000  95.851000  0.271529
126.900000  95.237000  2.240114
127.000000  96.099500  1.181575
127.100000  96.497500  1.348453
127.200000  95.614500  0.505581
127.300000  95.144500  0.132229
127.400000  96.329000  0.742462
127.500000  94.733500  0.604576
127.600000  97.011000  0.362039
127.700000  96.757000  0.209304
127.800000  96.342000  0.346482
127.900000  95.752500  2.735796
128.000000  94.543500  2.075358
128.100000  95.215000  1.831407
128.200000  96.667000  1.480682
128.300000  96.704000  1.144099
128.400000  96.642500  0.420729
128.500000  94.317000  1.301076
128.600000  93.097500  0.218496
128.700000  95.123000  0.633568
128.800000  94.546500  0.556493
128.900000  94.707000  0.377595
129.000000  95.002000  1.005506
129.100000  95.324500  0.094045
129.200000  94.000000  0.294156
129.300000  96.174500  1.843427
129.400000  95.827500  2.208294
129.500000  96.125500  1.256529
129.600000  95.117000  3.788678
129.700000  95.209000  0.806102
129.800000  95.742500  1.588869
129.900000  94.541000  1.425527
130.000000  95.894000  1.367545
130.100000  95.776000  1.192182
130.200000  95.099500  1.195718
130.300000  94.766000  0.892369
130.400000  95.524000  0.521845
130.500000  96.710500  2.127684
130.600000  96.879500  0.590434
130.700000  95.722000  1.066317
130.800000  95.952500  0.959544
130.900000  95.105500  1.163191
131.000000  95.011000  1.418456
131.100000  95.177500  0.775696
131.200000  95.348000  1.681500
131.300000  95.405500  0.218496
131.400000  96.519500  0.229810
131.500000  95.742500  2.502451
131.600000  96.126000  2.209002
131.700000  95.560000  2.023740
131.800000  95.393000  2.074651
131.900000  95.009000  0.560029
132.000000  93.790500  0.499924
132.100000  95.458000  1.035204
132.200000  96.709500  1.847670
132.300000  95.968500  1.685035
132.400000  95.515000  2.967020
132.500000  94.753500  3.503714
132.600000  96.955000  2.708219
132.700000  94.579500  2.410527
132.800000  94.876500  0.686601
132.900000  94.330500  2.636801
133.000000  94.085000  1.490581
133.100000  96.048000  1.740897
133.200000  96.119000  1.732412
133.300000  94.988000  3.080157
133.400000  94.905000  2.151019
133.500000  95.886500  1.540786
133.600000  95.150000  1.876661
133.700000  96.094500  1.781202
133.800000  95.498500  3.164303
133.900000  95.010500  2.762666
134.000000  93.704000  2.884996
134.100000  95.283000  2.326381
134.200000  96.239500  2.468510
134.300000  96.377500  4.513463
134.400000  95.620500  1.536543
134.500000  97.032500  0.163342
134.600000  96.137000  2.061923
134.700000  96.532500  1.453104
134.800000  96.114500  3.028538
134.900000  95.040500  0.193040
135.000000  94.433000  2.063338
135.100000  94.992000  1.947372
135.200000  93.616000  0.926310
135.300000  94.063000  2.887824
135.400000  93.973500  2.120613
135.500000  92.811500  1.064196
135.600000  93.841000  0.308299
135.700000  95.439500  0.990657
135.800000  93.949000  0.028284
135.900000  95.475000  1.507552
136.000000  95.647000  1.366130
136.100000  94.451000  0.917825
136.200000  94.266000  0.514774
136.300000  94.548500  1.559170
136.400000  96.173000  2.221730
136.500000  94.980000  3.747666
136.600000  93.999000  2.377293
136.700000  93.895000  2.559727
136.800000  94.545500  2.594375
136.900000  91.997500  1.745847
137.000000  94.639000  1.187939
137.100000  94.083000  2.909037
137.200000  92.994500  1.781202
137.300000  93.897500  4.210821
137.400000  95.116500  3.952020
137.500000  93.597000  1.018234
137.600000  93.943000  2.539928
137.700000  95.290000  2.013840
137.800000  95.329000  0.417193
137.900000  93.716000  1.551392
138.000000  93.826000  3.443610
138.100000  94.534500  0.279307
138.200000  93.929500  1.949493
138.300000  94.721000  0.289914
138.400000  94.220000  0.039598
138.500000  94.683500  1.224002
138.600000  91.676000  2.797314
138.700000  93.214000  2.152433
138.800000  95.206500  0.796909
138.900000  94.620500  0.245366
139.000000  93.434000  1.508966
139.100000  93.829500  2.003234
139.200000  95.024000  2.462146
139.300000  95.067000  0.613769
139.400000  93.519500  0.902975
139.500000  94.614000  0.601041
139.600000  94.663000  1.596647
139.700000  94.872500  1.707663
139.800000  94.171500  1.884440
139.900000  94.661500  0.665387
140.000000  95.081500  1.711906
140.100000  93.730000  0.214960
140.200000  93.881500  1.443205
140.300000  94.225500  0.456084
140.400000  92.735000  0.274357
140.500000  93.155500  0.878934
140.600000  93.657000  1.087530
140.700000  94.006000  2.040710
140.800000  93.007500  0.788424
140.900000  93.007500  2.100814
141.000000  92.711500  2.122027
141.100000  92.687500  1.853327
141.200000  92.821500  1.190061
141.300000  93.727000  0.039598
141.400000  94.141500  1.344210
141.500000  94.159500  0.638517
141.600000  93.532000  0.998435
141.700000  93.419000  0.294156
141.800000  94.608500  0.866206
141.900000  93.417000  0.422850
142.000000  93.265000  0.719835
142.100000  93.562000  1.945958
142.200000  92.872500  2.008890
142.300000  93.011000  0.956008
142.400000  92.980500  1.026012
142.500000  93.671500  0.432042
142.600000  94.160500  1.167433
142.700000  94.358000  0.429921
142.800000  93.571500  0.321734
142.900000  94.133000  0.530330
143.000000  93.610000  1.469368
143.100000  93.378000  0.653367
143.200000  93.565000  1.006920
143.300000  93.324500  0.147785
143.400000  94.083000  3.372899
143.500000  93.969000  1.053589
143.600000  94.633000  3.227235
143.700000  92.248500  4.042529
143.800000  94.320500  2.772566
143.900000  93.657500  2.583061
144.000000  94.805000  0.920653
144.100000  93.401500  3.308553
144.200000  94.466500  1.765646
144.300000  95.104000  0.190919
144.400000  94.719000  0.591141
144.500000  95.010500  1.779788
144.600000  94.453500  0.566393
144.700000  94.253000  1.866762
144.800000  94.551500  0.127986
144.900000  94.179500  1.355524
145.000000  95.139000  1.069145
145.100000  94.069000  2.296683
145.200000  94.224500  1.931109
145.300000  93.408000  1.872419
145.400000  93.851500  0.012021
145.500000  95.408000  0.763675
145.600000  94.234500  0.893076
145.700000  94.335500  1.878783
145.800000  94.594000  0.322441
145.900000  93.242500  0.719128
146.000000  93.282000  0.130108
146.100000  93.906000  2.012426
146.200000  95.599000  0.958837
146.300000  95.165500  1.532300
146.400000  93.385500  0.129401
146.500000  95.323000  0.386080
146.600000  94.618500  0.936916
146.700000  93.085000  2.146776
146.800000  94.324500  0.562150
146.900000  94.454500  0.450427
147.000000  93.606000  1.080459
147.100000  93.902500  0.490025
147.200000  91.614500  1.578969
147.300000  92.401000  0.960251
147.400000  93.080500  1.561999
147.500000  93.869500  1.648266
147.600000  94.346500  1.533715
147.700000  92.449000  2.904795
147.800000  91.824500  1.683621
147.900000  92.304000  2.159504
148.000000  93.240500  0.096874
148.100000  94.470500  0.658316
148.200000  94.858000  0.842871
148.300000  92.976000  1.960100
148.400000  94.669000  1.100258
148.500000  95.351000  1.719684
148.600000  94.553000  0.828729
148.700000  94.212500  3.642307
148.800000  95.001000  1.296834
148.900000  94.617000  1.544321
149.000000  94.419500  0.543765
149.100000  95.859000  0.982878
149.200000  95.559000  1.417042
149.300000  93.617500  1.117936
149.400000  95.128500  0.098288
149.500000  92.876500  0.497096
149.600000  93.435000  2.327796
149.700000  93.501000  1.152584
149.800000  94.598000  1.097430
149.900000  94.909500  0.584777
150.000000  94.155500  0.852064
150.100000  94.593000  0.725492
150.200000  93.662500  2.878632
150.300000  93.681500  0.389616
150.400000  93.910000  2.084551
150.500000  93.590000  1.091773
150.600000  92.918500  0.791252
150.700000  93.971000  0.050912
150.800000  95.240500  0.600334
150.900000  94.580000  0.920653
151.000000  94.147000  0.773575
151.100000  93.057000  0.312541
151.200000  92.917000  0.668923
151.300000  94.050000  3.951313
151.400000  93.532500  1.904239
151.500000  94.393500  2.059802
151.600000  94.243500  0.835093
151.700000  94.773000  1.855448
151.800000  92.621500  2.411941
151.900000  93.123000  2.037882
152.000000  94.048500  1.957979
152.100000  93.139000  1.687157
152.200000  92.415500  0.784181
152.300000  93.873500  0.379716
152.400000  93.234500  1.737361
152.500000  94.171000  0.436992
152.600000  94.643500  0.723370
152.700000  94.249500  2.040003
152.800000  94.457500  2.233750
152.900000  94.302000  2.313653
153.000000  93.632500  2.423255
153.100000  93.786500  2.144655
153.200000  93.726500  1.383808
153.300000  95.693500  0.413657
153.400000  94.700500  0.242538
153.500000  94.689500  0.229810
153.600000  94.128000  0.923481
153.700000  93.550500  0.351432
153.800000  95.245000  0.914996
153.900000  95.108500  1.389465
154.000000  94.377500  0.197283
154.100000  95.319000  1.146927
154.200000  95.266000  3.363000
154.300000  94.033000  3.006618
154.400000  96.293500  0.228395
154.500000  96.322500  0.130815
154.600000  95.290000  0.089095
154.700000  96.423500  1.911310
154.800000  97.142500  1.537957
154.900000  95.692000  1.924745
155.000000  96.823500  0.688015
155.100000  94.692500  1.231073
155.200000  95.965000  2.954292
155.300000  96.931500  0.218496
155.400000  94.342000  0.462448
155.500000  95.184500  1.416335
155.600000  94.047500  1.812315
155.700000  95.998000  1.094601
155.800000  94.921000  0.094752
155.900000  94.129000  2.965606
156.000000  93.506000  0.900854
156.100000  95.031000  1.747968
156.200000  93.066000  2.476288
156.300000  93.791000  1.168140
156.400000  94.736500  1.321583
156.500000  94.679000  3.121169
156.600000  94.903500  2.556191
156.700000  95.690500  1.446033
156.800000  95.026000  1.340674
156.900000  95.534000  2.207587
157.000000  95.070000  1.129957
157.100000  93.259500  1.501188
157.200000  94.407000  0.659024
157.300000  95.280500  1.638366
157.400000  93.741000  1.449569
157.500000  94.296000  1.517451
157.600000  95.425000  1.889389
157.700000  95.036500  0.596091
157.800000  95.501000  0.360624
157.900000  95.362000  1.985556
158.000000  94.518000  1.540079
158.100000  94.965500  0.437699
158.200000  93.849000  0.997021
158.300000  94.799000  0.203647
158.400000  93.165000  2.555484
158.500000  94.336500  2.895602
158.600000  93.306000  3.375728
158.700000  94.998000  2.179303
158.800000  94.835000  2.998133
158.900000  94.735500  1.239558
159.000000  95.139500  3.380678
159.100000  95.282000  1.319461
159.200000  95.701500  1.873126
159.300000  95.051500  0.820951
159.400000  94.348000  2.319310
159.500000  95.862000  0.236174
159.600000  96.614500  2.810749
159.700000  94.305000  0.602455
159.800000  95.179500  0.256680
159.900000  96.899000  1.626346
160.000000  96.719000  3.890502
160.100000  96.275000  0.234759
160.200000  95.067000  1.401486
160.300000  94.785000  1.047932
160.400000  94.469000  2.763373
160.500000  95.062500  1.717562
160.600000  95.637500  2.522250
160.700000  94.704000  1.697056
160.800000  95.224500  2.243650
160.900000  95.185000  2.959949
161.000000  94.081000  1.875247
161.100000  94.431000  1.831407
161.200000  94.528500  0.593263
161.300000  93.752500  3.435832
161.400000  93.817000  0.452548
161.500000  94.475000  2.411234
161.600000  93.624500  3.860096
161.700000  95.246500  3.311381
161.800000  94.630500  2.971970
161.900000  94.249500  1.291884
162.000000  94.971500  2.088086
162.100000  94.647500  1.880197
162.200000  95.456000  0.090510
162.300000  94.996500  0.570635
162.400000  94.063000  3.105613
162.500000  93.949500  3.055408
162.600000  93.520500  2.344059
162.700000  94.495000  2.227386
162.800000  94.401500  3.239256
162.900000  94.343500  1.248043
163.000000  94.895500  2.747110
163.100000  95.177000  1.408557
163.200000  93.953500  2.030104
163.300000  94.890500  2.392142
163.400000  94.465500  3.301482
163.500000  93.758000  1.516037
163.600000  93.014500  4.028387
163.700000  94.015000  2.365979
163.800000  92.783500  1.840599
163.900000  93.211000  4.009295
164.000000  93.918000  2.988233
164.100000  94.203000  2.305168
164.200000  93.289500  2.956413
164.300000  94.067000  1.455226
164.400000  95.492500  1.426234
164.500000  93.763500  2.600032
164.600000  92.960500  3.642307
164.700000  94.569000  1.415628
164.800000  93.648000  1.023891
164.900000  93.747000  2.921765
165.000000  94.343000  0.343654
165.100000  94.465000  1.923330
165.200000  94.131000  0.995606
165.300000  92.624000  2.128391
165.400000  93.627500  1.710491
165.500000  91.845500  3.823326
165.600000  91.534000  2.298097
165.700000  93.855000  1.155412
165.800000  93.263500  3.165717
165.900000  92.720500  1.636952
166.000000  92.482000  0.950352
166.100000  93.697500  2.131927
166.200000  93.920500  0.095459
166.300000  93.099500  0.717713
166.400000  94.112500  1.273499
166.500000  93.163000  0.431335
166.600000  92.582500  0.453255
166.700000  93.691500  1.877369
166.800000  93.158500  1.045811
166.900000  93.474000  0.168291
167.000000  93.982000  1.637659
167.100000  91.822500  0.201525
167.200000  93.510500  0.784181
167.300000  93.023000  0.659024
167.400000  92.589500  0.514067
167.500000  93.540500  2.953585
167.600000  94.096500  1.154705
167.700000  93.587500  1.089652
167.800000  91.868000  0.685894
167.900000  93.455500  0.226981
168.000000  91.652000  0.585484
168.100000  91.672500  0.523966
168.200000  91.862500  0.886005
168.300000  92.411000  0.524673
168.400000  92.681000  2.012426
168.500000  91.957500  0.044548
168.600000  91.201000  1.772010
168.700000  93.513500  2.707512
168.800000  92.814000  0.707107
168.900000  91.775000  0.899440
169.000000  93.851000  0.975807
169.100000  93.174500  1.772717
169.200000  93.513000  0.726906
169.300000  94.098500  1.051468
169.400000  93.072000  0.222032
169.500000  91.778000  0.558614
169.600000  92.325500  0.219910
169.700000  91.970000  0.117380
169.800000  94.813000  0.692965
169.900000  92.814000  0.554372
170.000000  93.090500  1.590283
170.100000  93.268500  0.160513
170.200000  93.642000  0.980050
170.300000  93.099000  2.821356
170.400000  93.619000  2.346180
170.500000  94.083500  0.300520
170.600000  93.875500  2.806507
170.700000  93.204000  0.712764
170.800000  92.752000  0.506288
170.900000  93.804500  2.253549
171.000000  94.095500  2.472752
171.100000  94.545500  1.061367
171.200000  94.749000  0.728320
171.300000  93.033000  0.903682
171.400000  93.801500  2.725897
171.500000  94.047500  3.530584
171.600000  92.984000  3.265419
171.700000  94.359500  2.295976
171.800000  93.736000  4.129504
171.900000  94.547500  3.782314
172.000000  94.004000  4.163445
172.100000  92.907000  4.200214
172.200000  93.174500  4.543161
172.300000  94.452000  4.618821
172.400000  93.745500  3.584324
172.500000  94.255000  4.857824
172.600000  92.851500  3.236428
172.700000  94.555000  1.209153
172.800000  94.055000  4.613165
172.900000  93.840000  3.985254
173.000000  93.892500  3.667763
173.100000  95.269500  3.078036
173.200000  93.275000  4.224256
173.300000  94.963500  4.941969
173.400000  95.138000  3.853732
173.500000  94.012500  2.816406
173.600000  94.114500  4.657712
173.700000  95.237000  4.640035
173.800000  94.682500  5.074905
173.900000  92.850500  3.946363
174.000000  93.563500  5.063592
174.100000  93.196500  4.538918
174.200000  93.975000  4.277996
174.300000  94.808000  5.608771
174.400000  94.658500  5.022579
174.500000  95.086000  3.624629
174.600000  93.336500  4.784992
174.700000  93.165500  3.942120
174.800000  93.443000  4.132332
174.900000  93.728000  3.746252
175.000000  95.254000  5.092583
175.100000  93.748500  3.295825
175.200000  95.122000  4.905907
175.300000  95.032000  4.024852
175.400000  92.999000  6.767012
175.500000  94.627500  6.108695
175.600000  94.033500  4.913685
175.700000  94.245000  2.862368
175.800000  94.396000  3.924443
175.900000  95.288000  3.008032
176.000000  93.493000  1.443912
176.100000  93.491500  3.909593
176.200000  94.782500  2.898431
176.300000  94.280500  0.461741
176.400000  95.374500  3.410376
176.500000  93.706500  2.571747
176.600000  92.558000  3.416740
176.700000  94.378500  2.025861
176.800000  95.290500  2.858833
176.900000  94.021500  4.789234
177.000000  93.600000  4.893179
177.100000  94.831500  4.251833
177.200000  94.871000  3.041973
177.300000  96.816000  4.545282
177.400000  95.092500  4.364970
177.500000  94.469500  3.785143
177.600000  95.705000  6.137687
177.700000  95.351000  2.066166
177.800000  93.192000  3.876359
177.900000  93.326000  4.292138
178.000000  93.469000  5.627156
178.100000  94.622000  3.876359
178.200000  94.145000  4.514170
178.300000  94.390500  2.694784
178.400000  94.446500  3.276026
178.500000  95.342500  2.537806
178.600000  94.266000  4.518412
178.700000  94.259000  4.270925
178.800000  95.985500  4.454066
178.900000  94.718000  3.082986
179.000000  95.674000  2.418305
179.100000  93.455500  3.468359
179.200000  94.934000  3.016518
179.300000  93.974500  5.014094
179.400000  94.581000  4.531140
179.500000  94.801000  3.893330
179.600000  96.498000  5.984952
179.700000  94.136500  1.781202
179.800000  92.777500  3.099249
179.900000  94.696000  2.648822
180.000000  95.436500  3.492400
180.100000  94.566500  4.233448
180.200000  94.602000  4.795598
180.300000  93.583500  4.034044
180.400000  94.207500  4.910857
180.500000  94.763000  4.869137
180.600000  94.084500  4.209407
180.700000  94.671000  1.900703
180.800000  93.001500  3.369364
180.900000  92.319000  3.713725
181.000000  93.305000  4.024852
181.100000  93.806500  1.977778
181.200000  93.299000  3.568061
181.300000  93.874500  5.055106
181.400000  94.346500  2.885703
181.500000  91.205500  2.904088
181.600000  93.154500  3.797871
181.700000  92.952500  4.572860
181.800000  94.046000  2.839741
181.900000  93.851500  4.625185
182.000000  91.980500  4.107583
182.100000  93.494500  5.145616
182.200000  92.173000  2.934493
182.300000  91.168000  3.518563
182.400000  92.142000  4.946919
182.500000  92.589000  2.928836
182.600000  92.356500  4.092027
182.700000  92.069500  2.501037
182.800000  92.661500  2.151726
182.900000  91.946500  3.618265
183.000000  92.338000  2.539928
183.100000  92.001500  2.759838
183.200000  91.719000  2.948635
183.300000  91.793000  2.629023
183.400000  93.892000  3.493107
183.500000  92.355500  2.263449
183.600000  93.019000  4.016367
183.700000  93.121000  2.800143
183.800000  92.039000  3.084400
183.900000  92.931500  4.193850
184.000000  92.610000  2.152433
184.100000  94.302500  2.778223
184.200000  93.092000  3.108441
184.300000  92.718500  2.467096
184.400000  92.847000  3.416740
184.500000  92.243000  2.278298
184.600000  93.240500  3.003082
184.700000  91.821000  3.406840
184.800000  91.808500  2.946514
184.900000  91.891000  1.722512
185.000000  92.756000  4.186072
185.100000  92.792500  4.111826
185.200000  92.782500  3.126119
185.300000  93.174000  1.066317
185.400000  93.839000  1.077631
185.500000  92.623000  2.515886
185.600000  92.939500  3.541898
185.700000  94.152500  2.919644
185.800000  92.042500  3.012982
185.900000  92.827500  0.474469
186.000000  92.073500  3.355222
186.100000  91.651000  2.163747
186.200000  93.873500  3.875652
186.300000  93.389500  3.468359
186.400000  93.747500  2.376586
186.500000  94.052500  0.655488
186.600000  94.577500  2.030104
186.700000  92.203500  0.894490
186.800000  93.131500  2.601446
186.900000  93.652000  2.674278
187.000000  94.203500  0.053033
187.100000  94.006500  1.683621
187.200000  94.343000  0.511945
187.300000  94.498500  2.824892
187.400000  93.253000  1.530179
187.500000  92.716000  3.022174
187.600000  93.389500  2.966313
187.700000  94.194000  1.380272
187.800000  93.403000  3.184809
187.900000  92.614500  2.819235
188.000000  94.188000  3.037731
188.100000  93.978000  2.278298
188.200000  93.990000  2.986819
188.300000  93.324000  1.055003
188.400000  93.333000  0.804688
188.500000  92.289000  2.631851
188.600000  94.473500  1.440377
188.700000  93.746500  4.271632
188.800000  91.982500  2.018790
188.900000  92.070500  2.290319
189.000000  92.247000  1.254407
189.100000  92.684500  0.887419
189.200000  92.996500  2.612760
189.300000  92.349500  1.338553
189.400000  93.802500  1.450276
189.500000  93.080500  0.061518
189.600000  92.364500  2.938029
189.700000  92.833000  2.757716
189.800000  93.023000  1.336432
189.900000  93.363000  1.397243
190.000000  91.854000  1.062074
190.100000  93.039000  3.545433
190.200000  93.671500  2.650943
190.300000  92.383000  3.286632
190.400000  94.301000  4.491542
190.500000  91.870500  3.059651
190.600000  93.897500  3.792214
190.700000  95.000000  3.347444
190.800000  94.144000  1.814436
190.900000  93.497500  1.240972
191.000000  95.058000  2.665793
191.100000  94.370000  0.329512
191.200000  93.279500  1.173090
191.300000  95.072500  2.645286
191.400000  93.975500  3.803527
191.500000  93.237500  4.697310
191.600000  94.422000  1.808779
191.700000  93.950000  1.848377
191.800000  93.929000  2.283955
191.900000  93.256000  3.534120
192.000000  93.124500  1.928280
192.100000  93.332500  2.389314
192.200000  91.759000  4.953990
192.300000  93.562000  2.967020
192.400000  93.807000  2.330624
192.500000  93.654000  2.503158
192.600000  93.410500  1.482803
192.700000  93.270500  1.464418
192.800000  93.506000  1.504723
192.900000  93.113000  4.282239
193.000000  94.034500  2.501037
193.100000  93.330500  2.283248
193.200000  94.728500  2.544877
193.300000  94.161000  3.198951
193.400000  92.455000  3.821205
193.500000  92.465000  1.288349
193.600000  91.492500  0.282136
193.700000  93.787000  3.378556
193.800000  92.272500  1.721805
193.900000  93.025000  2.187788
194.000000  93.389000  0.885298
194.100000  94.181500  1.141977
194.200000  92.808500  1.850498
194.300000  92.742500  2.731553
194.400000  92.736500  1.956564
194.500000  92.891000  1.077631
194.600000  93.209500  2.830548
194.700000  93.026500  1.342796
194.800000  94.075000  3.420983
194.900000  93.506000  0.905097
195.000000  93.673500  2.573162
195.100000  92.610500  1.057125
195.200000  94.050000  2.901966
195.300000  92.546000  1.251579
195.400000  93.658500  1.639781
195.500000  95.649500  1.957979
195.600000  93.442000  1.554221
195.700000  94.818500  1.406435
195.800000  94.219000  0.499217
195.900000  93.668000  3.218750
196.000000  94.781000  0.692965
196.100000  93.942500  1.594526
196.200000  94.374500  1.431891
196.300000  92.412000  1.337846
196.400000  92.440000  2.350423
196.500000  93.428000  2.619124
196.600000  93.239000  3.129655
196.700000  92.900000  3.152282
196.800000  94.361000  3.678369
196.900000  94.322500  3.280268
197.000000  93.149000  4.286481
197.100000  93.970500  3.503714
197.200000  93.041000  2.889238
197.300000  92.510500  3.550383
197.400000  93.403000  5.542303
197.500000  92.508500  4.031216
197.600000  92.357000  1.112986
197.700000  92.952000  3.792921
197.800000  92.820500  5.195114
197.900000  94.317000  3.965455
198.000000  93.677500  3.138847
198.100000  94.280000  1.917674
198.200000  94.091500  2.038589
198.300000  94.497500  1.074095
198.400000  93.431500  2.940857
198.500000  93.015000  4.287896
198.600000  95.250000  3.645843
198.700000  93.663000  3.378556
198.800000  93.345000  2.554070
198.900000  94.896000  3.333301
199.000000  93.951000  2.904795
199.100000  93.522000  2.660136
199.200000  94.555000  1.470782
199.300000  94.244000  3.553919
199.400000  94.407000  3.620387
199.500000  94.167000  0.776403
199.600000  94.368000  0.057983
199.700000  93.349500  2.573162
199.800000  93.413500  0.839336
199.900000  93.066500  1.871712
200.000000  93.003000  3.891916
