# aggregated from 2 replicates
# x  mean  std
0.000000  106.000000  0.000000
0.100000  94.500000  9.192388
0.200000  88.000000  9.899495
0.300000  102.500000  4.949747
0.400000  90.000000  1.414214
0.500000  83.500000  9.192388
0.600000  89.500000  0.707107
0.700000  88.000000  1.414214
0.800000  96.000000  4.242641
0.900000  95.000000  18.384776
1.000000  107.000000  5.656854
1.100000  99.000000  19.798990
1.200000  98.000000  9.899495
1.300000  96.500000  12.020815
1.400000  89.500000  3.535534
1.500000  86.000000  8.485281
1.600000  89.000000  19.798990
1.700000  91.500000  14.849242
1.800000  102.500000  3.535534
1.900000  93.000000  11.313708
2.000000  94.000000  12.727922
2.100000  103.000000  1.414214
2.200000  94.500000  23.334524
2.300000  91.000000  8.485281
2.400000  95.500000  6.363961
2.500000  99.000000  11.313708
2.600000  93.500000  2.121320
2.700000  97.000000  11.313708
2.800000  84.500000  4.949747
2.900000  89.500000  6.363961
3.000000  92.500000  4.949747
3.100000  91.000000  11.313708
3.200000  102.000000  21.213203
3.300000  92.500000  2.121320
3.400000  94.000000  4.242641
3.500000  102.500000  3.535534
3.600000  106.500000  16.263456
3.700000  99.000000  12.727922
3.800000  92.000000  9.899495
3.900000  87.500000  10.606602
4.000000  90.500000  9.192388
4.100000  99.500000  9.192388
4.200000  89.500000  6.363961
4.300000  91.000000  1.414214
4.400000  93.500000  9.192388
4.500000  88.000000  1.414214
4.600000  91.500000  13.435029
4.700000  91.500000  16.263456
4.800000  92.000000  5.656854
4.900000  98.500000  3.535534
5.000000  89.500000  14.849242
5.100000  97.500000  4.949747
5.200000  93.500000  17.677670
5.300000  97.000000  4.242641
5.400000  99.000000  12.727922
5.500000  99.000000  15.556349
5.600000  94.000000  7.071068
5.700000  92.000000  9.899495
5.800000  98.500000  6.363961
5.900000  104.500000  3.535534
6.000000  90.500000  3.535534
6.100000  92.000000  16.970563
6.200000  91.500000  7.778175
6.300000  96.000000  2.828427
6.400000  92.500000  13.435029
6.500000  100.500000  6.363961
6.600000  86.500000  2.121320
6.700000  85.500000  0.707107
6.800000  91.000000  12.727922
6.900000  93.000000  4.242641
7.000000  91.500000  13.435029
7.100000  89.500000  12.020815
7.200000  93.000000  19.798990
7.300000  90.000000  12.727922
7.400000  93.500000  14.849242
7.500000  90.500000  14.849242
7.600000  87.500000  7.778175
7.700000  99.500000  6.363961
7.800000  102.000000  22.627417
7.900000  90.000000  0.000000
8.000000  88.000000  5.656854
8.100000  88.000000  0.000000
8.200000  90.500000  3.535534
8.300000  97.500000  7.778175
8.400000  95.500000  3.535534
8.500000  94.500000  3.535534
8.600000  94.500000  3.535534
8.700000  96.000000  14.142136
8.800000  96.500000  14.849242
8.900000  92.000000  1.414214
9.000000  97.000000  2.828427
9.100000  96.000000  5.656854
9.200000  92.000000  2.828427
9.300000  101.000000  11.313708
9.400000  87.000000  2.828427
9.500000  100.500000  10.606602
9.600000  89.000000  5.656854
9.700000  96.000000  5.656854
9.800000  92.000000  15.556349
9.900000  99.000000  0.000000
10.000000  99.500000  19.091883
10.100000  96.000000  12.727922
10.200000  96.500000  4.949747
10.300000  93.000000  9.899495
10.400000  88.500000  2.121320
10.500000  97.500000  17.677670
10.600000  103.000000  14.142136
10.700000  92.000000  12.727922
10.800000  101.000000  0.000000
10.900000  88.000000  7.071068
11.000000  97.000000  11.313708
11.100000  98.500000  0.707107
11.200000  99.500000  4.949747
11.300000  95.500000  7.778175
11.400000  85.000000  5.656854
11.500000  95.500000  3.535534
11.600000  97.500000  13.435029
11.700000  93.000000  14.142136
11.800000  89.000000  12.727922
11.900000  90.000000  2.828427
12.000000  98.000000  2.828427
12.100000  80.000000  1.414214
12.200000  107.500000  3.535534
12.300000  97.500000  9.192388
12.400000  90.500000  6.363961
12.500000  82.500000  0.707107
12.600000  98.500000  2.121320
12.700000  84.500000  0.707107
12.800000  85.500000  4.949747
12.900000  73.500000  0.707107
13.000000  81.000000  8.485281
13.100000  81.000000  1.414214
13.200000  86.000000  1.414214
13.300000  80.500000  14.849242
13.400000  81.500000  17.677670
13.500000  74.500000  14.849242
13.600000  72.000000  4.242641
13.700000  83.500000  2.121320
13.800000  81.000000  11.313708
13.900000  77.000000  2.828427
14.000000  83.500000  12.020815
14.100000  84.500000  14.849242
14.200000  89.000000  0.000000
14.300000  79.000000  9.899495
14.400000  101.500000  10.606602
14.500000  77.500000  3.535534
14.600000  87.000000  2.828427
14.700000  80.500000  2.121320
14.800000  82.500000  3.535534
14.900000  85.000000  7.071068
15.000000  82.000000  7.071068
15.100000  82.500000  4.949747
15.200000  81.500000  17.677670
15.300000  81.500000  2.121320
15.400000  75.500000  7.778175
15.500000  88.500000  7.778175
15.600000  84.000000  7.071068
15.700000  87.000000  5.656854
15.800000  85.000000  9.899495
15.900000  84.000000  2.828427
16.000000  79.000000  14.142136
16.100000  82.000000  7.071068
16.200000  79.500000  0.707107
16.300000  81.000000  0.000000
16.400000  81.500000  2.121320
16.500000  84.000000  14.142136
16.600000  79.000000  1.414214
16.700000  85.500000  3.535534
16.800000  84.000000  7.071068
16.900000  76.000000  12.727922
17.000000  76.500000  10.606602
17.100000  78.000000  12.727922
17.200000  75.000000  8.485281
17.300000  75.000000  4.242641
17.400000  80.500000  13.435029
17.500000  68.500000  7.778175
17.600000  76.500000  9.192388
17.700000  77.000000  2.828427
17.800000  76.000000  2.828427
17.900000  65.500000  3.535534
18.000000  75.000000  1.414214
18.100000  88.000000  7.071068
18.200000  84.500000  7.778175
18.300000  74.000000  16.970563
18.400000  81.000000  0.000000
18.500000  77.500000  2.121320
18.600000  84.500000  4.949747
18.700000  80.000000  14.142136
18.800000  77.000000  12.727922
18.900000  80.000000  5.656854
19.000000  70.500000  23.334524
19.100000  77.500000  6.363961
19.200000  92.500000  6.363961
19.300000  71.500000  12.020815
19.400000  77.000000  1.414214
19.500000  74.000000  5.656854
19.600000  82.000000  4.242641
19.700000  65.500000  9.192388
19.800000  72.500000  7.778175
19.900000  77.500000  9.192388
20.000000  62.000000  7.071068
20.100000  68.000000  2.828427
20.200000  70.000000  7.071068
20.300000  64.000000  2.828427
20.400000  67.000000  2.828427
20.500000  62.000000  2.828427
20.600000  71.500000  4.949747
20.700000  77.500000  4.949747
20.800000  78.500000  6.363961
20.900000  70.500000  3.535534
21.000000  69.500000  9.192388
21.100000  78.500000  17.677670
21.200000  70.000000  8.485281
21.300000  71.000000  8.485281
21.400000  76.500000  2.121320
21.500000  72.500000  2.121320
21.600000  74.500000  3.535534
21.700000  74.000000  7.071068
21.800000  86.000000  7.071068
21.900000  75.000000  0.000000
22.000000  75.500000  3.535534
22.100000  73.500000  3.535534
22.200000  79.000000  12.727922
22.300000  72.000000  1.414214
22.400000  74.000000  0.000000
22.500000  77.500000  4.949747
22.600000  73.500000  10.606602
22.700000  67.000000  7.071068
22.800000  74.500000  13.435029
22.900000  71.000000  16.970563
23.000000  79.500000  10.606602
23.100000  77.000000  5.656854
23.200000  76.500000  3.535534
23.300000  75.500000  3.535534
23.400000  81.500000  10.606602
23.500000  77.000000  1.414214
23.600000  75.500000  10.606602
23.700000  76.500000  3.535534
23.800000  73.500000  2.121320
23.900000  75.000000  9.899495
24.000000  77.500000  3.535534
24.100000  86.000000  8.485281
24.200000  77.000000  1.414214
24.300000  88.500000  3.535534
24.400000  84.000000  9.899495
24.500000  77.500000  4.949747
24.600000  81.000000  11.313708
24.700000  90.500000  19.091883
24.800000  88.000000  7.071068
24.900000  81.500000  3.535534
25.000000  88.000000  5.656854
25.100000  86.000000  9.899495
25.200000  84.000000  2.828427
25.300000  81.000000  8.485281
25.400000  80.000000  1.414214
25.500000  75.000000  11.313708
25.600000  90.500000  7.778175
25.700000  79.000000  18.384776
25.800000  80.500000  7.778175
25.900000  80.500000  2.121320
26.000000  82.000000  2.828427
26.100000  77.000000  4.242641
26.200000  77.500000  3.535534
26.300000  83.000000  5.656854
26.400000  79.500000  4.949747
26.500000  82.500000  2.121320
26.600000  85.000000  2.828427
26.700000  80.500000  2.121320
26.800000  86.000000  15.556349
26.900000  84.500000  10.606602
27.000000  77.000000  2.828427
27.100000  87.000000  4.242641
27.200000  78.000000  8.485281
27.300000  80.000000  12.727922
27.400000  80.500000  7.778175
27.500000  76.000000  8.485281
27.600000  72.000000  0.000000
27.700000  79.500000  4.949747
27.800000  88.500000  7.778175
27.900000  77.500000  0.707107
28.000000  78.000000  5.656854
28.100000  79.000000  2.828427
28.200000  82.500000  3.535534
28.300000  80.500000  6.363961
28.400000  75.500000  2.121320
28.500000  76.500000  2.121320
28.600000  81.000000  2.828427
28.700000  82.000000  5.656854
28.800000  82.000000  11.313708
28.900000  81.000000  0.000000
29.000000  82.000000  1.414214
29.100000  85.000000  8.485281
29.200000  78.000000  1.414214
29.300000  85.000000  9.899495
29.400000  85.000000  2.828427
29.500000  79.500000  0.707107
29.600000  75.500000  3.535534
29.700000  75.500000  3.535534
29.800000  80.500000  3.535534
29.900000  83.500000  2.121320
30.000000  72.500000  12.020815
30.100000  77.500000  2.121320
30.200000  81.500000  3.535534
30.300000  76.000000  2.828427
30.400000  81.000000  0.000000
30.500000  74.500000  2.121320
30.600000  72.500000  3.535534
30.700000  79.500000  0.707107
30.800000  75.000000  8.485281
30.900000  79.500000  0.707107
31.000000  81.500000  7.778175
31.100000  74.500000  6.363961
31.200000  77.500000  2.121320
31.300000  72.000000  4.242641
31.400000  76.000000  4.242641
31.500000  83.000000  5.656854
31.600000  78.500000  2.121320
31.700000  73.000000  12.727922
31.800000  80.000000  2.828427
31.900000  75.000000  1.414214
32.000000  76.000000  7.071068
32.100000  88.500000  6.363961
32.200000  87.500000  19.091883
32.300000  80.500000  2.121320
32.400000  73.000000  5.656854
32.500000  84.000000  4.242641
32.600000  83.000000  1.414214
32.700000  74.500000  2.121320
32.800000  78.500000  4.949747
32.900000  81.000000  7.071068
33.000000  81.500000  12.020815
33.100000  89.500000  2.121320
33.200000  86.000000  7.071068
33.300000  72.500000  13.435029
33.400000  81.500000  12.020815
33.500000  86.500000  10.606602
33.600000  82.500000  6.363961
33.700000  85.000000  11.313708
33.800000  72.500000  4.949747
33.900000  85.000000  11.313708
34.000000  80.500000  7.778175
34.100000  78.000000  2.828427
34.200000  73.500000  4.949747
34.300000  81.000000  11.313708
34.400000  73.500000  3.535534
34.500000  86.500000  3.535534
34.600000  80.000000  7.071068
34.700000  80.500000  9.192388
34.800000  86.000000  14.142136
34.900000  83.000000  14.142136
35.000000  77.000000  4.242641
35.100000  86.500000  14.849242
35.200000  80.500000  16.263456
35.300000  79.000000  9.899495
35.400000  76.000000  11.313708
35.500000  65.500000  13.435029
35.600000  77.500000  13.435029
35.700000  77.500000  12.020815
35.800000  70.500000  7.778175
35.900000  74.000000  16.970563
36.000000  79.000000  9.899495
36.100000  84.000000  21.213203
36.200000  74.000000  14.142136
36.300000  73.000000  11.313708
36.400000  83.500000  16.263456
36.500000  73.500000  14.849242
36.600000  73.500000  0.707107
36.700000  76.500000  14.849242
36.800000  75.000000  18.384776
36.900000  74.000000  12.727922
37.000000  72.000000  19.798990
37.100000  71.500000  24.748737
37.200000  84.000000  21.213203
37.300000  83.500000  9.192388
37.400000  75.000000  9.899495
37.500000  77.500000  16.263456
37.600000  77.500000  19.091883
37.700000  74.000000  8.485281
37.800000  76.500000  9.192388
37.900000  77.000000  22.627417
38.000000  76.500000  13.435029
38.100000  82.000000  28.284271
38.200000  72.500000  16.263456
38.300000  73.500000  17.677670
38.400000  68.000000  11.313708
38.500000  80.000000  19.798990
38.600000  75.500000  28.991378
38.700000  71.000000  16.970563
38.800000  75.000000  19.798990
38.900000  76.500000  27.577164
39.000000  87.000000  21.213203
39.100000  75.000000  24.041631
39.200000  77.500000  20.506097
39.300000  81.500000  24.748737
39.400000  73.500000  16.263456
39.500000  79.500000  14.849242
39.600000  72.000000  8.485281
39.700000  77.000000  14.142136
39.800000  78.000000  12.727922
39.900000  78.000000  15.556349
40.000000  75.500000  27.577164
40.100000  81.000000  18.384776
40.200000  67.000000  12.727922
40.300000  80.500000  6.363961
40.400000  75.000000  15.556349
40.500000  70.500000  14.849242
40.600000  81.500000  23.334524
40.700000  70.000000  28.284271
40.800000  78.000000  14.142136
40.900000  70.500000  19.091883
41.000000  68.500000  12.020815
41.100000  77.000000  15.556349
41.200000  72.000000  19.798990
41.300000  76.500000  19.091883
41.400000  69.000000  5.656854
41.500000  76.000000  19.798990
41.600000  68.500000  21.920310
41.700000  69.500000  14.849242
41.800000  66.000000  18.384776
41.900000  64.000000  14.142136
42.000000  68.500000  23.334524
42.100000  69.000000  18.384776
42.200000  67.500000  7.778175
42.300000  72.500000  14.849242
42.400000  65.000000  16.970563
42.500000  69.500000  24.748737
42.600000  69.500000  14.849242
42.700000  75.500000  27.577164
42.800000  64.500000  14.849242
42.900000  61.500000  16.263456
43.000000  72.500000  10.606602
43.100000  65.000000  15.556349
43.200000  67.500000  21.920310
43.300000  81.500000  24.748737
43.400000  69.000000  15.556349
43.500000  63.500000  24.748737
43.600000  73.500000  20.506097
43.700000  75.000000  16.970563
43.800000  71.000000  22.627417
43.900000  74.000000  12.727922
44.000000  70.500000  3.535534
44.100000  70.000000  14.142136
44.200000  72.500000  16.263456
44.300000  68.000000  7.071068
44.400000  76.000000  21.213203
44.500000  67.000000  21.213203
44.600000  63.500000  19.091883
44.700000  72.500000  14.849242
44.800000  66.500000  16.263456
44.900000  67.500000  17.677670
45.000000  73.000000  26.870058
45.100000  67.500000  0.707107
45.200000  69.500000  7.778175
45.300000  69.000000  12.727922
45.400000  69.500000  13.435029
45.500000  66.500000  19.091883
45.600000  73.500000  23.334524
45.700000  61.000000  22.627417
45.800000  61.500000  13.435029
45.900000  63.000000  15.556349
46.000000  72.500000  12.020815
46.100000  70.500000  23.334524
46.200000  70.500000  21.920310
46.300000  73.500000  6.363961
46.400000  64.500000  7.778175
46.500000  61.000000  12.727922
46.600000  64.500000  19.091883
46.700000  69.000000  25.455844
46.800000  66.000000  19.798990
46.900000  62.000000  31.112698
47.000000  74.000000  16.970563
47.100000  66.000000  8.485281
47.200000  64.500000  14.849242
47.300000  62.500000  16.263456
47.400000  68.000000  22.627417
47.500000  62.500000  14.849242
47.600000  69.500000  21.920310
47.700000  73.500000  3.535534
47.800000  75.500000  6.363961
47.900000  65.500000  17.677670
48.000000  69.000000  11.313708
48.100000  60.000000  21.213203
48.200000  67.000000  16.970563
48.300000  72.500000  6.363961
48.400000  69.000000  14.142136
48.500000  71.500000  13.435029
48.600000  67.000000  26.870058
48.700000  69.500000  17.677670
48.800000  66.500000  23.334524
48.900000  68.500000  12.020815
49.000000  64.500000  17.677670
49.100000  66.000000  8.485281
49.200000  66.000000  22.627417
49.300000  67.000000  11.313708
49.400000  67.000000  28.284271
49.500000  66.500000  7.778175
49.600000  69.500000  14.849242
49.700000  68.000000  15.556349
49.800000  64.500000  10.606602
49.900000  71.000000  15.556349
50.000000  67.000000  5.656854
50.100000  65.500000  9.192388
50.200000  63.500000  20.506097
50.300000  61.500000  14.849242
50.400000  78.000000  14.142136
50.500000  73.000000  12.727922
50.600000  66.000000  16.970563
50.700000  72.500000  17.677670
50.800000  65.500000  16.263456
50.900000  71.000000  9.899495
51.000000  62.500000  12.020815
51.100000  70.500000  20.506097
51.200000  70.500000  20.506097
51.300000  68.500000  21.920310
51.400000  67.500000  16.263456
51.500000  66.500000  13.435029
51.600000  74.500000  23.334524
51.700000  70.000000  26.870058
51.800000  75.500000  4.949747
51.900000  70.000000  31.112698
52.000000  74.500000  14.849242
52.100000  68.500000  14.849242
52.200000  71.000000  12.727922
52.300000  74.000000  9.899495
52.400000  64.500000  4.949747
52.500000  65.000000  12.727922
52.600000  63.500000  16.263456
52.700000  61.000000  16.970563
52.800000  69.500000  14.849242
52.900000  68.500000  9.192388
53.000000  67.000000  15.556349
53.100000  66.500000  21.920310
53.200000  71.500000  20.506097
53.300000  64.000000  12.727922
53.400000  60.500000  13.435029
53.500000  65.500000  12.020815
53.600000  74.000000  14.142136
53.700000  60.000000  12.727922
53.800000  66.000000  18.384776
53.900000  67.500000  12.020815
54.000000  61.500000  9.192388
54.100000  62.000000  18.384776
54.200000  60.000000  18.384776
54.300000  61.500000  14.849242
54.400000  71.500000  19.091883
54.500000  67.500000  13.435029
54.600000  67.000000  12.727922
54.700000  65.000000  12.727922
54.800000  70.000000  15.556349
54.900000  63.000000  16.970563
55.000000  76.000000  24.041631
55.100000  71.500000  6.363961
55.200000  67.000000  7.071068
55.300000  65.000000  7.071068
55.400000  66.000000  14.142136
55.500000  70.000000  5.656854
55.600000  70.500000  12.020815
55.700000  70.500000  9.192388
55.800000  72.000000  8.485281
55.900000  68.500000  12.020815
56.000000  74.500000  16.263456
56.100000  69.000000  9.899495
56.200000  64.500000  4.949747
56.300000  71.500000  7.778175
56.400000  67.500000  9.192388
56.500000  74.500000  7.778175
56.600000  66.500000  10.606602
56.700000  67.500000  2.121320
56.800000  75.000000  14.142136
56.900000  66.500000  13.435029
57.000000  69.500000  12.020815
57.100000  71.000000  11.313708
57.200000  77.000000  4.242641
57.300000  66.500000  19.091883
57.400000  77.000000  5.656854
57.500000  77.000000  21.213203
57.600000  77.000000  8.485281
57.700000  74.500000  0.707107
57.800000  69.500000  19.091883
57.900000  71.500000  14.849242
58.000000  70.500000  6.363961
58.100000  71.000000  5.656854
58.200000  74.000000  9.899495
58.300000  69.000000  9.899495
58.400000  72.000000  24.041631
58.500000  66.500000  21.920310
58.600000  66.500000  9.192388
58.700000  67.500000  9.192388
58.800000  74.000000  7.071068
58.900000  74.500000  6.363961
59.000000  71.500000  16.263456
59.100000  70.500000  21.920310
59.200000  72.000000  12.727922
59.300000  68.000000  22.627417
59.400000  61.500000  16.263456
59.500000  58.000000  14.142136
59.600000  69.000000  18.384776
59.700000  69.500000  10.606602
59.800000  67.500000  10.606602
59.900000  77.000000  18.384776
60.000000  78.500000  3.535534
60.100000  69.000000  14.142136
60.200000  79.000000  1.414214
60.300000  77.500000  4.949747
60.400000  72.500000  9.192388
60.500000  82.500000  10.606602
60.600000  70.000000  15.556349
60.700000  74.000000  12.727922
60.800000  78.500000  4.949747
60.900000  73.500000  7.778175
61.000000  78.000000  14.142136
61.100000  66.000000  18.384776
61.200000  69.500000  12.020815
61.300000  69.500000  2.121320
61.400000  67.500000  9.192388
61.500000  63.000000  9.899495
61.600000  66.000000  19.798990
61.700000  65.500000  6.363961
61.800000  67.500000  14.849242
61.900000  67.500000  13.435029
62.000000  80.000000  5.656854
62.100000  78.000000  21.213203
62.200000  74.500000  6.363961
62.300000  70.000000  22.627417
62.400000  69.500000  12.020815
62.500000  73.500000  6.363961
62.600000  75.000000  12.727922
62.700000  74.000000  2.828427
62.800000  74.000000  24.041631
62.900000  77.500000  10.606602
63.000000  81.000000  2.828427
63.100000  66.000000  16.970563
63.200000  69.500000  2.121320
63.300000  69.000000  14.142136
63.400000  70.000000  11.313708
63.500000  69.500000  24.748737
63.600000  73.000000  2.828427
63.700000  77.500000  7.778175
63.800000  76.500000  3.535534
63.900000  77.500000  10.606602
64.000000  77.000000  7.071068
64.100000  68.500000  6.363961
64.200000  79.000000  5.656854
64.300000  75.500000  9.192388
64.400000  75.500000  7.778175
64.500000  68.500000  16.263456
64.600000  78.000000  14.142136
64.700000  81.000000  11.313708
64.800000  75.500000  14.849242
64.900000  71.000000  21.213203
65.000000  77.500000  0.707107
65.100000  70.500000  4.949747
65.200000  64.500000  12.020815
65.300000  73.000000  7.071068
65.400000  71.500000  2.121320
65.500000  78.500000  9.192388
65.600000  75.500000  12.020815
65.700000  67.500000  10.606602
65.800000  77.500000  21.920310
65.900000  64.500000  14.849242
66.000000  78.000000  5.656854
66.100000  73.500000  13.435029
66.200000  71.500000  7.778175
66.300000  75.500000  2.121320
66.400000  77.500000  10.606602
66.500000  73.500000  2.121320
66.600000  73.500000  7.778175
66.700000  73.500000  6.363961
66.800000  72.000000  12.727922
66.900000  78.000000  7.071068
67.000000  73.500000  9.192388
67.100000  75.500000  17.677670
67.200000  72.000000  14.142136
67.300000  74.000000  4.242641
67.400000  81.000000  12.727922
67.500000  77.000000  0.000000
67.600000  76.000000  12.727922
67.700000  84.500000  2.121320
67.800000  76.000000  1.414214
67.900000  84.000000  1.414214
68.000000  79.500000  16.263456
68.100000  73.000000  12.727922
68.200000  77.000000  1.414214
68.300000  68.500000  10.606602
68.400000  88.500000  17.677670
68.500000  96.500000  10.606602
68.600000  80.000000  9.899495
68.700000  82.000000  7.071068
68.800000  86.000000  11.313708
68.900000  69.500000  2.121320
69.000000  73.000000  4.242641
69.100000  80.500000  6.363961
69.200000  76.500000  9.192388
69.300000  82.500000  4.949747
69.400000  90.500000  13.435029
69.500000  75.500000  9.192388
69.600000  79.500000  7.778175
69.700000  69.000000  15.556349
69.800000  85.500000  10.606602
69.900000  83.000000  2.828427
70.000000  84.000000  2.828427
70.100000  83.500000  12.020815
70.200000  82.500000  6.363961
70.300000  81.500000  2.121320
70.400000  88.000000  4.242641
70.500000  89.000000  8.485281
70.600000  80.500000  13.435029
70.700000  70.500000  4.949747
70.800000  83.500000  10.606602
70.900000  83.000000  4.242641
71.000000  78.500000  0.707107
71.100000  85.500000  13.435029
71.200000  78.000000  0.000000
71.300000  85.000000  1.414214
71.400000  70.500000  4.949747
71.500000  76.000000  1.414214
71.600000  71.500000  7.778175
71.700000  82.000000  0.000000
71.800000  78.500000  0.707107
71.900000  82.500000  0.707107
72.000000  78.000000  11.313708
72.100000  75.500000  0.707107
72.200000  84.000000  4.242641
72.300000  77.000000  1.414214
72.400000  69.500000  0.707107
72.500000  75.000000  1.414214
72.600000  75.500000  7.778175
72.700000  72.500000  10.606602
72.800000  71.500000  16.263456
72.900000  70.000000  14.142136
73.000000  70.500000  14.849242
73.100000  76.000000  16.970563
73.200000  70.500000  17.677670
73.300000  75.000000  1.414214
73.400000  73.500000  17.677670
73.500000  66.000000  9.899495
73.600000  75.500000  4.949747
73.700000  69.500000  10.606602
73.800000  63.500000  20.506097
73.900000  70.000000  7.071068
74.000000  70.000000  1.414214
74.100000  74.500000  6.363961
74.200000  76.000000  1.414214
74.300000  75.500000  6.363961
74.400000  75.500000  4.949747
74.500000  78.000000  4.242641
74.600000  84.500000  0.707107
74.700000  81.000000  2.828427
74.800000  78.000000  12.727922
74.900000  73.500000  16.263456
75.000000  80.500000  0.707107
75.100000  73.500000  3.535534
75.200000  76.000000  4.242641
75.300000  67.000000  8.485281
75.400000  75.500000  7.778175
75.500000  75.000000  4.242641
75.600000  65.500000  2.121320
75.700000  68.500000  14.849242
75.800000  74.500000  3.535534
75.900000  65.500000  7.778175
76.000000  72.000000  18.384776
76.100000  65.000000  11.313708
76.200000  64.500000  21.920310
76.300000  69.500000  12.020815
76.400000  69.500000  16.263456
76.500000  64.500000  17.677670
76.600000  66.000000  19.798990
76.700000  67.500000  14.849242
76.800000  68.500000  9.192388
76.900000  71.000000  11.313708
77.000000  67.000000  2.828427
77.100000  65.500000  14.849242
77.200000  72.500000  13.435029
77.300000  72.000000  14.142136
77.400000  78.500000  12.020815
77.500000  74.500000  21.920310
77.600000  72.500000  7.778175
77.700000  76.000000  9.899495
77.800000  83.000000  4.242641
77.900000  69.500000  12.020815
78.000000  71.500000  0.707107
78.100000  81.500000  3.535534
78.200000  72.000000  16.970563
78.300000  75.000000  15.556349
78.400000  74.000000  12.727922
78.500000  74.000000  5.656854
78.600000  77.000000  4.242641
78.700000  70.500000  12.020815
78.800000  78.000000  1.414214
78.900000  83.500000  0.707107
79.000000  78.500000  20.506097
79.100000  74.000000  7.071068
79.200000  68.500000  9.192388
79.300000  75.000000  5.656854
79.400000  77.500000  2.121320
79.500000  79.500000  3.535534
79.600000  76.500000  9.192388
79.700000  67.000000  14.142136
79.800000  76.500000  4.949747
79.900000  83.500000  10.606602
80.000000  70.500000  4.949747
80.100000  73.000000  4.242641
80.200000  71.000000  2.828427
80.300000  74.000000  5.656854
80.400000  84.000000  12.727922
80.500000  75.000000  9.899495
80.600000  71.500000  6.363961
80.700000  74.500000  12.020815
80.800000  87.000000  4.242641
80.900000  71.500000  4.949747
81.000000  69.000000  9.899495
81.100000  63.000000  15.556349
81.200000  74.000000  12.727922
81.300000  71.000000  7.071068
81.400000  80.000000  7.071068
81.500000  75.000000  1.414214
81.600000  72.000000  2.828427
81.700000  75.000000  11.313708
81.800000  74.500000  21.920310
81.900000  76.000000  5.656854
82.000000  72.500000  12.020815
82.100000  69.000000  8.485281
82.200000  70.000000  16.970563
82.300000  77.000000  1.414214
82.400000  71.000000  19.798990
82.500000  78.000000  2.828427
82.600000  72.000000  8.485281
82.700000  69.500000  12.020815
82.800000  69.500000  13.435029
82.900000  71.500000  10.606602
83.000000  66.500000  9.192388
83.100000  64.500000  7.778175
83.200000  70.000000  9.899495
83.300000  82.000000  8.485281
83.400000  75.500000  24.748737
83.500000  71.500000  13.435029
83.600000  75.500000  4.949747
83.700000  80.000000  14.142136
83.800000  84.000000  5.656854
83.900000  83.000000  2.828427
84.000000  73.000000  2.828427
84.100000  77.500000  7.778175
84.200000  72.000000  8.485281
84.300000  73.000000  5.656854
84.400000  70.000000  12.727922
84.500000  70.500000  10.606602
84.600000  67.000000  4.242641
84.700000  83.000000  12.727922
84.800000  64.500000  19.091883
84.900000  73.000000  18.384776
85.000000  66.500000  17.677670
85.100000  76.500000  23.334524
85.200000  69.000000  15.556349
85.300000  70.000000  14.142136
85.400000  75.000000  1.414214
85.500000  71.500000  4.949747
85.600000  78.500000  12.020815
85.700000  70.000000  4.242641
85.800000  71.000000  8.485281
85.900000  73.000000  1.414214
86.000000  74.500000  10.606602
86.100000  70.000000  12.727922
86.200000  66.500000  16.263456
86.300000  80.500000  14.849242
86.400000  65.000000  14.142136
86.500000  63.500000  0.707107
86.600000  71.000000  9.899495
86.700000  75.000000  4.242641
86.800000  76.000000  15.556349
86.900000  70.500000  12.020815
87.000000  66.000000  7.071068
87.100000  69.000000  12.727922
87.200000  65.000000  7.071068
87.300000  66.500000  9.192388
87.400000  64.000000  5.656854
87.500000  74.000000  7.071068
87.600000  67.500000  14.849242
87.700000  83.500000  20.506097
87.800000  75.500000  4.949747
87.900000  73.500000  3.535534
88.000000  76.000000  22.627417
88.100000  73.000000  4.242641
88.200000  74.000000  7.071068
88.300000  74.500000  3.535534
88.400000  72.500000  10.606602
88.500000  77.000000  1.414214
88.600000  74.000000  7.071068
88.700000  76.000000  9.899495
88.800000  66.500000  27.577164
88.900000  71.000000  2.828427
89.000000  68.000000  8.485281
89.100000  74.500000  16.263456
89.200000  75.000000  28.284271
89.300000  71.000000  14.142136
89.400000  78.500000  2.121320
89.500000  73.500000  13.435029
89.600000  61.000000  11.313708
89.700000  74.000000  2.828427
89.800000  71.500000  9.192388
89.900000  74.500000  6.363961
90.000000  76.500000  3.535534
90.100000  74.000000  5.656854
90.200000  74.000000  0.000000
90.300000  68.500000  19.091883
90.400000  73.000000  18.384776
90.500000  70.000000  16.970563
90.600000  69.000000  21.213203
90.700000  72.000000  19.798990
90.800000  70.000000  25.455844
90.900000  72.000000  12.727922
91.000000  75.500000  14.849242
91.100000  72.500000  14.849242
91.200000  72.000000  8.485281
91.300000  72.000000  7.071068
91.400000  70.000000  18.384776
91.500000  70.500000  17.677670
91.600000  70.500000  16.263456
91.700000  64.000000  25.455844
91.800000  67.500000  17.677670
91.900000  77.500000  23.334524
92.000000  69.500000  23.334524
92.100000  65.000000  22.627417
92.200000  73.000000  22.627417
92.300000  72.000000  15.556349
92.400000  73.000000  14.142136
92.500000  75.500000  14.849242
92.600000  68.500000  17.677670
92.700000  71.500000  7.778175
92.800000  75.000000  15.556349
92.900000  66.000000  12.727922
93.000000  74.500000  23.334524
93.100000  72.000000  8.485281
93.200000  69.500000  4.949747
93.300000  67.000000  19.798990
93.400000  81.000000  19.798990
93.500000  77.000000  11.313708
93.600000  75.000000  9.899495
93.700000  80.000000  12.727922
93.800000  74.500000  21.920310
93.900000  65.000000  18.384776
94.000000  63.500000  12.020815
94.100000  68.500000  12.020815
94.200000  76.500000  28.991378
94.300000  67.000000  22.627417
94.400000  68.500000  16.263456
94.500000  78.000000  26.870058
94.600000  67.000000  26.870058
94.700000  75.500000  4.949747
94.800000  61.500000  20.506097
94.900000  61.000000  12.727922
95.000000  72.000000  9.899495
95.100000  82.000000  0.000000
95.200000  78.000000  9.899495
95.300000  77.000000  12.727922
95.400000  76.000000  1.414214
95.500000  81.000000  1.414214
95.600000  76.500000  17.677670
95.700000  82.000000  0.000000
95.800000  78.000000  9.899495
95.900000  78.500000  6.363961
96.000000  77.000000  2.828427
96.100000  76.500000  6.363961
96.200000  72.000000  7.071068
96.300000  75.500000  4.949747
96.400000  74.000000  5.656854
96.500000  82.500000  14.849242
96.600000  80.500000  0.707107
96.700000  74.500000  9.192388
96.800000  76.000000  1.414214
96.900000  85.000000  4.242641
97.000000  76.500000  2.121320
97.100000  76.500000  7.778175
97.200000  82.000000  11.313708
97.300000  79.500000  4.949747
97.400000  78.000000  5.656854
97.500000  75.000000  7.071068
97.600000  73.500000  9.192388
97.700000  80.500000  0.707107
97.800000  74.500000  10.606602
97.900000  71.000000  5.656854
98.000000  90.500000  21.920310
98.100000  72.000000  1.414214
98.200000  81.500000  7.778175
98.300000  80.000000  2.828427
98.400000  81.500000  0.707107
98.500000  86.500000  6.363961
98.600000  75.000000  2.828427
98.700000  82.000000  8.485281
98.800000  75.000000  5.656854
98.900000  75.500000  2.121320
99.000000  69.500000  4.949747
99.100000  69.000000  1.414214
99.200000  61.000000  1.414214
99.300000  62.500000  12.020815
99.400000  74.500000  2.121320
99.500000  71.000000  22.627417
99.600000  71.000000  11.313708
99.700000  70.000000  8.485281
99.800000  79.500000  12.020815
99.900000  75.000000  7.071068
100.000000  69.000000  19.798990
100.100000  72.500000  7.778175
100.200000  71.500000  17.677670
100.300000  70.500000  9.192388
100.400000  74.500000  7.778175
100.500000  70.000000  9.899495
100.600000  73.500000  23.334524
100.700000  68.000000  7.071068
100.800000  71.000000  11.313708
100.900000  68.500000  14.849242
101.000000  68.000000  22.627417
101.100000  68.000000  5.656854
101.200000  73.500000  23.334524
101.300000  73.500000  7.778175
101.400000  68.500000  14.849242
101.500000  74.000000  16.970563
101.600000  68.000000  7.071068
101.700000  75.000000  4.242641
101.800000  68.500000  12.020815
101.900000  72.500000  10.606602
102.000000  70.000000  8.485281
102.100000  68.500000  13.435029
102.200000  69.500000  13.435029
102.300000  67.500000  6.363961
102.400000  70.000000  24.041631
102.500000  68.000000  14.142136
102.600000  62.500000  6.363961
102.700000  72.500000  12.020815
102.800000  74.500000  12.020815
102.900000  73.500000  12.020815
103.000000  65.000000  14.142136
103.100000  71.000000  5.656854
103.200000  70.000000  1.414214
103.300000  74.500000  17.677670
103.400000  67.500000  13.435029
103.500000  68.000000  14.142136
103.600000  77.000000  11.313708
103.700000  65.500000  16.263456
103.800000  64.000000  11.313708
103.900000  75.500000  19.091883
104.000000  65.500000  9.192388
104.100000  69.500000  13.435029
104.200000  61.500000  7.778175
104.300000  62.500000  13.435029
104.400000  70.000000  14.142136
104.500000  66.000000  12.727922
104.600000  68.500000  9.192388
104.700000  65.500000  6.363961
104.800000  81.000000  2.828427
104.900000  72.000000  15.556349
105.000000  66.000000  12.727922
105.100000  70.000000  9.899495
105.200000  62.500000  4.949747
105.300000  72.500000  7.778175
105.400000  72.000000  5.656854
105.500000  74.000000  16.970563
105.600000  67.500000  7.778175
105.700000  69.500000  13.435029
105.800000  72.000000  19.798990
105.900000  71.500000  13.435029
106.000000  72.000000  21.213203
106.100000  71.500000  14.849242
106.200000  76.000000  2.828427
106.300000  76.000000  8.485281
106.400000  72.500000  20.506097
106.500000  70.000000  26.870058
106.600000  70.500000  12.020815
106.700000  71.000000  11.313708
106.800000  64.500000  13.435029
106.900000  61.000000  5.656854
107.000000  69.500000  13.435029
107.100000  66.000000  18.384776
107.200000  63.000000  14.142136
107.300000  68.000000  28.284271
107.400000  63.000000  8.485281
107.500000  69.000000  14.142136
107.600000  65.000000  5.656854
107.700000  66.000000  12.727922
107.800000  70.500000  12.020815
107.900000  64.500000  14.849242
108.000000  63.500000  16.263456
108.100000  68.500000  6.363961
108.200000  61.500000  13.435029
108.300000  64.000000  2.828427
108.400000  64.500000  7.778175
108.500000  66.000000  22.627417
108.600000  67.500000  6.363961
108.700000  75.000000  7.071068
108.800000  69.000000  9.899495
108.900000  68.500000  16.263456
109.000000  68.000000  15.556349
109.100000  70.000000  15.556349
109.200000  68.500000  21.920310
109.300000  67.500000  17.677670
109.400000  64.500000  16.263456
109.500000  65.500000  12.020815
109.600000  65.500000  13.435029
109.700000  67.500000  2.121320
109.800000  63.500000  4.949747
109.900000  68.000000  5.656854
110.000000  63.500000  12.020815
110.100000  72.000000  12.727922
110.200000  71.500000  24.748737
110.300000  77.000000  18.384776
110.400000  73.000000  24.041631
110.500000  73.500000  7.778175
110.600000  67.000000  18.384776
110.700000  70.500000  16.263456
110.800000  71.500000  7.778175
110.900000  77.000000  24.041631
111.000000  73.500000  19.091883
111.100000  71.500000  3.535534
111.200000  67.000000  19.798990
111.300000  76.500000  13.435029
111.400000  69.500000  17.677670
111.500000  67.000000  18.384776
111.600000  75.000000  14.142136
111.700000  70.000000  9.899495
111.800000  72.500000  12.020815
111.900000  79.500000  17.677670
112.000000  73.000000  14.142136
112.100000  69.000000  15.556349
112.200000  74.500000  14.849242
112.300000  61.000000  19.798990
112.400000  76.000000  12.727922
112.500000  73.000000  21.213203
112.600000  72.500000  10.606602
112.700000  60.000000  21.213203
112.800000  65.500000  23.334524
112.900000  62.000000  24.041631
113.000000  66.000000  18.384776
113.100000  62.000000  15.556349
113.200000  70.000000  24.041631
113.300000  71.500000  17.677670
113.400000  64.500000  21.920310
113.500000  68.500000  19.091883
113.600000  68.000000  22.627417
113.700000  64.000000  12.727922
113.800000  66.500000  19.091883
113.900000  66.500000  23.334524
114.000000  67.000000  25.455844
114.100000  67.500000  14.849242
114.200000  60.000000  16.970563
114.300000  68.500000  7.778175
114.400000  74.000000  12.727922
114.500000  63.000000  5.656854
114.600000  69.500000  10.606602
114.700000  71.500000  14.849242
114.800000  70.500000  12.020815
114.900000  74.000000  18.384776
115.000000  68.000000  5.656854
115.100000  69.000000  8.485281
115.200000  75.500000  19.091883
115.300000  74.000000  1.414214
115.400000  69.000000  9.899495
115.500000  75.500000  14.849242
115.600000  73.500000  13.435029
115.700000  66.000000  4.242641
115.800000  75.000000  8.485281
115.900000  67.000000  9.899495
116.000000  68.000000  8.485281
116.100000  64.500000  21.920310
116.200000  76.000000  2.828427
116.300000  68.000000  1.414214
116.400000  63.500000  9.192388
116.500000  59.500000  20.506097
116.600000  69.000000  19.798990
116.700000  70.000000  18.384776
116.800000  64.500000  10.606602
116.900000  65.500000  13.435029
117.000000  75.500000  13.435029
117.100000  66.500000  20.506097
117.200000  72.000000  21.213203
117.300000  64.000000  24.041631
117.400000  67.500000  20.506097
117.500000  65.000000  31.112698
117.600000  69.000000  15.556349
117.700000  85.500000  24.748737
117.800000  69.500000  2.121320
117.900000  73.000000  7.071068
118.000000  65.500000  12.020815
118.100000  77.500000  16.263456
118.200000  72.500000  0.707107
118.300000  65.500000  2.121320
118.400000  73.500000  20.506097
118.500000  61.500000  21.920310
118.600000  74.000000  33.941125
118.700000  58.500000  16.263456
118.800000  60.000000  18.384776
118.900000  72.500000  13.435029
119.000000  71.500000  9.192388
119.100000  72.500000  17.677670
119.200000  80.000000  16.970563
119.300000  77.000000  7.071068
119.400000  79.000000  2.828427
119.500000  73.000000  1.414214
119.600000  69.000000  11.313708
119.700000  69.500000  14.849242
119.800000  64.000000  21.213203
119.900000  62.000000  9.899495
120.000000  69.000000  8.485281
120.100000  66.000000  12.727922
120.200000  74.500000  14.849242
120.300000  73.000000  2.828427
120.400000  71.000000  15.556349
120.500000  71.000000  15.556349
120.600000  76.500000  27.577164
120.700000  71.500000  3.535534
120.800000  66.500000  6.363961
120.900000  79.000000  12.727922
121.000000  66.000000  21.213203
121.100000  65.000000  21.213203
121.200000  78.500000  12.020815
121.300000  65.000000  5.656854
121.400000  69.000000  11.313708
121.500000  74.500000  13.435029
121.600000  68.000000  14.142136
121.700000  62.500000  13.435029
121.800000  66.000000  21.213203
121.900000  73.500000  19.091883
122.000000  70.500000  13.435029
122.100000  72.000000  19.798990
122.200000  69.500000  10.606602
122.300000  66.000000  18.384776
122.400000  62.500000  4.949747
122.500000  67.500000  7.778175
122.600000  72.500000  2.121320
122.700000  65.500000  16.263456
122.800000  72.500000  6.363961
122.900000  63.500000  3.535534
123.000000  70.500000  7.778175
123.100000  80.500000  12.020815
123.200000  68.000000  14.142136
123.300000  71.500000  12.020815
123.400000  78.000000  22.627417
123.500000  68.500000  10.606602
123.600000  67.500000  3.535534
123.700000  70.500000  7.778175
123.800000  74.000000  15.556349
123.900000  76.500000  7.778175
124.000000  79.000000  2.828427
124.100000  75.500000  4.949747
124.200000  78.500000  6.363961
124.300000  80.000000  9.899495
124.400000  83.500000  9.192388
124.500000  76.500000  2.121320
124.600000  71.000000  1.414214
124.700000  71.500000  6.363961
124.800000  79.000000  7.071068
124.900000  77.000000  5.656854
125.000000  78.000000  2.828427
125.100000  74.000000  8.485281
125.200000  72.500000  7.778175
125.300000  83.000000  2.828427
125.400000  75.500000  4.949747
125.500000  79.500000  9.192388
125.600000  77.000000  5.656854
125.700000  73.500000  13.435029
125.800000  65.500000  7.778175
125.900000  74.500000  9.192388
126.000000  77.500000  0.707107
126.100000  75.000000  16.970563
126.200000  77.000000  7.071068
126.300000  83.500000  0.707107
126.400000  76.500000  6.363961
126.500000  78.000000  5.656854
126.600000  80.500000  9.192388
126.700000  77.500000  6.363961
126.800000  73.000000  8.485281
126.900000  70.500000  14.849242
127.000000  71.000000  12.727922
127.100000  71.500000  9.192388
127.200000  74.500000  4.949747
127.300000  77.500000  23.334524
127.400000  75.500000  7.778175
127.500000  77.000000  9.899495
127.600000  65.500000  12.020815
127.700000  58.500000  17.677670
127.800000  62.000000  16.970563
127.900000  72.000000  12.727922
128.000000  67.500000  14.849242
128.100000  74.000000  21.213203
128.200000  66.500000  7.778175
128.300000  69.000000  24.041631
128.400000  77.000000  25.455844
128.500000  69.500000  28.991378
128.600000  68.000000  8.485281
128.700000  68.500000  19.091883
128.800000  73.000000  24.041631
128.900000  71.500000  21.920310
129.000000  69.500000  21.920310
129.100000  69.500000  12.020815
129.200000  77.500000  21.920310
129.300000  74.000000  25.455844
129.400000  71.500000  14.849242
129.500000  62.500000  20.506097
129.600000  73.000000  11.313708
129.700000  63.000000  8.485281
129.800000  66.000000  9.899495
129.900000  64.500000  13.435029
130.000000  67.500000  7.778175
130.100000  67.500000  13.435029
130.200000  66.000000  11.313708
130.300000  65.500000  19.091883
130.400000  76.000000  15.556349
130.500000  69.500000  16.263456
130.600000  68.500000  19.091883
130.700000  68.000000  16.970563
130.800000  68.500000  16.263456
130.900000  64.000000  12.727922
131.000000  67.500000  16.263456
131.100000  68.000000  5.656854
131.200000  59.000000  8.485281
131.300000  67.000000  14.142136
131.400000  61.500000  4.949747
131.500000  72.500000  12.020815
131.600000  68.500000  4.949747
131.700000  68.000000  14.142136
131.800000  73.000000  15.556349
131.900000  74.000000  11.313708
132.000000  65.500000  13.435029
132.100000  70.500000  13.435029
132.200000  66.500000  17.677670
132.300000  70.000000  9.899495
132.400000  68.000000  8.485281
132.500000  75.500000  20.506097
132.600000  77.000000  31.112698
132.700000  67.500000  12.020815
132.800000  70.000000  24.041631
132.900000  64.500000  19.091883
133.000000  73.500000  20.506097
133.100000  69.000000  16.970563
133.200000  70.000000  28.284271
133.300000  68.000000  12.727922
133.400000  76.500000  10.606602
133.500000  65.000000  9.899495
133.600000  67.500000  20.506097
133.700000  71.000000  18.384776
133.800000  67.000000  25.455844
133.900000  61.000000  28.284271
134.000000  68.500000  14.849242
134.100000  68.500000  21.920310
134.200000  71.500000  14.849242
134.300000  64.000000  18.384776
134.400000  61.500000  19.091883
134.500000  63.000000  15.556349
134.600000  65.500000  20.506097
134.700000  70.000000  18.384776
134.800000  70.500000  10.606602
134.900000  68.500000  16.263456
135.000000  67.000000  12.727922
135.100000  63.000000  11.313708
135.200000  69.500000  14.849242
135.300000  67.000000  1.414214
135.400000  73.500000  21.920310
135.500000  72.500000  9.192388
135.600000  72.000000  19.798990
135.700000  68.500000  6.363961
135.800000  72.000000  16.970563
135.900000  59.500000  13.435029
136.000000  65.000000  14.142136
136.100000  80.000000  1.414214
136.200000  82.500000  7.778175
136.300000  76.500000  4.949747
136.400000  78.000000  1.414214
136.500000  73.500000  2.121320
136.600000  71.500000  9.192388
136.700000  71.500000  19.091883
136.800000  72.000000  12.727922
136.900000  80.000000  8.485281
137.000000  70.000000  4.242641
137.100000  77.000000  0.000000
137.200000  81.000000  1.414214
137.300000  82.500000  0.707107
137.400000  70.500000  9.192388
137.500000  76.000000  5.656854
137.600000  73.000000  9.899495
137.700000  68.000000  8.485281
137.800000  78.500000  6.363961
137.900000  71.500000  3.535534
138.000000  76.500000  7.778175
138.100000  76.500000  3.535534
138.200000  71.500000  6.363961
138.300000  69.000000  11.313708
138.400000  79.000000  9.899495
138.500000  73.500000  10.606602
138.600000  67.500000  6.363961
138.700000  72.000000  15.556349
138.800000  68.000000  0.000000
138.900000  70.000000  8.485281
139.000000  80.000000  1.414214
139.100000  65.500000  12.020815
139.200000  70.500000  9.192388
139.300000  74.000000  12.727922
139.400000  65.500000  9.192388
139.500000  77.000000  8.485281
139.600000  72.500000  0.707107
139.700000  66.000000  1.414214
139.800000  72.500000  12.020815
139.900000  72.500000  13.435029
140.000000  73.500000  16.263456
140.100000  69.500000  9.192388
140.200000  74.000000  14.142136
140.300000  77.000000  8.485281
140.400000  71.500000  7.778175
140.500000  72.000000  2.828427
140.600000  73.000000  7.071068
140.700000  66.500000  0.707107
140.800000  67.000000  5.656854
140.900000  75.500000  6.363961
141.000000  68.500000  2.121320
141.100000  77.000000  1.414214
141.200000  65.000000  0.000000
141.300000  70.500000  14.849242
141.400000  68.000000  5.656854
141.500000  72.000000  16.970563
141.600000  68.500000  0.707107
141.700000  67.500000  7.778175
141.800000  72.000000  5.656854
141.900000  71.500000  4.949747
142.000000  71.000000  2.828427
142.100000  69.000000  2.828427
142.200000  79.500000  7.778175
142.300000  74.500000  6.363961
142.400000  72.500000  2.121320
142.500000  70.000000  1.414214
142.600000  71.000000  8.485281
142.700000  68.500000  3.535534
142.800000  74.500000  9.192388
142.900000  74.000000  0.000000
143.000000  75.500000  4.949747
143.100000  70.000000  2.828427
143.200000  73.500000  9.192388
143.300000  77.500000  0.707107
143.400000  74.500000  3.535534
143.500000  78.000000  1.414214
143.600000  66.000000  5.656854
143.700000  74.500000  13.435029
143.800000  70.000000  12.727922
143.900000  79.500000  3.535534
144.000000  67.500000  10.606602
144.100000  73.000000  2.828427
144.200000  80.500000  3.535534
144.300000  78.500000  21.920310
144.400000  67.000000  11.313708
144.500000  69.500000  9.192388
144.600000  83.000000  22.627417
144.700000  68.000000  11.313708
144.800000  70.000000  5.656854
144.900000  74.000000  16.970563
145.000000  66.500000  21.920310
145.100000  63.000000  16.970563
145.200000  64.000000  21.213203
145.300000  71.500000  14.849242
145.400000  75.500000  10.606602
145.500000  70.000000  2.828427
145.600000  58.500000  7.778175
145.700000  73.000000  32.526912
145.800000  74.000000  12.727922
145.900000  70.500000  27.577164
146.000000  71.000000  11.313708
146.100000  72.000000  16.970563
146.200000  70.000000  11.313708
146.300000  82.000000  19.798990
146.400000  80.500000  16.263456
146.500000  76.500000  16.263456
146.600000  73.000000  8.485281
146.700000  77.000000  9.899495
146.800000  77.500000  2.121320
146.900000  71.500000  9.192388
147.000000  80.500000  14.849242
147.100000  81.500000  13.435029
147.200000  74.500000  4.949747
147.300000  76.500000  12.020815
147.400000  80.000000  0.000000
147.500000  74.000000  12.727922
147.600000  76.000000  7.071068
147.700000  80.500000  13.435029
147.800000  72.500000  10.606602
147.900000  78.500000  21.920310
148.000000  81.000000  12.727922
148.100000  75.000000  16.970563
148.200000  72.000000  14.142136
148.300000  75.500000  17.677670
148.400000  64.000000  9.899495
148.500000  72.000000  9.899495
148.600000  76.000000  19.798990
148.700000  69.000000  19.798990
148.800000  71.500000  14.849242
148.900000  75.500000  13.435029
149.000000  67.500000  12.020815
149.100000  82.000000  21.213203
149.200000  79.500000  3.535534
149.300000  74.500000  7.778175
149.400000  60.000000  19.798990
149.500000  60.000000  36.769553
149.600000  56.000000  29.698485
149.700000  55.000000  24.041631
149.800000  60.500000  26.162951
149.900000  57.500000  16.263456
150.000000  65.000000  9.899495
150.100000  73.000000  18.384776
150.200000  63.500000  23.334524
150.300000  65.500000  17.677670
150.400000  72.500000  16.263456
150.500000  68.000000  4.242641
150.600000  67.500000  13.435029
150.700000  66.500000  4.949747
150.800000  60.500000  14.849242
150.900000  63.000000  16.970563
151.000000  79.000000  28.284271
151.100000  68.500000  21.920310
151.200000  66.500000  12.020815
151.300000  66.500000  16.263456
151.400000  58.000000  22.627417
151.500000  65.000000  25.455844
151.600000  60.000000  5.656854
151.700000  57.000000  28.284271
151.800000  59.000000  22.627417
151.900000  67.500000  30.405592
152.000000  57.500000  28.991378
152.100000  68.500000  33.234019
152.200000  56.000000  22.627417
152.300000  66.500000  24.748737
152.400000  69.500000  21.920310
152.500000  56.500000  26.162951
152.600000  64.000000  33.941125
152.700000  65.000000  16.970563
152.800000  66.500000  34.648232
152.900000  62.000000  29.698485
153.000000  65.500000  33.234019
153.100000  52.000000  28.284271
153.200000  58.500000  21.920310
153.300000  62.500000  12.020815
153.400000  60.500000  24.748737
153.500000  63.000000  14.142136
153.600000  74.000000  2.828427
153.700000  71.500000  17.677670
153.800000  66.000000  11.313708
153.900000  70.500000  9.192388
154.000000  67.500000  17.677670
154.100000  68.000000  11.313708
154.200000  72.500000  16.263456
154.300000  62.500000  14.849242
154.400000  78.500000  14.849242
154.500000  67.000000  5.656854
154.600000  62.000000  24.041631
154.700000  60.500000  27.577164
154.800000  55.000000  18.384776
154.900000  67.000000  21.213203
155.000000  65.000000  9.899495
155.100000  61.000000  19.798990
155.200000  55.500000  19.091883
155.300000  59.500000  19.091883
155.400000  60.500000  20.506097
155.500000  65.000000  21.213203
155.600000  65.000000  26.870058
155.700000  72.500000  34.648232
155.800000  60.000000  21.213203
155.900000  68.000000  31.112698
156.000000  61.500000  26.162951
156.100000  62.500000  16.263456
156.200000  70.500000  21.920310
156.300000  59.500000  24.748737
156.400000  62.000000  31.112698
156.500000  61.000000  25.455844
156.600000  62.500000  16.263456
156.700000  59.500000  21.920310
156.800000  70.000000  24.041631
156.900000  62.000000  24.041631
157.000000  57.500000  13.435029
157.100000  63.500000  12.020815
157.200000  56.500000  17.677670
157.300000  60.000000  32.526912
157.400000  56.000000  26.870058
157.500000  56.000000  33.941125
157.600000  59.500000  30.405592
157.700000  55.500000  17.677670
157.800000  51.500000  30.405592
157.900000  57.000000  28.284271
158.000000  48.500000  27.577164
158.100000  59.500000  24.748737
158.200000  57.000000  22.627417
158.300000  59.000000  29.698485
158.400000  58.000000  21.213203
158.500000  56.500000  26.162951
158.600000  58.000000  26.870058
158.700000  58.000000  29.698485
158.800000  62.500000  43.133514
158.900000  58.500000  33.234019
159.000000  58.000000  24.041631
159.100000  59.000000  29.698485
159.200000  63.500000  21.920310
159.300000  64.500000  24.748737
159.400000  57.000000  29.698485
159.500000  58.500000  24.748737
159.600000  61.500000  30.405592
159.700000  60.500000  36.062446
159.800000  71.500000  26.162951
159.900000  60.500000  26.162951
160.000000  60.500000  27.577164
160.100000  63.500000  21.920310
160.200000  60.500000  28.991378
160.300000  68.500000  31.819805
160.400000  59.000000  16.970563
160.500000  61.500000  28.991378
160.600000  63.500000  21.920310
160.700000  58.000000  22.627417
160.800000  56.000000  25.455844
160.900000  57.000000  22.627417
161.000000  64.000000  22.627417
161.100000  66.000000  15.556349
161.200000  68.000000  16.970563
161.300000  60.000000  22.627417
161.400000  62.000000  35.355339
161.500000  61.500000  27.577164
161.600000  69.500000  30.405592
161.700000  58.000000  33.941125
161.800000  55.000000  24.041631
161.900000  66.500000  20.506097
162.000000  63.000000  25.455844
162.100000  69.000000  14.142136
162.200000  68.000000  11.313708
162.300000  63.000000  26.870058
162.400000  64.000000  25.455844
162.500000  72.000000  25.455844
162.600000  63.000000  31.112698
162.700000  58.500000  31.819805
162.800000  64.000000  28.284271
162.900000  63.500000  17.677670
163.000000  67.000000  18.384776
163.100000  70.500000  17.677670
163.200000  75.000000  14.142136
163.300000  71.500000  23.334524
163.400000  67.000000  14.142136
163.500000  68.500000  7.778175
163.600000  72.500000  13.435029
163.700000  72.000000  14.142136
163.800000  68.500000  19.091883
163.900000  66.000000  16.970563
164.000000  70.500000  17.677670
164.100000  73.500000  12.020815
164.200000  74.000000  19.798990
164.300000  72.000000  19.798990
164.400000  77.500000  17.677670
164.500000  82.000000  9.899495
164.600000  75.500000  13.435029
164.700000  83.000000  15.556349
164.800000  71.500000  19.091883
164.900000  75.500000  13.435029
165.000000  72.500000  17.677670
165.100000  81.000000  12.727922
165.200000  72.000000  12.727922
165.300000  63.500000  9.192388
165.400000  74.000000  7.071068
165.500000  73.500000  10.606602
165.600000  76.500000  13.435029
165.700000  65.000000  2.828427
165.800000  83.500000  33.234019
165.900000  66.500000  14.849242
166.000000  63.500000  10.606602
166.100000  66.500000  14.849242
166.200000  64.000000  16.970563
166.300000  65.000000  7.071068
166.400000  68.000000  19.798990
166.500000  57.000000  4.242641
166.600000  66.000000  5.656854
166.700000  71.500000  17.677670
166.800000  64.500000  0.707107
166.900000  69.500000  19.091883
167.000000  68.500000  6.363961
167.100000  71.000000  0.000000
167.200000  72.000000  1.414214
167.300000  74.000000  9.899495
167.400000  78.500000  13.435029
167.500000  78.000000  29.698485
167.600000  75.000000  11.313708
167.700000  72.500000  13.435029
167.800000  66.500000  10.606602
167.900000  72.000000  18.384776
168.000000  66.500000  7.778175
168.100000  68.000000  9.899495
168.200000  75.500000  2.121320
168.300000  65.000000  12.727922
168.400000  79.500000  10.606602
168.500000  74.000000  0.000000
168.600000  72.000000  15.556349
168.700000  77.000000  7.071068
168.800000  79.500000  7.778175
168.900000  75.500000  13.435029
169.000000  76.500000  6.363961
169.100000  76.000000  9.899495
169.200000  75.000000  4.242641
169.300000  73.500000  12.020815
169.400000  79.500000  3.535534
169.500000  77.500000  0.707107
169.600000  71.000000  9.899495
169.700000  76.500000  6.363961
169.800000  70.000000  4.242641
169.900000  77.000000  7.071068
170.000000  72.000000  11.313708
170.100000  76.000000  0.000000
170.200000  70.000000  7.071068
170.300000  74.500000  6.363961
170.400000  81.000000  1.414214
170.500000  78.000000  2.828427
170.600000  78.500000  13.435029
170.700000  74.500000  7.778175
170.800000  76.000000  11.313708
170.900000  72.500000  9.192388
171.000000  78.000000  11.313708
171.100000  92.000000  8.485281
171.200000  74.000000  7.071068
171.300000  72.500000  13.435029
171.400000  82.500000  2.121320
171.500000  79.500000  16.263456
171.600000  71.000000  8.485281
171.700000  72.500000  6.363961
171.800000  74.500000  12.020815
171.900000  81.000000  4.242641
172.000000  78.000000  11.313708
172.100000  66.000000  7.071068
172.200000  78.000000  5.656854
172.300000  75.500000  9.192388
172.400000  84.500000  9.192388
172.500000  80.500000  14.849242
172.600000  87.500000  9.192388
172.700000  79.500000  6.363961
172.800000  78.500000  13.435029
172.900000  93.000000  1.414214
173.000000  77.000000  4.242641
173.100000  88.000000  0.000000
173.200000  86.500000  6.363961
173.300000  82.500000  14.849242
173.400000  75.000000  4.242641
173.500000  73.500000  9.192388
173.600000  70.000000  5.656854
173.700000  81.000000  1.414214
173.800000  84.500000  12.020815
173.900000  73.500000  12.020815
174.000000  75.000000  7.071068
174.100000  61.500000  20.506097
174.200000  76.500000  0.707107
174.300000  97.000000  8.485281
174.400000  75.000000  5.656854
174.500000  75.000000  2.828427
174.600000  84.500000  10.606602
174.700000  84.500000  12.020815
174.800000  80.000000  4.242641
174.900000  80.500000  3.535534
175.000000  76.500000  0.707107
175.100000  71.000000  12.727922
175.200000  70.500000  14.849242
175.300000  70.500000  2.121320
175.400000  76.500000  7.778175
175.500000  81.000000  7.071068
175.600000  82.500000  10.606602
175.700000  95.000000  12.727922
175.800000  82.000000  16.970563
175.900000  73.500000  17.677670
176.000000  84.000000  15.556349
176.100000  82.500000  6.363961
176.200000  82.000000  8.485281
176.300000  72.000000  8.485281
176.400000  80.500000  0.707107
176.500000  85.000000  1.414214
176.600000  84.500000  4.949747
176.700000  85.500000  9.192388
176.800000  72.000000  5.656854
176.900000  73.000000  11.313708
177.000000  86.000000  8.485281
177.100000  69.000000  7.071068
177.200000  73.500000  20.506097
177.300000  75.500000  4.949747
177.400000  69.000000  15.556349
177.500000  82.500000  3.535534
177.600000  80.000000  11.313708
177.700000  86.000000  14.142136
177.800000  83.000000  14.142136
177.900000  74.000000  11.313708
178.000000  67.000000  14.142136
178.100000  81.000000  14.142136
178.200000  73.000000  14.142136
178.300000  94.000000  2.828427
178.400000  79.000000  15.556349
178.500000  93.000000  4.242641
178.600000  83.000000  19.798990
178.700000  88.500000  9.192388
178.800000  96.500000  16.263456
178.900000  86.500000  2.121320
179.000000  87.500000  16.263456
179.100000  80.500000  4.949747
179.200000  76.500000  3.535534
179.300000  85.500000  12.020815
179.400000  76.000000  1.414214
179.500000  79.500000  7.778175
179.600000  73.500000  10.606602
179.700000  76.000000  2.828427
179.800000  80.500000  3.535534
179.900000  94.500000  12.020815
180.000000  81.000000  14.142136
180.100000  76.000000  1.414214
180.200000  77.500000  10.606602
180.300000  74.500000  7.778175
180.400000  82.000000  1.414214
180.500000  82.000000  14.142136
180.600000  91.000000  1.414214
180.700000  82.000000  4.242641
180.800000  83.500000  2.121320
180.900000  88.000000  1.414214
181.000000  84.000000  4.242641
181.100000  82.000000  11.313708
181.200000  87.000000  7.071068
181.300000  83.500000  6.363961
181.400000  90.000000  1.414214
181.500000  82.000000  11.313708
181.600000  75.500000  6.363961
181.700000  83.000000  9.899495
181.800000  88.000000  9.899495
181.900000  71.000000  1.414214
182.000000  81.000000  11.313708
182.100000  92.500000  2.121320
182.200000  87.000000  4.242641
182.300000  84.000000  5.656854
182.400000  90.500000  0.707107
182.500000  78.500000  3.535534
182.600000  81.000000  4.242641
182.700000  83.500000  2.121320
182.800000  81.000000  21.213203
182.900000  76.000000  8.485281
183.000000  70.500000  16.263456
183.100000  75.000000  11.313708
183.200000  72.500000  0.707107
183.300000  66.000000  29.698485
183.400000  76.500000  12.020815
183.500000  75.500000  20.506097
183.600000  69.500000  16.263456
183.700000  80.000000  11.313708
183.800000  75.500000  24.748737
183.900000  78.000000  25.455844
184.000000  69.000000  12.727922
184.100000  76.500000  19.091883
184.200000  67.000000  11.313708
184.300000  76.000000  14.142136
184.400000  71.500000  19.091883
184.500000  73.000000  18.384776
184.600000  71.000000  15.556349
184.700000  76.000000  14.142136
184.800000  75.000000  12.727922
184.900000  74.000000  7.071068
185.000000  79.500000  7.778175
185.100000  73.500000  19.091883
185.200000  65.000000  8.485281
185.300000  75.500000  19.091883
185.400000  71.500000  4.949747
185.500000  72.500000  13.435029
185.600000  78.000000  15.556349
185.700000  68.500000  17.677670
185.800000  73.500000  17.677670
185.900000  72.500000  17.677670
186.000000  74.500000  10.606602
186.100000  78.500000  21.920310
186.200000  65.500000  19.091883
186.300000  71.000000  21.213203
186.400000  65.000000  11.313708
186.500000  69.500000  14.849242
186.600000  82.000000  8.485281
186.700000  66.000000  2.828427
186.800000  72.500000  14.849242
186.900000  73.500000  24.748737
187.000000  67.500000  10.606602
187.100000  66.500000  4.949747
187.200000  81.000000  8.485281
187.300000  77.500000  13.435029
187.400000  76.000000  28.284271
187.500000  72.500000  26.162951
187.600000  65.500000  19.091883
187.700000  78.000000  5.656854
187.800000  82.000000  12.727922
187.900000  77.000000  1.414214
188.000000  72.500000  9.192388
188.100000  81.500000  7.778175
188.200000  75.000000  21.213203
188.300000  77.000000  11.313708
188.400000  78.500000  9.192388
188.500000  65.500000  12.020815
188.600000  63.500000  6.363961
188.700000  72.500000  26.162951
188.800000  76.500000  17.677670
188.900000  75.500000  23.334524
189.000000  69.000000  14.142136
189.100000  76.500000  21.920310
189.200000  78.500000  12.020815
189.300000  78.500000  17.677670
189.400000  73.000000  12.727922
189.500000  78.000000  14.142136
189.600000  69.000000  8.485281
189.700000  70.000000  12.727922
189.800000  78.500000  6.363961
189.900000  79.000000  16.970563
190.000000  74.000000  14.142136
190.100000  71.000000  12.727922
190.200000  77.000000  14.142136
190.300000  78.000000  24.041631
190.400000  75.000000  19.798990
190.500000  76.000000  19.798990
190.600000  66.500000  19.091883
190.700000  65.000000  14.142136
190.800000  71.500000  14.849242
190.900000  72.000000  2.828427
191.000000  69.000000  14.142136
191.100000  73.500000  26.162951
191.200000  70.000000  18.384776
191.300000  71.000000  16.970563
191.400000  75.500000  7.778175
191.500000  76.000000  11.313708
191.600000  84.000000  2.828427
191.700000  73.500000  17.677670
191.800000  75.000000  11.313708
191.900000  70.500000  7.778175
192.000000  82.500000  6.363961
192.100000  75.000000  28.284271
192.200000  72.500000  10.606602
192.300000  78.000000  19.798990
192.400000  72.000000  14.142136
192.500000  75.000000  15.556349
192.600000  76.000000  19.798990
192.700000  72.000000  25.455844
192.800000  68.500000  13.435029
192.900000  76.500000  6.363961
193.000000  80.500000  6.363961
193.100000  78.000000  2.828427
193.200000  69.000000  19.798990
193.300000  73.000000  19.798990
193.400000  75.000000  7.071068
193.500000  67.500000  10.606602
193.600000  70.500000  13.435029
193.700000  78.500000  4.949747
193.800000  80.000000  11.313708
193.900000  69.500000  10.606602
194.000000  74.000000  26.870058
194.100000  80.000000  12.727922
194.200000  75.500000  9.192388
194.300000  77.000000  1.414214
194.400000  78.500000  12.020815
194.500000  78.500000  0.707107
194.600000  88.500000  19.091883
194.700000  77.000000  21.213203
194.800000  81.000000  11.313708
194.900000  77.500000  19.091883
195.000000  77.000000  16.970563
195.100000  76.500000  19.091883
195.200000  76.000000  15.556349
195.300000  78.000000  5.656854
195.400000  76.000000  8.485281
195.500000  80.000000  14.142136
195.600000  74.000000  0.000000
195.700000  80.500000  0.707107
195.800000  65.000000  21.213203
195.900000  78.000000  26.870058
196.000000  66.000000  18.384776
196.100000  77.500000  16.263456
196.200000  85.500000  13.435029
196.300000  79.000000  18.384776
196.400000  70.000000  14.142136
196.500000  72.500000  17.677670
196.600000  79.000000  12.727922
196.700000  76.000000  2.828427
196.800000  77.500000  10.606602
196.900000  81.500000  0.707107
197.000000  73.500000  17.677670
197.100000  69.500000  17.677670
197.200000  75.000000  1.414214
197.300000  87.500000  3.535534
197.400000  73.000000  16.970563
197.500000  70.500000  12.020815
197.600000  78.500000  2.121320
197.700000  70.500000  21.920310
197.800000  80.500000  9.192388
197.900000  71.500000  14.849242
198.000000  77.500000  3.535534
198.100000  76.000000  7.071068
198.200000  68.000000  14.142136
198.300000  74.500000  13.435029
198.400000  77.000000  12.727922
198.500000  77.000000  9.899495
198.600000  74.000000  5.656854
198.700000  77.000000  7.071068
198.800000  80.000000  19.798990
198.900000  77.500000  10.606602
199.000000  79.000000  1.414214
199.100000  80.500000  6.363961
199.200000  74.500000  3.535534
199.300000  76.000000  15.556349
199.400000  73.500000  10.606602
199.500000  83.000000  11.313708
199.600000  82.000000  14.142136
199.700000  87.000000  5.656854
199.800000  70.500000  14.849242
199.900000  73.000000  25.455844
200.000000  84.000000  18.384776
