# Secondary Structure Percentages Over Time
# Time(ns)	α-helix(H)	β-bridge(B)	β-strand(E)	3-helix(G)	π-helix(I)	Turn(T)	Bend(S)	Coil(-)
0.0000	36.43	0.00	18.90	0.00	0.00	0.00	0.00	44.67
0.1000	35.40	0.00	17.53	0.00	0.00	0.00	0.00	47.08
0.2000	35.40	0.00	18.90	0.00	0.00	0.00	0.00	45.70
0.3000	38.14	0.00	16.84	0.00	0.00	0.00	0.00	45.02
0.4000	38.83	0.00	17.18	0.00	0.00	0.00	0.00	43.99
0.5000	35.74	0.00	16.49	0.00	0.00	0.00	0.00	47.77
0.6000	38.49	0.00	16.84	0.00	0.00	0.00	0.00	44.67
0.7000	36.08	0.00	16.49	0.00	0.00	0.00	0.00	47.42
0.8000	37.46	0.00	16.15	0.00	0.00	0.00	0.00	46.39
0.9000	37.46	0.00	15.46	0.00	0.00	0.00	0.00	47.08
1.0000	38.14	0.00	16.49	0.00	0.00	0.00	0.00	45.36
