# aggregated from 2 replicates
# x  mean  std
0.000000  91.000000  7.071068
0.100000  100.500000  14.849242
0.200000  108.500000  4.949747
0.300000  94.500000  9.192388
0.400000  90.500000  13.435029
0.500000  96.000000  16.970563
0.600000  87.000000  11.313708
0.700000  97.000000  2.828427
0.800000  101.500000  12.020815
0.900000  100.000000  0.000000
1.000000  93.000000  1.414214
1.100000  94.000000  1.414214
1.200000  102.000000  2.828427
1.300000  93.500000  0.707107
1.400000  92.000000  12.727922
1.500000  91.000000  25.455844
1.600000  73.000000  9.899495
1.700000  90.500000  0.707107
1.800000  87.000000  9.899495
1.900000  88.000000  7.071068
2.000000  98.500000  7.778175
2.100000  89.500000  10.606602
2.200000  81.000000  21.213203
2.300000  87.500000  0.707107
2.400000  97.000000  11.313708
2.500000  85.500000  16.263456
2.600000  87.000000  8.485281
2.700000  92.000000  5.656854
2.800000  90.000000  16.970563
2.900000  75.000000  21.213203
3.000000  90.000000  15.556349
3.100000  82.500000  3.535534
3.200000  88.500000  7.778175
3.300000  93.500000  21.920310
3.400000  98.500000  9.192388
3.500000  93.000000  8.485281
3.600000  87.500000  10.606602
3.700000  85.500000  16.263456
3.800000  97.500000  6.363961
3.900000  95.000000  0.000000
4.000000  86.000000  1.414214
4.100000  88.000000  5.656854
4.200000  81.000000  2.828427
4.300000  84.000000  18.384776
4.400000  87.000000  16.970563
4.500000  80.500000  10.606602
4.600000  90.500000  4.949747
4.700000  90.500000  16.263456
4.800000  91.500000  13.435029
4.900000  84.000000  0.000000
5.000000  81.000000  14.142136
5.100000  87.500000  6.363961
5.200000  87.500000  2.121320
5.300000  85.000000  8.485281
5.400000  91.500000  4.949747
5.500000  98.000000  8.485281
5.600000  88.000000  12.727922
5.700000  88.500000  12.020815
5.800000  89.500000  4.949747
5.900000  84.000000  9.899495
6.000000  91.000000  5.656854
6.100000  106.000000  18.384776
6.200000  81.000000  5.656854
6.300000  83.000000  5.656854
6.400000  97.500000  10.606602
6.500000  90.000000  19.798990
6.600000  86.000000  16.970563
6.700000  80.000000  21.213203
6.800000  87.000000  14.142136
6.900000  86.500000  3.535534
7.000000  93.000000  8.485281
7.100000  95.000000  16.970563
7.200000  99.500000  7.778175
7.300000  91.500000  3.535534
7.400000  67.500000  4.949747
7.500000  91.000000  11.313708
7.600000  84.500000  0.707107
7.700000  82.500000  13.435029
7.800000  93.000000  0.000000
7.900000  100.500000  2.121320
8.000000  76.000000  16.970563
8.100000  85.000000  1.414214
8.200000  90.000000  22.627417
8.300000  78.000000  2.828427
8.400000  86.000000  0.000000
8.500000  91.500000  0.707107
8.600000  92.000000  9.899495
8.700000  82.500000  10.606602
8.800000  86.000000  7.071068
8.900000  97.000000  5.656854
9.000000  81.000000  7.071068
9.100000  82.500000  20.506097
9.200000  79.000000  8.485281
9.300000  82.500000  7.778175
9.400000  80.500000  3.535534
9.500000  83.500000  9.192388
9.600000  86.500000  0.707107
9.700000  86.000000  0.000000
9.800000  68.000000  1.414214
9.900000  80.000000  12.727922
10.000000  71.500000  3.535534
10.100000  86.500000  6.363961
10.200000  80.500000  7.778175
10.300000  87.500000  3.535534
10.400000  81.500000  2.121320
10.500000  82.000000  2.828427
10.600000  82.500000  12.020815
10.700000  85.000000  4.242641
10.800000  81.000000  8.485281
10.900000  80.000000  8.485281
11.000000  92.000000  9.899495
11.100000  80.500000  4.949747
11.200000  80.000000  2.828427
11.300000  87.000000  2.828427
11.400000  98.000000  15.556349
11.500000  97.500000  17.677670
11.600000  89.500000  0.707107
11.700000  91.500000  7.778175
11.800000  88.500000  4.949747
11.900000  88.000000  4.242641
12.000000  82.500000  0.707107
12.100000  79.000000  7.071068
12.200000  89.000000  0.000000
12.300000  89.500000  0.707107
12.400000  87.500000  6.363961
12.500000  92.000000  11.313708
12.600000  89.000000  4.242641
12.700000  94.000000  9.899495
12.800000  86.000000  2.828427
12.900000  90.000000  7.071068
13.000000  89.000000  4.242641
13.100000  86.500000  4.949747
13.200000  86.000000  11.313708
13.300000  84.500000  16.263456
13.400000  86.500000  19.091883
13.500000  87.000000  2.828427
13.600000  86.000000  2.828427
13.700000  77.500000  2.121320
13.800000  84.000000  25.455844
13.900000  95.000000  12.727922
14.000000  85.500000  4.949747
14.100000  93.000000  31.112698
14.200000  93.000000  14.142136
14.300000  94.000000  1.414214
14.400000  98.000000  1.414214
14.500000  92.000000  11.313708
14.600000  79.500000  3.535534
14.700000  89.500000  13.435029
14.800000  86.000000  0.000000
14.900000  87.500000  0.707107
15.000000  80.000000  8.485281
15.100000  85.500000  0.707107
15.200000  77.000000  12.727922
15.300000  76.000000  12.727922
15.400000  87.500000  6.363961
15.500000  85.000000  0.000000
15.600000  75.000000  9.899495
15.700000  79.500000  0.707107
15.800000  77.500000  0.707107
15.900000  82.000000  7.071068
16.000000  84.000000  5.656854
16.100000  80.000000  1.414214
16.200000  89.500000  6.363961
16.300000  84.000000  1.414214
16.400000  91.000000  0.000000
16.500000  82.500000  3.535534
16.600000  70.000000  4.242641
16.700000  76.000000  7.071068
16.800000  82.500000  2.121320
16.900000  75.500000  6.363961
17.000000  82.500000  19.091883
17.100000  76.500000  6.363961
17.200000  75.000000  2.828427
17.300000  75.500000  13.435029
17.400000  75.000000  5.656854
17.500000  74.500000  10.606602
17.600000  84.500000  6.363961
17.700000  86.000000  7.071068
17.800000  87.000000  7.071068
17.900000  85.000000  7.071068
18.000000  89.500000  12.020815
18.100000  87.000000  15.556349
18.200000  73.500000  4.949747
18.300000  88.500000  19.091883
18.400000  89.500000  3.535534
18.500000  80.500000  6.363961
18.600000  79.000000  4.242641
18.700000  84.000000  2.828427
18.800000  81.500000  9.192388
18.900000  88.500000  14.849242
19.000000  82.500000  4.949747
19.100000  87.500000  3.535534
19.200000  82.000000  5.656854
19.300000  80.500000  0.707107
19.400000  86.500000  7.778175
19.500000  78.000000  1.414214
19.600000  81.000000  11.313708
19.700000  80.000000  14.142136
19.800000  86.500000  6.363961
19.900000  88.500000  6.363961
20.000000  86.000000  4.242641
20.100000  79.000000  1.414214
20.200000  77.500000  12.020815
20.300000  89.500000  7.778175
20.400000  85.000000  19.798990
20.500000  79.500000  3.535534
20.600000  81.500000  7.778175
20.700000  84.000000  1.414214
20.800000  80.500000  3.535534
20.900000  85.000000  1.414214
21.000000  83.000000  1.414214
21.100000  79.000000  12.727922
21.200000  85.000000  2.828427
21.300000  83.000000  5.656854
21.400000  73.000000  9.899495
21.500000  90.000000  0.000000
21.600000  76.500000  6.363961
21.700000  83.000000  1.414214
21.800000  77.500000  3.535534
21.900000  89.500000  12.020815
22.000000  81.000000  2.828427
22.100000  91.000000  14.142136
22.200000  94.500000  12.020815
22.300000  85.500000  2.121320
22.400000  86.000000  0.000000
22.500000  90.000000  4.242641
22.600000  94.500000  3.535534
22.700000  91.000000  14.142136
22.800000  84.000000  0.000000
22.900000  77.500000  6.363961
23.000000  81.500000  0.707107
23.100000  78.500000  9.192388
23.200000  77.000000  4.242641
23.300000  74.000000  4.242641
23.400000  85.500000  12.020815
23.500000  83.000000  7.071068
23.600000  74.000000  5.656854
23.700000  85.000000  12.727922
23.800000  67.000000  2.828427
23.900000  86.500000  2.121320
24.000000  90.500000  6.363961
24.100000  80.000000  9.899495
24.200000  85.500000  4.949747
24.300000  86.000000  2.828427
24.400000  93.000000  11.313708
24.500000  85.000000  5.656854
24.600000  92.000000  9.899495
24.700000  86.000000  2.828427
24.800000  83.500000  2.121320
24.900000  85.000000  7.071068
25.000000  84.000000  9.899495
25.100000  86.500000  0.707107
25.200000  79.000000  1.414214
25.300000  87.500000  2.121320
25.400000  82.000000  4.242641
25.500000  85.500000  2.121320
25.600000  81.000000  5.656854
25.700000  83.000000  5.656854
25.800000  73.000000  5.656854
25.900000  84.500000  4.949747
26.000000  74.000000  7.071068
26.100000  80.500000  2.121320
26.200000  84.500000  0.707107
26.300000  73.000000  5.656854
26.400000  77.000000  1.414214
26.500000  94.500000  3.535534
26.600000  75.500000  12.020815
26.700000  76.000000  2.828427
26.800000  83.000000  5.656854
26.900000  81.000000  12.727922
27.000000  90.000000  8.485281
27.100000  84.000000  4.242641
27.200000  74.500000  7.778175
27.300000  86.000000  2.828427
27.400000  79.500000  0.707107
27.500000  78.000000  7.071068
27.600000  76.500000  3.535534
27.700000  80.000000  8.485281
27.800000  77.500000  19.091883
27.900000  78.000000  15.556349
28.000000  81.500000  2.121320
28.100000  78.000000  0.000000
28.200000  79.500000  2.121320
28.300000  80.000000  2.828427
28.400000  83.500000  2.121320
28.500000  81.500000  2.121320
28.600000  92.500000  2.121320
28.700000  89.000000  11.313708
28.800000  77.500000  4.949747
28.900000  90.000000  5.656854
29.000000  78.500000  4.949747
29.100000  83.500000  3.535534
29.200000  80.000000  1.414214
29.300000  88.000000  21.213203
29.400000  92.000000  2.828427
29.500000  80.000000  1.414214
29.600000  84.000000  0.000000
29.700000  77.000000  1.414214
29.800000  91.000000  19.798990
29.900000  91.000000  2.828427
30.000000  88.500000  4.949747
30.100000  86.500000  6.363961
30.200000  86.000000  8.485281
30.300000  82.500000  16.263456
30.400000  82.000000  7.071068
30.500000  80.000000  16.970563
30.600000  79.500000  2.121320
30.700000  77.000000  5.656854
30.800000  83.000000  7.071068
30.900000  81.000000  7.071068
31.000000  82.000000  2.828427
31.100000  69.000000  7.071068
31.200000  74.000000  2.828427
31.300000  77.000000  9.899495
31.400000  77.500000  2.121320
31.500000  86.000000  1.414214
31.600000  68.000000  7.071068
31.700000  78.000000  0.000000
31.800000  70.500000  0.707107
31.900000  78.000000  7.071068
32.000000  81.000000  1.414214
32.100000  73.000000  4.242641
32.200000  71.000000  12.727922
32.300000  73.000000  1.414214
32.400000  73.500000  7.778175
32.500000  75.000000  1.414214
32.600000  73.500000  13.435029
32.700000  79.500000  4.949747
32.800000  75.500000  3.535534
32.900000  80.000000  2.828427
33.000000  81.000000  7.071068
33.100000  79.000000  1.414214
33.200000  77.500000  4.949747
33.300000  76.000000  9.899495
33.400000  72.000000  7.071068
33.500000  78.000000  8.485281
33.600000  76.000000  2.828427
33.700000  93.500000  3.535534
33.800000  82.500000  3.535534
33.900000  75.000000  1.414214
34.000000  72.500000  0.707107
34.100000  75.500000  0.707107
34.200000  91.000000  8.485281
34.300000  81.000000  4.242641
34.400000  78.000000  15.556349
34.500000  79.500000  10.606602
34.600000  74.500000  6.363961
34.700000  82.000000  11.313708
34.800000  79.000000  0.000000
34.900000  82.000000  4.242641
35.000000  87.000000  14.142136
35.100000  79.000000  2.828427
35.200000  68.000000  5.656854
35.300000  78.500000  13.435029
35.400000  81.000000  2.828427
35.500000  72.000000  2.828427
35.600000  71.000000  8.485281
35.700000  75.000000  11.313708
35.800000  76.000000  4.242641
35.900000  71.000000  1.414214
36.000000  76.500000  6.363961
36.100000  74.500000  2.121320
36.200000  86.000000  4.242641
36.300000  85.000000  5.656854
36.400000  91.000000  12.727922
36.500000  89.000000  16.970563
36.600000  76.500000  10.606602
36.700000  90.000000  2.828427
36.800000  78.000000  12.727922
36.900000  95.000000  9.899495
37.000000  83.500000  6.363961
37.100000  92.000000  24.041631
37.200000  86.000000  19.798990
37.300000  79.500000  7.778175
37.400000  85.500000  14.849242
37.500000  90.000000  15.556349
37.600000  90.000000  4.242641
37.700000  79.500000  10.606602
37.800000  89.000000  15.556349
37.900000  94.000000  15.556349
38.000000  84.500000  6.363961
38.100000  77.000000  9.899495
38.200000  89.000000  19.798990
38.300000  83.500000  10.606602
38.400000  88.000000  5.656854
38.500000  83.000000  5.656854
38.600000  85.500000  9.192388
38.700000  79.000000  15.556349
38.800000  80.000000  9.899495
38.900000  86.000000  12.727922
39.000000  90.500000  0.707107
39.100000  85.500000  2.121320
39.200000  76.500000  9.192388
39.300000  79.500000  14.849242
39.400000  78.500000  14.849242
39.500000  89.500000  13.435029
39.600000  75.000000  9.899495
39.700000  86.000000  12.727922
39.800000  89.000000  5.656854
39.900000  82.500000  9.192388
40.000000  87.000000  9.899495
40.100000  75.000000  14.142136
40.200000  80.000000  5.656854
40.300000  88.500000  6.363961
40.400000  77.000000  5.656854
40.500000  90.500000  2.121320
40.600000  76.500000  13.435029
40.700000  76.500000  10.606602
40.800000  82.000000  0.000000
40.900000  91.000000  9.899495
41.000000  76.500000  0.707107
41.100000  78.000000  7.071068
41.200000  76.000000  2.828427
41.300000  74.000000  9.899495
41.400000  87.000000  1.414214
41.500000  76.500000  6.363961
41.600000  85.500000  9.192388
41.700000  82.500000  6.363961
41.800000  90.000000  4.242641
41.900000  89.500000  6.363961
42.000000  83.000000  1.414214
42.100000  87.000000  2.828427
42.200000  79.000000  11.313708
42.300000  82.000000  8.485281
42.400000  90.000000  8.485281
42.500000  80.500000  3.535534
42.600000  80.500000  3.535534
42.700000  83.000000  14.142136
42.800000  82.000000  7.071068
42.900000  80.000000  8.485281
43.000000  79.000000  4.242641
43.100000  74.500000  0.707107
43.200000  74.000000  9.899495
43.300000  79.000000  1.414214
43.400000  81.500000  0.707107
43.500000  83.500000  6.363961
43.600000  78.000000  4.242641
43.700000  85.000000  8.485281
43.800000  87.000000  2.828427
43.900000  90.000000  8.485281
44.000000  81.000000  15.556349
44.100000  76.500000  0.707107
44.200000  85.500000  3.535534
44.300000  82.500000  10.606602
44.400000  80.000000  4.242641
44.500000  82.000000  12.727922
44.600000  70.000000  8.485281
44.700000  72.000000  5.656854
44.800000  83.500000  6.363961
44.900000  79.000000  2.828427
45.000000  84.500000  19.091883
45.100000  87.500000  13.435029
45.200000  88.500000  19.091883
45.300000  79.500000  7.778175
45.400000  84.500000  19.091883
45.500000  84.500000  3.535534
45.600000  79.000000  4.242641
45.700000  74.000000  4.242641
45.800000  78.500000  3.535534
45.900000  83.500000  3.535534
46.000000  79.000000  7.071068
46.100000  83.000000  18.384776
46.200000  83.500000  2.121320
46.300000  80.000000  7.071068
46.400000  83.000000  7.071068
46.500000  78.000000  7.071068
46.600000  86.000000  11.313708
46.700000  77.500000  3.535534
46.800000  77.500000  0.707107
46.900000  79.000000  1.414214
47.000000  84.500000  13.435029
47.100000  82.000000  4.242641
47.200000  86.500000  0.707107
47.300000  78.500000  3.535534
47.400000  87.500000  0.707107
47.500000  75.500000  10.606602
47.600000  81.500000  2.121320
47.700000  82.500000  2.121320
47.800000  99.500000  7.778175
47.900000  87.500000  7.778175
48.000000  88.500000  7.778175
48.100000  79.500000  12.020815
48.200000  82.500000  12.020815
48.300000  84.500000  6.363961
48.400000  83.000000  19.798990
48.500000  88.500000  14.849242
48.600000  82.000000  7.071068
48.700000  76.500000  2.121320
48.800000  84.000000  9.899495
48.900000  78.000000  5.656854
49.000000  79.500000  4.949747
49.100000  86.500000  20.506097
49.200000  84.000000  8.485281
49.300000  81.000000  12.727922
49.400000  87.000000  9.899495
49.500000  83.000000  11.313708
49.600000  80.500000  3.535534
49.700000  80.000000  12.727922
49.800000  80.500000  3.535534
49.900000  79.000000  2.828427
50.000000  83.500000  7.778175
50.100000  85.000000  14.142136
50.200000  78.000000  2.828427
50.300000  81.500000  4.949747
50.400000  90.000000  2.828427
50.500000  70.500000  3.535534
50.600000  91.000000  7.071068
50.700000  82.500000  13.435029
50.800000  83.000000  8.485281
50.900000  80.000000  1.414214
51.000000  82.500000  6.363961
51.100000  77.500000  0.707107
51.200000  75.000000  11.313708
51.300000  75.500000  6.363961
51.400000  86.000000  9.899495
51.500000  73.000000  8.485281
51.600000  76.500000  6.363961
51.700000  80.500000  7.778175
51.800000  86.500000  3.535534
51.900000  76.500000  7.778175
52.000000  85.000000  11.313708
52.100000  86.500000  4.949747
52.200000  85.000000  8.485281
52.300000  87.000000  4.242641
52.400000  90.000000  9.899495
52.500000  84.000000  2.828427
52.600000  85.000000  5.656854
52.700000  86.500000  4.949747
52.800000  86.000000  8.485281
52.900000  86.500000  9.192388
53.000000  83.500000  3.535534
53.100000  82.500000  0.707107
53.200000  75.500000  3.535534
53.300000  76.500000  6.363961
53.400000  85.000000  2.828427
53.500000  87.000000  4.242641
53.600000  91.000000  2.828427
53.700000  87.000000  14.142136
53.800000  85.000000  5.656854
53.900000  78.500000  6.363961
54.000000  76.000000  8.485281
54.100000  75.000000  16.970563
54.200000  73.500000  2.121320
54.300000  86.500000  23.334524
54.400000  73.000000  9.899495
54.500000  86.000000  9.899495
54.600000  84.000000  7.071068
54.700000  84.500000  7.778175
54.800000  88.000000  15.556349
54.900000  81.000000  9.899495
55.000000  85.000000  9.899495
55.100000  89.500000  4.949747
55.200000  83.500000  13.435029
55.300000  70.500000  0.707107
55.400000  88.000000  1.414214
55.500000  77.500000  7.778175
55.600000  76.500000  0.707107
55.700000  94.500000  7.778175
55.800000  93.000000  8.485281
55.900000  81.500000  4.949747
56.000000  90.500000  3.535534
56.100000  82.000000  14.142136
56.200000  89.000000  12.727922
56.300000  87.000000  16.970563
56.400000  82.500000  2.121320
56.500000  92.000000  7.071068
56.600000  73.000000  1.414214
56.700000  91.500000  4.949747
56.800000  80.500000  4.949747
56.900000  87.500000  7.778175
57.000000  81.000000  11.313708
57.100000  75.000000  0.000000
57.200000  78.500000  7.778175
57.300000  77.000000  16.970563
57.400000  75.000000  14.142136
57.500000  82.500000  0.707107
57.600000  85.000000  21.213203
57.700000  77.000000  8.485281
57.800000  77.000000  4.242641
57.900000  80.500000  2.121320
58.000000  75.000000  12.727922
58.100000  81.500000  12.020815
58.200000  75.500000  16.263456
58.300000  87.000000  2.828427
58.400000  82.500000  17.677670
58.500000  79.000000  4.242641
58.600000  82.500000  13.435029
58.700000  92.500000  20.506097
58.800000  86.500000  4.949747
58.900000  91.500000  7.778175
59.000000  80.500000  7.778175
59.100000  84.000000  11.313708
59.200000  81.500000  17.677670
59.300000  80.500000  14.849242
59.400000  80.000000  7.071068
59.500000  76.000000  11.313708
59.600000  77.500000  2.121320
59.700000  78.500000  13.435029
59.800000  89.000000  19.798990
59.900000  78.500000  20.506097
60.000000  81.000000  24.041631
60.100000  81.000000  14.142136
60.200000  77.500000  19.091883
60.300000  79.500000  21.920310
60.400000  84.500000  27.577164
60.500000  77.000000  11.313708
60.600000  84.000000  16.970563
60.700000  72.000000  5.656854
60.800000  76.500000  13.435029
60.900000  78.500000  10.606602
61.000000  80.500000  16.263456
61.100000  83.500000  16.263456
61.200000  82.000000  9.899495
61.300000  89.000000  16.970563
61.400000  86.000000  1.414214
61.500000  87.000000  18.384776
61.600000  73.000000  14.142136
61.700000  68.500000  9.192388
61.800000  84.500000  17.677670
61.900000  85.000000  8.485281
62.000000  69.000000  0.000000
62.100000  79.500000  3.535534
62.200000  79.000000  8.485281
62.300000  84.000000  12.727922
62.400000  83.500000  2.121320
62.500000  79.000000  2.828427
62.600000  80.500000  6.363961
62.700000  85.000000  5.656854
62.800000  80.500000  13.435029
62.900000  81.500000  3.535534
63.000000  87.000000  25.455844
63.100000  87.000000  5.656854
63.200000  91.500000  12.020815
63.300000  73.500000  2.121320
63.400000  85.000000  14.142136
63.500000  83.500000  10.606602
63.600000  79.500000  10.606602
63.700000  79.500000  3.535534
63.800000  82.500000  13.435029
63.900000  79.500000  3.535534
64.000000  77.500000  12.020815
64.100000  76.500000  9.192388
64.200000  74.500000  9.192388
64.300000  84.000000  2.828427
64.400000  80.500000  3.535534
64.500000  75.000000  5.656854
64.600000  74.500000  9.192388
64.700000  75.500000  3.535534
64.800000  74.500000  0.707107
64.900000  79.500000  4.949747
65.000000  76.000000  1.414214
65.100000  71.500000  4.949747
65.200000  78.000000  2.828427
65.300000  63.500000  16.263456
65.400000  80.500000  6.363961
65.500000  76.000000  0.000000
65.600000  84.500000  6.363961
65.700000  70.000000  9.899495
65.800000  73.500000  7.778175
65.900000  79.500000  19.091883
66.000000  76.000000  15.556349
66.100000  79.500000  3.535534
66.200000  71.500000  4.949747
66.300000  76.500000  16.263456
66.400000  85.000000  9.899495
66.500000  86.500000  12.020815
66.600000  76.000000  2.828427
66.700000  90.000000  2.828427
66.800000  75.500000  9.192388
66.900000  87.000000  28.284271
67.000000  79.000000  9.899495
67.100000  87.500000  16.263456
67.200000  77.500000  14.849242
67.300000  83.500000  10.606602
67.400000  81.000000  19.798990
67.500000  84.500000  13.435029
67.600000  82.000000  12.727922
67.700000  81.500000  17.677670
67.800000  78.500000  3.535534
67.900000  83.000000  24.041631
68.000000  82.500000  7.778175
68.100000  80.500000  0.707107
68.200000  80.500000  13.435029
68.300000  76.000000  1.414214
68.400000  76.500000  3.535534
68.500000  80.000000  7.071068
68.600000  80.500000  12.020815
68.700000  85.500000  9.192388
68.800000  83.000000  15.556349
68.900000  76.500000  3.535534
69.000000  80.500000  7.778175
69.100000  81.000000  4.242641
69.200000  86.500000  10.606602
69.300000  83.000000  2.828427
69.400000  85.000000  4.242641
69.500000  81.500000  14.849242
69.600000  86.500000  3.535534
69.700000  75.500000  3.535534
69.800000  81.000000  8.485281
69.900000  72.000000  4.242641
70.000000  85.000000  12.727922
70.100000  80.500000  3.535534
70.200000  79.000000  7.071068
70.300000  85.000000  9.899495
70.400000  81.000000  2.828427
70.500000  87.000000  14.142136
70.600000  85.500000  19.091883
70.700000  73.000000  4.242641
70.800000  84.000000  7.071068
70.900000  88.000000  0.000000
71.000000  89.500000  21.920310
71.100000  88.500000  10.606602
71.200000  97.000000  2.828427
71.300000  98.500000  23.334524
71.400000  79.500000  10.606602
71.500000  84.500000  14.849242
71.600000  79.500000  16.263456
71.700000  75.500000  2.121320
71.800000  71.000000  0.000000
71.900000  85.000000  5.656854
72.000000  72.000000  9.899495
72.100000  63.000000  5.656854
72.200000  96.000000  18.384776
72.300000  71.500000  3.535534
72.400000  75.500000  17.677670
72.500000  83.000000  4.242641
72.600000  81.000000  9.899495
72.700000  86.500000  17.677670
72.800000  76.000000  18.384776
72.900000  77.000000  8.485281
73.000000  76.500000  2.121320
73.100000  77.000000  5.656854
73.200000  81.500000  0.707107
73.300000  79.000000  11.313708
73.400000  81.000000  5.656854
73.500000  81.000000  8.485281
73.600000  72.500000  3.535534
73.700000  87.000000  15.556349
73.800000  75.500000  0.707107
73.900000  83.000000  2.828427
74.000000  70.500000  9.192388
74.100000  75.000000  11.313708
74.200000  79.500000  13.435029
74.300000  86.000000  7.071068
74.400000  71.500000  10.606602
74.500000  80.500000  4.949747
74.600000  75.500000  4.949747
74.700000  77.000000  9.899495
74.800000  79.500000  10.606602
74.900000  83.500000  12.020815
75.000000  81.000000  9.899495
75.100000  82.000000  1.414214
75.200000  82.000000  8.485281
75.300000  79.000000  14.142136
75.400000  76.000000  1.414214
75.500000  77.500000  9.192388
75.600000  80.500000  9.192388
75.700000  91.000000  1.414214
75.800000  96.500000  12.020815
75.900000  94.500000  6.363961
76.000000  91.000000  8.485281
76.100000  92.500000  3.535534
76.200000  86.000000  5.656854
76.300000  92.000000  12.727922
76.400000  87.000000  0.000000
76.500000  87.000000  2.828427
76.600000  95.500000  13.435029
76.700000  93.500000  2.121320
76.800000  82.000000  5.656854
76.900000  86.000000  5.656854
77.000000  88.500000  0.707107
77.100000  88.000000  4.242641
77.200000  87.000000  16.970563
77.300000  89.000000  12.727922
77.400000  93.000000  4.242641
77.500000  90.500000  0.707107
77.600000  91.500000  16.263456
77.700000  87.500000  9.192388
77.800000  78.500000  6.363961
77.900000  92.000000  8.485281
78.000000  87.500000  16.263456
78.100000  91.000000  7.071068
78.200000  97.500000  10.606602
78.300000  85.500000  12.020815
78.400000  86.500000  10.606602
78.500000  82.500000  13.435029
78.600000  98.000000  8.485281
78.700000  89.500000  10.606602
78.800000  83.000000  5.656854
78.900000  96.500000  17.677670
79.000000  97.000000  1.414214
79.100000  83.500000  3.535534
79.200000  85.000000  5.656854
79.300000  94.000000  2.828427
79.400000  88.000000  2.828427
79.500000  89.000000  1.414214
79.600000  77.500000  2.121320
79.700000  78.500000  2.121320
79.800000  91.500000  0.707107
79.900000  84.500000  6.363961
80.000000  89.000000  4.242641
80.100000  82.000000  11.313708
80.200000  91.000000  8.485281
80.300000  89.000000  9.899495
80.400000  87.000000  1.414214
80.500000  81.500000  7.778175
80.600000  81.000000  16.970563
80.700000  88.000000  4.242641
80.800000  82.000000  9.899495
80.900000  90.000000  5.656854
81.000000  81.000000  7.071068
81.100000  90.000000  5.656854
81.200000  94.000000  1.414214
81.300000  84.000000  19.798990
81.400000  90.500000  12.020815
81.500000  75.000000  7.071068
81.600000  81.500000  9.192388
81.700000  83.000000  9.899495
81.800000  84.000000  4.242641
81.900000  89.500000  7.778175
82.000000  70.500000  3.535534
82.100000  90.000000  1.414214
82.200000  95.000000  7.071068
82.300000  91.000000  4.242641
82.400000  89.000000  2.828427
82.500000  89.500000  3.535534
82.600000  95.000000  0.000000
82.700000  82.500000  10.606602
82.800000  88.000000  14.142136
82.900000  81.500000  3.535534
83.000000  78.000000  18.384776
83.100000  77.500000  13.435029
83.200000  63.000000  9.899495
83.300000  76.500000  4.949747
83.400000  72.500000  16.263456
83.500000  81.000000  14.142136
83.600000  76.000000  5.656854
83.700000  79.000000  1.414214
83.800000  78.000000  1.414214
83.900000  85.000000  1.414214
84.000000  75.500000  13.435029
84.100000  83.000000  5.656854
84.200000  84.500000  2.121320
84.300000  76.500000  0.707107
84.400000  76.500000  3.535534
84.500000  83.500000  2.121320
84.600000  80.500000  2.121320
84.700000  84.500000  0.707107
84.800000  89.000000  5.656854
84.900000  76.500000  6.363961
85.000000  89.500000  6.363961
85.100000  83.000000  7.071068
85.200000  86.000000  14.142136
85.300000  81.000000  7.071068
85.400000  81.500000  6.363961
85.500000  85.000000  5.656854
85.600000  78.500000  0.707107
85.700000  82.500000  9.192388
85.800000  82.500000  3.535534
85.900000  78.000000  11.313708
86.000000  88.000000  4.242641
86.100000  78.000000  2.828427
86.200000  79.000000  16.970563
86.300000  89.000000  7.071068
86.400000  83.000000  8.485281
86.500000  80.500000  13.435029
86.600000  84.500000  10.606602
86.700000  79.000000  16.970563
86.800000  76.000000  8.485281
86.900000  76.000000  1.414214
87.000000  83.000000  14.142136
87.100000  75.000000  11.313708
87.200000  91.000000  4.242641
87.300000  81.000000  2.828427
87.400000  84.000000  1.414214
87.500000  84.000000  11.313708
87.600000  86.000000  5.656854
87.700000  86.500000  3.535534
87.800000  84.000000  7.071068
87.900000  76.000000  11.313708
88.000000  78.000000  2.828427
88.100000  87.500000  6.363961
88.200000  74.000000  8.485281
88.300000  86.000000  4.242641
88.400000  76.000000  11.313708
88.500000  87.000000  15.556349
88.600000  82.500000  0.707107
88.700000  83.500000  4.949747
88.800000  83.500000  2.121320
88.900000  81.500000  2.121320
89.000000  82.500000  4.949747
89.100000  86.500000  6.363961
89.200000  74.000000  2.828427
89.300000  69.500000  2.121320
89.400000  82.000000  1.414214
89.500000  83.000000  9.899495
89.600000  84.000000  0.000000
89.700000  79.500000  9.192388
89.800000  81.000000  9.899495
89.900000  79.500000  9.192388
90.000000  78.000000  7.071068
90.100000  84.000000  2.828427
90.200000  78.000000  2.828427
90.300000  80.000000  14.142136
90.400000  80.000000  4.242641
90.500000  79.000000  4.242641
90.600000  79.000000  2.828427
90.700000  75.000000  18.384776
90.800000  75.500000  10.606602
90.900000  73.500000  16.263456
91.000000  78.000000  11.313708
91.100000  79.000000  14.142136
91.200000  80.500000  9.192388
91.300000  86.500000  4.949747
91.400000  82.000000  9.899495
91.500000  75.500000  6.363961
91.600000  86.500000  12.020815
91.700000  85.000000  11.313708
91.800000  82.500000  10.606602
91.900000  71.000000  7.071068
92.000000  80.500000  3.535534
92.100000  85.000000  21.213203
92.200000  79.000000  11.313708
92.300000  78.500000  10.606602
92.400000  81.500000  26.162951
92.500000  80.500000  6.363961
92.600000  90.500000  2.121320
92.700000  86.000000  9.899495
92.800000  87.500000  6.363961
92.900000  85.500000  2.121320
93.000000  79.000000  2.828427
93.100000  78.500000  2.121320
93.200000  90.000000  14.142136
93.300000  92.000000  2.828427
93.400000  78.000000  4.242641
93.500000  81.500000  7.778175
93.600000  85.000000  7.071068
93.700000  83.500000  12.020815
93.800000  90.500000  7.778175
93.900000  84.000000  0.000000
94.000000  85.000000  16.970563
94.100000  75.500000  0.707107
94.200000  90.500000  3.535534
94.300000  87.500000  4.949747
94.400000  85.500000  4.949747
94.500000  91.000000  4.242641
94.600000  81.000000  8.485281
94.700000  83.500000  13.435029
94.800000  66.000000  9.899495
94.900000  75.500000  16.263456
95.000000  81.500000  14.849242
95.100000  80.500000  3.535534
95.200000  80.000000  15.556349
95.300000  87.000000  5.656854
95.400000  81.000000  12.727922
95.500000  77.500000  6.363961
95.600000  78.500000  16.263456
95.700000  79.000000  1.414214
95.800000  90.000000  2.828427
95.900000  83.500000  0.707107
96.000000  81.500000  2.121320
96.100000  83.000000  1.414214
96.200000  87.000000  14.142136
96.300000  84.500000  19.091883
96.400000  87.500000  3.535534
96.500000  79.500000  6.363961
96.600000  91.000000  5.656854
96.700000  93.000000  7.071068
96.800000  79.000000  1.414214
96.900000  80.500000  3.535534
97.000000  81.500000  0.707107
97.100000  88.500000  3.535534
97.200000  84.500000  2.121320
97.300000  88.000000  22.627417
97.400000  89.500000  6.363961
97.500000  90.000000  4.242641
97.600000  89.500000  14.849242
97.700000  88.000000  5.656854
97.800000  80.000000  1.414214
97.900000  81.000000  9.899495
98.000000  79.500000  0.707107
98.100000  83.500000  0.707107
98.200000  82.500000  6.363961
98.300000  75.500000  10.606602
98.400000  75.500000  4.949747
98.500000  76.500000  3.535534
98.600000  81.500000  13.435029
98.700000  82.500000  14.849242
98.800000  86.000000  1.414214
98.900000  80.500000  0.707107
99.000000  86.000000  1.414214
99.100000  91.000000  19.798990
99.200000  91.000000  11.313708
99.300000  85.500000  0.707107
99.400000  82.500000  4.949747
99.500000  75.000000  0.000000
99.600000  80.000000  9.899495
99.700000  81.000000  4.242641
99.800000  86.500000  14.849242
99.900000  91.000000  2.828427
100.000000  81.500000  14.849242
100.100000  79.500000  13.435029
100.200000  79.000000  1.414214
100.300000  65.000000  9.899495
100.400000  83.500000  3.535534
100.500000  84.000000  7.071068
100.600000  70.500000  3.535534
100.700000  78.000000  5.656854
100.800000  93.000000  4.242641
100.900000  88.000000  2.828427
101.000000  89.500000  3.535534
101.100000  79.000000  4.242641
101.200000  90.500000  7.778175
101.300000  80.000000  5.656854
101.400000  88.000000  7.071068
101.500000  75.500000  3.535534
101.600000  85.500000  6.363961
101.700000  83.500000  17.677670
101.800000  87.500000  4.949747
101.900000  87.000000  16.970563
102.000000  90.000000  4.242641
102.100000  80.500000  6.363961
102.200000  86.000000  2.828427
102.300000  72.500000  2.121320
102.400000  81.500000  3.535534
102.500000  77.500000  14.849242
102.600000  90.000000  8.485281
102.700000  86.500000  27.577164
102.800000  91.500000  2.121320
102.900000  86.000000  7.071068
103.000000  87.000000  7.071068
103.100000  73.500000  0.707107
103.200000  76.000000  0.000000
103.300000  87.500000  3.535534
103.400000  71.500000  6.363961
103.500000  77.000000  11.313708
103.600000  80.000000  2.828427
103.700000  82.500000  2.121320
103.800000  75.000000  7.071068
103.900000  74.500000  3.535534
104.000000  88.500000  3.535534
104.100000  81.000000  2.828427
104.200000  86.000000  7.071068
104.300000  81.500000  3.535534
104.400000  89.000000  5.656854
104.500000  88.000000  18.384776
104.600000  76.000000  2.828427
104.700000  87.000000  4.242641
104.800000  86.500000  17.677670
104.900000  85.500000  14.849242
105.000000  86.000000  8.485281
105.100000  80.500000  3.535534
105.200000  88.500000  7.778175
105.300000  89.000000  9.899495
105.400000  94.500000  0.707107
105.500000  87.500000  13.435029
105.600000  79.500000  10.606602
105.700000  82.000000  9.899495
105.800000  81.000000  18.384776
105.900000  80.500000  14.849242
106.000000  84.000000  11.313708
106.100000  84.500000  19.091883
106.200000  90.500000  3.535534
106.300000  83.500000  0.707107
106.400000  73.000000  14.142136
106.500000  93.000000  12.727922
106.600000  94.500000  7.778175
106.700000  95.000000  16.970563
106.800000  90.500000  13.435029
106.900000  91.500000  14.849242
107.000000  89.000000  19.798990
107.100000  82.000000  11.313708
107.200000  81.000000  16.970563
107.300000  70.000000  22.627417
107.400000  90.000000  16.970563
107.500000  84.500000  7.778175
107.600000  90.500000  3.535534
107.700000  80.000000  7.071068
107.800000  81.000000  5.656854
107.900000  97.500000  7.778175
108.000000  91.000000  18.384776
108.100000  90.000000  5.656854
108.200000  84.000000  22.627417
108.300000  87.500000  17.677670
108.400000  85.000000  15.556349
108.500000  95.000000  1.414214
108.600000  85.000000  19.798990
108.700000  78.000000  14.142136
108.800000  79.500000  3.535534
108.900000  87.500000  7.778175
109.000000  83.000000  4.242641
109.100000  87.000000  7.071068
109.200000  90.500000  7.778175
109.300000  83.000000  4.242641
109.400000  90.000000  5.656854
109.500000  82.500000  16.263456
109.600000  81.000000  12.727922
109.700000  95.000000  5.656854
109.800000  82.000000  8.485281
109.900000  85.000000  1.414214
110.000000  94.000000  0.000000
110.100000  96.000000  8.485281
110.200000  101.500000  6.363961
110.300000  93.000000  8.485281
110.400000  77.500000  3.535534
110.500000  96.500000  14.849242
110.600000  100.500000  0.707107
110.700000  95.500000  0.707107
110.800000  84.500000  3.535534
110.900000  87.500000  7.778175
111.000000  97.000000  12.727922
111.100000  85.500000  3.535534
111.200000  91.500000  7.778175
111.300000  93.000000  1.414214
111.400000  81.000000  12.727922
111.500000  95.500000  9.192388
111.600000  102.000000  4.242641
111.700000  80.000000  1.414214
111.800000  95.500000  4.949747
111.900000  91.000000  7.071068
112.000000  89.000000  7.071068
112.100000  97.000000  2.828427
112.200000  100.500000  2.121320
112.300000  100.500000  14.849242
112.400000  101.500000  0.707107
112.500000  94.000000  0.000000
112.600000  102.000000  8.485281
112.700000  95.500000  3.535534
112.800000  97.500000  3.535534
112.900000  96.500000  0.707107
113.000000  88.000000  4.242641
113.100000  104.000000  5.656854
113.200000  96.500000  0.707107
113.300000  91.000000  4.242641
113.400000  91.500000  0.707107
113.500000  98.000000  1.414214
113.600000  93.500000  4.949747
113.700000  92.000000  9.899495
113.800000  85.500000  4.949747
113.900000  93.000000  14.142136
114.000000  88.000000  5.656854
114.100000  89.500000  3.535534
114.200000  92.000000  2.828427
114.300000  86.000000  5.656854
114.400000  90.000000  2.828427
114.500000  91.000000  2.828427
114.600000  97.000000  5.656854
114.700000  90.000000  11.313708
114.800000  89.000000  4.242641
114.900000  84.000000  4.242641
115.000000  90.000000  11.313708
115.100000  90.000000  4.242641
115.200000  94.000000  2.828427
115.300000  95.500000  2.121320
115.400000  91.500000  6.363961
115.500000  88.500000  2.121320
115.600000  87.000000  11.313708
115.700000  92.000000  2.828427
115.800000  88.500000  6.363961
115.900000  89.000000  5.656854
116.000000  84.000000  1.414214
116.100000  88.000000  4.242641
116.200000  92.500000  4.949747
116.300000  89.000000  11.313708
116.400000  94.000000  11.313708
116.500000  92.000000  14.142136
116.600000  94.500000  12.020815
116.700000  93.000000  2.828427
116.800000  91.500000  9.192388
116.900000  95.500000  14.849242
117.000000  90.500000  0.707107
117.100000  91.000000  9.899495
117.200000  97.500000  2.121320
117.300000  88.500000  4.949747
117.400000  94.000000  2.828427
117.500000  86.000000  0.000000
117.600000  90.500000  0.707107
117.700000  100.500000  3.535534
117.800000  104.000000  1.414214
117.900000  91.500000  12.020815
118.000000  104.000000  9.899495
118.100000  97.500000  0.707107
118.200000  94.500000  6.363961
118.300000  94.000000  1.414214
118.400000  93.000000  7.071068
118.500000  87.500000  0.707107
118.600000  100.000000  7.071068
118.700000  95.000000  2.828427
118.800000  94.000000  12.727922
118.900000  89.000000  4.242641
119.000000  87.500000  2.121320
119.100000  93.500000  9.192388
119.200000  92.000000  11.313708
119.300000  89.000000  0.000000
119.400000  94.000000  4.242641
119.500000  84.000000  0.000000
119.600000  94.000000  9.899495
119.700000  100.000000  1.414214
119.800000  88.000000  12.727922
119.900000  92.500000  7.778175
120.000000  94.000000  8.485281
120.100000  98.500000  10.606602
120.200000  100.500000  0.707107
120.300000  104.500000  0.707107
120.400000  91.500000  0.707107
120.500000  92.500000  14.849242
120.600000  106.000000  12.727922
120.700000  99.000000  7.071068
120.800000  90.500000  2.121320
120.900000  97.500000  13.435029
121.000000  106.000000  8.485281
121.100000  92.500000  4.949747
121.200000  101.000000  12.727922
121.300000  86.000000  16.970563
121.400000  101.500000  6.363961
121.500000  89.000000  12.727922
121.600000  93.000000  8.485281
121.700000  88.500000  0.707107
121.800000  84.500000  0.707107
121.900000  91.500000  7.778175
122.000000  83.000000  5.656854
122.100000  99.500000  0.707107
122.200000  96.500000  10.606602
122.300000  98.500000  4.949747
122.400000  92.000000  2.828427
122.500000  98.000000  25.455844
122.600000  88.500000  0.707107
122.700000  87.500000  10.606602
122.800000  87.500000  3.535534
122.900000  89.500000  3.535534
123.000000  91.500000  3.535534
123.100000  99.500000  20.506097
123.200000  93.500000  6.363961
123.300000  90.500000  14.849242
123.400000  92.500000  0.707107
123.500000  93.000000  7.071068
123.600000  85.500000  7.778175
123.700000  92.500000  2.121320
123.800000  95.000000  4.242641
123.900000  91.500000  13.435029
124.000000  87.500000  14.849242
124.100000  89.500000  0.707107
124.200000  86.500000  6.363961
124.300000  94.000000  4.242641
124.400000  96.000000  2.828427
124.500000  96.000000  9.899495
124.600000  91.500000  4.949747
124.700000  98.000000  4.242641
124.800000  96.000000  14.142136
124.900000  90.000000  11.313708
125.000000  90.000000  12.727922
125.100000  97.000000  8.485281
125.200000  86.000000  5.656854
125.300000  92.500000  3.535534
125.400000  100.500000  13.435029
125.500000  94.500000  6.363961
125.600000  97.500000  3.535534
125.700000  100.500000  2.121320
125.800000  76.500000  3.535534
125.900000  90.000000  8.485281
126.000000  97.500000  14.849242
126.100000  93.000000  8.485281
126.200000  94.000000  0.000000
126.300000  91.500000  9.192388
126.400000  87.500000  7.778175
126.500000  97.500000  3.535534
126.600000  87.500000  9.192388
126.700000  81.000000  8.485281
126.800000  95.000000  5.656854
126.900000  91.500000  4.949747
127.000000  95.500000  2.121320
127.100000  90.000000  7.071068
127.200000  100.000000  4.242641
127.300000  102.500000  2.121320
127.400000  87.500000  0.707107
127.500000  97.500000  4.949747
127.600000  84.500000  3.535534
127.700000  99.500000  12.020815
127.800000  81.500000  7.778175
127.900000  93.500000  9.192388
128.000000  98.000000  4.242641
128.100000  93.000000  8.485281
128.200000  90.000000  12.727922
128.300000  90.000000  1.414214
128.400000  97.000000  2.828427
128.500000  93.500000  3.535534
128.600000  94.500000  7.778175
128.700000  93.000000  0.000000
128.800000  88.000000  19.798990
128.900000  99.000000  2.828427
129.000000  82.500000  13.435029
129.100000  80.500000  0.707107
129.200000  91.500000  12.020815
129.300000  78.000000  22.627417
129.400000  85.500000  7.778175
129.500000  81.500000  4.949747
129.600000  77.000000  16.970563
129.700000  85.500000  10.606602
129.800000  81.500000  19.091883
129.900000  89.000000  2.828427
130.000000  82.500000  4.949747
130.100000  80.000000  1.414214
130.200000  95.000000  7.071068
130.300000  95.000000  11.313708
130.400000  87.500000  7.778175
130.500000  80.500000  3.535534
130.600000  78.000000  14.142136
130.700000  87.000000  5.656854
130.800000  85.500000  6.363961
130.900000  97.000000  9.899495
131.000000  100.000000  18.384776
131.100000  89.500000  26.162951
131.200000  85.500000  6.363961
131.300000  93.000000  7.071068
131.400000  87.500000  4.949747
131.500000  90.500000  9.192388
131.600000  95.000000  7.071068
131.700000  91.000000  14.142136
131.800000  86.500000  3.535534
131.900000  91.000000  16.970563
132.000000  94.000000  15.556349
132.100000  88.500000  6.363961
132.200000  87.000000  14.142136
132.300000  83.500000  7.778175
132.400000  85.000000  8.485281
132.500000  83.000000  12.727922
132.600000  98.500000  16.263456
132.700000  91.500000  6.363961
132.800000  85.000000  21.213203
132.900000  95.000000  7.071068
133.000000  90.000000  0.000000
133.100000  100.000000  5.656854
133.200000  93.000000  5.656854
133.300000  88.000000  7.071068
133.400000  93.000000  5.656854
133.500000  98.000000  12.727922
133.600000  91.500000  2.121320
133.700000  89.000000  16.970563
133.800000  82.500000  0.707107
133.900000  82.000000  8.485281
134.000000  87.000000  9.899495
134.100000  95.500000  12.020815
134.200000  87.500000  14.849242
134.300000  90.000000  1.414214
134.400000  86.000000  16.970563
134.500000  85.500000  10.606602
134.600000  87.000000  14.142136
134.700000  87.500000  12.020815
134.800000  88.500000  7.778175
134.900000  86.000000  5.656854
135.000000  90.000000  5.656854
135.100000  84.500000  2.121320
135.200000  88.500000  2.121320
135.300000  96.000000  9.899495
135.400000  95.500000  2.121320
135.500000  90.000000  4.242641
135.600000  88.000000  7.071068
135.700000  90.500000  4.949747
135.800000  95.500000  7.778175
135.900000  83.000000  18.384776
136.000000  85.500000  0.707107
136.100000  95.000000  7.071068
136.200000  78.000000  12.727922
136.300000  93.500000  0.707107
136.400000  98.000000  4.242641
136.500000  85.500000  7.778175
136.600000  85.000000  8.485281
136.700000  89.500000  4.949747
136.800000  81.000000  2.828427
136.900000  85.500000  4.949747
137.000000  84.000000  4.242641
137.100000  88.500000  7.778175
137.200000  85.000000  4.242641
137.300000  96.500000  4.949747
137.400000  81.500000  12.020815
137.500000  82.500000  14.849242
137.600000  94.500000  10.606602
137.700000  90.500000  7.778175
137.800000  83.000000  15.556349
137.900000  94.000000  2.828427
138.000000  95.500000  7.778175
138.100000  88.000000  4.242641
138.200000  86.000000  1.414214
138.300000  90.000000  1.414214
138.400000  91.000000  5.656854
138.500000  86.000000  11.313708
138.600000  80.500000  19.091883
138.700000  83.000000  14.142136
138.800000  86.000000  2.828427
138.900000  85.000000  14.142136
139.000000  83.500000  12.020815
139.100000  83.500000  10.606602
139.200000  92.500000  10.606602
139.300000  92.500000  6.363961
139.400000  84.500000  12.020815
139.500000  89.000000  5.656854
139.600000  83.000000  1.414214
139.700000  78.000000  2.828427
139.800000  98.500000  2.121320
139.900000  78.000000  1.414214
140.000000  85.500000  4.949747
140.100000  84.000000  5.656854
140.200000  94.000000  5.656854
140.300000  85.500000  10.606602
140.400000  95.000000  2.828427
140.500000  92.500000  9.192388
140.600000  88.000000  2.828427
140.700000  88.000000  7.071068
140.800000  91.500000  7.778175
140.900000  92.000000  11.313708
141.000000  94.500000  6.363961
141.100000  92.500000  2.121320
141.200000  96.500000  2.121320
141.300000  90.000000  12.727922
141.400000  87.000000  8.485281
141.500000  90.500000  9.192388
141.600000  93.500000  10.606602
141.700000  87.500000  7.778175
141.800000  93.000000  15.556349
141.900000  92.500000  0.707107
142.000000  86.500000  16.263456
142.100000  96.000000  14.142136
142.200000  84.500000  14.849242
142.300000  90.500000  2.121320
142.400000  90.000000  2.828427
142.500000  92.000000  1.414214
142.600000  91.000000  5.656854
142.700000  85.000000  8.485281
142.800000  86.500000  4.949747
142.900000  90.000000  9.899495
143.000000  88.500000  0.707107
143.100000  90.500000  10.606602
143.200000  97.000000  8.485281
143.300000  94.500000  0.707107
143.400000  90.500000  2.121320
143.500000  96.500000  4.949747
143.600000  97.000000  4.242641
143.700000  95.000000  8.485281
143.800000  82.500000  4.949747
143.900000  93.500000  2.121320
144.000000  87.500000  0.707107
144.100000  87.500000  3.535534
144.200000  89.500000  3.535534
144.300000  88.500000  7.778175
144.400000  90.500000  4.949747
144.500000  88.000000  7.071068
144.600000  91.000000  7.071068
144.700000  84.000000  11.313708
144.800000  87.500000  10.606602
144.900000  92.500000  10.606602
145.000000  94.000000  2.828427
145.100000  83.500000  19.091883
145.200000  94.500000  19.091883
145.300000  90.500000  10.606602
145.400000  88.500000  3.535534
145.500000  94.500000  0.707107
145.600000  99.500000  3.535534
145.700000  86.500000  0.707107
145.800000  89.500000  7.778175
145.900000  90.000000  21.213203
146.000000  93.000000  0.000000
146.100000  87.500000  9.192388
146.200000  96.000000  21.213203
146.300000  88.500000  12.020815
146.400000  80.500000  2.121320
146.500000  90.500000  2.121320
146.600000  98.500000  6.363961
146.700000  86.000000  8.485281
146.800000  90.500000  4.949747
146.900000  81.500000  0.707107
147.000000  96.000000  0.000000
147.100000  90.500000  4.949747
147.200000  87.500000  7.778175
147.300000  86.000000  19.798990
147.400000  88.000000  7.071068
147.500000  80.000000  1.414214
147.600000  88.000000  1.414214
147.700000  84.000000  5.656854
147.800000  85.000000  14.142136
147.900000  85.000000  0.000000
148.000000  83.500000  6.363961
148.100000  91.500000  10.606602
148.200000  88.500000  7.778175
148.300000  86.500000  3.535534
148.400000  87.000000  7.071068
148.500000  92.500000  13.435029
148.600000  89.000000  8.485281
148.700000  87.000000  12.727922
148.800000  94.000000  1.414214
148.900000  81.500000  13.435029
149.000000  94.000000  2.828427
149.100000  90.000000  4.242641
149.200000  84.000000  2.828427
149.300000  86.500000  0.707107
149.400000  94.000000  7.071068
149.500000  88.500000  13.435029
149.600000  95.500000  4.949747
149.700000  97.000000  7.071068
149.800000  94.000000  0.000000
149.900000  84.000000  0.000000
150.000000  89.000000  0.000000
150.100000  90.500000  4.949747
150.200000  91.000000  1.414214
150.300000  83.000000  15.556349
150.400000  84.000000  1.414214
150.500000  79.500000  3.535534
150.600000  80.500000  0.707107
150.700000  87.500000  6.363961
150.800000  79.500000  2.121320
150.900000  76.500000  12.020815
151.000000  86.000000  1.414214
151.100000  94.000000  7.071068
151.200000  87.000000  9.899495
151.300000  88.500000  3.535534
151.400000  84.000000  8.485281
151.500000  88.000000  2.828427
151.600000  88.500000  7.778175
151.700000  91.500000  7.778175
151.800000  88.000000  7.071068
151.900000  86.500000  19.091883
152.000000  88.500000  4.949747
152.100000  89.000000  8.485281
152.200000  85.000000  1.414214
152.300000  81.500000  12.020815
152.400000  87.500000  3.535534
152.500000  85.500000  2.121320
152.600000  83.500000  4.949747
152.700000  92.000000  5.656854
152.800000  86.000000  4.242641
152.900000  85.500000  0.707107
153.000000  85.500000  9.192388
153.100000  90.000000  8.485281
153.200000  90.500000  3.535534
153.300000  88.000000  1.414214
153.400000  83.500000  2.121320
153.500000  89.500000  2.121320
153.600000  87.000000  4.242641
153.700000  79.000000  7.071068
153.800000  82.500000  7.778175
153.900000  87.000000  5.656854
154.000000  80.500000  16.263456
154.100000  88.000000  14.142136
154.200000  81.500000  6.363961
154.300000  94.500000  16.263456
154.400000  87.000000  14.142136
154.500000  83.000000  4.242641
154.600000  82.000000  2.828427
154.700000  93.000000  1.414214
154.800000  92.500000  4.949747
154.900000  89.000000  5.656854
155.000000  82.000000  4.242641
155.100000  87.000000  9.899495
155.200000  94.000000  7.071068
155.300000  84.000000  5.656854
155.400000  91.500000  0.707107
155.500000  95.000000  4.242641
155.600000  84.000000  1.414214
155.700000  82.000000  11.313708
155.800000  95.500000  12.020815
155.900000  86.000000  1.414214
156.000000  97.500000  0.707107
156.100000  87.500000  19.091883
156.200000  85.500000  7.778175
156.300000  95.500000  6.363961
156.400000  92.500000  0.707107
156.500000  89.000000  4.242641
156.600000  89.500000  14.849242
156.700000  74.500000  6.363961
156.800000  89.500000  10.606602
156.900000  87.500000  2.121320
157.000000  85.000000  0.000000
157.100000  104.000000  1.414214
157.200000  85.500000  10.606602
157.300000  87.000000  1.414214
157.400000  89.000000  4.242641
157.500000  90.000000  5.656854
157.600000  96.500000  28.991378
157.700000  94.500000  10.606602
157.800000  97.000000  7.071068
157.900000  94.500000  0.707107
158.000000  86.000000  7.071068
158.100000  92.500000  12.020815
158.200000  82.000000  11.313708
158.300000  102.000000  14.142136
158.400000  92.000000  4.242641
158.500000  104.500000  4.949747
158.600000  95.000000  8.485281
158.700000  92.000000  1.414214
158.800000  98.500000  28.991378
158.900000  94.000000  8.485281
159.000000  84.000000  9.899495
159.100000  91.000000  5.656854
159.200000  89.500000  3.535534
159.300000  85.500000  2.121320
159.400000  91.000000  9.899495
159.500000  86.500000  0.707107
159.600000  89.000000  1.414214
159.700000  93.000000  9.899495
159.800000  94.000000  12.727922
159.900000  97.500000  14.849242
160.000000  93.000000  2.828427
160.100000  96.500000  13.435029
160.200000  92.000000  15.556349
160.300000  94.000000  8.485281
160.400000  92.000000  4.242641
160.500000  99.000000  24.041631
160.600000  88.000000  16.970563
160.700000  94.000000  4.242641
160.800000  92.000000  19.798990
160.900000  98.000000  2.828427
161.000000  105.000000  21.213203
161.100000  93.000000  8.485281
161.200000  89.500000  14.849242
161.300000  88.000000  5.656854
161.400000  95.500000  12.020815
161.500000  95.500000  9.192388
161.600000  94.000000  4.242641
161.700000  85.000000  4.242641
161.800000  86.500000  6.363961
161.900000  86.000000  22.627417
162.000000  78.500000  12.020815
162.100000  88.500000  16.263456
162.200000  84.000000  1.414214
162.300000  98.000000  11.313708
162.400000  82.000000  4.242641
162.500000  97.500000  28.991378
162.600000  100.500000  30.405592
162.700000  92.500000  24.748737
162.800000  101.000000  26.870058
162.900000  92.500000  27.577164
163.000000  93.500000  21.920310
163.100000  77.000000  1.414214
163.200000  86.500000  6.363961
163.300000  90.500000  9.192388
163.400000  95.000000  26.870058
163.500000  88.000000  4.242641
163.600000  99.000000  11.313708
163.700000  92.500000  7.778175
163.800000  90.000000  28.284271
163.900000  84.500000  30.405592
164.000000  93.500000  14.849242
164.100000  90.500000  21.920310
164.200000  75.000000  19.798990
164.300000  85.000000  12.727922
164.400000  92.500000  6.363961
164.500000  86.500000  7.778175
164.600000  91.500000  13.435029
164.700000  78.500000  24.748737
164.800000  82.000000  11.313708
164.900000  82.000000  22.627417
165.000000  94.500000  2.121320
165.100000  82.500000  4.949747
165.200000  101.500000  17.677670
165.300000  105.000000  8.485281
165.400000  79.500000  16.263456
165.500000  81.500000  13.435029
165.600000  92.500000  6.363961
165.700000  86.500000  2.121320
165.800000  87.500000  14.849242
165.900000  95.500000  10.606602
166.000000  87.000000  8.485281
166.100000  90.000000  21.213203
166.200000  85.500000  14.849242
166.300000  93.500000  14.849242
166.400000  91.000000  2.828427
166.500000  90.500000  0.707107
166.600000  92.500000  26.162951
166.700000  79.000000  9.899495
166.800000  82.500000  4.949747
166.900000  81.500000  17.677670
167.000000  82.000000  18.384776
167.100000  85.500000  17.677670
167.200000  102.000000  12.727922
167.300000  92.500000  14.849242
167.400000  96.500000  12.020815
167.500000  84.000000  5.656854
167.600000  89.000000  19.798990
167.700000  87.500000  16.263456
167.800000  99.000000  29.698485
167.900000  98.500000  24.748737
168.000000  90.000000  8.485281
168.100000  107.000000  28.284271
168.200000  102.000000  35.355339
168.300000  95.500000  21.920310
168.400000  98.500000  23.334524
168.500000  87.500000  13.435029
168.600000  79.500000  4.949747
168.700000  89.000000  26.870058
168.800000  85.500000  26.162951
168.900000  88.500000  17.677670
169.000000  89.500000  13.435029
169.100000  92.000000  9.899495
169.200000  85.500000  16.263456
169.300000  85.500000  24.748737
169.400000  84.500000  16.263456
169.500000  80.500000  12.020815
169.600000  83.500000  12.020815
169.700000  90.500000  14.849242
169.800000  92.500000  23.334524
169.900000  86.500000  23.334524
170.000000  82.500000  16.263456
170.100000  92.500000  13.435029
170.200000  94.500000  27.577164
170.300000  88.500000  20.506097
170.400000  95.000000  19.798990
170.500000  90.000000  25.455844
170.600000  90.500000  16.263456
170.700000  90.000000  26.870058
170.800000  93.500000  16.263456
170.900000  91.500000  17.677670
171.000000  89.000000  25.455844
171.100000  90.500000  28.991378
171.200000  90.500000  17.677670
171.300000  85.500000  27.577164
171.400000  96.500000  12.020815
171.500000  95.500000  20.506097
171.600000  103.000000  32.526912
171.700000  96.000000  24.041631
171.800000  97.000000  11.313708
171.900000  88.500000  6.363961
172.000000  86.000000  4.242641
172.100000  93.500000  0.707107
172.200000  88.000000  5.656854
172.300000  82.500000  12.020815
172.400000  90.000000  12.727922
172.500000  90.000000  4.242641
172.600000  88.500000  10.606602
172.700000  84.000000  16.970563
172.800000  74.500000  0.707107
172.900000  89.500000  2.121320
173.000000  77.500000  17.677670
173.100000  83.500000  0.707107
173.200000  83.000000  4.242641
173.300000  74.500000  7.778175
173.400000  81.500000  14.849242
173.500000  79.500000  9.192388
173.600000  81.000000  2.828427
173.700000  86.500000  2.121320
173.800000  73.000000  7.071068
173.900000  88.500000  7.778175
174.000000  91.500000  17.677670
174.100000  78.500000  3.535534
174.200000  82.500000  0.707107
174.300000  73.500000  0.707107
174.400000  86.000000  14.142136
174.500000  85.500000  2.121320
174.600000  83.000000  9.899495
174.700000  77.000000  7.071068
174.800000  82.500000  3.535534
174.900000  78.500000  13.435029
175.000000  83.500000  4.949747
175.100000  77.000000  7.071068
175.200000  76.000000  7.071068
175.300000  90.000000  4.242641
175.400000  90.500000  2.121320
175.500000  87.000000  9.899495
175.600000  84.500000  7.778175
175.700000  87.000000  14.142136
175.800000  88.500000  16.263456
175.900000  94.500000  14.849242
176.000000  89.000000  19.798990
176.100000  85.000000  11.313708
176.200000  84.000000  7.071068
176.300000  102.500000  4.949747
176.400000  75.500000  9.192388
176.500000  82.000000  7.071068
176.600000  78.000000  7.071068
176.700000  89.500000  6.363961
176.800000  95.000000  14.142136
176.900000  96.000000  15.556349
177.000000  89.000000  7.071068
177.100000  88.500000  19.091883
177.200000  91.000000  15.556349
177.300000  84.500000  24.748737
177.400000  86.000000  7.071068
177.500000  83.000000  1.414214
177.600000  88.500000  0.707107
177.700000  87.000000  4.242641
177.800000  93.500000  6.363961
177.900000  93.000000  2.828427
178.000000  91.500000  4.949747
178.100000  98.000000  1.414214
178.200000  89.000000  11.313708
178.300000  82.500000  10.606602
178.400000  88.500000  6.363961
178.500000  91.500000  9.192388
178.600000  88.000000  8.485281
178.700000  82.000000  9.899495
178.800000  88.500000  12.020815
178.900000  90.000000  7.071068
179.000000  82.500000  6.363961
179.100000  76.000000  1.414214
179.200000  92.000000  7.071068
179.300000  100.000000  1.414214
179.400000  85.000000  2.828427
179.500000  87.500000  6.363961
179.600000  87.500000  3.535534
179.700000  86.500000  10.606602
179.800000  89.000000  1.414214
179.900000  90.000000  8.485281
180.000000  82.000000  16.970563
180.100000  90.500000  9.192388
180.200000  89.000000  1.414214
180.300000  84.000000  1.414214
180.400000  87.000000  8.485281
180.500000  87.500000  10.606602
180.600000  83.500000  10.606602
180.700000  85.500000  2.121320
180.800000  78.500000  10.606602
180.900000  88.000000  7.071068
181.000000  97.000000  2.828427
181.100000  81.000000  7.071068
181.200000  83.000000  1.414214
181.300000  88.500000  2.121320
181.400000  92.500000  10.606602
181.500000  87.000000  12.727922
181.600000  90.500000  9.192388
181.700000  87.500000  6.363961
181.800000  89.000000  0.000000
181.900000  85.000000  2.828427
182.000000  91.000000  14.142136
182.100000  81.500000  14.849242
182.200000  89.000000  2.828427
182.300000  92.000000  5.656854
182.400000  88.000000  12.727922
182.500000  84.500000  7.778175
182.600000  86.500000  10.606602
182.700000  95.500000  2.121320
182.800000  86.000000  15.556349
182.900000  90.000000  7.071068
183.000000  87.000000  1.414214
183.100000  83.000000  5.656854
183.200000  83.500000  6.363961
183.300000  82.000000  1.414214
183.400000  84.000000  14.142136
183.500000  95.000000  5.656854
183.600000  93.500000  7.778175
183.700000  83.000000  0.000000
183.800000  92.000000  4.242641
183.900000  75.500000  2.121320
184.000000  91.500000  3.535534
184.100000  93.000000  2.828427
184.200000  95.500000  2.121320
184.300000  90.500000  6.363961
184.400000  91.000000  19.798990
184.500000  94.000000  1.414214
184.600000  98.000000  12.727922
184.700000  95.500000  3.535534
184.800000  88.500000  2.121320
184.900000  85.000000  0.000000
185.000000  90.500000  17.677670
185.100000  90.500000  0.707107
185.200000  91.000000  11.313708
185.300000  95.000000  4.242641
185.400000  86.500000  4.949747
185.500000  94.500000  6.363961
185.600000  101.000000  7.071068
185.700000  95.500000  2.121320
185.800000  94.500000  4.949747
185.900000  94.500000  0.707107
186.000000  98.000000  12.727922
186.100000  96.000000  7.071068
186.200000  89.500000  12.020815
186.300000  94.000000  9.899495
186.400000  95.000000  0.000000
186.500000  88.000000  9.899495
186.600000  100.000000  15.556349
186.700000  100.000000  1.414214
186.800000  98.000000  14.142136
186.900000  90.000000  1.414214
187.000000  95.000000  11.313708
187.100000  89.500000  4.949747
187.200000  99.500000  2.121320
187.300000  93.500000  6.363961
187.400000  95.500000  19.091883
187.500000  89.500000  9.192388
187.600000  96.000000  0.000000
187.700000  85.500000  12.020815
187.800000  96.500000  10.606602
187.900000  96.500000  7.778175
188.000000  94.500000  9.192388
188.100000  85.500000  3.535534
188.200000  89.000000  2.828427
188.300000  96.500000  2.121320
188.400000  90.500000  3.535534
188.500000  96.000000  5.656854
188.600000  95.500000  10.606602
188.700000  98.500000  4.949747
188.800000  89.000000  8.485281
188.900000  92.000000  7.071068
189.000000  86.000000  9.899495
189.100000  76.500000  27.577164
189.200000  89.500000  2.121320
189.300000  97.000000  2.828427
189.400000  81.000000  18.384776
189.500000  84.500000  12.020815
189.600000  94.000000  9.899495
189.700000  82.500000  13.435029
189.800000  86.000000  9.899495
189.900000  82.500000  12.020815
190.000000  97.000000  22.627417
190.100000  92.000000  14.142136
190.200000  84.000000  11.313708
190.300000  86.500000  13.435029
190.400000  96.000000  15.556349
190.500000  81.000000  18.384776
190.600000  86.500000  17.677670
190.700000  84.000000  9.899495
190.800000  86.000000  0.000000
190.900000  90.500000  4.949747
191.000000  83.000000  2.828427
191.100000  88.000000  18.384776
191.200000  95.000000  0.000000
191.300000  79.000000  1.414214
191.400000  93.000000  1.414214
191.500000  92.000000  8.485281
191.600000  93.000000  24.041631
191.700000  81.500000  12.020815
191.800000  95.000000  16.970563
191.900000  98.500000  2.121320
192.000000  96.500000  12.020815
192.100000  87.000000  16.970563
192.200000  93.500000  19.091883
192.300000  94.000000  1.414214
192.400000  88.000000  8.485281
192.500000  93.000000  7.071068
192.600000  89.500000  12.020815
192.700000  94.500000  10.606602
192.800000  92.000000  9.899495
192.900000  93.000000  9.899495
193.000000  88.500000  16.263456
193.100000  80.000000  19.798990
193.200000  78.500000  19.091883
193.300000  92.000000  24.041631
193.400000  94.000000  24.041631
193.500000  87.500000  19.091883
193.600000  84.500000  23.334524
193.700000  87.000000  4.242641
193.800000  89.000000  15.556349
193.900000  91.500000  17.677670
194.000000  96.000000  8.485281
194.100000  80.000000  1.414214
194.200000  81.000000  8.485281
194.300000  91.000000  1.414214
194.400000  90.500000  4.949747
194.500000  78.500000  13.435029
194.600000  82.500000  17.677670
194.700000  81.500000  17.677670
194.800000  83.500000  6.363961
194.900000  81.000000  14.142136
195.000000  74.500000  10.606602
195.100000  88.000000  5.656854
195.200000  81.500000  12.020815
195.300000  90.500000  9.192388
195.400000  91.500000  13.435029
195.500000  87.000000  12.727922
195.600000  84.000000  32.526912
195.700000  96.000000  21.213203
195.800000  77.000000  16.970563
195.900000  85.500000  21.920310
196.000000  93.000000  14.142136
196.100000  77.000000  19.798990
196.200000  89.000000  16.970563
196.300000  89.500000  2.121320
196.400000  89.500000  14.849242
196.500000  87.500000  4.949747
196.600000  96.500000  14.849242
196.700000  81.000000  28.284271
196.800000  85.000000  29.698485
196.900000  93.000000  7.071068
197.000000  90.000000  0.000000
197.100000  86.000000  14.142136
197.200000  89.000000  11.313708
197.300000  89.500000  10.606602
197.400000  83.000000  21.213203
197.500000  95.500000  9.192388
197.600000  84.500000  10.606602
197.700000  89.500000  3.535534
197.800000  89.000000  9.899495
197.900000  88.000000  7.071068
198.000000  87.500000  17.677670
198.100000  99.500000  3.535534
198.200000  91.000000  24.041631
198.300000  88.500000  20.506097
198.400000  91.000000  9.899495
198.500000  85.000000  19.798990
198.600000  85.500000  16.263456
198.700000  77.500000  19.091883
198.800000  77.500000  13.435029
198.900000  84.500000  4.949747
199.000000  92.500000  6.363961
199.100000  76.500000  27.577164
199.200000  81.000000  25.455844
199.300000  94.500000  13.435029
199.400000  90.000000  18.384776
199.500000  93.500000  19.091883
199.600000  78.000000  5.656854
199.700000  85.000000  18.384776
199.800000  74.500000  7.778175
199.900000  90.000000  26.870058
200.000000  87.500000  12.020815
