# aggregated from 2 replicates
# x  mean  std
0.000000  5.910500  0.041295
0.100000  5.713150  0.735886
0.200000  5.710200  0.652377
0.300000  5.946700  0.636113
0.400000  5.915000  0.812183
0.500000  5.979250  1.145159
0.600000  6.004700  1.177333
0.700000  5.919700  0.558614
0.800000  6.120500  0.961382
0.900000  5.873250  0.877590
1.000000  5.930200  0.915845
1.100000  5.977950  1.209648
1.200000  6.023050  1.140775
1.300000  6.188650  1.111784
1.400000  5.955200  0.901137
1.500000  6.022800  1.213395
1.600000  5.957700  0.693106
1.700000  5.867300  0.963362
1.800000  6.374350  1.484429
1.900000  6.064300  1.203920
2.000000  6.126000  1.312673
2.100000  6.118500  0.657185
2.200000  5.692800  1.013850
2.300000  6.009150  1.184192
2.400000  5.918200  1.232346
2.500000  6.029850  1.157605
2.600000  5.853100  1.224426
2.700000  6.016100  0.970858
2.800000  5.675450  0.939674
2.900000  6.055200  1.042134
3.000000  5.909950  1.139927
3.100000  6.375450  0.902480
3.200000  5.944050  1.444407
3.300000  5.998150  1.175565
3.400000  5.856250  0.916905
3.500000  5.834950  0.336654
3.600000  5.863300  1.089510
3.700000  6.145150  1.096086
3.800000  5.793550  0.889894
3.900000  6.137750  0.616526
4.000000  6.124900  0.514632
4.100000  6.216600  0.531603
4.200000  6.162950  0.889328
4.300000  6.373750  0.856801
4.400000  6.307100  0.721390
4.500000  6.311050  0.409486
4.600000  5.815300  0.424405
4.700000  6.041650  0.798394
4.800000  6.127300  0.826608
4.900000  6.352000  0.832123
5.000000  6.169200  1.037891
5.100000  6.111700  0.900147
5.200000  6.253250  0.364655
5.300000  6.379800  0.891096
5.400000  6.202350  0.614405
5.500000  5.740800  0.447599
5.600000  6.188850  0.721461
5.700000  6.352450  0.951695
5.800000  6.334800  0.752503
5.900000  6.559600  0.900854
6.000000  6.263800  0.764948
6.100000  6.464200  0.939462
6.200000  6.267850  1.118431
6.300000  6.334700  0.769049
6.400000  6.028400  1.218345
6.500000  6.316700  0.829861
6.600000  6.260600  0.817981
6.700000  6.601400  1.109309
6.800000  6.397550  0.776757
6.900000  6.333200  1.151594
7.000000  6.141750  1.032305
7.100000  6.281250  0.775060
7.200000  6.113250  1.121683
7.300000  5.725250  1.034851
7.400000  6.114350  0.918602
7.500000  6.336550  1.090288
7.600000  6.333550  0.887065
7.700000  6.073150  0.729805
7.800000  6.234000  0.611789
7.900000  6.117650  1.028770
8.000000  6.323900  1.023749
8.100000  6.301100  0.831982
8.200000  5.892450  1.298177
8.300000  6.373500  0.865782
8.400000  6.203400  0.683207
8.500000  6.392350  0.764312
8.600000  6.196850  0.437487
8.700000  6.345700  0.685752
8.800000  6.299200  0.418607
8.900000  6.320000  0.456367
9.000000  6.535250  0.611152
9.100000  6.285600  0.162210
9.200000  6.578600  0.517178
9.300000  6.790750  0.355180
9.400000  6.646050  0.004172
9.500000  6.277550  0.197495
9.600000  6.381050  0.417122
9.700000  6.804550  0.096237
9.800000  6.796750  0.177979
9.900000  6.725700  0.090085
10.000000  6.301850  0.158604
10.100000  6.216050  0.335098
10.200000  6.520950  0.328593
10.300000  6.581200  0.271670
10.400000  6.725900  0.484651
10.500000  6.578050  0.311198
10.600000  6.787300  0.182716
10.700000  6.531900  0.488469
10.800000  6.477400  0.836932
10.900000  6.463900  0.264034
11.000000  6.303650  0.604223
11.100000  6.627950  0.250528
11.200000  6.511400  0.089944
11.300000  6.519400  0.316501
11.400000  6.758350  0.036699
11.500000  6.579700  0.218920
11.600000  6.381900  0.189222
11.700000  6.355050  0.143472
11.800000  6.471150  0.294934
11.900000  6.081850  0.248972
12.000000  6.429400  0.093762
12.100000  6.385500  0.247346
12.200000  6.296250  0.043628
12.300000  6.810200  0.443356
12.400000  6.694350  0.026799
12.500000  6.534950  0.524744
12.600000  6.499550  0.432113
12.700000  6.624200  0.089661
12.800000  6.535150  0.158604
12.900000  6.406450  0.002616
13.000000  6.617150  0.364938
13.100000  6.497500  0.146230
13.200000  6.377450  0.012799
13.300000  6.320300  0.286803
13.400000  6.983200  0.165463
13.500000  6.553950  0.046033
13.600000  6.435950  0.425466
13.700000  6.848300  0.219627
13.800000  6.622000  0.396404
13.900000  6.434750  0.615536
14.000000  6.609900  0.317915
14.100000  6.495000  0.579969
14.200000  6.288700  0.499642
14.300000  6.246950  0.218142
14.400000  6.183700  0.342381
14.500000  6.582200  0.319471
14.600000  6.404950  0.303278
14.700000  6.364800  0.538533
14.800000  6.645900  0.386505
14.900000  6.259000  0.112006
15.000000  6.316750  0.118158
15.100000  6.383850  0.356735
15.200000  6.301250  0.495470
15.300000  6.177600  0.455518
15.400000  6.019550  0.572969
15.500000  6.507750  0.467468
15.600000  6.464750  0.213476
15.700000  6.556500  0.362604
15.800000  6.660100  0.132512
15.900000  6.213650  0.078560
16.000000  5.966600  0.218072
16.100000  6.603600  0.235891
16.200000  6.237450  0.141209
16.300000  6.228750  0.220264
16.400000  6.500800  0.116531
16.500000  6.419600  0.263892
16.600000  6.649700  0.246780
16.700000  6.442950  0.039103
16.800000  6.326600  0.156412
16.900000  6.374650  0.369463
17.000000  6.280800  0.218779
17.100000  6.219750  0.133997
17.200000  6.453350  0.107551
17.300000  6.233650  0.284893
17.400000  6.545400  0.170554
17.500000  6.405200  0.298682
17.600000  6.283000  0.402485
17.700000  6.253600  0.307733
17.800000  6.384400  0.334037
17.900000  6.251550  0.314168
18.000000  6.518750  0.254205
18.100000  6.419700  0.312117
18.200000  6.626400  0.192616
18.300000  6.248850  0.047588
18.400000  6.552150  0.106561
18.500000  6.355200  0.116248
18.600000  6.420600  0.441517
18.700000  6.476300  0.078206
18.800000  6.114850  0.012799
18.900000  6.272450  0.604223
19.000000  6.047900  0.024749
19.100000  6.579400  0.213263
19.200000  6.470750  0.156341
19.300000  6.445000  0.103662
19.400000  6.359950  0.425183
19.500000  6.335150  0.185050
19.600000  6.300200  0.574878
19.700000  6.486650  0.202445
19.800000  6.421200  0.497379
19.900000  6.443800  0.048083
20.000000  6.134350  0.371443
20.100000  6.607650  0.299601
20.200000  6.099000  0.593687
20.300000  6.299300  0.428365
20.400000  6.262850  0.211354
20.500000  6.339200  0.444346
20.600000  6.294450  0.268347
20.700000  6.463750  0.076014
20.800000  6.468400  0.219203
20.900000  6.530300  0.083156
21.000000  6.409200  0.215385
21.100000  6.428250  0.095530
21.200000  6.309200  0.159240
21.300000  6.497500  0.422426
21.400000  6.367450  0.615112
21.500000  6.311050  0.005869
21.600000  6.276850  0.527007
21.700000  6.194650  0.037972
21.800000  6.306650  0.041083
21.900000  6.158800  0.289348
22.000000  6.143400  0.187808
22.100000  6.248150  0.049427
22.200000  6.252800  0.101965
22.300000  6.115250  0.249255
22.400000  6.229350  0.161008
22.500000  6.046000  0.402627
22.600000  6.100250  0.381908
22.700000  5.789100  0.263751
22.800000  5.962150  0.000636
22.900000  6.051250  0.090298
23.000000  6.009350  0.083792
23.100000  6.020800  0.468812
23.200000  6.310400  0.001980
23.300000  6.307600  0.125299
23.400000  6.328500  0.106066
23.500000  6.360950  0.392798
23.600000  6.333300  0.105359
23.700000  6.307150  0.225921
23.800000  6.216950  0.134562
23.900000  6.091650  0.581171
24.000000  6.442400  0.435436
24.100000  6.388700  0.020648
24.200000  6.609150  0.261417
24.300000  6.190550  0.243174
24.400000  6.429650  0.464357
24.500000  6.430300  0.073822
24.600000  6.214900  0.184272
24.700000  6.416200  0.045396
24.800000  6.346350  0.272873
24.900000  6.504600  0.181444
25.000000  6.527800  0.302217
25.100000  6.558900  0.036487
25.200000  6.601750  0.093833
25.300000  6.491550  0.012657
25.400000  6.402950  0.322653
25.500000  6.395350  0.176847
25.600000  6.442050  0.020860
25.700000  6.340400  0.057276
25.800000  6.314350  0.231860
25.900000  6.542200  0.132088
26.000000  6.424450  0.133855
26.100000  6.323450  0.227335
26.200000  6.393700  0.195020
26.300000  6.485100  0.308157
26.400000  6.350750  0.159453
26.500000  6.021200  0.344785
26.600000  6.361300  0.026870
26.700000  6.667150  0.119996
26.800000  6.278250  0.257740
26.900000  6.227650  0.000212
27.000000  6.489000  0.058973
27.100000  6.318000  0.124027
27.200000  6.733200  0.119501
27.300000  6.485150  0.262266
27.400000  6.520000  0.010324
27.500000  6.438850  0.238083
27.600000  6.303250  0.231577
27.700000  6.160100  0.755756
27.800000  6.380250  0.525734
27.900000  6.289950  0.101187
28.000000  6.051350  0.115471
28.100000  6.061850  0.136401
28.200000  6.339900  0.338138
28.300000  6.156450  0.136401
28.400000  6.235950  0.033729
28.500000  6.321700  0.478287
28.600000  6.417700  0.121481
28.700000  6.451550  0.205556
28.800000  6.392750  0.140785
28.900000  6.459200  0.119360
29.000000  6.373300  0.104935
29.100000  6.001600  0.065902
29.200000  6.243600  0.512370
29.300000  6.483950  0.144320
29.400000  6.588750  0.058478
29.500000  6.248200  0.023335
29.600000  6.165050  0.049285
29.700000  6.502250  0.332128
29.800000  6.286000  0.151321
29.900000  6.365050  0.004031
30.000000  6.470950  0.045467
30.100000  6.465550  0.146300
30.200000  7.116950  0.113915
30.300000  6.642300  0.236881
30.400000  6.417100  0.256114
30.500000  6.568700  0.040729
30.600000  6.419900  0.091500
30.700000  6.485300  0.009758
30.800000  6.508450  0.164261
30.900000  6.653700  0.053740
31.000000  6.485900  0.155281
31.100000  6.835600  0.238154
31.200000  6.343450  0.288429
31.300000  6.507200  0.411395
31.400000  6.350450  0.756109
31.500000  6.419900  0.102106
31.600000  6.721700  0.225567
31.700000  6.338750  0.528279
31.800000  6.323300  0.412102
31.900000  6.483350  0.559392
32.000000  6.257500  0.339553
32.100000  6.367400  0.547725
32.200000  6.529850  0.414294
32.300000  6.854550  0.025527
32.400000  6.597650  0.533229
32.500000  6.449850  0.477792
32.600000  6.707500  0.668216
32.700000  6.526250  0.540159
32.800000  6.456550  0.288570
32.900000  6.091750  0.380918
33.000000  6.629350  0.361544
33.100000  6.572350  0.189575
33.200000  6.484150  0.394636
33.300000  6.503400  0.220759
33.400000  6.748500  0.212273
33.500000  6.724150  0.382333
33.600000  6.661300  0.040871
33.700000  6.405250  0.257740
33.800000  6.480250  0.323077
33.900000  6.309000  0.244942
34.000000  6.510250  0.247134
34.100000  6.495550  0.128057
34.200000  6.198000  0.028143
34.300000  6.826350  0.160160
34.400000  6.645950  0.015061
34.500000  6.450300  0.310844
34.600000  6.771100  0.193040
34.700000  6.483600  0.429780
34.800000  6.409700  0.101682
34.900000  6.463100  0.308581
35.000000  6.495550  0.164968
35.100000  6.643200  0.090085
35.200000  6.647650  0.159311
35.300000  5.952950  0.710147
35.400000  5.953550  0.390676
35.500000  6.081200  0.965766
35.600000  6.265950  0.874055
35.700000  6.243300  0.513360
35.800000  6.427900  0.634558
35.900000  6.394600  0.509400
36.000000  6.239300  0.873418
36.100000  6.384000  0.589868
36.200000  6.433900  0.163342
36.300000  6.432050  0.582020
36.400000  6.488250  0.490944
36.500000  6.758850  0.749604
36.600000  6.548250  0.483166
36.700000  6.382350  0.356028
36.800000  6.354100  0.142836
36.900000  6.318450  0.649619
37.000000  6.691500  0.463862
37.100000  6.328400  0.465418
37.200000  6.428750  0.452195
37.300000  6.556050  0.423062
37.400000  6.398400  0.409273
37.500000  6.194200  0.706258
37.600000  6.351250  0.527290
37.700000  6.238100  0.860832
37.800000  6.630550  0.395909
37.900000  6.413450  0.371726
38.000000  6.490650  0.406940
38.100000  6.630400  0.673307
38.200000  6.381250  0.164402
38.300000  6.429250  0.562928
38.400000  6.707450  0.170766
38.500000  6.332600  0.348321
38.600000  6.405900  0.418607
38.700000  6.448250  0.513572
38.800000  6.705950  0.160867
38.900000  6.868350  0.445689
39.000000  6.479600  0.301227
39.100000  6.404050  0.252932
39.200000  6.595450  0.251801
39.300000  6.483500  0.257811
39.400000  6.318400  0.597788
39.500000  6.332350  0.430557
39.600000  6.408050  0.307521
39.700000  6.570550  0.175999
39.800000  6.499100  0.146513
39.900000  6.880100  0.480550
40.000000  6.375600  0.842306
40.100000  6.520650  0.183777
40.200000  6.161250  0.238649
40.300000  6.397550  0.749321
40.400000  6.505550  0.404960
40.500000  6.584300  0.076226
40.600000  6.569400  0.118794
40.700000  6.515300  0.031961
40.800000  6.523100  0.078065
40.900000  6.411150  0.095530
41.000000  6.315900  0.182575
41.100000  6.664450  0.387707
41.200000  6.519050  0.194525
41.300000  6.324450  0.016051
41.400000  6.264250  0.165958
41.500000  6.587100  0.571625
41.600000  6.356300  0.120067
41.700000  6.447150  0.163130
41.800000  6.498150  0.138381
41.900000  6.577300  0.039174
42.000000  6.536100  0.269832
42.100000  6.526700  0.069721
42.200000  6.502450  0.086338
42.300000  6.574200  0.418890
42.400000  6.453200  0.344078
42.500000  6.684550  0.003465
42.600000  6.650400  0.042144
42.700000  6.730250  0.088459
42.800000  6.612450  0.341462
42.900000  6.677450  0.203152
43.000000  6.616100  0.773292
43.100000  6.257950  0.642124
43.200000  6.328550  0.439608
43.300000  6.564550  0.230588
43.400000  6.523300  0.539522
43.500000  6.506900  0.755049
43.600000  6.733200  0.324562
43.700000  6.479800  0.417617
43.800000  6.347500  0.245225
43.900000  6.646150  0.400152
44.000000  6.433350  0.632224
44.100000  6.640950  0.602101
44.200000  6.269050  0.458559
44.300000  6.457250  0.500419
44.400000  6.534700  0.390182
44.500000  6.437700  0.313673
44.600000  6.685650  0.379504
44.700000  6.395800  0.128269
44.800000  6.467250  0.269478
44.900000  6.780900  0.346765
45.000000  6.535650  0.296914
45.100000  6.739700  0.325976
45.200000  6.391050  0.405384
45.300000  6.598000  0.511804
45.400000  6.515400  0.319754
45.500000  6.736300  0.344220
45.600000  6.532250  0.367059
45.700000  6.536100  0.205344
45.800000  6.523750  0.179393
45.900000  6.172500  0.395697
46.000000  6.278600  0.454245
46.100000  6.610900  0.038042
46.200000  6.410600  0.103803
46.300000  6.555650  0.060458
46.400000  6.094150  0.323926
46.500000  6.081050  0.521491
46.600000  6.251100  0.436285
46.700000  6.472550  0.078560
46.800000  6.487450  0.040517
46.900000  6.425750  0.580747
47.000000  6.411800  0.830143
47.100000  6.415750  0.370736
47.200000  6.171900  1.000132
47.300000  6.319650  0.551473
47.400000  6.182400  0.951483
47.500000  6.070650  0.891732
47.600000  6.372850  0.833467
47.700000  6.133050  0.922421
47.800000  6.043550  0.675499
47.900000  6.302050  0.814233
48.000000  6.029650  0.596303
48.100000  6.383600  0.550836
48.200000  6.641500  0.203081
48.300000  6.559850  0.117026
48.400000  6.295550  0.307379
48.500000  6.092400  0.255973
48.600000  6.581350  0.649619
48.700000  6.484400  0.210011
48.800000  6.294100  0.490025
48.900000  6.545600  0.656195
49.000000  6.300850  0.794434
49.100000  6.085600  1.006920
49.200000  6.211450  0.997233
49.300000  6.164150  0.669277
49.400000  6.244950  0.896824
49.500000  6.202950  0.853549
49.600000  6.324900  0.829436
49.700000  6.372350  0.687520
49.800000  6.348450  0.805182
49.900000  6.533650  0.304551
50.000000  6.477600  0.964776
50.100000  6.592450  0.540159
50.200000  6.339950  0.855670
50.300000  6.636500  0.559463
50.400000  6.354600  0.803415
50.500000  6.352600  0.470367
50.600000  6.338700  0.350584
50.700000  6.232650  0.640851
50.800000  6.279900  0.557342
50.900000  6.389250  0.439750
51.000000  6.424650  0.129047
51.100000  6.472900  0.363594
51.200000  6.406200  0.201384
51.300000  6.360800  0.121198
51.400000  6.400700  0.052750
51.500000  6.379250  0.330431
51.600000  6.743200  0.585626
51.700000  6.337850  0.051831
51.800000  6.532600  0.553099
51.900000  6.491200  0.312683
52.000000  6.601950  0.294227
52.100000  6.591750  0.219415
52.200000  6.391700  0.454811
52.300000  6.759400  0.382545
52.400000  6.438650  0.300874
52.500000  6.462000  0.289065
52.600000  6.331600  0.536128
52.700000  6.446100  0.164332
52.800000  6.542450  0.118158
52.900000  6.397250  0.031749
53.000000  6.359650  0.622325
53.100000  6.372200  0.101823
53.200000  6.523000  0.591848
53.300000  6.534550  0.208950
53.400000  6.727350  0.045184
53.500000  6.510300  0.063215
53.600000  6.374700  0.608819
53.700000  6.348350  0.168504
53.800000  6.493100  0.068731
53.900000  6.558950  0.402980
54.000000  6.555500  0.329229
54.100000  6.432400  0.705551
54.200000  6.418350  0.179252
54.300000  6.115300  0.648700
54.400000  6.398700  0.400364
54.500000  6.287150  0.755968
54.600000  6.286750  0.120279
54.700000  6.005250  0.608607
54.800000  6.383850  0.340472
54.900000  6.327500  0.639366
55.000000  6.077200  0.938472
55.100000  6.180650  0.505935
55.200000  6.585700  0.522835
55.300000  6.653900  0.417900
55.400000  6.436700  0.648134
55.500000  6.564350  0.373423
55.600000  6.524600  0.135765
55.700000  6.356350  0.565190
55.800000  6.068550  0.483025
55.900000  6.235100  0.314663
56.000000  6.543700  0.399232
56.100000  6.604150  0.369746
56.200000  6.479900  0.278883
56.300000  6.464000  0.373352
56.400000  6.456400  0.454387
56.500000  6.466350  0.763180
56.600000  6.520200  0.402768
56.700000  6.603300  0.215668
56.800000  6.319950  0.153654
56.900000  6.524200  0.179464
57.000000  6.372900  0.305612
57.100000  6.289050  0.456437
57.200000  6.682850  0.486136
57.300000  6.358300  0.283126
57.400000  6.491950  0.012516
57.500000  6.513900  0.057276
57.600000  6.457900  0.208314
57.700000  6.572450  0.057771
57.800000  6.174050  0.178544
57.900000  6.466100  0.083721
58.000000  6.730950  0.168786
58.100000  6.892200  0.247346
58.200000  6.734600  0.559463
58.300000  6.437350  0.291964
58.400000  6.581650  0.483873
58.500000  6.560200  0.168574
58.600000  6.528100  0.388626
58.700000  6.378850  0.646508
58.800000  6.331300  0.301652
58.900000  6.250100  0.565120
59.000000  6.318350  0.622183
59.100000  5.981900  0.639366
59.200000  6.501450  0.799808
59.300000  6.356450  0.541290
59.400000  6.620400  0.440103
59.500000  6.401800  0.213122
59.600000  6.626800  0.667792
59.700000  6.332350  0.924542
59.800000  6.442150  0.561231
59.900000  6.580200  0.705834
60.000000  6.591750  0.330148
60.100000  6.629700  0.516329
60.200000  6.744750  0.510178
60.300000  6.422950  0.488964
60.400000  6.555800  0.380141
60.500000  6.663750  0.756109
60.600000  6.309900  0.610375
60.700000  6.498000  0.713188
60.800000  6.667550  0.028496
60.900000  6.787650  0.364372
61.000000  6.693550  0.199616
61.100000  6.736700  0.698339
61.200000  6.630800  0.244093
61.300000  6.781150  0.327320
61.400000  6.881850  0.209799
61.500000  6.936050  0.447811
61.600000  7.058400  0.489742
61.700000  6.867650  0.651316
61.800000  6.614800  0.458205
61.900000  6.660000  0.683489
62.000000  6.642000  0.489318
62.100000  6.636200  0.663690
62.200000  6.689850  0.409486
62.300000  6.797900  0.408849
62.400000  6.864050  0.679600
62.500000  6.741200  0.539805
62.600000  6.574600  0.829295
62.700000  6.722800  0.422284
62.800000  6.655250  0.734048
62.900000  6.819850  0.638305
63.000000  6.399400  0.851639
63.100000  6.344000  0.773292
63.200000  6.524000  0.585909
63.300000  6.852150  0.562221
63.400000  6.689100  0.250033
63.500000  6.583900  0.325835
63.600000  6.693350  0.392798
63.700000  6.799900  0.377171
63.800000  6.352300  0.441942
63.900000  6.853850  0.144462
64.000000  6.794000  0.401212
64.100000  6.605000  0.531320
64.200000  6.716350  0.344997
64.300000  6.590650  0.310491
64.400000  6.727300  0.361190
64.500000  6.737750  0.342876
64.600000  7.008850  0.325198
64.700000  6.800600  0.544896
64.800000  6.732850  0.634345
64.900000  6.930000  0.683914
65.000000  6.438250  0.199758
65.100000  6.688600  0.674014
65.200000  6.573300  0.564695
65.300000  6.620400  0.289914
65.400000  6.678450  0.198626
65.500000  6.896200  0.412809
65.600000  6.728200  0.239002
65.700000  6.835900  0.127986
65.800000  6.768450  0.301015
65.900000  6.786500  0.557200
66.000000  6.664600  0.406304
66.100000  6.495250  0.188444
66.200000  6.612150  0.343583
66.300000  6.624450  0.512157
66.400000  6.631350  0.380353
66.500000  6.412050  0.474964
66.600000  6.683850  0.179959
66.700000  6.660950  0.157331
66.800000  6.544950  0.385585
66.900000  6.549600  0.576151
67.000000  6.850400  0.640073
67.100000  6.497750  0.591495
67.200000  6.678850  0.611152
67.300000  6.614550  0.663054
67.400000  6.357700  0.734967
67.500000  6.561900  0.396121
67.600000  6.434750  0.823850
67.700000  6.572550  0.423062
67.800000  6.772250  0.187454
67.900000  6.595300  0.605142
68.000000  6.293900  0.653791
68.100000  6.718200  0.551543
68.200000  6.701350  0.903329
68.300000  6.773950  0.459690
68.400000  6.542000  0.537260
68.500000  6.276700  0.553806
68.600000  6.383700  0.689288
68.700000  6.239400  0.312117
68.800000  6.683100  0.625082
68.900000  6.269450  0.691055
69.000000  6.251250  0.508056
69.100000  6.541900  0.534431
69.200000  6.387050  0.470155
69.300000  6.552650  0.601536
69.400000  6.605900  0.617163
69.500000  6.557300  0.444063
69.600000  6.467550  0.671964
69.700000  6.385850  0.660226
69.800000  6.299600  0.121340
69.900000  6.326300  0.434871
70.000000  6.641900  0.626497
70.100000  6.442600  0.861115
70.200000  6.283100  1.022759
70.300000  6.293400  0.816001
70.400000  6.348700  0.684762
70.500000  6.338300  0.441376
70.600000  6.472650  0.731643
70.700000  6.533300  0.717996
70.800000  6.435700  0.255548
70.900000  5.852550  1.064974
71.000000  6.299100  0.971706
71.100000  6.301150  0.786656
71.200000  6.359300  1.038457
71.300000  6.381450  0.795849
71.400000  6.365900  0.719269
71.500000  6.647850  1.331411
71.600000  6.364300  0.626072
71.700000  6.507850  0.474398
71.800000  6.695200  0.249184
71.900000  6.391700  0.390889
72.000000  6.685750  1.124229
72.100000  6.663100  0.433881
72.200000  6.438900  0.593404
72.300000  6.598350  0.530118
72.400000  6.565750  0.251659
72.500000  6.622850  0.461953
72.600000  6.746500  0.851498
72.700000  6.657750  0.329724
72.800000  6.842250  0.324916
72.900000  6.503100  0.297409
73.000000  6.750250  0.315016
73.100000  6.621450  0.706753
73.200000  6.546100  0.746422
73.300000  6.899000  0.103945
73.400000  6.834100  0.012304
73.500000  6.905800  0.480126
73.600000  6.622550  0.500137
73.700000  6.827300  0.172675
73.800000  6.618900  0.380848
73.900000  6.651850  0.224224
74.000000  6.739300  0.328522
74.100000  6.447950  0.834881
74.200000  6.488150  0.555574
74.300000  6.874150  0.167514
74.400000  6.665100  0.619567
74.500000  6.705900  0.369251
74.600000  6.521900  0.146513
74.700000  6.651100  0.315087
74.800000  6.558900  0.329512
74.900000  6.194250  0.371160
75.000000  6.316200  0.465418
75.100000  6.348850  0.321804
75.200000  6.428100  0.594818
75.300000  6.243900  0.200818
75.400000  6.340000  0.310986
75.500000  6.278550  0.029628
75.600000  6.388850  0.531956
75.700000  6.565450  0.318834
75.800000  6.358800  0.308440
75.900000  6.179200  0.253993
76.000000  6.446750  0.333401
76.100000  6.179350  0.225496
76.200000  6.251450  0.380918
76.300000  6.342600  0.318339
76.400000  6.097600  0.398950
76.500000  6.399900  0.095742
76.600000  6.288250  0.239497
76.700000  6.356500  0.414506
76.800000  6.505600  0.309713
76.900000  6.049250  0.850154
77.000000  6.391750  0.387989
77.100000  6.490600  0.324138
77.200000  6.330950  0.116036
77.300000  6.429100  0.118935
77.400000  6.170600  0.125158
77.500000  6.291400  0.129118
77.600000  6.160500  0.105076
77.700000  6.469750  0.277539
77.800000  6.331900  0.317208
77.900000  6.438100  0.187949
78.000000  6.526400  0.277893
78.100000  6.440050  0.345705
78.200000  6.136150  0.528421
78.300000  6.439500  0.084853
78.400000  6.259100  0.416062
78.500000  6.327350  0.086055
78.600000  6.324800  0.155139
78.700000  6.406050  0.216445
78.800000  6.471550  0.375403
78.900000  6.502100  0.470367
79.000000  6.355050  0.473408
79.100000  6.053250  0.278247
79.200000  6.131250  0.104157
79.300000  6.441550  0.296207
79.400000  6.297950  0.140361
79.500000  6.095600  0.226133
79.600000  6.352350  0.127209
79.700000  6.187900  0.288641
79.800000  6.154050  0.106985
79.900000  5.988250  0.329158
80.000000  5.961400  0.251164
80.100000  5.925400  0.386080
80.200000  6.023450  0.197354
80.300000  5.753800  0.379575
80.400000  5.704900  0.252154
80.500000  6.043350  0.308652
80.600000  6.111700  0.377595
80.700000  5.935600  0.102248
80.800000  5.923300  0.012021
80.900000  6.180350  0.036982
81.000000  6.330300  0.108470
81.100000  6.123250  0.237659
81.200000  6.079600  0.215668
81.300000  6.221200  0.046386
81.400000  6.398300  0.281570
81.500000  6.556300  0.845134
81.600000  6.289550  0.042921
81.700000  6.183450  0.312188
81.800000  6.077850  0.115895
81.900000  6.323600  0.261064
82.000000  6.497400  0.195303
82.100000  6.180800  0.587606
82.200000  6.319500  0.325693
82.300000  6.425300  0.586474
82.400000  6.394550  0.401990
82.500000  6.442600  0.260640
82.600000  6.238200  0.076085
82.700000  6.349000  0.138876
82.800000  6.202800  0.110026
82.900000  6.215750  0.383747
83.000000  6.397700  0.431052
83.100000  6.437750  0.168221
83.200000  6.615050  0.064276
83.300000  6.521750  0.159453
83.400000  6.586350  0.260710
83.500000  6.328000  0.066892
83.600000  6.220200  0.284681
83.700000  6.270650  0.028921
83.800000  6.116450  0.051124
83.900000  6.277400  0.281994
84.000000  6.180050  0.312753
84.100000  6.077650  0.230022
84.200000  6.394550  0.194808
84.300000  6.547300  0.501056
84.400000  6.506150  0.274004
84.500000  6.306500  0.005515
84.600000  6.207550  0.314733
84.700000  6.036350  0.520077
84.800000  6.199550  0.090156
84.900000  6.615350  0.353200
85.000000  6.132800  0.203788
85.100000  6.469850  0.193111
85.200000  6.602600  0.022627
85.300000  6.217300  0.115824
85.400000  6.107550  0.216163
85.500000  6.297000  0.092490
85.600000  6.267900  0.218213
85.700000  6.017800  0.401919
85.800000  6.327650  0.106985
85.900000  6.111900  0.298682
86.000000  6.402650  0.049002
86.100000  6.126900  0.113844
86.200000  6.330300  0.026304
86.300000  6.012100  0.162352
86.400000  6.064100  0.280721
86.500000  6.591850  0.669559
86.600000  6.368200  0.554655
86.700000  6.405200  0.345068
86.800000  6.192800  0.627487
86.900000  6.343450  0.575514
87.000000  6.271900  0.471075
87.100000  6.351550  0.579757
87.200000  6.364950  0.213476
87.300000  6.162000  0.407435
87.400000  6.233700  0.428507
87.500000  6.250000  0.436709
87.600000  6.283550  0.524885
87.700000  6.697750  0.350654
87.800000  6.508450  0.236669
87.900000  6.455200  0.136613
88.000000  6.479100  0.348886
88.100000  6.054000  0.738219
88.200000  6.388550  0.316713
88.300000  6.336550  0.580464
88.400000  6.249700  0.119360
88.500000  6.334600  0.013152
88.600000  6.196250  0.373565
88.700000  6.504050  0.579050
88.800000  6.353050  0.458700
88.900000  6.355950  0.554725
89.000000  6.287400  0.325835
89.100000  6.576300  0.251871
89.200000  6.731850  0.028355
89.300000  6.774850  0.183494
89.400000  6.560900  0.028143
89.500000  6.350300  0.506430
89.600000  6.380000  0.066609
89.700000  6.543850  0.306814
89.800000  6.496700  0.046810
89.900000  6.433750  0.291823
90.000000  6.833750  0.026658
90.100000  6.720700  0.114268
90.200000  6.630950  0.092277
90.300000  6.445300  0.238436
90.400000  5.990200  0.805253
90.500000  6.346350  0.393929
90.600000  6.267300  1.055710
90.700000  6.530850  0.592202
90.800000  6.345700  0.846124
90.900000  6.065050  0.855104
91.000000  6.386650  0.410758
91.100000  6.534200  0.103945
91.200000  6.067050  0.527148
91.300000  5.980350  0.499995
91.400000  6.410900  0.059114
91.500000  6.500250  0.299035
91.600000  6.333700  0.211708
91.700000  6.484950  0.254205
91.800000  6.301850  0.200323
91.900000  6.314700  0.309713
92.000000  6.310650  0.300874
92.100000  6.238050  0.056356
92.200000  6.236800  0.216375
92.300000  6.239650  0.625860
92.400000  5.928550  0.219557
92.500000  6.476900  0.661145
92.600000  6.382600  0.279731
92.700000  6.577000  0.029981
92.800000  6.545550  0.105005
92.900000  6.314000  0.002263
93.000000  6.360950  0.208667
93.100000  6.495650  0.173312
93.200000  6.439650  0.023688
93.300000  6.565750  0.321521
93.400000  6.486600  0.452124
93.500000  6.688800  0.078913
93.600000  6.469200  0.181302
93.700000  6.619300  0.599909
93.800000  6.414350  0.032173
93.900000  6.528000  0.199970
94.000000  6.123700  0.253568
94.100000  6.447450  0.146300
94.200000  6.151650  0.224365
94.300000  6.369300  0.357796
94.400000  6.119650  0.304834
94.500000  6.003600  0.027577
94.600000  6.408500  0.011879
94.700000  6.431250  0.087611
94.800000  6.509950  0.128198
94.900000  6.436150  0.239780
95.000000  6.433400  0.330077
95.100000  6.413500  0.086267
95.200000  6.643950  0.228183
95.300000  6.335600  0.158392
95.400000  6.640050  0.276832
95.500000  6.504850  0.015061
95.600000  6.652350  0.094682
95.700000  6.633800  0.024324
95.800000  6.514550  0.021284
95.900000  6.555250  0.010253
96.000000  6.227100  0.168291
96.100000  6.292450  0.270468
96.200000  6.365850  0.143189
96.300000  6.484500  0.182434
96.400000  6.502500  0.085843
96.500000  6.566750  0.083509
96.600000  6.576650  0.015910
96.700000  6.380900  0.080186
96.800000  6.374850  0.170625
96.900000  6.466900  0.070004
97.000000  6.705800  0.240275
97.100000  6.446400  0.015698
97.200000  6.563050  0.017607
97.300000  6.316950  0.312612
97.400000  6.406800  0.215385
97.500000  6.260600  0.183989
97.600000  6.249050  0.184767
97.700000  6.142000  0.174231
97.800000  6.326400  0.315370
97.900000  6.113350  0.334815
98.000000  6.032200  0.036062
98.100000  6.241450  0.120845
98.200000  6.082250  0.308511
98.300000  6.006550  0.222385
98.400000  6.147750  0.601536
98.500000  5.833700  0.642477
98.600000  6.127700  0.317491
98.700000  6.239550  0.364372
98.800000  6.193950  0.274287
98.900000  6.201250  0.308086
99.000000  6.165950  0.604788
99.100000  6.232600  0.337007
99.200000  6.058700  0.010748
99.300000  6.114400  0.128693
99.400000  5.846350  0.017890
99.500000  6.450000  0.151462
99.600000  6.243350  0.025244
99.700000  6.203900  0.298399
99.800000  6.242950  0.303702
99.900000  6.098200  0.109884
100.000000  6.298450  0.231719
100.100000  6.213150  0.122400
100.200000  6.320650  0.326613
100.300000  5.885100  0.190636
100.400000  6.049450  0.048154
100.500000  6.083650  0.197212
100.600000  6.000800  0.048790
100.700000  6.365550  0.067670
100.800000  6.115500  0.640356
100.900000  5.831450  0.472135
101.000000  5.634350  0.707319
101.100000  5.845650  0.582302
101.200000  5.552450  0.340189
101.300000  5.946200  0.365150
101.400000  5.698700  0.208738
101.500000  5.765200  0.551826
101.600000  5.823850  0.540866
101.700000  6.019700  0.314097
101.800000  5.918300  0.334744
101.900000  5.852600  0.491156
102.000000  5.954400  0.627062
102.100000  5.639200  0.042851
102.200000  5.282700  0.306460
102.300000  5.639150  0.091429
102.400000  5.493700  0.086267
102.500000  6.013200  0.679388
102.600000  5.541750  0.854397
102.700000  5.748150  0.449225
102.800000  6.075350  0.581878
102.900000  5.943400  0.625507
103.000000  5.624800  0.693672
103.100000  5.974350  0.215597
103.200000  5.884350  0.634487
103.300000  5.617550  0.667155
103.400000  5.863500  0.598919
103.500000  5.814250  0.539310
103.600000  5.788800  0.506006
103.700000  5.489800  0.330643
103.800000  5.458050  0.342169
103.900000  6.150650  0.712269
104.000000  5.875200  0.606980
104.100000  5.677850  0.564342
104.200000  6.043800  0.802990
104.300000  5.688950  0.028072
104.400000  5.865000  0.588737
104.500000  5.684650  0.193111
104.600000  5.802500  0.174090
104.700000  5.495300  0.471216
104.800000  5.679500  0.620415
104.900000  5.859700  0.869034
105.000000  5.622150  0.770534
105.100000  5.524250  0.816355
105.200000  5.644700  0.782060
105.300000  5.266200  0.701733
105.400000  5.739550  0.944200
105.500000  5.837200  0.799879
105.600000  5.535650  0.383181
105.700000  5.827350  0.298328
105.800000  5.707550  0.450781
105.900000  5.490000  0.515764
106.000000  5.344550  0.580747
106.100000  5.965750  0.926522
106.200000  5.705450  0.434376
106.300000  5.698250  0.528279
106.400000  5.957000  0.233487
106.500000  5.846650  0.457286
106.600000  5.638200  0.158533
106.700000  5.861750  0.167655
106.800000  5.626850  0.066539
106.900000  5.520700  0.041012
107.000000  5.543500  0.380706
107.100000  5.913850  0.518946
107.200000  5.792400  0.042992
107.300000  5.925600  0.213971
107.400000  5.711750  0.260286
107.500000  5.670600  0.078206
107.600000  5.791700  0.189646
107.700000  5.650900  0.010182
107.800000  5.871150  0.260286
107.900000  5.888000  0.123885
108.000000  5.846250  0.594323
108.100000  5.907950  0.298470
108.200000  6.056850  0.639295
108.300000  6.093550  0.624446
108.400000  5.993350  0.731926
108.500000  5.910000  0.483802
108.600000  6.243950  0.731926
108.700000  5.945000  0.675004
108.800000  5.908750  0.540300
108.900000  5.983400  0.628901
109.000000  6.006550  0.713400
109.100000  5.918600  0.833255
109.200000  6.086800  0.903258
109.300000  5.880650  0.864721
109.400000  5.874700  0.829861
109.500000  5.921500  0.353978
109.600000  5.905450  0.524461
109.700000  5.861800  0.870024
109.800000  5.758550  0.825406
109.900000  5.869650  0.501127
110.000000  5.833900  0.822224
110.100000  5.785950  0.565049
110.200000  6.092350  1.016749
110.300000  5.991100  0.893924
110.400000  5.913150  0.168504
110.500000  5.905700  0.263609
110.600000  5.559750  0.193535
110.700000  5.690050  0.709723
110.800000  5.716650  0.576646
110.900000  5.827150  0.450639
111.000000  5.977300  0.591566
111.100000  5.816450  0.640568
111.200000  5.979550  0.311198
111.300000  5.734200  0.079055
111.400000  5.906250  0.068094
111.500000  5.834200  0.332764
111.600000  5.764550  0.286308
111.700000  5.802200  0.633992
111.800000  5.614850  0.845770
111.900000  5.712300  0.499783
112.000000  5.665700  0.477438
112.100000  5.775700  0.764382
112.200000  5.693500  0.541078
112.300000  5.976400  0.921643
112.400000  5.525450  0.546381
112.500000  5.794350  0.673661
112.600000  5.549050  0.457003
112.700000  5.616650  0.285318
112.800000  6.001800  0.541502
112.900000  5.717600  0.528916
113.000000  6.087650  0.953109
113.100000  5.969550  0.546240
113.200000  5.783200  0.556352
113.300000  5.838400  0.549705
113.400000  5.929400  0.774141
113.500000  5.451700  0.274782
113.600000  6.029650  0.838417
113.700000  5.864050  0.564483
113.800000  5.839750  0.993697
113.900000  5.720950  0.638447
114.000000  5.704300  0.855599
114.100000  5.489350  0.425890
114.200000  5.680400  0.663690
114.300000  5.455950  0.578201
114.400000  5.612250  0.647498
114.500000  5.713600  0.795354
114.600000  5.710400  0.575868
114.700000  5.763650  0.347260
114.800000  5.681250  0.626002
114.900000  6.096500  0.111723
115.000000  5.691450  0.351503
115.100000  5.863750  0.314168
115.200000  5.801400  0.154008
115.300000  5.659700  0.532310
115.400000  5.912600  0.065902
115.500000  5.606500  0.259508
115.600000  5.820300  0.165746
115.700000  5.847200  0.205627
115.800000  5.862150  0.295924
115.900000  5.752300  0.207324
116.000000  6.004400  0.223021
116.100000  5.966500  0.506996
116.200000  5.769400  0.317350
116.300000  5.730500  0.429072
116.400000  5.733300  0.508268
116.500000  5.829550  0.196364
116.600000  5.948700  0.235608
116.700000  5.651900  0.411253
116.800000  5.853550  0.007283
116.900000  5.661500  0.681227
117.000000  5.483900  0.702298
117.100000  5.609800  0.233628
117.200000  5.401950  0.592768
117.300000  5.529150  0.372575
117.400000  5.647700  0.831840
117.500000  5.907200  1.127977
117.600000  5.550400  0.921502
117.700000  5.453150  0.502399
117.800000  5.356600  0.529340
117.900000  5.460850  0.653437
118.000000  5.162550  0.842093
118.100000  5.921650  0.447528
118.200000  5.506500  0.842447
118.300000  5.625500  0.821375
118.400000  5.352900  1.048357
118.500000  5.637550  0.983373
118.600000  5.649550  0.773787
118.700000  5.391650  0.863731
118.800000  5.228150  0.173029
118.900000  5.633500  0.964635
119.000000  5.572200  0.816708
119.100000  5.368400  0.786444
119.200000  5.349100  0.635406
119.300000  5.567900  1.397526
119.400000  5.577350  0.454599
119.500000  5.610800  0.656761
119.600000  5.349200  0.591000
119.700000  5.562550  0.770959
119.800000  5.508450  0.791606
119.900000  5.435300  0.802990
120.000000  5.527350  0.594182
120.100000  5.685250  0.695157
120.200000  5.884900  0.636820
120.300000  5.774350  0.334249
120.400000  5.804050  0.319683
120.500000  5.556650  0.506076
120.600000  5.542400  0.006505
120.700000  5.743200  0.397818
120.800000  5.957100  0.660862
120.900000  5.703850  0.540159
121.000000  5.904000  0.332906
121.100000  5.607050  0.279236
121.200000  5.628050  0.569009
121.300000  5.656000  0.310137
121.400000  5.737800  0.274075
121.500000  5.981200  0.605283
121.600000  5.810050  0.460680
121.700000  5.646400  0.384100
121.800000  5.785550  0.578767
121.900000  5.552600  0.845700
122.000000  5.694000  0.417334
122.100000  5.494300  0.557059
122.200000  5.833150  0.806880
122.300000  5.573750  0.696854
122.400000  5.616550  0.494480
122.500000  5.696550  1.127623
122.600000  5.795600  0.569645
122.700000  5.565250  0.587252
122.800000  6.056900  0.750240
122.900000  5.939600  0.776120
123.000000  5.769350  0.653579
123.100000  5.714300  0.273226
123.200000  6.022850  1.053094
123.300000  5.726500  0.533300
123.400000  5.467400  0.454670
123.500000  5.522800  0.505299
123.600000  5.515400  0.702581
123.700000  5.685750  0.295076
123.800000  5.722400  0.616173
123.900000  5.499350  0.719340
124.000000  5.672350  0.669559
124.100000  5.782600  0.469236
124.200000  5.805550  0.682853
124.300000  5.437500  0.408283
124.400000  5.648500  0.535421
124.500000  5.728800  0.672317
124.600000  5.769350  0.712976
124.700000  5.782050  0.789909
124.800000  5.540550  0.976585
124.900000  5.643650  0.481752
125.000000  5.867450  0.621335
125.100000  5.657300  0.709370
125.200000  5.901900  0.613486
125.300000  5.677100  0.587464
125.400000  5.532550  0.286025
125.500000  5.688100  0.618577
125.600000  5.664800  0.769615
125.700000  5.665850  0.582727
125.800000  5.653450  0.676630
125.900000  5.707250  0.863731
126.000000  5.633150  0.471852
126.100000  5.678650  0.342593
126.200000  5.704400  0.382828
126.300000  5.414100  0.947947
126.400000  5.506250  0.925673
126.500000  5.522350  0.789485
126.600000  5.811850  0.415284
126.700000  5.764900  0.416062
126.800000  5.543300  0.318905
126.900000  5.719950  0.494763
127.000000  5.694100  0.243103
127.100000  5.600800  0.467680
127.200000  5.534900  0.540937
127.300000  5.441600  0.310420
127.400000  5.688450  0.340189
127.500000  5.419900  0.681651
127.600000  5.502600  0.833962
127.700000  5.361300  0.284823
127.800000  5.606800  0.330219
127.900000  5.678550  0.457852
128.000000  5.414300  0.617446
128.100000  5.762000  0.640639
128.200000  5.738050  0.939391
128.300000  5.795000  0.430487
128.400000  5.786750  0.455730
128.500000  5.825100  0.626072
128.600000  6.041800  1.255822
128.700000  5.845950  0.838982
128.800000  5.864950  1.000627
128.900000  5.526250  0.794434
129.000000  5.921250  0.762190
129.100000  5.624750  0.421082
129.200000  5.702650  0.796839
129.300000  5.665300  0.930694
129.400000  5.546950  0.453892
129.500000  5.695400  0.420163
129.600000  5.465550  0.366352
129.700000  5.705500  0.547442
129.800000  5.659350  0.476944
129.900000  5.667300  0.654498
130.000000  5.732800  0.765372
130.100000  5.904100  0.790828
130.200000  5.764550  0.830497
130.300000  5.731350  0.638164
130.400000  5.655000  0.446609
130.500000  5.800100  0.889257
130.600000  5.710300  0.529906
130.700000  5.533400  0.932108
130.800000  5.704900  0.946392
130.900000  5.532500  0.726764
131.000000  5.797300  0.980616
131.100000  5.424750  1.108107
131.200000  5.718950  0.624305
131.300000  5.694100  0.570069
131.400000  5.583750  0.348533
131.500000  5.539750  0.341745
131.600000  5.860850  0.865145
131.700000  5.683200  0.507703
131.800000  5.545300  0.544472
131.900000  5.560900  0.810769
132.000000  5.568950  0.959332
132.100000  5.925600  0.703996
132.200000  5.888450  0.698127
132.300000  6.131300  0.676277
132.400000  5.753600  0.446184
132.500000  5.793950  0.397323
132.600000  6.101550  1.103864
132.700000  5.833300  1.305885
132.800000  6.033900  1.381545
132.900000  5.762700  1.012011
133.000000  5.480850  0.752857
133.100000  5.404000  0.768484
133.200000  5.589050  0.980121
133.300000  5.667650  0.945897
133.400000  5.565200  0.794081
133.500000  5.674350  1.279510
133.600000  5.954800  0.966898
133.700000  5.696000  1.439245
133.800000  5.702700  1.163615
133.900000  5.500450  0.619779
134.000000  5.703200  0.944978
134.100000  5.378100  0.934654
134.200000  5.567950  1.257165
134.300000  5.748250  0.761766
134.400000  5.523800  0.668074
134.500000  5.531800  0.831558
134.600000  5.974250  1.032164
134.700000  6.108550  0.960322
134.800000  5.523250  1.218557
134.900000  5.674800  0.827881
135.000000  5.495550  1.017739
135.100000  5.719550  0.787505
135.200000  5.567150  0.923976
135.300000  5.553000  1.090076
135.400000  5.509750  0.994829
135.500000  5.472450  0.635618
135.600000  5.451400  0.900288
135.700000  5.757050  1.007981
135.800000  5.691400  1.016254
135.900000  5.629750  0.929350
136.000000  5.443000  0.968029
136.100000  5.286700  0.742745
136.200000  5.432550  0.908420
136.300000  5.501000  0.668074
136.400000  5.509700  0.713471
136.500000  5.445150  0.718350
136.600000  5.418800  0.913582
136.700000  5.123550  0.730512
136.800000  5.527350  1.007556
136.900000  5.541600  0.354685
137.000000  5.474850  0.392515
137.100000  5.236750  0.671964
137.200000  5.533650  0.798253
137.300000  5.460700  0.567382
137.400000  5.248850  0.610728
137.500000  5.381700  0.304904
137.600000  5.414800  0.298399
137.700000  5.551250  0.599273
137.800000  5.154700  0.836366
137.900000  5.417000  0.700743
138.000000  5.454500  0.375049
138.100000  5.491250  0.631941
138.200000  5.626200  0.763675
138.300000  5.507600  0.536977
138.400000  5.405650  0.357725
138.500000  5.460850  0.668569
138.600000  5.159500  0.857862
138.700000  5.420750  0.702935
138.800000  5.570300  1.012153
138.900000  5.482000  1.086257
139.000000  5.510750  0.588949
139.100000  5.560500  0.411536
139.200000  5.178850  0.810698
139.300000  5.358600  0.773575
139.400000  5.369650  0.777605
139.500000  5.703900  0.223304
139.600000  5.637300  1.141412
139.700000  5.762700  0.933522
139.800000  5.479250  0.590505
139.900000  5.667000  0.794788
140.000000  5.568000  0.794788
140.100000  5.856900  0.829719
140.200000  5.163100  0.995606
140.300000  5.370150  1.192960
140.400000  5.334850  1.043053
140.500000  5.437500  1.295844
140.600000  5.513250  1.187727
140.700000  5.811200  1.184687
140.800000  5.526000  0.805112
140.900000  5.788650  1.006425
141.000000  5.404800  0.830709
141.100000  5.700900  0.921219
141.200000  5.498100  0.996879
141.300000  5.392650  1.071762
141.400000  5.850250  0.948159
141.500000  5.762250  1.090995
141.600000  5.392000  1.321158
141.700000  5.349750  1.281348
141.800000  5.381350  1.022264
141.900000  5.595400  1.372353
142.000000  5.800450  1.318118
142.100000  5.164900  1.091773
142.200000  5.690300  0.941725
142.300000  5.151250  0.659377
142.400000  5.455800  1.041003
142.500000  5.440550  1.247690
142.600000  5.714350  1.077843
142.700000  5.789000  1.130947
142.800000  5.497250  1.057195
142.900000  5.504900  1.227113
143.000000  5.576450  1.165383
143.100000  5.423850  1.276116
143.200000  5.535850  1.087035
143.300000  5.436150  0.940523
143.400000  5.710300  1.273924
143.500000  5.423900  1.229376
143.600000  5.645600  0.846973
143.700000  5.676050  0.999495
143.800000  5.856100  0.925886
143.900000  5.359450  0.883530
144.000000  6.000250  0.938967
144.100000  5.550850  0.808859
144.200000  5.621000  0.931967
144.300000  5.466650  0.411890
144.400000  5.414200  1.147210
144.500000  5.306150  1.190131
144.600000  5.416650  1.135119
144.700000  5.371150  1.342442
144.800000  5.727350  1.118996
144.900000  5.405950  1.131300
145.000000  5.571650  1.037396
145.100000  5.521400  1.190909
145.200000  5.545350  1.660075
145.300000  5.192700  1.822921
145.400000  5.520700  1.379000
145.500000  5.624500  1.322714
145.600000  5.420850  1.427861
145.700000  5.622000  0.834810
145.800000  5.652950  0.931613
145.900000  5.621000  1.337563
146.000000  5.307250  1.169625
146.100000  5.152250  0.987899
146.200000  5.225600  1.408981
146.300000  5.153050  0.965130
146.400000  5.430500  1.224850
146.500000  5.298050  0.933169
146.600000  5.174900  0.935078
146.700000  5.384650  1.117017
146.800000  5.246600  1.653923
146.900000  5.628600  1.250448
147.000000  5.252850  1.447801
147.100000  5.637650  1.250660
147.200000  5.353800  1.266004
147.300000  5.456300  1.401768
147.400000  5.472500  0.914996
147.500000  5.310850  1.051538
147.600000  5.368300  0.850225
147.700000  5.682500  1.035770
147.800000  5.724450  0.805465
147.900000  5.636950  1.199041
148.000000  5.616900  1.079469
148.100000  5.616300  1.498218
148.200000  5.503800  1.400071
148.300000  5.561500  1.091349
148.400000  5.530400  1.287500
148.500000  5.330700  1.246205
148.600000  5.738600  1.187939
148.700000  5.882450  1.348382
148.800000  5.725200  1.570484
148.900000  5.681950  0.978424
149.000000  5.247400  1.142402
149.100000  5.470050  1.075297
149.200000  5.614750  1.361251
149.300000  5.587300  1.023325
149.400000  5.674550  1.156049
149.500000  5.932200  1.121330
149.600000  5.474850  0.896541
149.700000  5.740850  0.476802
149.800000  5.685850  1.183909
149.900000  5.595450  1.100895
150.000000  5.848550  1.182212
150.100000  5.409650  1.239346
150.200000  5.366000  0.756180
150.300000  5.796700  0.999283
150.400000  5.794400  0.548291
150.500000  5.658750  0.422496
150.600000  5.561850  0.679176
150.700000  5.405900  0.809072
150.800000  5.766700  0.557483
150.900000  5.604600  0.643043
151.000000  5.155550  0.710147
151.100000  5.595900  0.759150
151.200000  5.499450  1.058044
151.300000  5.496450  0.404819
151.400000  5.322300  0.546311
151.500000  5.398750  0.807728
151.600000  5.501650  1.120976
151.700000  5.746950  0.673095
151.800000  5.716800  0.996172
151.900000  5.853650  0.610587
152.000000  5.776400  0.853902
152.100000  5.686650  0.937836
152.200000  5.969850  0.636750
152.300000  6.011150  0.975312
152.400000  6.102850  0.934017
152.500000  5.917700  0.740341
152.600000  5.769300  0.979767
152.700000  5.529650  0.837568
152.800000  5.938050  0.832901
152.900000  5.716700  0.697490
153.000000  5.585250  0.769120
153.100000  5.543050  0.485287
153.200000  5.598850  0.751160
153.300000  5.686450  0.758089
153.400000  5.704200  0.995324
153.500000  5.658700  0.651104
153.600000  5.658100  0.546452
153.700000  5.804500  1.205334
153.800000  5.844000  0.454811
153.900000  5.720300  0.741189
154.000000  5.890500  1.007344
154.100000  5.669050  0.650892
154.200000  5.926750  0.738856
154.300000  5.744350  1.081378
154.400000  5.783650  0.980121
154.500000  5.869250  0.614971
154.600000  5.663700  0.951766
154.700000  5.514450  0.689358
154.800000  5.897050  0.722875
154.900000  5.573050  0.767140
155.000000  5.719550  0.858216
155.100000  5.516150  0.714531
155.200000  5.707700  0.868751
155.300000  5.942200  1.097288
155.400000  5.616700  1.182990
155.500000  5.577100  1.062499
155.600000  5.428800  1.209718
155.700000  5.858150  1.017880
155.800000  5.938250  1.036124
155.900000  5.861450  0.876459
156.000000  5.860700  0.961241
156.100000  5.601950  0.380353
156.200000  5.394900  1.500481
156.300000  5.997400  0.985848
156.400000  5.975750  1.203284
156.500000  5.706050  1.105420
156.600000  5.637800  0.714744
156.700000  6.222450  0.562786
156.800000  5.735500  0.987121
156.900000  5.634200  0.660862
157.000000  5.940600  1.023325
157.100000  6.060550  0.734896
157.200000  5.714550  1.094531
157.300000  5.458850  1.387697
157.400000  5.886500  0.928290
157.500000  5.677850  1.038669
157.600000  5.714300  0.817415
157.700000  5.520650  0.635760
157.800000  5.570650  0.827668
157.900000  5.801850  0.701803
158.000000  5.792000  1.187798
158.100000  5.580450  0.528421
158.200000  5.415350  0.890884
158.300000  5.700900  0.673731
158.400000  5.799100  0.544755
158.500000  5.768350  0.989596
158.600000  5.399650  1.034144
158.700000  5.391450  0.923269
158.800000  5.787750  0.843225
158.900000  5.731150  1.132997
159.000000  5.824450  1.030467
159.100000  5.853150  1.071196
159.200000  5.839150  0.948301
159.300000  5.962150  0.928219
159.400000  5.582450  1.000485
159.500000  5.819450  0.915067
159.600000  5.548950  0.537330
159.700000  5.532050  0.832901
159.800000  5.305000  0.716865
159.900000  5.523050  0.684691
160.000000  5.767250  0.742109
160.100000  5.432350  0.627274
160.200000  5.325950  0.592061
160.300000  5.666250  0.652872
160.400000  5.887500  0.773009
160.500000  5.676750  0.823002
160.600000  5.416800  0.433598
160.700000  5.421400  0.292318
160.800000  5.562700  0.619143
160.900000  5.569450  0.778171
161.000000  5.570650  0.665175
161.100000  5.223300  0.133077
161.200000  5.610050  0.387848
161.300000  5.318150  0.242043
161.400000  5.414900  0.386505
161.500000  5.263500  0.164190
161.600000  5.729000  0.477580
161.700000  5.418550  0.207112
161.800000  5.483550  0.429426
161.900000  5.564000  0.415637
162.000000  5.653300  0.111157
162.100000  5.695000  0.419880
162.200000  5.927100  0.520713
162.300000  5.506800  0.291045
162.400000  5.905150  0.700531
162.500000  5.581050  0.567312
162.600000  5.773900  0.440245
162.700000  5.707100  0.384808
162.800000  5.827200  0.317350
162.900000  5.776350  0.426739
163.000000  5.700300  0.565827
163.100000  6.000600  0.724077
163.200000  5.628950  0.117450
163.300000  5.849550  0.743947
163.400000  5.874400  0.502470
163.500000  5.813950  0.664327
163.600000  5.673000  0.668357
163.700000  5.684850  0.448376
163.800000  5.737200  0.173241
163.900000  5.693900  0.428507
164.000000  5.861700  0.755190
164.100000  5.948850  0.452619
164.200000  5.711300  0.629184
164.300000  5.337800  1.081308
164.400000  5.378550  0.979555
164.500000  5.413450  1.202577
164.600000  5.620550  1.188434
164.700000  5.819400  1.196849
164.800000  5.671050  1.133704
164.900000  5.920050  1.024386
165.000000  5.507050  0.815789
165.100000  5.742400  0.618011
165.200000  5.717400  0.707107
165.300000  5.367650  0.838417
165.400000  5.837700  0.406586
165.500000  5.376400  0.759433
165.600000  5.934200  0.788141
165.700000  6.159800  0.767211
165.800000  5.932700  0.592838
165.900000  5.470950  0.838558
166.000000  5.845850  0.738149
166.100000  5.440100  0.599627
166.200000  5.425950  0.961595
166.300000  5.589050  1.074024
166.400000  5.826200  0.568231
166.500000  5.624600  0.827032
166.600000  5.921300  0.316360
166.700000  5.968800  0.989808
166.800000  6.007800  0.516188
166.900000  5.894400  0.647286
167.000000  5.688750  0.541290
167.100000  5.999450  0.790616
167.200000  5.814050  0.780009
167.300000  5.975750  0.743947
167.400000  5.566300  0.693389
167.500000  5.567400  1.023466
167.600000  5.577150  0.571837
167.700000  5.926800  0.425820
167.800000  5.690950  0.321097
167.900000  5.740850  0.799243
168.000000  5.549200  0.467256
168.100000  5.494500  0.608112
168.200000  5.637950  0.464923
168.300000  5.503650  1.008688
168.400000  5.480500  0.973545
168.500000  5.806100  0.760705
168.600000  5.529100  0.359210
168.700000  5.321700  0.405314
168.800000  5.695400  0.887702
168.900000  5.604650  0.788495
169.000000  5.549700  0.745573
169.100000  5.618300  0.327249
169.200000  5.555650  0.468175
169.300000  5.891600  0.535846
169.400000  5.714200  0.088106
169.500000  5.880950  0.063710
169.600000  5.890650  0.104157
169.700000  5.476400  0.132370
169.800000  6.009500  0.207182
169.900000  5.565000  0.197424
170.000000  5.655450  0.016193
170.100000  5.633850  0.429709
170.200000  5.666550  0.021708
170.300000  5.416200  0.118935
170.400000  5.629700  0.184272
170.500000  5.475800  0.335734
170.600000  5.648550  0.018738
170.700000  5.696300  0.061377
170.800000  5.409250  0.037689
170.900000  5.599800  0.034365
171.000000  5.211850  0.362816
171.100000  5.164900  0.329512
171.200000  5.150050  0.332128
171.300000  5.728500  0.210152
171.400000  5.196450  0.092985
171.500000  5.321650  0.084782
171.600000  5.347950  0.070923
171.700000  5.029850  0.534643
171.800000  5.287400  0.309854
171.900000  5.517750  0.055084
172.000000  5.414200  0.423557
172.100000  5.655450  0.682429
172.200000  5.226800  0.661711
172.300000  5.811100  0.649973
172.400000  5.557650  0.954382
172.500000  5.405000  1.159231
172.600000  5.647850  0.528138
172.700000  5.739650  0.320673
172.800000  5.780700  1.079045
172.900000  5.801900  1.114966
173.000000  5.918300  0.468529
173.100000  5.345100  0.733270
173.200000  5.593100  0.477580
173.300000  5.538400  0.123461
173.400000  5.435150  0.246144
173.500000  5.477800  0.808506
173.600000  5.588300  0.666377
173.700000  5.539600  0.499500
173.800000  5.355800  1.071125
173.900000  5.237500  0.072125
174.000000  5.292150  0.405101
174.100000  5.665100  0.259225
174.200000  5.398500  0.170271
174.300000  5.542300  0.385090
174.400000  5.205450  0.491793
174.500000  5.601150  0.342310
174.600000  5.282900  0.479418
174.700000  5.679700  0.354260
174.800000  5.375250  0.553594
174.900000  5.310900  0.025032
175.000000  5.097550  0.415849
175.100000  5.509450  0.236951
175.200000  5.171000  0.680802
175.300000  5.310550  0.454175
175.400000  5.514500  0.583222
175.500000  5.684900  0.689712
175.600000  5.574800  0.465418
175.700000  5.677700  0.774989
175.800000  5.641200  0.743593
175.900000  5.405000  0.948372
176.000000  5.394950  1.301147
176.100000  5.537700  1.240265
176.200000  5.639600  0.765231
176.300000  5.307950  0.225355
176.400000  5.371250  0.357442
176.500000  5.555950  0.732350
176.600000  5.339950  0.483873
176.700000  4.955700  0.336017
176.800000  4.950700  0.918107
176.900000  4.946550  0.938401
177.000000  4.850650  0.898803
177.100000  5.133200  0.765797
177.200000  5.163500  0.456508
177.300000  4.965100  1.209860
177.400000  5.109450  0.696288
177.500000  5.304350  0.650326
177.600000  5.369850  0.773363
177.700000  5.329050  0.487126
177.800000  5.114750  0.896116
177.900000  5.139900  0.627769
178.000000  5.118050  0.276408
178.100000  5.186150  0.207394
178.200000  5.484900  0.363594
178.300000  5.316700  0.575443
178.400000  5.078350  0.464781
178.500000  5.180250  0.464640
178.600000  5.083450  0.823002
178.700000  5.217900  0.858852
178.800000  4.954950  0.584707
178.900000  4.960850  0.763887
179.000000  4.758050  1.102874
179.100000  4.946150  0.337078
179.200000  4.797400  0.521421
179.300000  5.155300  0.585767
179.400000  5.275900  0.228113
179.500000  5.226100  0.779515
179.600000  4.895900  0.866347
179.700000  5.310800  1.012577
179.800000  5.162250  0.595455
179.900000  5.084950  0.797829
180.000000  5.305450  1.190131
180.100000  5.242100  0.609102
180.200000  5.675950  0.561655
180.300000  5.652550  0.814375
180.400000  5.429250  1.074873
180.500000  5.288900  0.760140
180.600000  5.345700  1.417608
180.700000  5.637150  1.034709
180.800000  5.963400  0.593970
180.900000  5.660700  1.005223
181.000000  5.568950  1.159584
181.100000  5.777900  0.669772
181.200000  5.716000  0.881762
181.300000  5.430950  0.969373
181.400000  5.514300  0.962372
181.500000  5.520500  0.495823
181.600000  5.547500  1.167999
181.700000  5.899250  0.817062
181.800000  5.790750  1.011233
181.900000  5.308300  0.664680
182.000000  5.462350  1.028204
182.100000  5.535950  1.066812
182.200000  5.549850  0.402839
182.300000  5.409600  0.578979
182.400000  5.377350  0.849447
182.500000  5.634450  1.398021
182.600000  5.270100  0.263185
182.700000  5.153600  0.634275
182.800000  5.463650  0.717643
182.900000  5.492300  0.387353
183.000000  5.431450  0.237093
183.100000  5.639050  0.654144
183.200000  5.472550  0.854397
183.300000  5.755750  0.891591
183.400000  5.409250  0.885510
183.500000  5.470700  1.093046
183.600000  5.247650  0.139229
183.700000  5.419650  0.674792
183.800000  5.135800  0.439396
183.900000  5.226100  0.844851
184.000000  5.271600  0.604011
184.100000  5.056500  0.525239
184.200000  5.003000  0.808364
184.300000  5.240500  0.918107
184.400000  5.651850  1.139785
184.500000  5.261600  0.796485
184.600000  5.599550  0.818759
184.700000  5.287100  0.814870
184.800000  5.477100  0.884025
184.900000  5.426150  0.523471
185.000000  5.398050  0.150967
185.100000  5.148300  0.407859
185.200000  5.215200  0.493136
185.300000  5.436500  0.739775
185.400000  5.600300  0.678398
185.500000  5.480450  0.226769
185.600000  5.421000  0.869741
185.700000  5.518150  0.316147
185.800000  5.518400  0.499076
185.900000  5.193250  0.107551
186.000000  5.562850  0.660508
186.100000  5.167250  0.624022
186.200000  5.318500  0.227547
186.300000  5.328100  0.173524
186.400000  5.199800  0.516188
186.500000  5.398250  0.311198
186.600000  5.146600  0.670903
186.700000  5.366300  0.158533
186.800000  4.912450  0.620203
186.900000  5.405100  0.508693
187.000000  5.452250  1.048427
187.100000  4.944100  0.798889
187.200000  4.911600  0.600192
187.300000  5.368950  0.551614
187.400000  5.279600  0.456650
187.500000  5.431750  0.874620
187.600000  5.213350  0.366069
187.700000  5.565700  0.344644
187.800000  5.451250  0.289843
187.900000  5.296100  0.426244
188.000000  5.109200  0.150897
188.100000  5.359850  0.385868
188.200000  5.330650  0.509753
188.300000  4.841150  0.272731
188.400000  5.301750  0.334674
188.500000  4.988750  0.316996
188.600000  5.213850  0.047305
188.700000  5.487750  0.424618
188.800000  5.161450  0.623456
188.900000  5.461150  0.508198
189.000000  5.279650  0.355180
189.100000  5.354700  0.365009
189.200000  5.239300  0.697207
189.300000  5.149700  0.647568
189.400000  5.310000  0.545745
189.500000  5.368300  0.522128
189.600000  5.479650  0.939533
189.700000  5.587300  0.915562
189.800000  5.395450  0.839548
189.900000  5.443650  0.720471
190.000000  4.918450  0.980262
190.100000  5.273750  0.372999
190.200000  5.471000  0.669206
190.300000  5.574950  0.429285
190.400000  5.472100  0.737795
190.500000  5.246200  0.489742
190.600000  5.163800  0.649124
190.700000  4.947000  0.914713
190.800000  5.106800  0.386363
190.900000  5.049200  0.278034
191.000000  5.010100  0.529199
191.100000  5.418700  1.308430
191.200000  5.120500  0.098005
191.300000  5.270100  0.014142
191.400000  5.225450  0.451912
191.500000  4.871700  0.363170
191.600000  4.940850  0.509188
191.700000  4.986700  0.060245
191.800000  5.180750  0.184343
191.900000  4.691250  0.240204
192.000000  5.072900  0.289490
192.100000  5.002850  0.086762
192.200000  5.000150  0.544543
192.300000  4.983850  0.404819
192.400000  5.214400  0.554513
192.500000  4.942250  0.756958
192.600000  5.155650  0.495045
192.700000  5.204250  0.370029
192.800000  5.569450  0.443144
192.900000  5.446050  0.280792
193.000000  5.509650  0.421365
193.100000  5.469050  0.375686
193.200000  5.639400  0.819537
193.300000  5.470550  0.694450
193.400000  5.512350  1.029194
193.500000  5.684400  1.255397
193.600000  5.077650  0.991010
193.700000  5.432600  1.189495
193.800000  5.691450  0.736027
193.900000  5.611450  1.343008
194.000000  5.006750  1.081378
194.100000  5.567350  0.983091
194.200000  5.334600  1.136603
194.300000  5.463450  1.124936
194.400000  5.321400  0.714461
194.500000  5.466350  0.733623
194.600000  5.204650  1.052387
194.700000  5.090800  1.267701
194.800000  5.365650  1.179808
194.900000  5.369550  0.826961
195.000000  5.273800  1.439104
195.100000  4.970750  0.865569
195.200000  5.551900  0.454811
195.300000  5.330350  0.631376
195.400000  5.460750  0.654852
195.500000  5.416950  0.544402
195.600000  5.394250  0.556281
195.700000  5.559650  0.679459
195.800000  5.617350  0.799243
195.900000  5.278400  0.947099
196.000000  4.984450  1.372989
196.100000  4.958100  0.826325
196.200000  5.034350  1.269186
196.300000  5.135200  0.762827
196.400000  5.216100  1.295844
196.500000  5.099850  1.512572
196.600000  5.046700  1.344210
196.700000  5.092800  0.837922
196.800000  5.129600  1.017527
196.900000  4.888700  1.310269
197.000000  5.307900  0.835800
197.100000  5.397150  0.899086
197.200000  5.159500  0.582232
197.300000  5.159000  0.755756
197.400000  5.504400  1.325825
197.500000  5.257650  1.242174
197.600000  5.375150  1.215446
197.700000  5.232400  1.202789
197.800000  5.359350  1.027638
197.900000  5.153750  0.626850
198.000000  5.766800  1.493692
198.100000  5.223200  0.765231
198.200000  5.551450  1.471843
198.300000  5.220150  1.619770
198.400000  5.298800  1.435144
198.500000  5.344250  1.749453
198.600000  5.118050  1.445821
198.700000  5.377800  1.450276
198.800000  5.537400  1.167150
198.900000  5.341350  1.515825
199.000000  5.356700  0.960251
199.100000  5.111750  1.215870
199.200000  5.644300  1.186101
199.300000  5.258900  1.016678
199.400000  5.127700  2.060933
199.500000  5.410750  1.336503
199.600000  5.563200  1.692672
199.700000  5.630500  1.395829
199.800000  5.624350  1.371009
199.900000  5.802250  1.818891
200.000000  5.330750  1.762322
