# Secondary Structure Percentages Over Time
# Time(ns)	α-helix(H)	β-bridge(B)	β-strand(E)	3-helix(G)	π-helix(I)	Turn(T)	Bend(S)	Coil(-)
0.0000	35.04	0.00	17.32	0.00	0.00	0.00	0.00	47.64
0.1000	35.04	0.00	16.93	0.00	0.00	0.00	0.00	48.03
0.2000	33.07	0.00	16.54	0.00	0.00	0.00	0.00	50.39
0.3000	32.68	0.00	17.72	0.00	0.00	0.00	0.00	49.61
0.4000	37.01	0.00	16.14	0.00	0.00	0.00	0.00	46.85
0.5000	33.07	0.00	16.14	0.00	0.00	0.00	0.00	50.79
0.6000	35.04	0.00	16.93	0.00	0.00	0.00	0.00	48.03
0.7000	31.50	0.00	16.93	0.00	0.00	0.00	0.00	51.57
0.8000	35.83	0.00	17.32	0.00	0.00	0.00	0.00	46.85
0.9000	34.65	0.00	16.93	0.00	0.00	0.00	0.00	48.43
1.0000	33.46	0.00	18.90	0.00	0.00	0.00	0.00	47.64
