# aggregated from 2 replicates
# x  mean  std
0.000000  53.206427  0.000000
0.100000  56.977373  3.371197
0.200000  55.282579  7.495775
0.300000  59.686600  10.682957
0.400000  59.488452  14.420984
0.500000  63.219662  15.957111
0.600000  60.291146  13.170383
0.700000  63.851540  16.052306
0.800000  62.002496  16.062328
0.900000  69.021712  16.695464
1.000000  58.922318  13.127026
1.100000  57.629761  8.266763
1.200000  63.353699  12.885098
1.300000  58.975117  8.615794
1.400000  59.511888  12.272929
1.500000  59.789313  7.122981
1.600000  59.019017  7.163946
1.700000  56.884669  11.651852
1.800000  56.691242  12.259184
1.900000  54.965701  13.228486
2.000000  59.053948  9.220552
2.100000  59.526127  12.774935
2.200000  60.453055  14.134100
2.300000  58.790674  5.449393
2.400000  57.983783  12.724671
2.500000  58.435033  6.201124
2.600000  58.958385  8.353263
2.700000  59.900924  10.092937
2.800000  61.383244  10.035279
2.900000  57.597603  3.407928
3.000000  57.628214  5.527422
3.100000  57.594904  4.900705
3.200000  60.988740  7.035308
3.300000  60.219227  4.990027
3.400000  60.621254  8.686658
3.500000  59.524762  6.717005
3.600000  58.353995  2.689419
3.700000  58.347949  3.785958
3.800000  58.976565  2.727445
3.900000  57.871447  3.773241
4.000000  56.329505  3.687333
4.100000  60.383057  1.772476
4.200000  62.821424  6.979359
4.300000  59.207341  10.456973
4.400000  58.408424  5.153348
4.500000  61.114854  3.002824
4.600000  59.737696  6.515811
4.700000  61.273810  5.931504
4.800000  59.100777  7.995684
4.900000  57.953138  6.445195
5.000000  59.080593  5.060515
5.100000  58.079357  4.402461
5.200000  57.742525  2.710608
5.300000  57.368105  6.335941
5.400000  53.931172  1.015029
5.500000  54.095864  7.218992
5.600000  56.706970  3.389533
5.700000  55.661455  1.052270
5.800000  57.144302  3.753732
5.900000  58.985810  3.497164
6.000000  57.098484  0.591196
6.100000  56.598042  1.180480
6.200000  59.128318  2.323479
6.300000  56.815444  0.671655
6.400000  56.649044  0.867423
6.500000  56.360253  1.266790
6.600000  54.000794  7.400485
6.700000  53.933509  8.126126
6.800000  56.022767  1.240196
6.900000  56.174819  4.121781
7.000000  59.122580  1.636025
7.100000  57.494116  8.231291
7.200000  57.842900  6.183137
7.300000  59.609342  8.806944
7.400000  57.519901  4.800829
7.500000  55.506400  2.536209
7.600000  57.764570  0.682332
7.700000  53.091193  9.496396
7.800000  52.665641  6.525991
7.900000  50.188396  8.290456
8.000000  53.977930  5.253580
8.100000  52.765496  5.584512
8.200000  54.048604  2.159136
8.300000  52.847723  0.453331
8.400000  56.142781  0.791987
8.500000  54.106382  3.884322
8.600000  57.003864  4.210213
8.700000  54.682520  6.765585
8.800000  54.361432  4.142037
8.900000  53.261215  6.511369
9.000000  53.511016  3.684248
9.100000  53.072732  6.468991
9.200000  52.803571  6.175469
9.300000  50.878585  5.572510
9.400000  52.845485  4.610161
9.500000  54.817380  5.116224
9.600000  55.510379  7.506491
9.700000  52.864036  5.588526
9.800000  55.135841  3.095588
9.900000  56.794258  5.677343
10.000000  55.883798  5.970318
10.100000  55.132541  7.488830
10.200000  52.318663  6.271172
10.300000  54.949084  7.520756
10.400000  53.669459  3.971555
10.500000  54.703411  4.471120
10.600000  54.719117  4.769730
10.700000  56.856148  4.458431
10.800000  56.037157  4.084843
10.900000  55.133405  5.260510
11.000000  54.494928  7.164576
11.100000  56.101149  2.976832
11.200000  56.985911  3.912956
11.300000  53.008991  5.022339
11.400000  54.504008  3.189449
11.500000  55.330961  4.685567
11.600000  52.140381  4.554724
11.700000  53.286440  0.697525
11.800000  51.709457  1.767060
11.900000  53.407922  5.620760
12.000000  53.876186  0.934277
12.100000  51.412156  5.874942
12.200000  54.106942  9.023308
12.300000  52.242066  4.838677
12.400000  51.675212  7.780321
12.500000  53.069389  7.284936
12.600000  56.305298  2.460865
12.700000  56.598485  5.572665
12.800000  50.318272  6.301478
12.900000  53.516326  5.661213
13.000000  57.220372  2.688088
13.100000  54.854638  8.397403
13.200000  54.918666  2.693505
13.300000  55.113400  2.454991
13.400000  56.791507  4.517869
13.500000  57.624567  7.032849
13.600000  54.814447  7.227073
13.700000  54.549318  2.092914
13.800000  51.798502  5.511209
13.900000  51.586581  1.200294
14.000000  56.239120  9.221763
14.100000  52.795433  8.373689
14.200000  55.927044  8.355551
14.300000  55.919981  8.623060
14.400000  55.537790  4.868356
14.500000  54.271075  9.414801
14.600000  60.797634  4.446460
14.700000  57.276955  1.220419
14.800000  55.338561  1.531817
14.900000  53.614505  1.297204
15.000000  54.797772  3.383994
15.100000  56.161554  1.502632
15.200000  55.889185  1.960237
15.300000  56.935765  7.530833
15.400000  57.479962  3.530286
15.500000  53.949872  4.925629
15.600000  57.108210  0.342465
15.700000  52.577643  4.936653
15.800000  55.678234  1.632134
15.900000  54.654329  4.626886
16.000000  53.564768  2.746850
16.100000  54.157183  4.319675
16.200000  52.452426  7.698873
16.300000  54.991334  2.696873
16.400000  56.797297  0.050251
16.500000  52.242824  3.692608
16.600000  54.103971  2.125962
16.700000  52.386332  7.003457
16.800000  53.082791  2.492470
16.900000  53.218583  1.392142
17.000000  54.645209  4.241508
17.100000  53.302450  7.293381
17.200000  55.812801  3.047100
17.300000  52.990842  2.942200
17.400000  55.811253  1.643262
17.500000  57.046311  0.449014
17.600000  56.945068  3.469428
17.700000  51.536735  3.925228
17.800000  53.374087  6.688334
17.900000  55.484696  2.580183
18.000000  54.516990  1.515849
18.100000  56.502189  3.944620
18.200000  56.647741  3.782854
18.300000  56.296110  4.257064
18.400000  53.344138  1.375261
18.500000  53.436314  0.480373
18.600000  55.278202  2.682905
18.700000  54.778396  3.583777
18.800000  55.353140  3.459979
18.900000  55.481204  3.278402
19.000000  53.271783  3.362747
19.100000  58.910496  4.057621
19.200000  55.479355  5.155873
19.300000  56.791253  2.696808
19.400000  56.489327  4.968479
19.500000  54.148055  1.764925
19.600000  54.249513  3.159186
19.700000  56.643411  1.337030
19.800000  50.034183  3.594978
19.900000  53.022937  3.952212
20.000000  52.708410  1.048658
20.100000  54.679600  2.041606
20.200000  56.222077  4.808051
20.300000  57.977869  6.910046
20.400000  56.343086  4.977556
20.500000  54.001464  2.462782
20.600000  51.729766  6.964917
20.700000  55.318075  7.156976
20.800000  53.121882  2.588294
20.900000  57.675384  6.025210
21.000000  54.894343  0.194082
21.100000  56.288779  1.237112
21.200000  54.432347  2.358253
21.300000  56.032561  1.725626
21.400000  57.598981  3.635693
21.500000  56.146986  3.391991
21.600000  52.763379  0.597437
21.700000  54.172936  1.264168
21.800000  54.593523  0.347587
21.900000  55.839333  0.902287
22.000000  55.773508  2.244409
22.100000  53.388114  2.035539
22.200000  60.090183  1.212978
22.300000  55.252077  6.650586
22.400000  55.346016  1.158688
22.500000  55.604976  0.547798
22.600000  56.218072  4.628956
22.700000  53.862716  1.853522
22.800000  55.764229  1.964546
22.900000  51.076311  2.108364
23.000000  52.335769  1.354943
23.100000  53.065371  1.240512
23.200000  53.474019  1.841349
23.300000  51.321475  0.065814
23.400000  51.860858  3.346606
23.500000  56.392319  0.084408
23.600000  57.924456  2.119618
23.700000  54.180605  0.770500
23.800000  51.038148  6.405373
23.900000  51.459204  3.906153
24.000000  52.763957  10.538932
24.100000  55.941334  3.559791
24.200000  54.201704  4.426584
24.300000  54.263385  6.473123
24.400000  55.931334  0.014591
24.500000  51.399604  4.211812
24.600000  55.818167  0.239426
24.700000  54.135944  2.430041
24.800000  56.998639  4.087876
24.900000  57.311471  0.100500
25.000000  57.204763  1.674657
25.100000  54.588738  2.361406
25.200000  55.987060  1.408642
25.300000  55.730620  1.582835
25.400000  54.460095  2.186745
25.500000  55.210277  2.651853
25.600000  56.639093  2.346935
25.700000  56.256510  1.056292
25.800000  55.448217  3.533078
25.900000  53.765951  0.621173
26.000000  55.383411  1.456145
26.100000  56.480644  1.353963
26.200000  53.440320  1.747427
26.300000  56.437020  1.007124
26.400000  54.714089  0.381376
26.500000  55.416182  1.584599
26.600000  52.074315  4.662282
26.700000  55.563201  0.901370
26.800000  53.734882  0.935736
26.900000  54.682814  0.187634
27.000000  52.302231  0.699028
27.100000  55.665306  1.634169
27.200000  54.676434  1.305253
27.300000  55.877885  2.036307
27.400000  54.175389  5.359258
27.500000  56.364362  1.445109
27.600000  58.702251  2.428896
27.700000  60.690909  1.282198
27.800000  58.519327  1.765110
27.900000  54.934095  0.621443
28.000000  55.557221  0.335261
28.100000  58.093626  2.884378
28.200000  59.029771  6.030685
28.300000  55.737066  0.871581
28.400000  57.520419  0.193429
28.500000  55.147436  1.310469
28.600000  58.024267  2.400267
28.700000  55.986313  1.999155
28.800000  59.029570  1.699354
28.900000  58.651993  0.321485
29.000000  57.406851  0.602229
29.100000  56.653387  1.793811
29.200000  58.771169  3.811664
29.300000  58.305515  0.640329
29.400000  59.078996  2.498031
29.500000  57.113659  1.994578
29.600000  58.480046  0.767142
29.700000  57.948626  0.684537
29.800000  56.647457  3.533856
29.900000  57.676322  2.675818
30.000000  59.011430  2.242223
30.100000  59.132172  1.662092
30.200000  56.493023  1.281137
30.300000  54.498370  0.852600
30.400000  57.639141  1.596051
30.500000  55.729731  2.064963
30.600000  56.737026  0.901669
30.700000  56.848630  3.535792
30.800000  59.969023  1.772132
30.900000  59.756633  1.248933
31.000000  57.645870  1.163208
31.100000  57.364686  1.137741
31.200000  55.964584  1.803371
31.300000  59.615648  2.078582
31.400000  58.750311  1.162624
31.500000  55.070307  1.848267
31.600000  58.793131  0.319728
31.700000  57.456043  0.140248
31.800000  57.579684  2.708734
31.900000  54.527187  2.867487
32.000000  59.052027  1.662533
32.100000  57.468012  0.708456
32.200000  59.020573  1.011682
32.300000  55.565726  0.574700
32.400000  57.998238  3.380542
32.500000  58.208645  1.630389
32.600000  58.300011  2.906386
32.700000  59.112302  0.503459
32.800000  57.008387  1.929278
32.900000  56.339574  1.586279
33.000000  59.366299  3.812247
33.100000  59.172213  1.624669
33.200000  59.163999  0.189302
33.300000  57.832845  2.325923
33.400000  56.418791  2.532925
33.500000  58.564801  0.105193
33.600000  56.599913  0.164630
33.700000  59.623208  1.584376
33.800000  57.855109  2.216587
33.900000  58.383083  0.288578
34.000000  57.766399  0.170958
34.100000  56.367214  6.942653
34.200000  57.394954  2.659692
34.300000  56.940544  2.185325
34.400000  56.717818  1.876722
34.500000  57.065876  1.389794
34.600000  54.701601  4.647904
34.700000  59.045257  2.522005
34.800000  57.997601  0.389557
34.900000  58.333805  0.744009
35.000000  58.050648  3.452586
35.100000  57.302141  1.462789
35.200000  57.959588  1.208783
35.300000  57.271953  3.146481
35.400000  57.754119  2.290071
35.500000  56.151087  2.406827
35.600000  57.315976  4.717928
35.700000  58.846531  0.575785
35.800000  56.317458  1.208043
35.900000  57.524613  3.290518
36.000000  58.617472  4.645889
36.100000  58.699734  0.859700
36.200000  58.388801  3.937573
36.300000  58.120164  0.301791
36.400000  59.636280  3.697988
36.500000  59.996506  2.104430
36.600000  57.277599  0.380730
36.700000  55.667428  4.267657
36.800000  57.965737  0.887848
36.900000  59.339968  6.947461
37.000000  57.381611  2.423264
37.100000  55.821935  4.913003
37.200000  57.757858  2.772845
37.300000  56.872108  2.229098
37.400000  56.931274  4.523021
37.500000  56.292625  4.894278
37.600000  56.610466  3.370853
37.700000  55.694980  2.912851
37.800000  57.513745  2.903506
37.900000  56.995447  1.218866
38.000000  58.708937  3.769466
38.100000  57.582524  3.665703
38.200000  55.887902  0.657213
38.300000  55.855103  3.720856
38.400000  59.826870  3.451767
38.500000  59.195979  6.292823
38.600000  56.574663  1.801524
38.700000  59.237193  1.647958
38.800000  57.224751  2.652402
38.900000  54.058536  3.295907
39.000000  59.549301  0.748732
39.100000  57.818742  3.894004
39.200000  56.283661  0.780031
39.300000  56.798664  0.950690
39.400000  58.265676  0.106545
39.500000  56.229954  0.842639
39.600000  54.966070  1.452312
39.700000  55.053654  3.886819
39.800000  53.549851  0.872558
39.900000  53.171446  1.898975
40.000000  60.630796  0.688372
40.100000  57.836672  0.261193
40.200000  56.072270  2.126233
40.300000  54.674330  0.848767
40.400000  58.501241  2.709083
40.500000  54.923944  2.259766
40.600000  57.589756  3.382776
40.700000  55.063627  1.062349
40.800000  53.619035  1.294471
40.900000  56.275516  6.478962
41.000000  57.193614  7.106921
41.100000  56.522362  0.314875
41.200000  56.561875  3.168982
41.300000  59.564661  0.955752
41.400000  58.598360  0.047142
41.500000  58.203615  0.801335
41.600000  58.711430  1.452247
41.700000  59.374957  4.284150
41.800000  53.812516  0.485369
41.900000  54.028547  1.568150
42.000000  54.881287  5.528641
42.100000  55.945560  1.386573
42.200000  56.071051  1.027291
42.300000  55.803628  0.926699
42.400000  56.334272  3.161042
42.500000  56.224250  0.923742
42.600000  54.900920  2.121095
42.700000  54.818103  2.731911
42.800000  55.089371  4.990947
42.900000  56.662139  0.657228
43.000000  57.720776  3.026978
43.100000  54.895359  11.426853
43.200000  53.479171  3.928029
43.300000  56.318759  0.509946
43.400000  55.199970  0.601926
43.500000  56.009864  1.918029
43.600000  53.323823  0.615478
43.700000  57.646120  0.076826
43.800000  55.285615  3.119395
43.900000  55.093589  2.628626
44.000000  55.166820  5.976913
44.100000  52.344599  5.018495
44.200000  56.096427  3.808002
44.300000  54.236632  2.543993
44.400000  53.850795  5.247550
44.500000  56.404677  0.097258
44.600000  57.293212  4.939408
44.700000  54.065887  1.780427
44.800000  49.574019  0.995992
44.900000  53.655611  4.202447
45.000000  54.206461  3.628927
45.100000  54.376851  5.728102
45.200000  53.938992  3.602223
45.300000  54.739656  3.720056
45.400000  53.741069  0.541016
45.500000  52.585728  2.400147
45.600000  52.812720  3.062814
45.700000  54.963113  3.770742
45.800000  51.619416  4.804376
45.900000  53.105428  0.330649
46.000000  54.556379  2.914881
46.100000  55.166461  2.792132
46.200000  55.088791  1.762481
46.300000  55.447919  1.654964
46.400000  54.086848  4.666719
46.500000  55.923720  0.475466
46.600000  55.308695  3.328521
46.700000  54.098754  5.223634
46.800000  53.945951  5.814307
46.900000  54.806287  5.811096
47.000000  55.252652  0.308159
47.100000  55.181163  5.883012
47.200000  56.062174  1.863353
47.300000  56.173580  6.893825
47.400000  55.854942  1.411690
47.500000  55.584114  3.324767
47.600000  54.817822  3.750848
47.700000  55.008699  1.976033
47.800000  53.156517  4.125337
47.900000  54.984284  5.153717
48.000000  52.132210  1.380946
48.100000  54.568044  2.864692
48.200000  53.029753  2.123146
48.300000  54.127485  0.194596
48.400000  54.526336  2.615266
48.500000  54.928718  5.878131
48.600000  56.124066  1.136533
48.700000  54.623987  2.934693
48.800000  51.637357  2.191328
48.900000  52.714862  0.634511
49.000000  52.091721  3.940699
49.100000  53.342026  4.275627
49.200000  51.463397  6.609927
49.300000  53.813070  4.236103
49.400000  53.623080  0.689672
49.500000  55.397188  2.990746
49.600000  54.191713  7.009620
49.700000  57.856256  5.287161
49.800000  54.212004  4.114038
49.900000  54.081881  5.359715
50.000000  50.320879  0.035188
50.100000  52.340867  2.887186
50.200000  51.270667  2.477195
50.300000  52.654275  7.626786
50.400000  53.444468  4.653978
50.500000  50.956332  5.801300
50.600000  54.036450  3.363754
50.700000  53.815791  1.081066
50.800000  55.791781  3.145159
50.900000  51.845266  3.197965
51.000000  54.492937  4.209129
51.100000  51.907939  1.438314
51.200000  54.534684  1.683773
51.300000  53.649964  4.205804
51.400000  54.629656  6.495523
51.500000  53.533001  0.620341
51.600000  60.162831  4.857861
51.700000  56.028050  5.590926
51.800000  55.384535  3.163861
51.900000  54.606797  7.102488
52.000000  51.618251  3.360485
52.100000  52.974761  1.798605
52.200000  53.516311  4.372187
52.300000  57.568461  1.331537
52.400000  54.397823  4.993754
52.500000  53.674273  1.617042
52.600000  54.439037  10.303174
52.700000  52.991903  2.932510
52.800000  55.469634  1.080477
52.900000  54.973546  6.349430
53.000000  53.489132  1.476081
53.100000  55.249720  0.293966
53.200000  57.330723  3.664980
53.300000  56.709728  3.973013
53.400000  53.010763  3.217862
53.500000  57.206556  7.055479
53.600000  55.553662  6.637348
53.700000  55.077698  8.800584
53.800000  53.323092  12.405094
53.900000  55.137836  5.464436
54.000000  55.868006  5.653793
54.100000  56.031662  7.004686
54.200000  55.807919  13.960146
54.300000  55.022193  4.244516
54.400000  56.354628  2.128264
54.500000  54.378974  5.926594
54.600000  54.003135  6.049366
54.700000  55.820287  8.178020
54.800000  54.658707  6.081983
54.900000  57.744368  4.313103
55.000000  53.887547  3.721363
55.100000  52.366616  4.664933
55.200000  51.537517  0.159614
55.300000  54.470968  4.974406
55.400000  53.197334  0.762005
55.500000  55.765776  7.394271
55.600000  51.455557  2.647427
55.700000  54.851533  9.277638
55.800000  54.288044  4.272926
55.900000  55.462604  6.575013
56.000000  56.804524  5.957573
56.100000  54.727468  7.295252
56.200000  56.304690  5.126633
56.300000  53.664616  7.440487
56.400000  53.714412  6.643120
56.500000  54.367188  8.070721
56.600000  54.162062  6.670705
56.700000  53.225719  6.058176
56.800000  52.296227  1.786378
56.900000  51.664744  4.616924
57.000000  55.432191  2.334436
57.100000  52.517161  5.678359
57.200000  56.446976  2.067742
57.300000  51.210729  1.790946
57.400000  54.058763  5.365445
57.500000  58.002978  4.052956
57.600000  55.172522  4.525465
57.700000  55.397662  1.940999
57.800000  53.441527  0.276958
57.900000  56.345804  4.873736
58.000000  55.682502  7.360565
58.100000  52.022669  5.462415
58.200000  56.336332  4.889950
58.300000  53.265398  4.642010
58.400000  55.186878  6.675950
58.500000  54.274463  8.474603
58.600000  56.349762  0.034037
58.700000  55.629920  6.303687
58.800000  54.398058  3.299657
58.900000  58.141091  2.298847
59.000000  54.792489  2.216007
59.100000  57.210742  4.137222
59.200000  52.619783  3.838694
59.300000  53.580743  1.449060
59.400000  53.170726  6.119738
59.500000  54.861325  5.488499
59.600000  55.279153  3.264721
59.700000  59.167015  0.735378
59.800000  50.870737  3.878666
59.900000  55.401902  5.374496
60.000000  58.002701  4.584599
60.100000  59.060927  6.518879
60.200000  56.669668  1.639427
60.300000  55.390541  4.099384
60.400000  56.571551  3.742391
60.500000  53.861712  8.020786
60.600000  51.111958  2.409143
60.700000  55.063406  10.027990
60.800000  55.602469  7.282640
60.900000  54.970757  4.133033
61.000000  55.451555  8.326910
61.100000  56.149102  4.797290
61.200000  55.264642  2.099491
61.300000  54.919444  4.287862
61.400000  56.491183  3.588892
61.500000  53.689892  7.116486
61.600000  54.811917  1.971694
61.700000  54.756622  4.759956
61.800000  56.215294  2.265432
61.900000  55.023259  3.249700
62.000000  53.592535  2.288249
62.100000  52.295060  0.236284
62.200000  52.705652  4.786602
62.300000  56.150614  4.633781
62.400000  52.285494  1.806258
62.500000  55.204381  1.338543
62.600000  55.556556  5.225265
62.700000  53.974620  4.636839
62.800000  54.115549  5.340502
62.900000  55.519479  4.407621
63.000000  57.095016  2.979502
63.100000  54.606164  0.386403
63.200000  54.482202  4.527480
63.300000  53.209389  4.863134
63.400000  55.427662  1.502393
63.500000  55.129830  3.188633
63.600000  55.607267  4.357022
63.700000  52.156323  4.093467
63.800000  57.086882  5.278049
63.900000  54.794893  3.417691
64.000000  55.927331  5.485515
64.100000  53.411462  5.770965
64.200000  53.714571  3.362753
64.300000  54.425618  2.313251
64.400000  53.808677  2.546127
64.500000  56.070277  6.906802
64.600000  53.136675  2.967205
64.700000  55.581695  10.471889
64.800000  55.621180  4.627369
64.900000  53.427362  4.126138
65.000000  57.210987  5.026206
65.100000  54.936532  4.270975
65.200000  52.256614  4.646531
65.300000  56.740482  5.679649
65.400000  53.354825  3.523152
65.500000  54.282062  4.590012
65.600000  54.278780  1.424549
65.700000  51.522565  5.433901
65.800000  57.074407  7.764180
65.900000  56.443172  5.322228
66.000000  55.189667  6.563368
66.100000  52.736002  3.500026
66.200000  54.507002  5.983100
66.300000  49.261754  2.551707
66.400000  53.342636  0.027792
66.500000  54.852895  9.052724
66.600000  50.784516  2.193925
66.700000  53.562114  6.127203
66.800000  54.788077  5.852707
66.900000  52.984050  5.528218
67.000000  52.412014  2.501107
67.100000  53.069919  4.630950
67.200000  51.181111  4.276861
67.300000  52.802909  3.830603
67.400000  53.507379  7.091880
67.500000  53.955151  5.006714
67.600000  54.227924  4.966070
67.700000  53.579309  0.560290
67.800000  51.668386  0.993848
67.900000  53.726063  1.141729
68.000000  54.826315  5.933388
68.100000  54.579875  1.624150
68.200000  53.929987  3.460268
68.300000  57.604651  2.823223
68.400000  54.132090  0.489638
68.500000  53.209434  0.186400
68.600000  51.453426  1.910475
68.700000  55.918631  1.194613
68.800000  53.672126  4.258115
68.900000  51.121220  2.958880
69.000000  56.379935  7.174211
69.100000  52.617545  6.987416
69.200000  52.939484  2.820181
69.300000  53.629566  6.187782
69.400000  52.668059  0.469199
69.500000  52.744192  7.306727
69.600000  54.233964  4.759252
69.700000  54.017282  4.566636
69.800000  56.075907  1.341833
69.900000  54.029286  0.155300
70.000000  55.589646  2.081913
70.100000  54.298367  4.981307
70.200000  51.553666  1.966936
70.300000  53.487273  1.980694
70.400000  54.599922  8.456510
70.500000  55.576084  9.390517
70.600000  55.616903  2.701096
70.700000  55.786234  5.485093
70.800000  54.149299  5.369832
70.900000  55.908339  1.291764
71.000000  55.078515  4.583272
71.100000  53.880240  3.018698
71.200000  56.885916  3.109567
71.300000  58.334598  5.649125
71.400000  55.443414  1.474999
71.500000  55.651012  3.472082
71.600000  55.886831  4.891897
71.700000  54.437033  6.348651
71.800000  55.218342  3.829403
71.900000  53.846408  4.048107
72.000000  52.300390  9.210718
72.100000  55.353906  4.143551
72.200000  56.842305  5.083430
72.300000  57.753964  2.089276
72.400000  56.690085  6.053350
72.500000  55.031662  3.548604
72.600000  51.532873  3.481041
72.700000  51.233792  0.715095
72.800000  53.636911  4.524742
72.900000  56.660157  3.912563
73.000000  54.512099  3.165388
73.100000  55.908349  4.884352
73.200000  54.545165  4.218641
73.300000  54.540336  5.865135
73.400000  53.320062  5.014037
73.500000  53.598360  3.628629
73.600000  52.363211  5.748060
73.700000  53.293076  1.680967
73.800000  53.491799  8.189493
73.900000  52.301064  2.193482
74.000000  53.529207  5.393357
74.100000  54.604267  6.744630
74.200000  53.849389  2.795968
74.300000  52.133850  3.520976
74.400000  54.471485  6.939378
74.500000  52.474307  5.567117
74.600000  54.576702  0.779204
74.700000  53.095720  1.509594
74.800000  55.233138  4.809016
74.900000  54.507130  5.856458
75.000000  54.435620  2.828098
75.100000  55.482973  8.430918
75.200000  52.510117  5.174272
75.300000  53.878755  3.773698
75.400000  55.328828  6.770833
75.500000  55.221139  4.511037
75.600000  56.093807  0.215575
75.700000  52.308460  0.923139
75.800000  53.750915  4.546604
75.900000  56.771084  5.174316
76.000000  56.059376  6.514204
76.100000  57.800332  3.803088
76.200000  54.628168  3.314240
76.300000  56.550064  6.599180
76.400000  53.533056  3.367110
76.500000  54.517447  4.379734
76.600000  52.537710  0.667087
76.700000  55.435048  6.449244
76.800000  55.629808  5.763822
76.900000  54.600631  6.072873
77.000000  54.768097  9.151474
77.100000  54.015583  4.929271
77.200000  59.583367  10.798093
77.300000  53.045708  6.279240
77.400000  53.969335  6.099805
77.500000  52.999570  5.697104
77.600000  53.866495  2.120700
77.700000  55.436139  2.997936
77.800000  56.163634  7.285590
77.900000  57.406300  5.827982
78.000000  53.495328  8.286761
78.100000  53.075460  3.201922
78.200000  55.968455  6.367415
78.300000  56.700602  8.002813
78.400000  57.356482  6.444257
78.500000  55.328885  11.460445
78.600000  55.617887  11.685214
78.700000  52.786710  7.526853
78.800000  53.578947  6.914799
78.900000  55.318583  9.102743
79.000000  56.849816  7.221380
79.100000  56.328499  5.830078
79.200000  57.607309  4.636877
79.300000  56.615521  4.041069
79.400000  56.603102  6.103358
79.500000  55.879715  9.899545
79.600000  56.532970  8.376191
79.700000  52.203159  5.871922
79.800000  55.172315  8.798768
79.900000  54.176662  4.763144
80.000000  56.160868  5.185503
80.100000  54.558414  5.531319
80.200000  56.545257  4.497353
80.300000  56.210254  8.726707
80.400000  57.687679  4.860238
80.500000  53.798820  3.805996
80.600000  53.544731  4.580327
80.700000  51.263886  3.862460
80.800000  53.852946  5.696598
80.900000  54.267206  4.617996
81.000000  55.006207  9.665458
81.100000  54.871601  2.817647
81.200000  57.485520  1.522484
81.300000  53.482801  4.084402
81.400000  55.326352  1.509698
81.500000  56.976057  5.220489
81.600000  56.594586  6.130629
81.700000  57.582995  10.293175
81.800000  54.054182  10.010026
81.900000  59.324460  8.498919
82.000000  53.076587  3.479220
82.100000  53.889661  5.988107
82.200000  56.516030  10.213422
82.300000  56.906778  8.134025
82.400000  55.197470  6.554181
82.500000  54.344623  5.480721
82.600000  54.770888  6.148369
82.700000  55.723248  4.036139
82.800000  56.069738  8.612824
82.900000  58.113447  5.924486
83.000000  57.060327  7.187284
83.100000  52.103348  0.265605
83.200000  53.804984  1.201309
83.300000  58.633403  6.025031
83.400000  56.553228  6.616128
83.500000  54.082258  5.628703
83.600000  59.002034  11.452253
83.700000  56.693304  6.752764
83.800000  56.187574  8.280623
83.900000  54.562488  7.063498
84.000000  54.516786  9.979713
84.100000  57.896025  7.957009
84.200000  55.913600  4.142693
84.300000  55.784958  6.170897
84.400000  57.054828  11.288912
84.500000  55.951440  9.493436
84.600000  57.885036  10.659097
84.700000  55.137203  3.119035
84.800000  58.879379  6.529334
84.900000  58.763859  9.800144
85.000000  58.055615  11.267341
85.100000  57.305434  3.115617
85.200000  55.280110  5.300699
85.300000  56.562004  8.314350
85.400000  56.922277  5.967702
85.500000  57.320160  5.188417
85.600000  53.213665  2.724068
85.700000  54.803266  4.518198
85.800000  58.333320  0.694142
85.900000  58.986498  1.343424
86.000000  56.907427  4.276087
86.100000  61.051466  2.268527
86.200000  62.956103  1.792395
86.300000  59.738721  1.600707
86.400000  58.308459  3.917378
86.500000  58.405985  4.167272
86.600000  59.113613  5.497102
86.700000  59.989035  8.741948
86.800000  58.109589  6.700635
86.900000  59.191130  1.202853
87.000000  57.352005  3.449007
87.100000  60.013591  6.512619
87.200000  59.101669  3.494892
87.300000  56.596430  8.149186
87.400000  56.430512  7.045741
87.500000  57.929478  10.800047
87.600000  56.532753  3.962709
87.700000  57.675289  6.941020
87.800000  52.531751  4.695211
87.900000  58.078686  5.867403
88.000000  54.987401  5.572003
88.100000  56.533578  3.861702
88.200000  53.320983  5.854269
88.300000  55.446776  6.478197
88.400000  54.293426  7.904888
88.500000  53.093132  7.506807
88.600000  57.903852  4.987068
88.700000  54.203944  6.779666
88.800000  54.092988  0.987755
88.900000  55.590423  9.314962
89.000000  57.481190  6.285302
89.100000  55.998073  4.723244
89.200000  56.475776  6.665315
89.300000  55.193677  5.297776
89.400000  58.909490  3.592836
89.500000  56.843105  3.261891
89.600000  56.546131  0.766329
89.700000  57.417669  2.755772
89.800000  56.748313  2.860543
89.900000  55.567433  4.368692
90.000000  58.890719  5.468108
90.100000  55.220382  7.206892
90.200000  55.231591  0.816049
90.300000  53.103988  4.435340
90.400000  58.301577  4.041708
90.500000  57.803326  2.379504
90.600000  55.598023  8.550678
90.700000  58.499763  3.597614
90.800000  55.919393  2.067580
90.900000  55.814966  4.935528
91.000000  56.738143  5.080813
91.100000  58.198741  5.789602
91.200000  57.440280  7.058985
91.300000  59.687767  5.740477
91.400000  57.595326  8.311240
91.500000  58.673780  7.619298
91.600000  57.027472  5.650171
91.700000  62.600174  8.488198
91.800000  56.273874  8.485975
91.900000  56.082467  4.153291
92.000000  56.153143  3.014066
92.100000  58.832992  1.287620
92.200000  57.019981  7.506887
92.300000  56.645437  6.597378
92.400000  53.783265  4.236068
92.500000  55.849228  6.715404
92.600000  55.549419  6.315376
92.700000  56.902651  8.669819
92.800000  57.724789  5.854268
92.900000  58.916400  4.871747
93.000000  61.795893  8.404210
93.100000  58.767824  5.160618
93.200000  56.585854  6.623900
93.300000  55.214041  8.975686
93.400000  55.733299  8.251161
93.500000  59.276500  6.752400
93.600000  59.532007  9.414963
93.700000  58.626434  7.815284
93.800000  57.761857  7.855872
93.900000  56.345383  5.268332
94.000000  56.961693  6.653061
94.100000  54.148737  2.132287
94.200000  55.745625  7.353280
94.300000  57.398599  6.189701
94.400000  57.377424  6.326902
94.500000  55.893153  6.061665
94.600000  56.828698  5.675240
94.700000  55.536989  9.564238
94.800000  59.777713  5.811614
94.900000  56.115017  4.872256
95.000000  54.516955  5.073009
95.100000  55.007587  5.574563
95.200000  56.226558  7.026272
95.300000  56.183120  6.411135
95.400000  53.767691  5.623554
95.500000  56.313237  8.635295
95.600000  57.859322  10.346200
95.700000  58.649357  7.287830
95.800000  57.750901  9.702546
95.900000  58.427980  5.867290
96.000000  55.107047  12.634358
96.100000  58.186503  6.001692
96.200000  54.663601  6.201942
96.300000  59.656875  4.575395
96.400000  54.937123  7.671401
96.500000  55.032573  4.559781
96.600000  56.660823  4.278682
96.700000  57.862613  6.648188
96.800000  59.439198  6.504309
96.900000  58.404418  10.679555
97.000000  57.078290  8.851319
97.100000  56.318379  8.853095
97.200000  57.637971  9.024098
97.300000  58.578694  7.098060
97.400000  57.252648  6.232991
97.500000  58.584341  10.694496
97.600000  58.436521  10.501979
97.700000  59.751950  11.475903
97.800000  58.578627  6.349408
97.900000  55.991647  11.965698
98.000000  56.429471  11.435885
98.100000  54.889750  12.683950
98.200000  56.691624  10.717432
98.300000  55.706856  9.666418
98.400000  59.519175  4.530126
98.500000  58.298408  9.484238
98.600000  56.909430  3.924630
98.700000  57.966307  8.716459
98.800000  55.435820  5.449301
98.900000  57.536980  8.819212
99.000000  54.451405  10.549923
99.100000  54.725798  7.190095
99.200000  55.460296  7.488829
99.300000  56.815474  8.581424
99.400000  56.194228  3.296676
99.500000  57.948022  8.734896
99.600000  58.918727  7.442293
99.700000  54.388986  6.452251
99.800000  61.150010  7.920696
99.900000  58.839472  6.879527
100.000000  59.198224  3.570908
100.100000  53.998868  7.128778
100.200000  52.291359  7.919382
100.300000  57.030512  6.351122
100.400000  57.026164  7.288086
100.500000  56.981302  2.533542
100.600000  58.102735  8.766699
100.700000  57.840592  5.837542
100.800000  52.153506  5.077121
100.900000  55.842296  4.325441
101.000000  60.669853  1.743730
101.100000  56.699749  0.257182
101.200000  57.338276  5.466255
101.300000  56.772664  6.444768
101.400000  56.057981  2.999554
101.500000  54.128267  2.724475
101.600000  57.404233  6.584775
101.700000  54.171205  10.511052
101.800000  56.386629  9.771980
101.900000  52.450845  7.912357
102.000000  53.229590  2.573521
102.100000  53.861431  5.256222
102.200000  53.258869  3.076298
102.300000  56.729119  6.871265
102.400000  51.978847  6.744439
102.500000  55.702156  6.963841
102.600000  54.328810  4.747460
102.700000  52.421535  3.512646
102.800000  56.581507  4.796503
102.900000  54.657353  8.765184
103.000000  57.062462  7.100363
103.100000  53.325056  8.813404
103.200000  53.902140  8.261900
103.300000  55.576521  9.132175
103.400000  53.878118  7.036321
103.500000  57.221665  9.725658
103.600000  55.152915  8.001219
103.700000  58.683416  5.406275
103.800000  55.449882  6.775020
103.900000  54.441277  6.960136
104.000000  54.006205  3.382890
104.100000  54.958304  5.813687
104.200000  54.556231  8.126020
104.300000  57.825999  5.367274
104.400000  58.556142  6.743209
104.500000  53.053056  2.751682
104.600000  54.602131  7.157678
104.700000  56.732957  7.579808
104.800000  55.798422  5.842282
104.900000  54.328273  7.824137
105.000000  54.643491  9.929343
105.100000  56.440984  7.815542
105.200000  56.628294  8.423332
105.300000  57.534982  4.572939
105.400000  57.571794  6.080372
105.500000  57.573428  3.735056
105.600000  55.026189  5.399871
105.700000  58.386129  5.958985
105.800000  58.216610  8.218091
105.900000  56.721941  6.065802
106.000000  55.074061  4.032980
106.100000  57.606063  4.273442
106.200000  56.012828  6.299306
106.300000  53.746812  4.098514
106.400000  57.940185  8.760747
106.500000  58.058014  7.959383
106.600000  53.584958  7.204171
106.700000  58.360352  11.547684
106.800000  54.977893  7.042088
106.900000  56.689731  5.108445
107.000000  55.666410  6.994584
107.100000  57.670319  8.457467
107.200000  61.718947  7.755365
107.300000  50.593460  10.257397
107.400000  55.990884  6.306905
107.500000  56.232844  6.871405
107.600000  59.301173  6.096070
107.700000  54.193493  4.264502
107.800000  56.075075  3.445415
107.900000  54.286398  5.235908
108.000000  54.154859  6.663890
108.100000  54.227143  7.428459
108.200000  52.061895  5.501521
108.300000  55.025783  10.192165
108.400000  54.673844  10.993652
108.500000  53.479223  6.387229
108.600000  56.907496  8.960348
108.700000  53.495125  6.273554
108.800000  54.828069  6.814864
108.900000  55.926135  9.873902
109.000000  55.136432  6.864019
109.100000  53.263527  5.750212
109.200000  50.886753  7.006452
109.300000  58.013080  6.468048
109.400000  56.308425  10.038699
109.500000  57.659320  11.705363
109.600000  57.094881  6.248017
109.700000  52.535643  7.068939
109.800000  56.891500  8.358054
109.900000  53.724377  7.473001
110.000000  57.398200  5.874551
110.100000  52.278213  1.690944
110.200000  57.381294  10.720008
110.300000  57.892386  9.969523
110.400000  56.590225  5.741851
110.500000  53.615599  10.002218
110.600000  57.415513  6.939619
110.700000  60.354886  5.189691
110.800000  56.492244  7.522418
110.900000  58.193635  10.832820
111.000000  58.436827  8.724354
111.100000  56.302043  6.719865
111.200000  56.069922  7.168726
111.300000  56.488308  9.588679
111.400000  56.908924  8.560668
111.500000  57.351865  11.808433
111.600000  54.968260  10.839226
111.700000  57.169074  9.084716
111.800000  56.283232  9.371323
111.900000  58.664208  9.745170
112.000000  57.975251  7.712097
112.100000  59.640175  7.360381
112.200000  56.063070  7.510285
112.300000  59.949424  1.823848
112.400000  53.207927  7.226957
112.500000  56.017156  8.059950
112.600000  56.726819  5.079268
112.700000  55.792406  6.119813
112.800000  58.394278  10.351253
112.900000  57.533073  8.136504
113.000000  55.653022  8.317531
113.100000  57.847783  4.615516
113.200000  55.631798  4.759445
113.300000  55.932041  5.197141
113.400000  58.166841  4.017334
113.500000  53.687505  4.167607
113.600000  56.269996  3.044725
113.700000  56.032359  3.239135
113.800000  59.619566  0.108246
113.900000  55.946544  5.428380
114.000000  57.270536  4.981125
114.100000  58.150397  10.176503
114.200000  54.466943  4.112947
114.300000  58.670245  6.745121
114.400000  56.218381  6.667462
114.500000  61.445273  4.217087
114.600000  59.284661  11.200219
114.700000  60.109521  12.764128
114.800000  58.022278  7.410891
114.900000  58.785275  7.668605
115.000000  54.214154  9.683631
115.100000  57.597457  7.730255
115.200000  55.515769  12.628009
115.300000  58.385339  10.445953
115.400000  57.569709  10.740799
115.500000  57.591918  8.647480
115.600000  56.710190  11.036279
115.700000  55.242612  11.516268
115.800000  58.528785  8.318719
115.900000  61.072688  12.204880
116.000000  57.598819  11.458180
116.100000  57.695214  10.453406
116.200000  57.179113  10.697705
116.300000  57.068837  14.970216
116.400000  56.964822  12.570859
116.500000  59.758344  13.702392
116.600000  60.862848  12.510254
116.700000  57.897728  10.120843
116.800000  55.838960  13.818419
116.900000  55.451857  11.109763
117.000000  58.242834  11.117986
117.100000  56.673896  7.224886
117.200000  55.822041  12.041685
117.300000  58.313433  13.169145
117.400000  56.681600  11.637442
117.500000  57.781320  7.081704
117.600000  60.365203  11.751236
117.700000  58.130425  5.648241
117.800000  58.658843  6.781247
117.900000  57.879915  8.488702
118.000000  56.742878  5.197447
118.100000  56.274797  5.508710
118.200000  55.202057  3.209306
118.300000  57.534615  6.945960
118.400000  57.144915  3.082905
118.500000  58.011364  10.733081
118.600000  58.135660  6.839684
118.700000  56.430329  9.849837
118.800000  57.777096  6.644959
118.900000  61.007453  8.029491
119.000000  59.975638  10.281458
119.100000  58.569295  5.981488
119.200000  57.011125  10.314164
119.300000  59.568853  14.347713
119.400000  55.060840  5.984358
119.500000  56.846213  10.522013
119.600000  58.942582  9.834491
119.700000  55.136811  10.590765
119.800000  58.261020  9.166532
119.900000  56.710983  6.148520
120.000000  59.911824  12.638498
120.100000  56.738709  12.078718
120.200000  57.534978  9.335935
120.300000  59.660196  10.943155
120.400000  58.421416  9.828996
120.500000  54.383249  11.100280
120.600000  57.386776  10.656606
120.700000  55.253179  6.402937
120.800000  54.561448  8.888933
120.900000  55.453708  6.857288
121.000000  58.518053  10.422796
121.100000  57.100769  13.726968
121.200000  59.112440  12.867912
121.300000  55.829269  5.469532
121.400000  55.616602  12.754704
121.500000  55.183178  9.207672
121.600000  56.161134  9.183894
121.700000  55.022402  8.861026
121.800000  53.922265  9.492108
121.900000  56.149023  13.033807
122.000000  56.370224  13.348002
122.100000  57.518820  12.825639
122.200000  57.408559  9.768621
122.300000  59.358964  7.878108
122.400000  58.052893  11.012523
122.500000  57.880503  6.660308
122.600000  56.165205  6.338980
122.700000  58.067543  8.498325
122.800000  56.632473  8.671736
122.900000  58.392202  10.590638
123.000000  57.139648  10.200419
123.100000  57.375021  6.261509
123.200000  58.340791  13.769560
123.300000  58.444655  9.865259
123.400000  59.285724  13.248593
123.500000  58.088915  9.054246
123.600000  58.716580  9.007456
123.700000  54.464206  6.321695
123.800000  56.927401  5.587796
123.900000  58.618331  7.171895
124.000000  59.998648  2.843170
124.100000  59.853210  6.082257
124.200000  59.783501  6.674901
124.300000  57.956850  9.758891
124.400000  59.012110  12.355993
124.500000  58.683415  6.626999
124.600000  54.735580  4.780099
124.700000  59.064317  9.277918
124.800000  58.209188  10.160822
124.900000  56.347780  8.981992
125.000000  58.075344  6.226868
125.100000  56.879164  7.677914
125.200000  57.401899  8.023273
125.300000  54.032236  7.290266
125.400000  55.232749  12.618506
125.500000  58.475275  9.001565
125.600000  58.004226  8.502279
125.700000  56.562949  8.292412
125.800000  56.801375  9.836683
125.900000  58.648542  10.993171
126.000000  60.467992  7.133725
126.100000  55.490615  11.580200
126.200000  55.425709  0.040707
126.300000  58.647693  9.403510
126.400000  57.764175  10.476739
126.500000  55.260813  6.615621
126.600000  57.309261  8.712167
126.700000  59.011589  9.863495
126.800000  57.577873  13.637172
126.900000  57.594995  9.011007
127.000000  55.243994  9.403414
127.100000  56.259911  6.581152
127.200000  57.507694  9.758224
127.300000  55.234262  9.305286
127.400000  59.954463  11.832523
127.500000  53.289100  8.952267
127.600000  56.584302  11.110628
127.700000  58.016359  14.309389
127.800000  55.702577  8.292098
127.900000  57.760613  18.876768
128.000000  57.063200  13.929397
128.100000  57.373284  11.713531
128.200000  58.763772  9.799746
128.300000  57.839246  12.069406
128.400000  58.963550  11.880903
128.500000  56.545265  5.512895
128.600000  59.051238  9.839720
128.700000  59.587022  7.855343
128.800000  55.323041  6.014855
128.900000  57.043664  9.889576
129.000000  58.361177  7.792408
129.100000  56.326123  9.183061
129.200000  56.820644  7.885876
129.300000  55.468680  7.167988
129.400000  53.354118  5.497620
129.500000  57.488838  6.087897
129.600000  56.626548  6.221222
129.700000  57.803055  11.499302
129.800000  56.929280  9.206211
129.900000  56.986053  9.541375
130.000000  56.228486  7.313182
130.100000  57.812767  4.680896
130.200000  53.830278  7.496850
130.300000  56.456940  7.186786
130.400000  54.952669  4.945497
130.500000  57.734181  9.404337
130.600000  59.656776  4.950043
130.700000  57.985062  6.499125
130.800000  55.967937  3.809624
130.900000  56.678627  11.626996
131.000000  53.181703  6.323575
131.100000  56.797403  5.976027
131.200000  59.286344  7.718872
131.300000  58.288211  4.837415
131.400000  53.706019  1.560091
131.500000  55.718648  4.692290
131.600000  56.387235  3.946353
131.700000  56.521666  6.199468
131.800000  57.291482  9.215735
131.900000  56.506151  7.843759
132.000000  57.110487  8.380817
132.100000  54.122647  4.708252
132.200000  55.168135  7.245249
132.300000  56.090155  8.172947
132.400000  55.988308  9.158477
132.500000  55.189916  3.699112
132.600000  56.170493  5.562680
132.700000  53.134481  3.918377
132.800000  56.536586  6.867306
132.900000  53.065359  1.631220
133.000000  54.788393  7.377343
133.100000  56.572507  8.708569
133.200000  57.338663  5.128112
133.300000  56.275428  6.188500
133.400000  54.537684  7.536799
133.500000  53.308375  7.468684
133.600000  56.943934  7.358153
133.700000  57.285094  8.612113
133.800000  52.349391  6.535727
133.900000  56.913811  8.036075
134.000000  55.816007  5.699250
134.100000  55.189383  6.402544
134.200000  57.740347  7.283092
134.300000  54.603381  9.421704
134.400000  56.512867  11.878526
134.500000  55.391385  2.481593
134.600000  55.022074  4.655312
134.700000  57.507678  5.060646
134.800000  57.388561  3.400749
134.900000  59.154978  8.408557
135.000000  57.315085  7.254619
135.100000  56.370296  6.997142
135.200000  54.930518  6.183746
135.300000  56.866733  4.699340
135.400000  55.145571  2.943727
135.500000  53.705815  5.367819
135.600000  59.260575  9.216102
135.700000  57.436276  8.452824
135.800000  60.343144  13.771045
135.900000  57.887104  10.765425
136.000000  55.661271  8.656128
136.100000  56.317753  9.430344
136.200000  54.940366  2.708307
136.300000  56.718184  8.345754
136.400000  56.091540  9.026552
136.500000  55.383885  7.139808
136.600000  57.028986  6.225502
136.700000  55.415214  8.323949
136.800000  56.319040  4.113410
136.900000  58.313338  10.200855
137.000000  56.257057  10.512179
137.100000  58.224309  10.086561
137.200000  56.182848  5.515431
137.300000  56.270861  9.252358
137.400000  54.566079  5.610261
137.500000  60.653002  13.995992
137.600000  58.169111  7.672101
137.700000  56.688045  9.675983
137.800000  56.917665  8.201967
137.900000  55.224310  6.167538
138.000000  57.351235  10.069036
138.100000  55.367593  7.386731
138.200000  55.275381  13.145541
138.300000  59.542378  9.238671
138.400000  59.239756  10.228568
138.500000  55.943920  8.286816
138.600000  57.819317  8.635291
138.700000  57.477615  11.097315
138.800000  57.521486  9.653729
138.900000  55.998137  8.155496
139.000000  57.690628  10.762707
139.100000  58.304541  6.329840
139.200000  57.442315  8.414394
139.300000  57.950171  10.321300
139.400000  58.567000  7.288609
139.500000  56.794769  10.217916
139.600000  59.093238  8.185104
139.700000  56.368347  9.732020
139.800000  57.653274  10.121055
139.900000  58.313630  11.702497
140.000000  57.782324  9.209994
140.100000  55.775089  7.643558
140.200000  57.812266  9.806549
140.300000  57.563482  9.524651
140.400000  57.431172  5.147570
140.500000  57.918658  8.438524
140.600000  58.104548  11.654183
140.700000  55.917853  8.132262
140.800000  54.891578  6.392798
140.900000  55.523578  10.104741
141.000000  53.684886  7.244158
141.100000  57.197897  8.488745
141.200000  61.169070  1.871789
141.300000  53.880521  9.337432
141.400000  57.049282  8.809023
141.500000  57.004470  7.040118
141.600000  55.792293  8.421230
141.700000  58.603713  4.681196
141.800000  56.331342  3.200182
141.900000  56.902022  4.993362
142.000000  57.104663  2.486963
142.100000  54.650791  5.832814
142.200000  58.079406  5.524504
142.300000  53.488295  5.913469
142.400000  54.962605  4.808397
142.500000  57.030114  7.793116
142.600000  60.170297  6.264932
142.700000  56.472169  4.072164
142.800000  59.787824  6.813040
142.900000  56.576034  11.722210
143.000000  55.277133  9.141926
143.100000  56.845521  10.410002
143.200000  55.668858  8.186727
143.300000  54.121879  1.666813
143.400000  54.009167  5.537691
143.500000  54.409867  6.057311
143.600000  56.433340  2.545744
143.700000  52.452935  6.688083
143.800000  53.600174  9.318512
143.900000  56.184606  6.913586
144.000000  57.682143  7.227406
144.100000  58.321032  11.579224
144.200000  59.207935  12.198918
144.300000  58.093055  5.941081
144.400000  57.746587  9.417851
144.500000  53.649708  0.578316
144.600000  60.614926  16.367222
144.700000  56.309033  10.053730
144.800000  56.594785  4.589037
144.900000  57.468588  3.951413
145.000000  57.648143  5.167632
145.100000  57.741672  7.445336
145.200000  54.592844  9.852689
145.300000  56.856332  7.362111
145.400000  56.901465  10.117879
145.500000  58.955700  14.007682
145.600000  55.148924  8.730054
145.700000  55.290237  8.899772
145.800000  56.617034  9.881095
145.900000  54.418997  11.198441
146.000000  56.708329  7.998366
146.100000  54.395212  8.786231
146.200000  57.728550  9.802129
146.300000  56.291243  8.283196
146.400000  57.245834  10.620214
146.500000  55.348913  11.606977
146.600000  58.567156  10.780317
146.700000  54.678368  5.268926
146.800000  55.735909  14.005086
146.900000  59.032715  7.173177
147.000000  54.554286  6.715747
147.100000  57.457285  10.224835
147.200000  56.005239  11.391120
147.300000  57.455043  13.352570
147.400000  55.509694  5.987834
147.500000  58.027130  7.907707
147.600000  55.863133  9.291995
147.700000  58.492233  7.529175
147.800000  58.679859  7.035891
147.900000  56.811401  9.848358
148.000000  58.669757  6.303713
148.100000  56.763985  9.824395
148.200000  56.666427  11.539358
148.300000  56.940203  3.607370
148.400000  57.763989  10.802609
148.500000  57.603859  6.564710
148.600000  57.111937  11.673517
148.700000  58.814182  13.162690
148.800000  54.871243  5.186850
148.900000  54.817743  8.639081
149.000000  58.949278  10.479256
149.100000  59.422906  7.289355
149.200000  57.581699  10.832536
149.300000  56.444831  10.868610
149.400000  54.061491  6.098684
149.500000  55.525001  6.188343
149.600000  57.395953  6.761335
149.700000  54.097194  7.986937
149.800000  58.887847  10.054918
149.900000  56.302477  6.971229
150.000000  57.150452  9.320234
150.100000  55.480310  2.212008
150.200000  57.951118  3.782219
150.300000  57.080848  8.070092
150.400000  55.816069  8.727672
150.500000  55.736598  9.101746
150.600000  56.009701  7.450793
150.700000  58.371481  11.616094
150.800000  56.970290  9.907992
150.900000  59.607472  10.270725
151.000000  61.721164  16.366754
151.100000  60.597782  4.785809
151.200000  60.336343  8.537590
151.300000  59.208247  8.917299
151.400000  58.609485  10.342709
151.500000  57.905401  7.289370
151.600000  56.629932  9.269504
151.700000  56.619576  10.541460
151.800000  59.131227  6.167455
151.900000  58.047180  3.706068
152.000000  55.581758  6.503693
152.100000  55.833823  3.997526
152.200000  56.087738  12.474695
152.300000  57.595864  5.169938
152.400000  55.561792  9.658633
152.500000  58.230391  6.174855
152.600000  55.141485  10.958142
152.700000  58.700130  13.095053
152.800000  57.434981  7.610701
152.900000  59.918542  11.225673
153.000000  56.793160  9.391408
153.100000  60.036764  9.755705
153.200000  57.659059  6.922025
153.300000  58.298010  9.691531
153.400000  56.513888  7.363031
153.500000  59.900809  9.855466
153.600000  59.973498  9.017108
153.700000  60.853628  8.157261
153.800000  57.897586  5.173145
153.900000  56.460751  4.576138
154.000000  58.266469  3.581300
154.100000  56.186178  3.328864
154.200000  54.838270  8.203393
154.300000  55.187151  13.179454
154.400000  55.462274  8.814042
154.500000  55.794103  10.426040
154.600000  56.371275  10.640082
154.700000  55.482440  5.352284
154.800000  55.827838  8.565134
154.900000  55.868946  7.378080
155.000000  56.538855  7.671659
155.100000  59.188060  4.766551
155.200000  60.662638  11.538658
155.300000  57.423320  5.936660
155.400000  55.008590  6.042703
155.500000  58.302920  7.755248
155.600000  56.002066  6.090479
155.700000  53.140250  0.345248
155.800000  55.319992  6.897221
155.900000  56.427898  6.726489
156.000000  57.304407  8.042833
156.100000  55.723421  8.143683
156.200000  55.800007  8.336243
156.300000  56.719736  4.330369
156.400000  58.645468  9.753512
156.500000  58.999558  5.498971
156.600000  58.072561  7.712657
156.700000  58.231831  6.409700
156.800000  56.551794  3.671986
156.900000  56.368966  11.500965
157.000000  58.254269  7.508224
157.100000  57.528746  3.366016
157.200000  58.177323  8.294474
157.300000  60.968933  7.152256
157.400000  60.655247  12.036835
157.500000  56.806458  2.603068
157.600000  55.268085  3.753496
157.700000  55.364573  6.085306
157.800000  57.582747  10.844072
157.900000  57.352279  7.920005
158.000000  59.557746  5.085479
158.100000  56.838020  6.639848
158.200000  56.365786  8.958983
158.300000  58.626612  0.631296
158.400000  57.575391  5.663488
158.500000  58.609024  11.115833
158.600000  55.857009  7.009702
158.700000  53.709314  3.275332
158.800000  56.130094  6.048680
158.900000  59.681257  9.350526
159.000000  56.327477  4.874450
159.100000  56.551651  5.540472
159.200000  57.434880  7.153928
159.300000  56.086959  5.571084
159.400000  56.755824  11.962012
159.500000  57.403917  5.462565
159.600000  56.610822  8.569224
159.700000  57.182765  9.234187
159.800000  57.764235  4.323599
159.900000  55.032842  10.439333
160.000000  58.694172  9.526114
160.100000  57.872045  9.657631
160.200000  57.618182  6.238409
160.300000  57.942872  8.107368
160.400000  59.270132  8.300871
160.500000  58.138958  10.190202
160.600000  57.000923  11.684365
160.700000  59.677455  10.099092
160.800000  57.931101  6.803579
160.900000  61.084262  7.153197
161.000000  59.615762  8.856459
161.100000  59.478679  10.800553
161.200000  56.736933  8.005133
161.300000  55.967543  3.615025
161.400000  57.074520  8.262652
161.500000  57.925667  7.714023
161.600000  58.122691  3.908987
161.700000  60.164782  7.921269
161.800000  57.599089  9.137061
161.900000  58.206081  4.560539
162.000000  58.501228  11.086369
162.100000  58.430543  6.599266
162.200000  59.493443  7.700978
162.300000  57.294478  9.772036
162.400000  57.234341  8.554307
162.500000  57.594393  8.900787
162.600000  57.881908  5.988965
162.700000  58.250675  6.195258
162.800000  55.809895  9.083416
162.900000  59.856398  4.497213
163.000000  59.098174  7.247682
163.100000  58.635081  7.898125
163.200000  56.218488  6.961143
163.300000  57.810662  8.697244
163.400000  60.252326  5.163198
163.500000  59.791180  8.994697
163.600000  61.366204  9.514286
163.700000  58.782868  6.423801
163.800000  58.307750  10.014120
163.900000  56.407235  10.274112
164.000000  56.379147  1.632077
164.100000  55.455970  6.165836
164.200000  57.285602  9.417692
164.300000  61.456960  6.679345
164.400000  58.801682  9.853393
164.500000  57.695546  6.583239
164.600000  57.644441  7.270797
164.700000  61.808880  9.893750
164.800000  62.352200  7.266861
164.900000  56.956650  6.788934
165.000000  58.291463  5.180440
165.100000  58.575387  3.694823
165.200000  56.143299  8.907802
165.300000  57.810151  7.237112
165.400000  58.369915  8.966825
165.500000  57.976596  10.215185
165.600000  56.024416  10.528064
165.700000  57.084565  13.727820
165.800000  58.991878  6.894379
165.900000  55.246889  8.467769
166.000000  53.418543  7.923486
166.100000  54.853814  11.970358
166.200000  56.904461  11.523649
166.300000  59.322400  9.390732
166.400000  58.667037  10.574768
166.500000  59.033008  15.673647
166.600000  61.121213  13.520959
166.700000  61.790566  12.540503
166.800000  58.487533  14.084443
166.900000  58.401479  6.179079
167.000000  61.360621  6.240050
167.100000  58.158964  8.642645
167.200000  56.703612  8.947702
167.300000  54.736663  6.346297
167.400000  58.791283  9.848338
167.500000  57.690509  8.702872
167.600000  56.389040  5.829609
167.700000  56.388365  3.720156
167.800000  57.407070  13.337365
167.900000  57.128108  7.544007
168.000000  57.190652  5.131186
168.100000  59.551968  6.840984
168.200000  56.775074  8.228740
168.300000  58.514182  6.477609
168.400000  57.660226  11.593364
168.500000  57.570009  6.336073
168.600000  59.297570  9.524510
168.700000  61.469959  7.817086
168.800000  58.367365  7.118696
168.900000  60.470501  12.003235
169.000000  58.348315  10.262282
169.100000  56.706790  6.774562
169.200000  58.997337  8.532689
169.300000  58.081066  7.734330
169.400000  57.703232  6.844038
169.500000  59.680939  7.458875
169.600000  57.512277  6.252483
169.700000  56.975179  3.429573
169.800000  56.675654  7.852680
169.900000  59.441502  10.662537
170.000000  57.409652  6.014661
170.100000  60.515067  12.186597
170.200000  56.680394  12.803706
170.300000  59.232053  9.713136
170.400000  59.237577  8.025624
170.500000  60.380738  4.406357
170.600000  55.936469  2.241171
170.700000  57.632475  8.521445
170.800000  56.257175  6.763350
170.900000  57.303339  6.037181
171.000000  57.745921  5.611959
171.100000  58.237878  5.657096
171.200000  57.018388  8.196068
171.300000  62.280829  11.082741
171.400000  60.669231  8.747645
171.500000  57.098059  6.245239
171.600000  57.931339  5.604498
171.700000  62.325462  8.238638
171.800000  60.407475  5.691650
171.900000  59.324755  10.154601
172.000000  60.051924  11.260863
172.100000  59.282403  10.336122
172.200000  60.215819  7.805081
172.300000  55.814207  12.061530
172.400000  60.325116  11.340342
172.500000  59.565590  12.274602
172.600000  63.045440  8.904353
172.700000  58.623489  8.104683
172.800000  55.898731  8.861820
172.900000  59.015141  14.290697
173.000000  60.736699  10.753100
173.100000  60.128106  13.525356
173.200000  59.138382  9.761172
173.300000  59.006015  9.233974
173.400000  59.205579  6.566046
173.500000  59.065897  7.181148
173.600000  59.134962  8.131980
173.700000  60.993811  12.708828
173.800000  61.908822  11.902446
173.900000  62.179419  15.700656
174.000000  60.468488  11.710020
174.100000  60.486041  11.414750
174.200000  60.140142  9.808598
174.300000  63.228461  9.459375
174.400000  59.433518  6.399586
174.500000  61.925989  11.120591
174.600000  58.233115  12.657395
174.700000  60.512947  8.207977
174.800000  59.616225  9.240892
174.900000  53.757646  6.117164
175.000000  58.746707  9.615646
175.100000  60.216988  8.549555
175.200000  57.791981  6.742564
175.300000  59.958044  14.037864
175.400000  57.974877  7.308395
175.500000  55.669491  6.499469
175.600000  56.113579  4.776150
175.700000  53.620292  9.081945
175.800000  54.155923  2.859501
175.900000  59.465014  7.109809
176.000000  64.186855  3.256664
176.100000  60.468784  9.056327
176.200000  58.396478  3.827954
176.300000  61.559208  5.012066
176.400000  61.538289  4.762762
176.500000  57.257965  5.332514
176.600000  59.022786  5.763414
176.700000  60.326179  3.067414
176.800000  59.266547  10.529405
176.900000  58.571030  6.406292
177.000000  58.806095  4.444807
177.100000  57.263199  4.391899
177.200000  58.554623  1.035932
177.300000  59.803825  7.717356
177.400000  62.632025  10.496519
177.500000  57.724088  9.745296
177.600000  58.685547  12.186740
177.700000  62.529694  6.156743
177.800000  62.565922  9.611829
177.900000  58.761762  7.869359
178.000000  61.662632  1.853190
178.100000  59.411272  5.309847
178.200000  60.521831  8.301224
178.300000  59.257594  4.959358
178.400000  57.938404  9.153002
178.500000  59.210449  6.028605
178.600000  59.243889  7.899803
178.700000  61.040843  2.425547
178.800000  58.537172  10.536534
178.900000  58.235784  9.741535
179.000000  57.180661  4.938581
179.100000  58.951498  9.007224
179.200000  62.005156  10.948503
179.300000  63.208001  6.945274
179.400000  60.503793  7.575129
179.500000  59.664934  7.772261
179.600000  58.333678  9.655481
179.700000  60.424279  7.368833
179.800000  61.304008  7.250191
179.900000  58.863861  8.885785
180.000000  60.395407  9.112269
180.100000  59.814380  7.667499
180.200000  56.998832  5.354939
180.300000  57.102270  10.745536
180.400000  57.877483  7.014278
180.500000  57.663461  10.651485
180.600000  58.438378  10.516895
180.700000  61.998842  10.051005
180.800000  58.278566  8.016026
180.900000  61.950478  8.915286
181.000000  57.723744  6.382331
181.100000  59.103928  5.652258
181.200000  57.238695  8.203440
181.300000  58.037565  4.162045
181.400000  61.704827  8.184601
181.500000  60.311332  8.862193
181.600000  56.936369  8.929812
181.700000  57.305059  13.232952
181.800000  58.315397  6.493951
181.900000  58.736904  9.293001
182.000000  57.991755  9.913084
182.100000  57.485015  7.312144
182.200000  57.578617  12.994284
182.300000  58.793098  5.755020
182.400000  58.196794  5.211110
182.500000  57.283197  8.525169
182.600000  55.076190  4.560904
182.700000  57.891452  9.049297
182.800000  58.925014  9.498852
182.900000  56.664376  11.766009
183.000000  60.802802  6.869060
183.100000  58.731988  6.406173
183.200000  56.355178  8.344293
183.300000  59.095015  10.877692
183.400000  61.400055  9.399230
183.500000  57.019402  3.890257
183.600000  59.977936  7.255784
183.700000  60.871054  6.480501
183.800000  58.905551  15.168567
183.900000  56.404411  7.249286
184.000000  63.375814  10.042259
184.100000  61.177540  10.246213
184.200000  59.525748  9.802410
184.300000  62.056975  8.781347
184.400000  61.823306  10.425288
184.500000  63.322079  12.608711
184.600000  58.523180  7.830606
184.700000  57.925060  9.911663
184.800000  58.386648  7.018670
184.900000  62.570516  9.026071
185.000000  60.277924  8.114430
185.100000  60.029855  5.433592
185.200000  60.299515  10.527339
185.300000  58.612156  3.668517
185.400000  55.594661  7.851860
185.500000  57.728381  6.992390
185.600000  60.095034  4.792367
185.700000  59.164027  6.120880
185.800000  55.488247  2.805204
185.900000  58.693784  9.858812
186.000000  56.248036  3.776744
186.100000  56.076777  8.514498
186.200000  57.434344  6.935853
186.300000  57.155912  8.077056
186.400000  56.700452  8.235946
186.500000  61.406510  14.184591
186.600000  58.915086  9.856824
186.700000  59.624932  10.550883
186.800000  58.564296  10.901849
186.900000  58.248210  11.334292
187.000000  58.859100  10.843040
187.100000  59.587902  7.695333
187.200000  60.376328  6.067839
187.300000  59.671912  12.415609
187.400000  58.170899  5.334604
187.500000  61.980818  10.575852
187.600000  56.558205  9.710258
187.700000  64.098040  9.282454
187.800000  59.251260  10.064244
187.900000  58.518074  9.434070
188.000000  61.798516  9.219816
188.100000  58.597469  3.588080
188.200000  59.488670  3.383368
188.300000  61.892828  5.629849
188.400000  57.782254  5.597488
188.500000  62.411066  6.850276
188.600000  59.752777  9.811852
188.700000  62.775043  4.471157
188.800000  61.325466  10.609297
188.900000  59.764202  10.337314
189.000000  60.249493  12.820112
189.100000  59.788970  14.439845
189.200000  56.634030  10.450524
189.300000  59.262286  13.971782
189.400000  59.795284  11.843884
189.500000  56.356770  6.024247
189.600000  58.504877  9.127930
189.700000  59.320258  8.198969
189.800000  59.850022  7.968608
189.900000  58.442765  7.509801
190.000000  60.001947  11.430001
190.100000  57.648272  12.463764
190.200000  59.734518  8.908315
190.300000  56.885141  7.600468
190.400000  59.457668  5.832211
190.500000  55.620424  6.406374
190.600000  58.988111  5.103283
190.700000  59.094935  8.490348
190.800000  55.758966  2.407013
190.900000  60.073771  2.863180
191.000000  59.703402  4.842206
191.100000  58.726419  7.298041
191.200000  58.037048  6.162841
191.300000  58.040514  3.341800
191.400000  55.248172  5.504506
191.500000  58.217182  3.376731
191.600000  58.962633  5.288381
191.700000  57.257929  7.338469
191.800000  58.746774  3.473158
191.900000  55.020464  0.489929
192.000000  54.423597  2.312335
192.100000  57.713853  4.780579
192.200000  55.603731  5.453560
192.300000  56.132989  2.005563
192.400000  56.358054  2.416883
192.500000  57.504914  1.734006
192.600000  55.203501  0.817788
192.700000  53.326378  6.289790
192.800000  54.361509  6.183307
192.900000  53.010747  4.862961
193.000000  56.734667  5.939227
193.100000  58.591737  5.374601
193.200000  58.474441  3.576383
193.300000  52.837413  4.441140
193.400000  49.067042  0.766712
193.500000  56.279054  1.420930
193.600000  60.115340  0.695495
193.700000  57.605545  1.869496
193.800000  51.494765  1.065798
193.900000  51.602982  4.506022
194.000000  53.482645  5.941640
194.100000  56.994941  4.488461
194.200000  55.117505  1.318932
194.300000  55.765572  3.370859
194.400000  52.790390  2.449092
194.500000  54.989334  5.988152
194.600000  57.056129  3.741054
194.700000  53.959094  3.038185
194.800000  54.180360  2.172719
194.900000  55.867488  1.849237
195.000000  54.785831  7.574179
195.100000  54.477419  3.392558
195.200000  57.035110  5.083565
195.300000  56.306184  2.186020
195.400000  55.218685  0.735903
195.500000  55.186532  5.886019
195.600000  56.749580  1.030980
195.700000  59.002051  3.835134
195.800000  59.654650  7.700536
195.900000  58.134092  4.016649
196.000000  55.529758  1.671724
196.100000  55.885902  0.752292
196.200000  54.475864  7.567444
196.300000  58.875340  7.499285
196.400000  54.266337  8.955696
196.500000  56.144167  8.145635
196.600000  57.754538  5.796938
196.700000  57.984192  7.463756
196.800000  56.273904  9.691467
196.900000  56.903047  10.045026
197.000000  57.934349  8.336817
197.100000  58.191675  11.486042
197.200000  55.970122  7.919818
197.300000  56.065467  8.186147
197.400000  56.751055  6.433423
197.500000  56.254485  7.186807
197.600000  55.387594  6.485277
197.700000  56.687982  11.859862
197.800000  54.511806  7.106330
197.900000  57.863107  6.989140
198.000000  55.907119  10.739085
198.100000  57.375629  9.010025
198.200000  56.336530  10.102289
198.300000  53.296740  1.682718
198.400000  57.330513  8.057779
198.500000  55.553847  11.722365
198.600000  55.738056  8.552751
198.700000  55.312182  5.043489
198.800000  56.812028  6.726111
198.900000  59.153559  4.862032
199.000000  57.538565  5.144259
199.100000  57.577466  2.998055
199.200000  59.320454  6.848770
199.300000  56.175882  4.173419
199.400000  57.859122  8.931266
199.500000  58.361812  3.858506
199.600000  59.063401  8.724501
199.700000  56.948875  6.601664
199.800000  57.679778  6.437808
199.900000  55.717372  7.951756
200.000000  62.159061  8.246561
