# aggregated from 2 replicates
# x  mean  std
0.000000  17.961500  4.223549
1.000000  29.596700  6.222398
2.000000  16.198800  8.571831
5.000000  33.274000  20.967837
6.000000  54.452850  26.072088
7.000000  10.965300  1.297824
11.000000  19.095150  0.232143
12.000000  19.115000  14.235757
13.000000  9.387200  1.098278
14.000000  18.639150  5.958860
15.000000  53.963050  5.637692
16.000000  37.948500  29.496111
18.000000  24.057850  1.981667
19.000000  12.757400  1.546160
20.000000  44.478050  13.695032
21.000000  11.527200  1.474459
22.000000  8.202100  0.017961
23.000000  24.601600  1.156685
24.000000  7.238150  0.128623
25.000000  30.132550  13.074475
26.000000  46.126300  27.225874
27.000000  8.314600  0.604011
28.000000  87.340150  9.554639
29.000000  100.931050  23.879632
30.000000  38.633850  6.378032
31.000000  20.963450  9.288625
32.000000  50.675700  9.597702
33.000000  19.206450  11.914679
34.000000  22.097050  3.611689
35.000000  13.518600  1.460458
36.000000  9.998600  1.542483
37.000000  19.576200  7.609459
39.000000  15.033450  6.201256
41.000000  31.940000  6.481058
42.000000  67.486500  13.091375
45.000000  36.184600  4.379819
46.000000  7.931450  0.514703
47.000000  36.829950  5.216539
50.000000  22.557500  8.200883
52.000000  39.843650  11.080293
53.000000  11.371750  2.628104
54.000000  11.629400  4.087501
55.000000  10.611550  4.231822
56.000000  36.667650  7.690423
57.000000  13.378400  2.000547
58.000000  7.045700  0.353978
59.000000  49.000150  0.242184
60.000000  30.650750  5.975406
61.000000  52.508450  57.688388
63.000000  10.780100  0.506996
64.000000  15.501600  5.743263
65.000000  11.511450  1.054226
66.000000  15.820150  1.515118
69.000000  43.849950  14.558551
70.000000  61.832400  39.688772
71.000000  43.245900  31.771863
72.000000  64.070350  1.139220
74.000000  20.157650  14.277122
75.000000  54.799350  1.477358
76.000000  35.436050  31.831190
77.000000  69.244150  10.041694
78.000000  23.054600  0.349452
81.000000  46.666800  11.240169
82.000000  48.240900  5.729969
83.000000  71.308650  14.409068
84.000000  6.944650  0.331562
85.000000  8.245950  0.444558
86.000000  15.123200  3.712452
87.000000  20.297100  0.451841
88.000000  7.802650  0.708733
89.000000  31.962150  25.471047
90.000000  14.301950  6.843450
91.000000  44.252150  41.483339
92.000000  6.788000  0.523400
93.000000  58.273700  0.136047
94.000000  7.853050  0.227476
95.000000  8.680950  0.138664
96.000000  7.553100  0.668074
97.000000  8.302650  0.417264
98.000000  25.463700  0.698904
100.000000  6.306150  0.235254
101.000000  14.455500  3.884703
103.000000  19.429550  13.841686
104.000000  47.177950  24.271087
105.000000  11.690250  2.936261
107.000000  52.198950  24.243651
109.000000  21.924100  6.416287
110.000000  25.395900  0.366140
111.000000  9.309150  0.351503
112.000000  49.153600  11.742639
113.000000  70.116900  2.764646
114.000000  39.759600  6.887927
115.000000  30.025300  30.312395
116.000000  32.170550  3.075278
118.000000  25.050250  0.968524
119.000000  24.131200  3.762374
120.000000  73.646950  4.500664
121.000000  76.060950  51.674586
122.000000  47.276650  3.148817
123.000000  51.401650  2.578182
124.000000  22.916300  1.964060
125.000000  16.494350  3.137362
126.000000  7.617800  0.248336
127.000000  9.893400  0.782484
128.000000  43.952900  0.180454
129.000000  8.992900  0.408001
130.000000  13.942450  9.485908
131.000000  34.838750  21.776980
132.000000  24.437450  0.003182
133.000000  30.988250  6.693261
134.000000  24.615000  0.900147
135.000000  74.772800  0.151604
136.000000  46.205750  0.119006
137.000000  51.175800  4.711311
138.000000  32.873450  7.060532
