# aggregated from 2 replicates
# x  mean  std
0.000000  73.000000  0.000000
0.100000  55.000000  5.656854
0.200000  66.000000  16.970563
0.300000  64.000000  1.414214
0.400000  58.500000  20.506097
0.500000  66.500000  9.192388
0.600000  58.500000  19.091883
0.700000  60.500000  7.778175
0.800000  66.000000  14.142136
0.900000  64.500000  4.949747
1.000000  58.000000  7.071068
1.100000  52.000000  7.071068
1.200000  63.500000  10.606602
1.300000  58.500000  2.121320
1.400000  60.500000  2.121320
1.500000  71.000000  4.242641
1.600000  64.000000  7.071068
1.700000  67.500000  3.535534
1.800000  57.000000  1.414214
1.900000  53.500000  7.778175
2.000000  58.000000  2.828427
2.100000  54.500000  4.949747
2.200000  64.000000  8.485281
2.300000  55.000000  0.000000
2.400000  55.000000  4.242641
2.500000  62.000000  7.071068
2.600000  48.000000  0.000000
2.700000  57.000000  2.828427
2.800000  48.500000  7.778175
2.900000  53.500000  2.121320
3.000000  52.500000  12.020815
3.100000  52.000000  15.556349
3.200000  52.500000  13.435029
3.300000  52.000000  0.000000
3.400000  57.000000  1.414214
3.500000  51.500000  17.677670
3.600000  53.500000  2.121320
3.700000  50.500000  14.849242
3.800000  49.000000  11.313708
3.900000  56.000000  21.213203
4.000000  50.000000  1.414214
4.100000  52.000000  1.414214
4.200000  44.000000  0.000000
4.300000  52.000000  11.313708
4.400000  51.500000  12.020815
4.500000  55.500000  13.435029
4.600000  48.000000  12.727922
4.700000  55.500000  20.506097
4.800000  55.000000  25.455844
4.900000  53.500000  20.506097
5.000000  50.000000  11.313708
5.100000  57.000000  15.556349
5.200000  53.500000  21.920310
5.300000  58.500000  14.849242
5.400000  51.000000  8.485281
5.500000  52.000000  12.727922
5.600000  50.000000  19.798990
5.700000  57.500000  17.677670
5.800000  53.500000  10.606602
5.900000  55.000000  5.656854
6.000000  46.000000  12.727922
6.100000  50.500000  13.435029
6.200000  53.500000  17.677670
6.300000  60.500000  20.506097
6.400000  46.000000  9.899495
6.500000  49.000000  12.727922
6.600000  42.000000  11.313708
6.700000  44.000000  4.242641
6.800000  48.500000  10.606602
6.900000  49.000000  16.970563
7.000000  44.500000  13.435029
7.100000  56.000000  5.656854
7.200000  45.500000  10.606602
7.300000  52.000000  15.556349
7.400000  43.500000  16.263456
7.500000  42.000000  7.071068
7.600000  44.000000  7.071068
7.700000  41.500000  13.435029
7.800000  52.500000  16.263456
7.900000  50.000000  21.213203
8.000000  50.000000  24.041631
8.100000  55.000000  0.000000
8.200000  52.500000  2.121320
8.300000  50.500000  16.263456
8.400000  50.000000  21.213203
8.500000  49.000000  8.485281
8.600000  51.500000  19.091883
8.700000  46.500000  9.192388
8.800000  49.000000  21.213203
8.900000  48.500000  13.435029
9.000000  42.000000  5.656854
9.100000  51.500000  12.020815
9.200000  54.000000  4.242641
9.300000  55.000000  12.727922
9.400000  53.000000  19.798990
9.500000  47.000000  25.455844
9.600000  47.500000  12.020815
9.700000  50.000000  12.727922
9.800000  43.500000  17.677670
9.900000  49.500000  10.606602
10.000000  54.500000  19.091883
10.100000  52.000000  15.556349
10.200000  48.500000  10.606602
10.300000  53.000000  21.213203
10.400000  48.000000  12.727922
10.500000  48.000000  18.384776
10.600000  49.500000  4.949747
10.700000  47.500000  16.263456
10.800000  53.500000  31.819805
10.900000  48.000000  12.727922
11.000000  44.500000  10.606602
11.100000  50.500000  17.677670
11.200000  44.500000  13.435029
11.300000  44.500000  16.263456
11.400000  50.500000  9.192388
11.500000  54.500000  9.192388
11.600000  48.000000  14.142136
11.700000  45.500000  17.677670
11.800000  48.500000  9.192388
11.900000  48.000000  14.142136
12.000000  52.000000  11.313708
12.100000  49.000000  18.384776
12.200000  48.000000  8.485281
12.300000  60.000000  18.384776
12.400000  48.000000  8.485281
12.500000  46.500000  17.677670
12.600000  56.000000  24.041631
12.700000  46.000000  21.213203
12.800000  46.500000  21.920310
12.900000  50.000000  9.899495
13.000000  43.000000  8.485281
13.100000  54.000000  12.727922
13.200000  40.000000  8.485281
13.300000  47.000000  7.071068
13.400000  50.500000  17.677670
13.500000  55.000000  15.556349
13.600000  56.000000  11.313708
13.700000  47.000000  7.071068
13.800000  46.000000  8.485281
13.900000  54.000000  16.970563
14.000000  43.000000  15.556349
14.100000  47.000000  7.071068
14.200000  48.000000  14.142136
14.300000  49.500000  14.849242
14.400000  44.000000  4.242641
14.500000  53.000000  16.970563
14.600000  49.000000  12.727922
14.700000  49.500000  17.677670
14.800000  46.500000  19.091883
14.900000  53.000000  16.970563
15.000000  46.000000  16.970563
15.100000  46.500000  19.091883
15.200000  49.500000  16.263456
15.300000  52.500000  17.677670
15.400000  50.500000  20.506097
15.500000  49.500000  6.363961
15.600000  50.500000  24.748737
15.700000  52.000000  9.899495
15.800000  55.500000  13.435029
15.900000  52.000000  26.870058
16.000000  49.000000  19.798990
16.100000  53.000000  16.970563
16.200000  47.500000  17.677670
16.300000  52.500000  14.849242
16.400000  45.500000  17.677670
16.500000  50.000000  24.041631
16.600000  46.000000  28.284271
16.700000  64.500000  9.192388
16.800000  53.000000  8.485281
16.900000  56.000000  15.556349
17.000000  56.000000  8.485281
17.100000  62.500000  0.707107
17.200000  60.500000  3.535534
17.300000  65.500000  21.920310
17.400000  64.500000  12.020815
17.500000  69.000000  2.828427
17.600000  59.500000  7.778175
17.700000  65.000000  21.213203
17.800000  59.000000  9.899495
17.900000  54.000000  8.485281
18.000000  60.500000  0.707107
18.100000  54.000000  8.485281
18.200000  57.500000  21.920310
18.300000  59.500000  10.606602
18.400000  54.000000  1.414214
18.500000  54.500000  12.020815
18.600000  55.500000  2.121320
18.700000  59.500000  10.606602
18.800000  54.000000  8.485281
18.900000  57.000000  12.727922
19.000000  58.000000  0.000000
19.100000  59.500000  2.121320
19.200000  52.500000  6.363961
19.300000  65.500000  21.920310
19.400000  62.000000  4.242641
19.500000  61.000000  14.142136
19.600000  56.500000  4.949747
19.700000  59.000000  1.414214
19.800000  66.000000  14.142136
19.900000  59.500000  7.778175
20.000000  62.000000  15.556349
20.100000  55.500000  10.606602
20.200000  54.500000  6.363961
20.300000  57.000000  11.313708
20.400000  60.000000  22.627417
20.500000  59.000000  4.242641
20.600000  64.000000  11.313708
20.700000  67.000000  9.899495
20.800000  65.000000  9.899495
20.900000  64.000000  18.384776
21.000000  55.500000  14.849242
21.100000  56.500000  9.192388
21.200000  72.000000  21.213203
21.300000  79.500000  20.506097
21.400000  59.500000  28.991378
21.500000  72.500000  9.192388
21.600000  69.500000  7.778175
21.700000  70.000000  19.798990
21.800000  65.000000  5.656854
21.900000  69.000000  14.142136
22.000000  64.500000  13.435029
22.100000  70.000000  16.970563
22.200000  67.000000  4.242641
22.300000  67.500000  10.606602
22.400000  68.500000  19.091883
22.500000  67.500000  14.849242
22.600000  62.000000  25.455844
22.700000  68.500000  23.334524
22.800000  66.000000  22.627417
22.900000  74.500000  14.849242
23.000000  57.500000  9.192388
23.100000  62.500000  14.849242
23.200000  65.000000  18.384776
23.300000  62.000000  25.455844
23.400000  65.500000  17.677670
23.500000  65.000000  15.556349
23.600000  70.500000  20.506097
23.700000  68.500000  3.535534
23.800000  69.500000  6.363961
23.900000  54.500000  19.091883
24.000000  62.000000  19.798990
24.100000  59.500000  27.577164
24.200000  57.000000  29.698485
24.300000  59.000000  19.798990
24.400000  56.500000  17.677670
24.500000  55.500000  23.334524
24.600000  53.000000  22.627417
24.700000  63.500000  21.920310
24.800000  59.000000  24.041631
24.900000  63.500000  19.091883
25.000000  57.000000  28.284271
25.100000  56.000000  21.213203
25.200000  60.500000  9.192388
25.300000  49.500000  26.162951
25.400000  54.500000  24.748737
25.500000  64.500000  10.606602
25.600000  56.500000  24.748737
25.700000  56.500000  24.748737
25.800000  55.000000  29.698485
25.900000  59.000000  26.870058
26.000000  57.500000  16.263456
26.100000  58.500000  20.506097
26.200000  56.000000  14.142136
26.300000  66.500000  19.091883
26.400000  65.500000  26.162951
26.500000  50.000000  16.970563
26.600000  48.500000  17.677670
26.700000  55.500000  9.192388
26.800000  59.000000  5.656854
26.900000  53.500000  2.121320
27.000000  60.000000  8.485281
27.100000  63.000000  16.970563
27.200000  56.500000  10.606602
27.300000  60.000000  12.727922
27.400000  56.000000  4.242641
27.500000  68.000000  11.313708
27.600000  53.500000  17.677670
27.700000  63.000000  18.384776
27.800000  55.000000  8.485281
27.900000  48.000000  5.656854
28.000000  57.500000  6.363961
28.100000  60.000000  9.899495
28.200000  43.500000  6.363961
28.300000  66.000000  2.828427
28.400000  69.500000  12.020815
28.500000  53.000000  2.828427
28.600000  67.500000  10.606602
28.700000  57.000000  7.071068
28.800000  61.500000  2.121320
28.900000  60.500000  0.707107
29.000000  62.500000  4.949747
29.100000  52.500000  0.707107
29.200000  60.000000  15.556349
29.300000  63.500000  16.263456
29.400000  63.500000  19.091883
29.500000  65.500000  9.192388
29.600000  71.000000  21.213203
29.700000  71.000000  15.556349
29.800000  60.000000  4.242641
29.900000  69.500000  10.606602
30.000000  63.500000  16.263456
30.100000  61.000000  12.727922
30.200000  60.000000  12.727922
30.300000  52.000000  14.142136
30.400000  69.000000  21.213203
30.500000  70.500000  24.748737
30.600000  68.500000  13.435029
30.700000  74.000000  8.485281
30.800000  75.500000  16.263456
30.900000  77.000000  4.242641
31.000000  65.000000  18.384776
31.100000  59.000000  15.556349
31.200000  72.500000  19.091883
31.300000  63.500000  16.263456
31.400000  71.500000  19.091883
31.500000  58.500000  9.192388
31.600000  64.000000  8.485281
31.700000  60.500000  19.091883
31.800000  55.500000  13.435029
31.900000  68.000000  4.242641
32.000000  62.000000  14.142136
32.100000  61.500000  23.334524
32.200000  60.000000  9.899495
32.300000  64.000000  25.455844
32.400000  67.500000  17.677670
32.500000  66.500000  14.849242
32.600000  62.500000  9.192388
32.700000  58.500000  10.606602
32.800000  61.500000  19.091883
32.900000  59.500000  12.020815
33.000000  67.000000  7.071068
33.100000  50.000000  24.041631
33.200000  52.000000  25.455844
33.300000  49.000000  16.970563
33.400000  53.000000  25.455844
33.500000  49.500000  14.849242
33.600000  57.500000  24.748737
33.700000  55.500000  21.920310
33.800000  57.000000  24.041631
33.900000  43.000000  11.313708
34.000000  50.500000  24.748737
34.100000  49.000000  22.627417
34.200000  50.000000  31.112698
34.300000  54.000000  14.142136
34.400000  59.000000  11.313708
34.500000  57.000000  32.526912
34.600000  54.500000  24.748737
34.700000  51.000000  18.384776
34.800000  65.000000  18.384776
34.900000  47.500000  16.263456
35.000000  45.000000  4.242641
35.100000  50.000000  22.627417
35.200000  42.000000  19.798990
35.300000  48.500000  21.920310
35.400000  47.000000  8.485281
35.500000  42.500000  9.192388
35.600000  47.000000  12.727922
35.700000  43.500000  16.263456
35.800000  46.000000  15.556349
35.900000  54.500000  24.748737
36.000000  50.500000  9.192388
36.100000  46.500000  9.192388
36.200000  42.000000  14.142136
36.300000  57.000000  18.384776
36.400000  51.000000  33.941125
36.500000  48.000000  25.455844
36.600000  50.500000  27.577164
36.700000  43.500000  10.606602
36.800000  61.000000  28.284271
36.900000  39.500000  16.263456
37.000000  53.000000  16.970563
37.100000  41.500000  10.606602
37.200000  53.000000  18.384776
37.300000  54.000000  19.798990
37.400000  54.000000  5.656854
37.500000  56.000000  19.798990
37.600000  58.500000  26.162951
37.700000  60.000000  29.698485
37.800000  53.000000  18.384776
37.900000  45.500000  4.949747
38.000000  47.500000  24.748737
38.100000  49.000000  5.656854
38.200000  44.500000  7.778175
38.300000  54.000000  7.071068
38.400000  50.500000  7.778175
38.500000  55.000000  22.627417
38.600000  51.000000  9.899495
38.700000  68.000000  36.769553
38.800000  53.000000  24.041631
38.900000  46.500000  4.949747
39.000000  46.500000  20.506097
39.100000  48.000000  14.142136
39.200000  42.000000  9.899495
39.300000  43.000000  0.000000
39.400000  50.500000  9.192388
39.500000  53.000000  11.313708
39.600000  54.500000  7.778175
39.700000  62.500000  17.677670
39.800000  61.500000  14.849242
39.900000  51.000000  7.071068
40.000000  43.500000  20.506097
40.100000  53.500000  10.606602
40.200000  55.000000  7.071068
40.300000  56.500000  3.535534
40.400000  55.500000  6.363961
40.500000  53.500000  12.020815
40.600000  49.000000  1.414214
40.700000  51.500000  7.778175
40.800000  64.500000  16.263456
40.900000  56.000000  22.627417
41.000000  52.500000  0.707107
41.100000  65.000000  5.656854
41.200000  53.000000  2.828427
41.300000  62.000000  4.242641
41.400000  64.500000  10.606602
41.500000  68.000000  1.414214
41.600000  67.000000  7.071068
41.700000  59.500000  2.121320
41.800000  67.000000  0.000000
41.900000  67.500000  14.849242
42.000000  58.000000  4.242641
42.100000  65.500000  7.778175
42.200000  66.500000  0.707107
42.300000  57.500000  0.707107
42.400000  66.500000  10.606602
42.500000  65.000000  0.000000
42.600000  61.000000  7.071068
42.700000  62.500000  19.091883
42.800000  65.000000  16.970563
42.900000  61.500000  19.091883
43.000000  64.500000  3.535534
43.100000  63.500000  2.121320
43.200000  66.500000  17.677670
43.300000  68.500000  19.091883
43.400000  60.000000  4.242641
43.500000  66.500000  19.091883
43.600000  65.500000  4.949747
43.700000  68.500000  6.363961
43.800000  53.500000  0.707107
43.900000  62.500000  9.192388
44.000000  73.500000  6.363961
44.100000  65.500000  12.020815
44.200000  58.500000  13.435029
44.300000  74.500000  12.020815
44.400000  68.000000  5.656854
44.500000  60.500000  2.121320
44.600000  67.000000  8.485281
44.700000  72.500000  12.020815
44.800000  62.000000  14.142136
44.900000  75.500000  7.778175
45.000000  65.000000  1.414214
45.100000  63.000000  21.213203
45.200000  63.000000  11.313708
45.300000  67.500000  4.949747
45.400000  73.500000  3.535534
45.500000  69.500000  20.506097
45.600000  67.500000  16.263456
45.700000  73.000000  24.041631
45.800000  63.500000  0.707107
45.900000  63.500000  33.234019
46.000000  70.000000  14.142136
46.100000  65.500000  14.849242
46.200000  64.500000  4.949747
46.300000  68.500000  0.707107
46.400000  55.500000  6.363961
46.500000  58.000000  15.556349
46.600000  65.500000  10.606602
46.700000  62.500000  12.020815
46.800000  62.000000  12.727922
46.900000  65.500000  10.606602
47.000000  65.500000  2.121320
47.100000  64.500000  6.363961
47.200000  67.500000  10.606602
47.300000  75.000000  2.828427
47.400000  62.500000  14.849242
47.500000  66.000000  2.828427
47.600000  65.000000  7.071068
47.700000  72.500000  26.162951
47.800000  59.500000  0.707107
47.900000  68.500000  3.535534
48.000000  49.500000  3.535534
48.100000  70.500000  3.535534
48.200000  56.000000  8.485281
48.300000  55.000000  4.242641
48.400000  51.500000  0.707107
48.500000  63.500000  21.920310
48.600000  56.500000  14.849242
48.700000  59.500000  12.020815
48.800000  57.000000  9.899495
48.900000  63.000000  7.071068
49.000000  57.500000  0.707107
49.100000  64.500000  4.949747
49.200000  60.000000  11.313708
49.300000  63.500000  10.606602
49.400000  63.500000  3.535534
49.500000  46.000000  7.071068
49.600000  51.000000  7.071068
49.700000  62.500000  3.535534
49.800000  62.000000  7.071068
49.900000  54.500000  9.192388
50.000000  63.000000  2.828427
50.100000  62.500000  10.606602
50.200000  58.500000  7.778175
50.300000  56.500000  13.435029
50.400000  63.500000  12.020815
50.500000  59.000000  9.899495
50.600000  65.000000  14.142136
50.700000  63.500000  12.020815
50.800000  61.500000  14.849242
50.900000  53.000000  8.485281
51.000000  61.000000  12.727922
51.100000  65.000000  7.071068
51.200000  63.500000  10.606602
51.300000  65.500000  7.778175
51.400000  71.500000  7.778175
51.500000  64.500000  2.121320
51.600000  64.500000  7.778175
51.700000  64.500000  17.677670
51.800000  60.000000  0.000000
51.900000  64.500000  4.949747
52.000000  64.500000  9.192388
52.100000  61.000000  7.071068
52.200000  59.500000  16.263456
52.300000  65.000000  22.627417
52.400000  58.000000  2.828427
52.500000  69.500000  20.506097
52.600000  65.000000  21.213203
52.700000  61.500000  16.263456
52.800000  62.000000  22.627417
52.900000  67.000000  1.414214
53.000000  65.000000  14.142136
53.100000  61.500000  21.920310
53.200000  59.000000  14.142136
53.300000  61.500000  3.535534
53.400000  63.000000  15.556349
53.500000  53.500000  12.020815
53.600000  72.500000  9.192388
53.700000  67.000000  14.142136
53.800000  69.000000  9.899495
53.900000  65.500000  12.020815
54.000000  59.500000  3.535534
54.100000  67.500000  19.091883
54.200000  65.000000  11.313708
54.300000  67.000000  11.313708
54.400000  55.500000  12.020815
54.500000  63.000000  2.828427
54.600000  62.500000  9.192388
54.700000  63.000000  2.828427
54.800000  63.500000  12.020815
54.900000  69.000000  14.142136
55.000000  69.000000  24.041631
55.100000  64.500000  24.748737
55.200000  72.500000  20.506097
55.300000  66.000000  7.071068
55.400000  65.500000  21.920310
55.500000  70.000000  1.414214
55.600000  72.000000  9.899495
55.700000  66.500000  7.778175
55.800000  74.000000  21.213203
55.900000  72.000000  16.970563
56.000000  63.000000  7.071068
56.100000  67.500000  14.849242
56.200000  67.000000  2.828427
56.300000  65.000000  15.556349
56.400000  63.000000  14.142136
56.500000  63.000000  7.071068
56.600000  70.000000  9.899495
56.700000  54.500000  6.363961
56.800000  70.000000  14.142136
56.900000  62.500000  0.707107
57.000000  68.000000  18.384776
57.100000  61.500000  12.020815
57.200000  70.500000  7.778175
57.300000  67.500000  13.435029
57.400000  75.000000  8.485281
57.500000  72.500000  19.091883
57.600000  67.000000  8.485281
57.700000  69.000000  14.142136
57.800000  67.000000  21.213203
57.900000  63.000000  25.455844
58.000000  74.500000  3.535534
58.100000  65.000000  11.313708
58.200000  67.500000  19.091883
58.300000  69.500000  3.535534
58.400000  55.500000  4.949747
58.500000  70.000000  9.899495
58.600000  63.000000  25.455844
58.700000  62.500000  7.778175
58.800000  60.500000  0.707107
58.900000  62.500000  3.535534
59.000000  66.500000  9.192388
59.100000  71.000000  5.656854
59.200000  59.000000  14.142136
59.300000  55.500000  3.535534
59.400000  55.000000  7.071068
59.500000  58.000000  1.414214
59.600000  64.500000  10.606602
59.700000  72.000000  22.627417
59.800000  73.000000  5.656854
59.900000  62.500000  16.263456
60.000000  66.500000  4.949747
60.100000  71.000000  2.828427
60.200000  69.500000  4.949747
60.300000  56.000000  2.828427
60.400000  65.000000  22.627417
60.500000  71.000000  16.970563
60.600000  68.000000  9.899495
60.700000  69.000000  0.000000
60.800000  69.500000  4.949747
60.900000  67.000000  7.071068
61.000000  69.000000  9.899495
61.100000  66.000000  8.485281
61.200000  63.000000  12.727922
61.300000  66.500000  6.363961
61.400000  58.500000  6.363961
61.500000  73.000000  25.455844
61.600000  72.000000  8.485281
61.700000  69.000000  4.242641
61.800000  73.500000  10.606602
61.900000  64.500000  9.192388
62.000000  73.500000  10.606602
62.100000  63.500000  12.020815
62.200000  64.000000  5.656854
62.300000  81.000000  16.970563
62.400000  70.000000  18.384776
62.500000  65.000000  19.798990
62.600000  64.500000  19.091883
62.700000  62.000000  25.455844
62.800000  63.000000  19.798990
62.900000  65.500000  9.192388
63.000000  59.500000  10.606602
63.100000  64.500000  21.920310
63.200000  59.000000  16.970563
63.300000  75.000000  26.870058
63.400000  54.500000  17.677670
63.500000  65.500000  10.606602
63.600000  66.500000  20.506097
63.700000  63.500000  26.162951
63.800000  61.500000  12.020815
63.900000  71.500000  19.091883
64.000000  71.000000  15.556349
64.100000  71.000000  29.698485
64.200000  66.000000  8.485281
64.300000  59.500000  24.748737
64.400000  60.000000  5.656854
64.500000  69.000000  15.556349
64.600000  59.500000  13.435029
64.700000  74.000000  14.142136
64.800000  70.000000  14.142136
64.900000  62.500000  3.535534
65.000000  71.000000  1.414214
65.100000  68.500000  9.192388
65.200000  60.000000  11.313708
65.300000  72.500000  13.435029
65.400000  64.000000  18.384776
65.500000  73.500000  12.020815
65.600000  74.500000  14.849242
65.700000  61.500000  12.020815
65.800000  71.000000  5.656854
65.900000  61.000000  15.556349
66.000000  67.000000  14.142136
66.100000  60.000000  9.899495
66.200000  64.000000  1.414214
66.300000  67.500000  6.363961
66.400000  57.500000  21.920310
66.500000  58.000000  15.556349
66.600000  56.500000  12.020815
66.700000  61.000000  4.242641
66.800000  56.500000  13.435029
66.900000  67.500000  9.192388
67.000000  69.000000  4.242641
67.100000  56.000000  7.071068
67.200000  55.500000  7.778175
67.300000  55.500000  28.991378
67.400000  56.500000  6.363961
67.500000  61.500000  16.263456
67.600000  59.000000  1.414214
67.700000  55.000000  9.899495
67.800000  56.500000  14.849242
67.900000  59.000000  2.828427
68.000000  57.500000  9.192388
68.100000  60.000000  5.656854
68.200000  52.000000  5.656854
68.300000  61.500000  12.020815
68.400000  55.500000  6.363961
68.500000  66.000000  8.485281
68.600000  62.000000  5.656854
68.700000  64.000000  11.313708
68.800000  53.000000  11.313708
68.900000  57.000000  9.899495
69.000000  65.000000  1.414214
69.100000  58.000000  0.000000
69.200000  61.500000  12.020815
69.300000  67.500000  0.707107
69.400000  54.500000  10.606602
69.500000  62.000000  2.828427
69.600000  62.000000  12.727922
69.700000  62.500000  6.363961
69.800000  58.000000  0.000000
69.900000  65.000000  2.828427
70.000000  59.500000  9.192388
70.100000  58.000000  9.899495
70.200000  59.500000  9.192388
70.300000  62.000000  9.899495
70.400000  55.000000  14.142136
70.500000  56.500000  14.849242
70.600000  51.500000  10.606602
70.700000  57.000000  5.656854
70.800000  63.000000  11.313708
70.900000  60.000000  24.041631
71.000000  57.000000  9.899495
71.100000  61.000000  12.727922
71.200000  57.500000  13.435029
71.300000  56.000000  5.656854
71.400000  61.000000  8.485281
71.500000  65.000000  19.798990
71.600000  57.000000  18.384776
71.700000  61.000000  5.656854
71.800000  69.000000  16.970563
71.900000  56.000000  0.000000
72.000000  61.500000  2.121320
72.100000  51.500000  3.535534
72.200000  57.000000  11.313708
72.300000  51.500000  4.949747
72.400000  56.000000  15.556349
72.500000  59.500000  17.677670
72.600000  57.000000  9.899495
72.700000  50.000000  14.142136
72.800000  49.000000  8.485281
72.900000  46.500000  21.920310
73.000000  52.500000  17.677670
73.100000  46.000000  14.142136
73.200000  54.500000  21.920310
73.300000  54.000000  32.526912
73.400000  53.000000  22.627417
73.500000  50.500000  12.020815
73.600000  58.500000  14.849242
73.700000  50.000000  15.556349
73.800000  47.500000  13.435029
73.900000  53.500000  16.263456
74.000000  46.000000  12.727922
74.100000  49.000000  9.899495
74.200000  52.500000  19.091883
74.300000  57.500000  17.677670
74.400000  41.000000  16.970563
74.500000  45.000000  28.284271
74.600000  47.000000  18.384776
74.700000  48.000000  35.355339
74.800000  45.000000  22.627417
74.900000  47.000000  21.213203
75.000000  42.500000  26.162951
75.100000  56.000000  35.355339
75.200000  45.000000  25.455844
75.300000  49.000000  18.384776
75.400000  45.500000  26.162951
75.500000  50.000000  28.284271
75.600000  47.000000  24.041631
75.700000  52.000000  31.112698
75.800000  49.000000  15.556349
75.900000  49.500000  23.334524
76.000000  50.000000  18.384776
76.100000  51.000000  29.698485
76.200000  46.000000  21.213203
76.300000  46.000000  11.313708
76.400000  53.500000  27.577164
76.500000  52.500000  28.991378
76.600000  47.500000  23.334524
76.700000  43.500000  23.334524
76.800000  48.000000  15.556349
76.900000  47.500000  19.091883
77.000000  48.000000  2.828427
77.100000  48.000000  21.213203
77.200000  54.500000  14.849242
77.300000  53.000000  14.142136
77.400000  51.500000  28.991378
77.500000  51.000000  15.556349
77.600000  57.000000  12.727922
77.700000  47.500000  7.778175
77.800000  45.500000  16.263456
77.900000  49.500000  14.849242
78.000000  51.500000  19.091883
78.100000  51.000000  14.142136
78.200000  52.500000  7.778175
78.300000  50.000000  19.798990
78.400000  48.500000  17.677670
78.500000  49.000000  16.970563
78.600000  55.500000  14.849242
78.700000  43.500000  12.020815
78.800000  54.000000  21.213203
78.900000  49.500000  19.091883
79.000000  60.000000  21.213203
79.100000  50.000000  22.627417
79.200000  46.500000  17.677670
79.300000  53.500000  26.162951
79.400000  44.000000  16.970563
79.500000  57.500000  23.334524
79.600000  52.000000  16.970563
79.700000  55.500000  16.263456
79.800000  50.500000  26.162951
79.900000  44.500000  14.849242
80.000000  48.500000  17.677670
80.100000  47.000000  22.627417
80.200000  45.000000  15.556349
80.300000  52.000000  18.384776
80.400000  52.500000  30.405592
80.500000  47.000000  9.899495
80.600000  40.500000  12.020815
80.700000  47.000000  14.142136
80.800000  46.500000  27.577164
80.900000  48.500000  21.920310
81.000000  45.000000  22.627417
81.100000  47.500000  28.991378
81.200000  41.500000  20.506097
81.300000  52.000000  11.313708
81.400000  47.000000  21.213203
81.500000  54.000000  22.627417
81.600000  52.000000  15.556349
81.700000  47.000000  22.627417
81.800000  48.500000  20.506097
81.900000  42.000000  9.899495
82.000000  55.000000  21.213203
82.100000  38.500000  21.920310
82.200000  49.500000  13.435029
82.300000  57.000000  15.556349
82.400000  47.000000  9.899495
82.500000  47.000000  24.041631
82.600000  54.000000  19.798990
82.700000  36.500000  20.506097
82.800000  42.000000  11.313708
82.900000  41.500000  17.677670
83.000000  39.500000  24.748737
83.100000  43.500000  14.849242
83.200000  48.000000  21.213203
83.300000  42.000000  18.384776
83.400000  39.000000  16.970563
83.500000  43.000000  14.142136
83.600000  38.500000  17.677670
83.700000  39.000000  7.071068
83.800000  43.000000  18.384776
83.900000  46.500000  7.778175
84.000000  51.500000  17.677670
84.100000  46.500000  13.435029
84.200000  44.000000  14.142136
84.300000  55.000000  11.313708
84.400000  46.000000  8.485281
84.500000  40.000000  8.485281
84.600000  44.000000  14.142136
84.700000  38.500000  17.677670
84.800000  47.500000  14.849242
84.900000  50.000000  14.142136
85.000000  50.000000  15.556349
85.100000  56.500000  23.334524
85.200000  45.500000  24.748737
85.300000  39.500000  21.920310
85.400000  49.500000  16.263456
85.500000  52.500000  7.778175
85.600000  41.500000  21.920310
85.700000  43.500000  23.334524
85.800000  47.500000  20.506097
85.900000  49.000000  28.284271
86.000000  50.000000  18.384776
86.100000  46.500000  20.506097
86.200000  51.500000  17.677670
86.300000  47.000000  18.384776
86.400000  42.000000  9.899495
86.500000  47.000000  25.455844
86.600000  46.000000  21.213203
86.700000  44.000000  25.455844
86.800000  52.000000  25.455844
86.900000  44.000000  19.798990
87.000000  49.000000  18.384776
87.100000  42.000000  15.556349
87.200000  47.500000  26.162951
87.300000  55.000000  31.112698
87.400000  54.500000  21.920310
87.500000  52.000000  24.041631
87.600000  46.000000  16.970563
87.700000  58.500000  19.091883
87.800000  48.000000  16.970563
87.900000  48.000000  18.384776
88.000000  47.000000  16.970563
88.100000  54.500000  9.192388
88.200000  52.000000  14.142136
88.300000  54.000000  18.384776
88.400000  57.500000  28.991378
88.500000  59.500000  21.920310
88.600000  48.500000  24.748737
88.700000  51.500000  16.263456
88.800000  37.500000  7.778175
88.900000  60.000000  29.698485
89.000000  50.000000  19.798990
89.100000  45.500000  9.192388
89.200000  44.000000  18.384776
89.300000  47.500000  7.778175
89.400000  52.500000  10.606602
89.500000  56.500000  13.435029
89.600000  49.000000  18.384776
89.700000  48.500000  12.020815
89.800000  53.000000  12.727922
89.900000  49.500000  23.334524
90.000000  49.000000  22.627417
90.100000  60.000000  15.556349
90.200000  56.000000  1.414214
90.300000  58.500000  14.849242
90.400000  50.500000  23.334524
90.500000  57.500000  9.192388
90.600000  55.500000  6.363961
90.700000  51.500000  16.263456
90.800000  53.000000  12.727922
90.900000  54.000000  5.656854
91.000000  50.000000  9.899495
91.100000  48.500000  9.192388
91.200000  51.500000  16.263456
91.300000  53.500000  21.920310
91.400000  57.000000  21.213203
91.500000  53.500000  30.405592
91.600000  60.000000  5.656854
91.700000  54.000000  14.142136
91.800000  56.000000  26.870058
91.900000  52.000000  28.284271
92.000000  55.500000  23.334524
92.100000  59.000000  19.798990
92.200000  54.500000  17.677670
92.300000  59.500000  14.849242
92.400000  54.000000  14.142136
92.500000  54.500000  24.748737
92.600000  55.000000  18.384776
92.700000  52.500000  12.020815
92.800000  52.500000  10.606602
92.900000  51.000000  19.798990
93.000000  57.000000  9.899495
93.100000  70.500000  2.121320
93.200000  61.000000  9.899495
93.300000  55.500000  23.334524
93.400000  57.500000  4.949747
93.500000  59.500000  12.020815
93.600000  63.000000  1.414214
93.700000  67.000000  12.727922
93.800000  60.500000  7.778175
93.900000  68.500000  10.606602
94.000000  52.000000  12.727922
94.100000  57.500000  7.778175
94.200000  57.000000  0.000000
94.300000  62.500000  4.949747
94.400000  59.000000  8.485281
94.500000  55.000000  14.142136
94.600000  55.000000  7.071068
94.700000  61.000000  9.899495
94.800000  66.000000  4.242641
94.900000  57.500000  10.606602
95.000000  71.000000  0.000000
95.100000  64.500000  2.121320
95.200000  68.500000  2.121320
95.300000  67.500000  0.707107
95.400000  62.000000  1.414214
95.500000  70.000000  8.485281
95.600000  67.500000  6.363961
95.700000  63.500000  7.778175
95.800000  65.000000  12.727922
95.900000  66.000000  5.656854
96.000000  62.500000  3.535534
96.100000  56.500000  0.707107
96.200000  54.000000  11.313708
96.300000  67.000000  2.828427
96.400000  66.500000  2.121320
96.500000  65.500000  2.121320
96.600000  63.500000  4.949747
96.700000  61.500000  4.949747
96.800000  63.000000  9.899495
96.900000  61.000000  8.485281
97.000000  53.500000  7.778175
97.100000  53.000000  5.656854
97.200000  57.000000  0.000000
97.300000  61.000000  2.828427
97.400000  56.500000  4.949747
97.500000  54.000000  7.071068
97.600000  57.000000  4.242641
97.700000  63.000000  5.656854
97.800000  56.000000  2.828427
97.900000  70.500000  7.778175
98.000000  63.500000  4.949747
98.100000  68.000000  5.656854
98.200000  62.000000  1.414214
98.300000  67.500000  2.121320
98.400000  61.000000  7.071068
98.500000  61.500000  3.535534
98.600000  64.500000  10.606602
98.700000  71.500000  6.363961
98.800000  66.000000  0.000000
98.900000  60.500000  2.121320
99.000000  64.000000  2.828427
99.100000  63.000000  9.899495
99.200000  58.000000  4.242641
99.300000  68.000000  1.414214
99.400000  63.000000  0.000000
99.500000  67.500000  9.192388
99.600000  66.000000  5.656854
99.700000  74.500000  2.121320
99.800000  72.500000  13.435029
99.900000  67.000000  4.242641
100.000000  63.000000  4.242641
100.100000  65.000000  0.000000
100.200000  67.500000  4.949747
100.300000  66.500000  20.506097
100.400000  64.500000  7.778175
100.500000  73.000000  11.313708
100.600000  58.500000  2.121320
100.700000  64.500000  7.778175
100.800000  65.500000  2.121320
100.900000  52.500000  17.677670
101.000000  67.500000  34.648232
101.100000  53.000000  14.142136
101.200000  58.000000  18.384776
101.300000  58.500000  30.405592
101.400000  60.000000  29.698485
101.500000  52.500000  20.506097
101.600000  49.500000  30.405592
101.700000  54.500000  28.991378
101.800000  51.500000  26.162951
101.900000  56.000000  18.384776
102.000000  54.500000  26.162951
102.100000  48.500000  16.263456
102.200000  55.000000  18.384776
102.300000  52.000000  29.698485
102.400000  58.500000  23.334524
102.500000  55.000000  16.970563
102.600000  49.000000  19.798990
102.700000  47.000000  7.071068
102.800000  60.000000  26.870058
102.900000  55.000000  15.556349
103.000000  51.500000  12.020815
103.100000  47.000000  5.656854
103.200000  39.000000  8.485281
103.300000  55.500000  37.476659
103.400000  59.500000  27.577164
103.500000  60.000000  28.284271
103.600000  56.500000  20.506097
103.700000  54.500000  27.577164
103.800000  56.000000  16.970563
103.900000  55.500000  26.162951
104.000000  64.500000  36.062446
104.100000  55.000000  11.313708
104.200000  50.500000  19.091883
104.300000  47.500000  20.506097
104.400000  56.000000  21.213203
104.500000  53.500000  27.577164
104.600000  66.500000  27.577164
104.700000  59.000000  22.627417
104.800000  51.500000  28.991378
104.900000  51.500000  26.162951
105.000000  58.000000  41.012193
105.100000  56.500000  23.334524
105.200000  49.000000  8.485281
105.300000  54.500000  3.535534
105.400000  50.000000  14.142136
105.500000  60.000000  9.899495
105.600000  53.000000  4.242641
105.700000  48.500000  19.091883
105.800000  64.000000  21.213203
105.900000  55.500000  2.121320
106.000000  52.000000  8.485281
106.100000  66.000000  14.142136
106.200000  63.500000  6.363961
106.300000  61.500000  10.606602
106.400000  53.000000  18.384776
106.500000  59.500000  13.435029
106.600000  60.000000  7.071068
106.700000  54.000000  1.414214
106.800000  67.000000  11.313708
106.900000  63.500000  16.263456
107.000000  63.500000  12.020815
107.100000  59.500000  3.535534
107.200000  60.000000  9.899495
107.300000  53.000000  8.485281
107.400000  54.500000  7.778175
107.500000  56.000000  2.828427
107.600000  53.000000  4.242641
107.700000  57.500000  6.363961
107.800000  59.000000  12.727922
107.900000  54.500000  12.020815
108.000000  58.000000  2.828427
108.100000  55.500000  7.778175
108.200000  59.000000  14.142136
108.300000  60.500000  7.778175
108.400000  56.500000  6.363961
108.500000  61.000000  1.414214
108.600000  58.000000  2.828427
108.700000  60.500000  6.363961
108.800000  54.500000  3.535534
108.900000  55.000000  1.414214
109.000000  58.000000  0.000000
109.100000  54.000000  2.828427
109.200000  53.500000  2.121320
109.300000  56.000000  15.556349
109.400000  53.000000  15.556349
109.500000  59.500000  20.506097
109.600000  59.000000  21.213203
109.700000  51.500000  12.020815
109.800000  49.500000  0.707107
109.900000  46.500000  0.707107
110.000000  55.000000  16.970563
110.100000  56.500000  6.363961
110.200000  45.500000  3.535534
110.300000  61.500000  13.435029
110.400000  56.000000  7.071068
110.500000  62.500000  14.849242
110.600000  52.000000  7.071068
110.700000  53.000000  2.828427
110.800000  62.000000  15.556349
110.900000  57.500000  3.535534
111.000000  57.000000  7.071068
111.100000  60.500000  6.363961
111.200000  55.000000  11.313708
111.300000  55.000000  14.142136
111.400000  49.500000  2.121320
111.500000  55.500000  4.949747
111.600000  60.000000  8.485281
111.700000  57.500000  6.363961
111.800000  51.500000  3.535534
111.900000  51.500000  0.707107
112.000000  51.500000  2.121320
112.100000  53.500000  7.778175
112.200000  53.500000  13.435029
112.300000  57.000000  1.414214
112.400000  54.500000  12.020815
112.500000  57.000000  12.727922
112.600000  61.500000  7.778175
112.700000  51.500000  17.677670
112.800000  52.000000  24.041631
112.900000  45.000000  14.142136
113.000000  51.000000  19.798990
113.100000  55.500000  24.748737
113.200000  53.500000  27.577164
113.300000  60.000000  18.384776
113.400000  53.500000  16.263456
113.500000  57.000000  24.041631
113.600000  52.000000  2.828427
113.700000  50.000000  19.798990
113.800000  47.500000  24.748737
113.900000  50.000000  8.485281
114.000000  47.500000  14.849242
114.100000  52.000000  1.414214
114.200000  54.500000  4.949747
114.300000  58.500000  10.606602
114.400000  48.500000  23.334524
114.500000  55.000000  15.556349
114.600000  52.000000  1.414214
114.700000  53.000000  2.828427
114.800000  53.500000  12.020815
114.900000  58.500000  26.162951
115.000000  43.500000  12.020815
115.100000  50.000000  16.970563
115.200000  43.500000  10.606602
115.300000  47.500000  16.263456
115.400000  43.000000  1.414214
115.500000  54.000000  16.970563
115.600000  47.500000  3.535534
115.700000  50.000000  14.142136
115.800000  48.500000  4.949747
115.900000  42.000000  8.485281
116.000000  45.500000  2.121320
116.100000  58.500000  7.778175
116.200000  47.000000  16.970563
116.300000  49.000000  11.313708
116.400000  52.500000  4.949747
116.500000  56.000000  18.384776
116.600000  54.000000  11.313708
116.700000  53.000000  5.656854
116.800000  56.500000  0.707107
116.900000  55.000000  16.970563
117.000000  46.500000  3.535534
117.100000  50.000000  9.899495
117.200000  53.000000  16.970563
117.300000  50.500000  16.263456
117.400000  61.000000  15.556349
117.500000  52.500000  6.363961
117.600000  56.000000  2.828427
117.700000  59.500000  10.606602
117.800000  52.500000  4.949747
117.900000  52.000000  5.656854
118.000000  66.000000  8.485281
118.100000  55.500000  6.363961
118.200000  53.000000  2.828427
118.300000  49.000000  0.000000
118.400000  49.000000  2.828427
118.500000  59.000000  5.656854
118.600000  63.000000  7.071068
118.700000  55.500000  2.121320
118.800000  54.000000  4.242641
118.900000  61.000000  8.485281
119.000000  60.500000  14.849242
119.100000  58.500000  4.949747
119.200000  58.000000  1.414214
119.300000  59.500000  2.121320
119.400000  55.000000  4.242641
119.500000  61.500000  4.949747
119.600000  63.000000  1.414214
119.700000  58.000000  7.071068
119.800000  59.000000  4.242641
119.900000  60.000000  4.242641
120.000000  61.000000  9.899495
120.100000  56.000000  11.313708
120.200000  54.500000  0.707107
120.300000  62.000000  4.242641
120.400000  61.500000  10.606602
120.500000  62.000000  7.071068
120.600000  59.000000  9.899495
120.700000  54.500000  12.020815
120.800000  53.500000  0.707107
120.900000  61.000000  4.242641
121.000000  67.000000  8.485281
121.100000  54.000000  4.242641
121.200000  60.500000  2.121320
121.300000  69.000000  11.313708
121.400000  64.000000  5.656854
121.500000  57.500000  4.949747
121.600000  57.500000  10.606602
121.700000  47.000000  9.899495
121.800000  56.000000  2.828427
121.900000  47.500000  6.363961
122.000000  59.500000  9.192388
122.100000  63.000000  7.071068
122.200000  57.500000  0.707107
122.300000  61.500000  6.363961
122.400000  54.500000  4.949747
122.500000  56.000000  4.242641
122.600000  57.500000  13.435029
122.700000  60.000000  5.656854
122.800000  64.500000  2.121320
122.900000  58.500000  13.435029
123.000000  61.000000  2.828427
123.100000  58.500000  12.020815
123.200000  64.500000  9.192388
123.300000  52.500000  7.778175
123.400000  59.500000  0.707107
123.500000  62.500000  4.949747
123.600000  66.500000  9.192388
123.700000  60.500000  4.949747
123.800000  57.000000  5.656854
123.900000  64.000000  8.485281
124.000000  65.000000  1.414214
124.100000  64.000000  2.828427
124.200000  64.500000  16.263456
124.300000  64.500000  9.192388
124.400000  58.000000  1.414214
124.500000  66.000000  7.071068
124.600000  63.000000  2.828427
124.700000  60.000000  11.313708
124.800000  62.500000  6.363961
124.900000  54.000000  7.071068
125.000000  62.500000  4.949747
125.100000  66.000000  1.414214
125.200000  57.500000  0.707107
125.300000  49.000000  5.656854
125.400000  51.500000  4.949747
125.500000  62.500000  3.535534
125.600000  57.500000  6.363961
125.700000  49.500000  3.535534
125.800000  50.000000  7.071068
125.900000  56.000000  5.656854
126.000000  52.000000  12.727922
126.100000  53.000000  1.414214
126.200000  53.500000  6.363961
126.300000  57.500000  0.707107
126.400000  54.000000  2.828427
126.500000  58.500000  14.849242
126.600000  54.000000  5.656854
126.700000  52.000000  1.414214
126.800000  47.000000  1.414214
126.900000  46.000000  5.656854
127.000000  46.500000  2.121320
127.100000  50.500000  3.535534
127.200000  49.500000  13.435029
127.300000  64.000000  18.384776
127.400000  54.000000  18.384776
127.500000  58.000000  16.970563
127.600000  59.500000  13.435029
127.700000  56.000000  15.556349
127.800000  61.000000  5.656854
127.900000  57.000000  8.485281
128.000000  65.000000  19.798990
128.100000  61.000000  4.242641
128.200000  55.000000  16.970563
128.300000  57.000000  4.242641
128.400000  54.500000  0.707107
128.500000  57.000000  8.485281
128.600000  62.500000  2.121320
128.700000  58.000000  15.556349
128.800000  53.500000  9.192388
128.900000  59.500000  17.677670
129.000000  58.000000  16.970563
129.100000  57.500000  6.363961
129.200000  60.000000  8.485281
129.300000  56.500000  19.091883
129.400000  58.000000  12.727922
129.500000  65.000000  9.899495
129.600000  61.500000  4.949747
129.700000  54.500000  9.192388
129.800000  54.500000  9.192388
129.900000  53.500000  3.535534
130.000000  56.000000  14.142136
130.100000  49.000000  4.242641
130.200000  52.000000  5.656854
130.300000  55.500000  12.020815
130.400000  57.000000  5.656854
130.500000  55.000000  2.828427
130.600000  68.000000  8.485281
130.700000  58.500000  23.334524
130.800000  64.000000  19.798990
130.900000  61.500000  27.577164
131.000000  59.500000  14.849242
131.100000  63.500000  23.334524
131.200000  51.000000  9.899495
131.300000  56.000000  24.041631
131.400000  59.000000  16.970563
131.500000  58.000000  8.485281
131.600000  60.500000  12.020815
131.700000  57.500000  24.748737
131.800000  62.000000  19.798990
131.900000  50.000000  22.627417
132.000000  56.000000  22.627417
132.100000  63.500000  20.506097
132.200000  55.500000  21.920310
132.300000  53.500000  16.263456
132.400000  54.000000  18.384776
132.500000  56.500000  12.020815
132.600000  58.500000  6.363961
132.700000  58.500000  7.778175
132.800000  60.000000  16.970563
132.900000  61.500000  3.535534
133.000000  57.000000  0.000000
133.100000  58.000000  5.656854
133.200000  64.500000  10.606602
133.300000  67.500000  23.334524
133.400000  62.500000  12.020815
133.500000  54.000000  12.727922
133.600000  60.000000  12.727922
133.700000  51.500000  9.192388
133.800000  52.500000  2.121320
133.900000  66.500000  6.363961
134.000000  53.000000  24.041631
134.100000  58.000000  12.727922
134.200000  51.500000  16.263456
134.300000  57.500000  24.748737
134.400000  55.000000  15.556349
134.500000  63.500000  20.506097
134.600000  60.500000  10.606602
134.700000  58.000000  7.071068
134.800000  64.500000  14.849242
134.900000  51.500000  9.192388
135.000000  54.000000  0.000000
135.100000  55.500000  4.949747
135.200000  58.000000  4.242641
135.300000  65.500000  9.192388
135.400000  48.000000  7.071068
135.500000  59.500000  2.121320
135.600000  67.500000  6.363961
135.700000  66.000000  11.313708
135.800000  65.500000  0.707107
135.900000  63.500000  10.606602
136.000000  57.000000  0.000000
136.100000  56.500000  3.535534
136.200000  56.000000  9.899495
136.300000  58.000000  7.071068
136.400000  63.000000  8.485281
136.500000  68.000000  8.485281
136.600000  52.500000  0.707107
136.700000  57.500000  6.363961
136.800000  60.500000  0.707107
136.900000  66.000000  7.071068
137.000000  63.500000  7.778175
137.100000  56.000000  8.485281
137.200000  62.000000  16.970563
137.300000  67.500000  12.020815
137.400000  63.500000  6.363961
137.500000  62.500000  10.606602
137.600000  59.500000  9.192388
137.700000  61.000000  5.656854
137.800000  67.500000  3.535534
137.900000  59.000000  2.828427
138.000000  65.500000  16.263456
138.100000  66.500000  6.363961
138.200000  67.500000  4.949747
138.300000  63.000000  8.485281
138.400000  55.500000  13.435029
138.500000  46.500000  10.606602
138.600000  59.500000  16.263456
138.700000  56.000000  1.414214
138.800000  52.000000  8.485281
138.900000  57.000000  5.656854
139.000000  54.000000  14.142136
139.100000  48.500000  19.091883
139.200000  49.000000  0.000000
139.300000  56.000000  18.384776
139.400000  61.000000  2.828427
139.500000  53.500000  7.778175
139.600000  54.500000  6.363961
139.700000  49.000000  14.142136
139.800000  61.500000  3.535534
139.900000  58.000000  9.899495
140.000000  57.000000  14.142136
140.100000  55.000000  1.414214
140.200000  54.000000  2.828427
140.300000  57.000000  2.828427
140.400000  51.000000  1.414214
140.500000  57.500000  3.535534
140.600000  67.500000  17.677670
140.700000  63.500000  7.778175
140.800000  57.500000  0.707107
140.900000  59.000000  16.970563
141.000000  47.000000  18.384776
141.100000  49.500000  13.435029
141.200000  57.000000  4.242641
141.300000  64.000000  0.000000
141.400000  66.000000  5.656854
141.500000  63.500000  13.435029
141.600000  62.000000  11.313708
141.700000  66.500000  0.707107
141.800000  63.500000  6.363961
141.900000  62.000000  7.071068
142.000000  67.500000  13.435029
142.100000  61.000000  16.970563
142.200000  65.500000  19.091883
142.300000  66.500000  10.606602
142.400000  64.500000  19.091883
142.500000  66.500000  19.091883
142.600000  60.500000  9.192388
142.700000  56.000000  4.242641
142.800000  54.500000  19.091883
142.900000  70.000000  18.384776
143.000000  70.500000  7.778175
143.100000  68.500000  0.707107
143.200000  65.500000  4.949747
143.300000  63.000000  5.656854
143.400000  58.000000  16.970563
143.500000  63.000000  9.899495
143.600000  50.000000  12.727922
143.700000  62.000000  0.000000
143.800000  63.500000  12.020815
143.900000  57.000000  14.142136
144.000000  62.500000  3.535534
144.100000  65.500000  13.435029
144.200000  58.500000  2.121320
144.300000  65.000000  5.656854
144.400000  64.000000  11.313708
144.500000  60.000000  12.727922
144.600000  59.500000  13.435029
144.700000  55.000000  21.213203
144.800000  57.500000  0.707107
144.900000  55.000000  0.000000
145.000000  59.500000  3.535534
145.100000  69.500000  3.535534
145.200000  67.500000  6.363961
145.300000  75.500000  3.535534
145.400000  69.000000  1.414214
145.500000  68.500000  0.707107
145.600000  59.000000  11.313708
145.700000  62.000000  12.727922
145.800000  60.000000  2.828427
145.900000  72.000000  0.000000
146.000000  63.500000  4.949747
146.100000  67.000000  7.071068
146.200000  62.500000  2.121320
146.300000  58.500000  3.535534
146.400000  61.500000  2.121320
146.500000  59.000000  8.485281
146.600000  63.000000  4.242641
146.700000  70.500000  4.949747
146.800000  74.500000  9.192388
146.900000  64.500000  12.020815
147.000000  59.500000  9.192388
147.100000  60.500000  6.363961
147.200000  65.500000  13.435029
147.300000  69.500000  14.849242
147.400000  66.500000  3.535534
147.500000  65.000000  2.828427
147.600000  58.500000  2.121320
147.700000  61.000000  4.242641
147.800000  61.500000  2.121320
147.900000  55.500000  9.192388
148.000000  65.000000  11.313708
148.100000  60.000000  14.142136
148.200000  55.000000  7.071068
148.300000  56.000000  7.071068
148.400000  55.500000  21.920310
148.500000  61.000000  5.656854
148.600000  57.000000  0.000000
148.700000  64.500000  6.363961
148.800000  64.000000  5.656854
148.900000  60.000000  1.414214
149.000000  64.500000  0.707107
149.100000  64.000000  1.414214
149.200000  60.000000  1.414214
149.300000  63.000000  11.313708
149.400000  60.500000  3.535534
149.500000  60.000000  0.000000
149.600000  58.500000  6.363961
149.700000  65.000000  16.970563
149.800000  56.000000  1.414214
149.900000  68.000000  21.213203
150.000000  58.500000  14.849242
150.100000  53.000000  4.242641
150.200000  64.500000  4.949747
150.300000  69.000000  12.727922
150.400000  58.500000  17.677670
150.500000  64.500000  13.435029
150.600000  65.000000  5.656854
150.700000  69.500000  12.020815
150.800000  68.000000  8.485281
150.900000  59.000000  16.970563
151.000000  65.500000  7.778175
151.100000  64.500000  13.435029
151.200000  59.500000  9.192388
151.300000  68.000000  12.727922
151.400000  68.000000  7.071068
151.500000  65.000000  7.071068
151.600000  64.000000  15.556349
151.700000  72.500000  6.363961
151.800000  65.000000  14.142136
151.900000  64.500000  12.020815
152.000000  75.500000  0.707107
152.100000  63.000000  11.313708
152.200000  65.000000  15.556349
152.300000  66.500000  16.263456
152.400000  63.500000  14.849242
152.500000  65.000000  12.727922
152.600000  63.500000  6.363961
152.700000  64.500000  6.363961
152.800000  61.500000  19.091883
152.900000  61.000000  21.213203
153.000000  57.500000  7.778175
153.100000  67.000000  12.727922
153.200000  74.500000  3.535534
153.300000  68.000000  8.485281
153.400000  70.500000  9.192388
153.500000  72.000000  7.071068
153.600000  68.500000  14.849242
153.700000  69.000000  11.313708
153.800000  63.000000  15.556349
153.900000  71.000000  15.556349
154.000000  62.500000  10.606602
154.100000  63.500000  12.020815
154.200000  67.000000  16.970563
154.300000  74.000000  25.455844
154.400000  63.500000  27.577164
154.500000  64.500000  9.192388
154.600000  65.500000  13.435029
154.700000  63.000000  8.485281
154.800000  69.000000  9.899495
154.900000  70.000000  14.142136
155.000000  68.500000  9.192388
155.100000  60.000000  14.142136
155.200000  60.500000  0.707107
155.300000  65.500000  14.849242
155.400000  67.500000  17.677670
155.500000  68.000000  11.313708
155.600000  62.500000  3.535534
155.700000  52.500000  0.707107
155.800000  61.500000  2.121320
155.900000  68.000000  1.414214
156.000000  59.000000  12.727922
156.100000  51.500000  9.192388
156.200000  64.500000  20.506097
156.300000  69.500000  16.263456
156.400000  59.500000  2.121320
156.500000  70.500000  12.020815
156.600000  58.000000  2.828427
156.700000  54.500000  13.435029
156.800000  60.500000  16.263456
156.900000  56.000000  7.071068
157.000000  62.500000  26.162951
157.100000  57.000000  9.899495
157.200000  52.500000  13.435029
157.300000  59.000000  11.313708
157.400000  62.000000  11.313708
157.500000  61.000000  14.142136
157.600000  63.000000  18.384776
157.700000  65.500000  21.920310
157.800000  67.500000  19.091883
157.900000  62.500000  14.849242
158.000000  66.500000  17.677670
158.100000  60.500000  6.363961
158.200000  56.500000  13.435029
158.300000  58.500000  12.020815
158.400000  67.000000  16.970563
158.500000  68.000000  19.798990
158.600000  57.500000  16.263456
158.700000  74.000000  22.627417
158.800000  67.500000  17.677670
158.900000  64.000000  4.242641
159.000000  65.500000  19.091883
159.100000  73.000000  16.970563
159.200000  72.500000  3.535534
159.300000  60.500000  10.606602
159.400000  67.500000  31.819805
159.500000  65.500000  12.020815
159.600000  63.000000  7.071068
159.700000  53.500000  3.535534
159.800000  63.000000  9.899495
159.900000  66.500000  3.535534
160.000000  48.500000  2.121320
160.100000  57.500000  3.535534
160.200000  60.500000  4.949747
160.300000  62.000000  4.242641
160.400000  61.500000  0.707107
160.500000  56.500000  10.606602
160.600000  53.000000  9.899495
160.700000  50.500000  2.121320
160.800000  45.500000  0.707107
160.900000  58.500000  4.949747
161.000000  50.000000  8.485281
161.100000  65.000000  5.656854
161.200000  68.500000  10.606602
161.300000  61.000000  2.828427
161.400000  61.500000  13.435029
161.500000  59.000000  15.556349
161.600000  63.000000  7.071068
161.700000  57.500000  12.020815
161.800000  64.500000  4.949747
161.900000  62.000000  7.071068
162.000000  53.000000  4.242641
162.100000  66.000000  5.656854
162.200000  63.000000  7.071068
162.300000  61.000000  1.414214
162.400000  65.500000  16.263456
162.500000  61.000000  9.899495
162.600000  58.000000  4.242641
162.700000  65.500000  9.192388
162.800000  50.500000  13.435029
162.900000  54.000000  12.727922
163.000000  63.000000  5.656854
163.100000  50.000000  8.485281
163.200000  54.000000  4.242641
163.300000  52.000000  5.656854
163.400000  61.500000  2.121320
163.500000  57.000000  5.656854
163.600000  50.500000  10.606602
163.700000  60.500000  2.121320
163.800000  61.000000  0.000000
163.900000  56.000000  11.313708
164.000000  55.000000  4.242641
164.100000  52.500000  10.606602
164.200000  58.000000  7.071068
164.300000  61.500000  2.121320
164.400000  48.000000  0.000000
164.500000  49.000000  0.000000
164.600000  57.500000  4.949747
164.700000  53.000000  8.485281
164.800000  56.500000  10.606602
164.900000  49.500000  0.707107
165.000000  48.000000  1.414214
165.100000  50.500000  2.121320
165.200000  52.000000  4.242641
165.300000  53.000000  2.828427
165.400000  50.000000  1.414214
165.500000  47.000000  9.899495
165.600000  52.000000  9.899495
165.700000  55.500000  2.121320
165.800000  55.500000  10.606602
165.900000  67.500000  0.707107
166.000000  59.500000  3.535534
166.100000  59.500000  17.677670
166.200000  66.500000  4.949747
166.300000  63.500000  4.949747
166.400000  60.500000  6.363961
166.500000  60.000000  0.000000
166.600000  55.500000  2.121320
166.700000  54.000000  2.828427
166.800000  63.000000  16.970563
166.900000  59.500000  10.606602
167.000000  54.500000  0.707107
167.100000  59.000000  4.242641
167.200000  56.500000  3.535534
167.300000  62.500000  3.535534
167.400000  58.000000  5.656854
167.500000  58.500000  2.121320
167.600000  60.000000  4.242641
167.700000  55.500000  0.707107
167.800000  55.500000  4.949747
167.900000  64.000000  2.828427
168.000000  59.500000  4.949747
168.100000  53.500000  0.707107
168.200000  63.000000  1.414214
168.300000  66.000000  15.556349
168.400000  54.500000  0.707107
168.500000  51.500000  9.192388
168.600000  63.500000  2.121320
168.700000  52.500000  3.535534
168.800000  57.500000  2.121320
168.900000  54.000000  1.414214
169.000000  54.000000  7.071068
169.100000  54.500000  4.949747
169.200000  62.000000  4.242641
169.300000  62.000000  2.828427
169.400000  56.500000  0.707107
169.500000  53.000000  11.313708
169.600000  56.500000  13.435029
169.700000  60.000000  9.899495
169.800000  55.000000  0.000000
169.900000  47.500000  7.778175
170.000000  50.500000  4.949747
170.100000  50.000000  7.071068
170.200000  53.000000  11.313708
170.300000  49.000000  2.828427
170.400000  58.000000  1.414214
170.500000  59.000000  1.414214
170.600000  49.500000  3.535534
170.700000  54.500000  4.949747
170.800000  56.500000  4.949747
170.900000  53.000000  7.071068
171.000000  62.500000  7.778175
171.100000  61.000000  9.899495
171.200000  55.500000  3.535534
171.300000  61.000000  9.899495
171.400000  62.500000  10.606602
171.500000  58.000000  8.485281
171.600000  61.500000  6.363961
171.700000  66.000000  7.071068
171.800000  61.000000  2.828427
171.900000  54.500000  12.020815
172.000000  57.000000  1.414214
172.100000  59.000000  4.242641
172.200000  65.500000  19.091883
172.300000  64.000000  12.727922
172.400000  56.500000  14.849242
172.500000  65.500000  13.435029
172.600000  67.500000  10.606602
172.700000  55.500000  21.920310
172.800000  59.000000  16.970563
172.900000  64.500000  9.192388
173.000000  63.500000  10.606602
173.100000  65.000000  12.727922
173.200000  53.500000  10.606602
173.300000  63.000000  7.071068
173.400000  49.000000  1.414214
173.500000  63.000000  5.656854
173.600000  53.500000  4.949747
173.700000  56.000000  4.242641
173.800000  60.000000  5.656854
173.900000  54.000000  7.071068
174.000000  54.500000  2.121320
174.100000  52.000000  5.656854
174.200000  52.000000  2.828427
174.300000  50.500000  4.949747
174.400000  56.500000  0.707107
174.500000  49.500000  0.707107
174.600000  66.500000  0.707107
174.700000  53.500000  4.949747
174.800000  58.000000  15.556349
174.900000  58.000000  8.485281
175.000000  57.500000  0.707107
175.100000  50.500000  4.949747
175.200000  49.000000  16.970563
175.300000  50.500000  9.192388
175.400000  53.500000  16.263456
175.500000  54.000000  4.242641
175.600000  51.500000  6.363961
175.700000  57.500000  6.363961
175.800000  61.000000  9.899495
175.900000  54.500000  3.535534
176.000000  59.500000  0.707107
176.100000  55.500000  6.363961
176.200000  54.000000  1.414214
176.300000  58.500000  3.535534
176.400000  57.000000  8.485281
176.500000  56.500000  2.121320
176.600000  64.000000  9.899495
176.700000  55.500000  7.778175
176.800000  50.500000  7.778175
176.900000  49.500000  4.949747
177.000000  43.500000  20.506097
177.100000  50.000000  8.485281
177.200000  49.500000  0.707107
177.300000  47.500000  2.121320
177.400000  51.000000  1.414214
177.500000  59.000000  7.071068
177.600000  50.000000  4.242641
177.700000  52.000000  2.828427
177.800000  53.500000  4.949747
177.900000  55.500000  7.778175
178.000000  48.000000  11.313708
178.100000  57.000000  2.828427
178.200000  51.000000  4.242641
178.300000  52.000000  4.242641
178.400000  61.000000  12.727922
178.500000  49.000000  5.656854
178.600000  59.000000  4.242641
178.700000  50.500000  2.121320
178.800000  48.500000  10.606602
178.900000  52.000000  9.899495
179.000000  54.500000  0.707107
179.100000  55.000000  0.000000
179.200000  54.500000  0.707107
179.300000  58.500000  9.192388
179.400000  58.500000  10.606602
179.500000  64.500000  2.121320
179.600000  53.000000  4.242641
179.700000  65.500000  2.121320
179.800000  60.500000  3.535534
179.900000  60.000000  0.000000
180.000000  60.000000  0.000000
180.100000  55.000000  1.414214
180.200000  62.500000  3.535534
180.300000  56.500000  3.535534
180.400000  60.500000  2.121320
180.500000  43.500000  2.121320
180.600000  55.500000  6.363961
180.700000  63.000000  2.828427
180.800000  61.500000  9.192388
180.900000  66.500000  0.707107
181.000000  70.000000  31.112698
181.100000  65.000000  15.556349
181.200000  69.500000  24.748737
181.300000  61.000000  9.899495
181.400000  71.000000  24.041631
181.500000  64.000000  9.899495
181.600000  64.000000  14.142136
181.700000  69.000000  24.041631
181.800000  68.500000  13.435029
181.900000  71.000000  15.556349
182.000000  63.500000  12.020815
182.100000  64.000000  15.556349
182.200000  62.500000  13.435029
182.300000  65.500000  17.677670
182.400000  68.500000  10.606602
182.500000  58.500000  6.363961
182.600000  64.500000  12.020815
182.700000  57.500000  10.606602
182.800000  62.500000  7.778175
182.900000  61.500000  7.778175
183.000000  58.000000  5.656854
183.100000  62.000000  18.384776
183.200000  68.000000  15.556349
183.300000  70.500000  14.849242
183.400000  53.500000  14.849242
183.500000  73.000000  16.970563
183.600000  60.500000  10.606602
183.700000  69.500000  23.334524
183.800000  71.000000  16.970563
183.900000  59.500000  2.121320
184.000000  60.500000  10.606602
184.100000  63.000000  15.556349
184.200000  62.500000  4.949747
184.300000  67.000000  12.727922
184.400000  64.000000  4.242641
184.500000  65.500000  10.606602
184.600000  73.000000  14.142136
184.700000  67.500000  20.506097
184.800000  68.500000  7.778175
184.900000  67.500000  14.849242
185.000000  61.000000  14.142136
185.100000  65.000000  15.556349
185.200000  60.500000  6.363961
185.300000  54.000000  0.000000
185.400000  63.500000  13.435029
185.500000  58.000000  4.242641
185.600000  78.000000  19.798990
185.700000  65.500000  13.435029
185.800000  60.000000  11.313708
185.900000  59.000000  11.313708
186.000000  65.000000  29.698485
186.100000  61.000000  26.870058
186.200000  67.500000  12.020815
186.300000  69.000000  7.071068
186.400000  65.000000  12.727922
186.500000  63.000000  7.071068
186.600000  59.500000  20.506097
186.700000  61.000000  15.556349
186.800000  63.500000  17.677670
186.900000  53.500000  9.192388
187.000000  65.500000  0.707107
187.100000  60.500000  10.606602
187.200000  71.500000  16.263456
187.300000  67.500000  16.263456
187.400000  75.000000  25.455844
187.500000  78.000000  24.041631
187.600000  62.500000  7.778175
187.700000  74.000000  16.970563
187.800000  62.000000  22.627417
187.900000  61.500000  6.363961
188.000000  57.500000  12.020815
188.100000  69.500000  10.606602
188.200000  62.000000  14.142136
188.300000  66.000000  2.828427
188.400000  62.500000  12.020815
188.500000  64.500000  7.778175
188.600000  53.000000  1.414214
188.700000  62.500000  19.091883
188.800000  72.000000  22.627417
188.900000  67.000000  15.556349
189.000000  68.500000  6.363961
189.100000  77.000000  7.071068
189.200000  70.000000  15.556349
189.300000  65.500000  4.949747
189.400000  73.000000  11.313708
189.500000  72.500000  20.506097
189.600000  62.500000  17.677670
189.700000  69.500000  14.849242
189.800000  70.500000  13.435029
189.900000  69.500000  10.606602
190.000000  58.000000  9.899495
190.100000  67.000000  8.485281
190.200000  64.000000  22.627417
190.300000  63.000000  15.556349
190.400000  62.000000  7.071068
190.500000  61.000000  29.698485
190.600000  66.500000  20.506097
190.700000  74.000000  33.941125
190.800000  64.500000  23.334524
190.900000  63.500000  14.849242
191.000000  67.000000  24.041631
191.100000  63.000000  9.899495
191.200000  68.500000  20.506097
191.300000  60.000000  15.556349
191.400000  67.500000  10.606602
191.500000  65.000000  18.384776
191.600000  73.000000  8.485281
191.700000  66.500000  21.920310
191.800000  65.000000  24.041631
191.900000  68.000000  15.556349
192.000000  55.000000  7.071068
192.100000  65.500000  0.707107
192.200000  73.000000  15.556349
192.300000  63.500000  2.121320
192.400000  64.500000  14.849242
192.500000  70.000000  14.142136
192.600000  67.500000  17.677670
192.700000  70.000000  8.485281
192.800000  71.500000  6.363961
192.900000  65.000000  0.000000
193.000000  73.500000  0.707107
193.100000  70.500000  7.778175
193.200000  69.500000  7.778175
193.300000  59.000000  15.556349
193.400000  66.000000  22.627417
193.500000  65.000000  9.899495
193.600000  55.000000  0.000000
193.700000  66.000000  2.828427
193.800000  67.500000  21.920310
193.900000  63.500000  14.849242
194.000000  65.500000  10.606602
194.100000  68.500000  14.849242
194.200000  62.000000  7.071068
194.300000  68.000000  7.071068
194.400000  60.500000  0.707107
194.500000  62.000000  7.071068
194.600000  61.500000  10.606602
194.700000  68.500000  6.363961
194.800000  61.000000  1.414214
194.900000  63.500000  0.707107
195.000000  64.000000  9.899495
195.100000  66.500000  10.606602
195.200000  67.500000  0.707107
195.300000  56.500000  4.949747
195.400000  65.500000  2.121320
195.500000  65.000000  11.313708
195.600000  62.000000  11.313708
195.700000  52.000000  2.828427
195.800000  65.000000  4.242641
195.900000  62.500000  13.435029
196.000000  65.500000  10.606602
196.100000  62.500000  20.506097
196.200000  58.000000  18.384776
196.300000  70.500000  20.506097
196.400000  63.500000  6.363961
196.500000  60.500000  19.091883
196.600000  64.500000  9.192388
196.700000  63.500000  14.849242
196.800000  65.000000  2.828427
196.900000  61.000000  12.727922
197.000000  63.500000  23.334524
197.100000  62.500000  14.849242
197.200000  66.000000  11.313708
197.300000  66.000000  12.727922
197.400000  69.500000  2.121320
197.500000  60.000000  11.313708
197.600000  63.500000  3.535534
197.700000  70.000000  2.828427
197.800000  82.000000  7.071068
197.900000  65.000000  7.071068
198.000000  72.000000  11.313708
198.100000  75.000000  4.242641
198.200000  69.000000  5.656854
198.300000  60.500000  14.849242
198.400000  57.500000  7.778175
198.500000  62.500000  10.606602
198.600000  64.500000  7.778175
198.700000  61.000000  4.242641
198.800000  58.500000  16.263456
198.900000  71.000000  5.656854
199.000000  60.000000  12.727922
199.100000  59.500000  17.677670
199.200000  68.500000  7.778175
199.300000  63.500000  13.435029
199.400000  59.000000  19.798990
199.500000  62.500000  17.677670
199.600000  62.500000  23.334524
199.700000  55.000000  14.142136
199.800000  60.500000  14.849242
199.900000  63.000000  33.941125
200.000000  55.000000  22.627417
