# aggregated from 2 replicates
# x  mean  std
0.000000  5.911400  0.000000
0.100000  6.081050  0.414011
0.200000  5.866800  0.844003
0.300000  6.362800  0.982878
0.400000  6.061450  0.930482
0.500000  6.247550  0.953109
0.600000  6.412100  1.078055
0.700000  6.145400  0.790404
0.800000  6.048350  0.462660
0.900000  6.079150  0.390394
1.000000  5.963500  0.361190
1.100000  5.687900  0.253144
1.200000  5.797200  0.396970
1.300000  5.861050  0.175857
1.400000  5.851950  0.051690
1.500000  5.761600  0.229527
1.600000  5.923600  0.161362
1.700000  5.747650  0.025527
1.800000  5.722750  0.059609
1.900000  5.965900  0.168574
2.000000  6.084250  0.278388
2.100000  6.398600  0.106207
2.200000  6.288300  0.202374
2.300000  6.114650  0.219981
2.400000  6.353450  0.162564
2.500000  6.155050  0.231577
2.600000  6.407300  0.308157
2.700000  6.182750  0.146159
2.800000  6.218200  0.180171
2.900000  6.417400  0.018950
3.000000  6.413100  0.158392
3.100000  6.420200  0.116248
3.200000  6.430100  0.027860
3.300000  6.149950  0.174726
3.400000  6.247000  0.215243
3.500000  6.329500  0.333472
3.600000  5.986700  0.073822
3.700000  6.149850  0.225496
3.800000  6.236550  0.318552
3.900000  6.200700  0.575585
4.000000  6.158400  0.138734
4.100000  6.209850  0.220547
4.200000  6.128300  0.348886
4.300000  6.475550  0.190424
4.400000  6.150650  0.090863
4.500000  6.213300  0.018526
4.600000  6.067050  0.198202
4.700000  6.163000  0.042285
4.800000  6.109000  0.093621
4.900000  6.373500  0.169281
5.000000  6.091650  0.075165
5.100000  6.127900  0.054164
5.200000  6.105900  0.161503
5.300000  5.918900  0.247063
5.400000  6.017300  0.349311
5.500000  6.155000  0.156836
5.600000  6.218450  0.134562
5.700000  6.103850  0.336088
5.800000  6.239900  0.019092
5.900000  6.279650  0.323501
6.000000  6.274000  0.087540
6.100000  6.160350  0.122824
6.200000  6.219150  0.233982
6.300000  6.221900  0.147502
6.400000  6.306800  0.077216
6.500000  6.143000  0.267852
6.600000  6.267300  0.081034
6.700000  5.973800  0.261912
6.800000  5.909400  0.325976
6.900000  6.403400  0.127562
7.000000  6.238300  0.169706
7.100000  6.155850  0.287580
7.200000  6.145500  0.221749
7.300000  6.031400  0.088530
7.400000  5.861650  0.206687
7.500000  6.121700  0.078206
7.600000  5.937850  0.700531
7.700000  6.117800  0.244376
7.800000  5.917050  0.208667
7.900000  6.182150  0.210506
8.000000  6.012200  0.199546
8.100000  5.814200  0.337714
8.200000  5.915700  0.437133
8.300000  6.178550  0.257882
8.400000  6.115450  0.390111
8.500000  6.193400  0.284540
8.600000  6.165200  0.468812
8.700000  6.212650  0.216445
8.800000  6.102650  0.126219
8.900000  6.190400  0.138310
9.000000  5.985900  0.046669
9.100000  6.109050  0.164827
9.200000  5.951800  0.213405
9.300000  5.890300  0.093338
9.400000  5.992150  0.340896
9.500000  5.793100  0.019516
9.600000  6.098350  0.043487
9.700000  6.001050  0.161857
9.800000  6.032550  0.188303
9.900000  6.087100  0.055296
10.000000  5.972300  0.280439
10.100000  5.881650  0.124239
10.200000  6.060450  0.012374
10.300000  5.915250  0.245437
10.400000  6.009100  0.200394
10.500000  5.754600  0.173807
10.600000  6.000150  0.036133
10.700000  6.045200  0.057983
10.800000  6.239150  0.194808
10.900000  5.879200  0.135199
11.000000  5.960050  0.087328
11.100000  6.053850  0.045184
11.200000  6.047250  0.083509
11.300000  5.694550  0.201738
11.400000  5.959550  0.190848
11.500000  5.779350  0.196929
11.600000  5.853500  0.289207
11.700000  5.800500  0.542068
11.800000  5.827500  0.050346
11.900000  5.837000  0.024749
12.000000  5.877750  0.232285
12.100000  6.030050  0.130178
12.200000  6.012100  0.040447
12.300000  6.035200  0.083863
12.400000  6.077550  0.015627
12.500000  5.973300  0.231790
12.600000  5.845650  0.007142
12.700000  5.817450  0.182787
12.800000  5.978350  0.009970
12.900000  6.010700  0.013435
13.000000  6.118600  0.143826
13.100000  6.095250  0.044901
13.200000  5.981150  0.090156
13.300000  5.932400  0.341250
13.400000  6.192600  0.186252
13.500000  6.121350  0.215597
13.600000  5.959650  0.041224
13.700000  5.935250  0.131875
13.800000  5.709250  0.251376
13.900000  5.716550  0.338492
14.000000  5.961650  0.180666
14.100000  6.078100  0.005657
14.200000  6.113700  0.014425
14.300000  6.057500  0.000707
14.400000  6.049550  0.131168
14.500000  6.235450  0.107127
14.600000  6.279800  0.216658
14.700000  6.250800  0.194596
14.800000  6.311450  0.267357
14.900000  6.253850  0.214041
15.000000  6.232600  0.213971
15.100000  6.535700  0.098429
15.200000  6.324700  0.495823
15.300000  6.242050  0.389404
15.400000  6.202700  0.148068
15.500000  6.273250  0.351927
15.600000  6.204700  0.323572
15.700000  6.172950  0.211920
15.800000  6.020250  0.049992
15.900000  6.111600  0.251447
16.000000  6.082000  0.031396
16.100000  5.952100  0.268135
16.200000  6.028950  0.135552
16.300000  6.170400  0.180595
16.400000  5.991550  0.215031
16.500000  6.249200  0.326542
16.600000  6.074200  0.123461
16.700000  6.210350  0.001626
16.800000  6.282150  0.204000
16.900000  6.220200  0.227264
17.000000  6.283700  0.016122
17.100000  5.797550  0.024961
17.200000  6.124950  0.271600
17.300000  6.081350  0.084075
17.400000  5.944600  0.189080
17.500000  6.064700  0.240982
17.600000  5.996500  0.020930
17.700000  6.042100  0.040022
17.800000  6.309700  0.351432
17.900000  6.282800  0.355958
18.000000  6.116250  0.006859
18.100000  6.053850  0.008697
18.200000  5.961450  0.115753
18.300000  6.042650  0.031183
18.400000  6.125800  0.227971
18.500000  6.215850  0.123107
18.600000  6.106250  0.079125
18.700000  6.179250  0.014637
18.800000  6.312150  0.275135
18.900000  6.151500  0.240558
19.000000  5.980250  0.084075
19.100000  5.993800  0.184131
19.200000  6.333300  0.227688
19.300000  5.866850  0.337502
19.400000  5.733050  0.468741
19.500000  5.929250  0.097651
19.600000  5.965050  0.020153
19.700000  6.075850  0.212768
19.800000  5.947050  0.192687
19.900000  5.946100  0.219910
20.000000  5.935750  0.106561
20.100000  6.226800  0.201667
20.200000  6.083750  0.044477
20.300000  6.359450  0.130037
20.400000  6.121900  0.076792
20.500000  5.977250  0.139229
20.600000  5.995350  0.117309
20.700000  6.069400  0.489742
20.800000  5.927250  0.423345
20.900000  5.928950  0.454458
21.000000  5.899350  0.015061
21.100000  5.941350  0.150119
21.200000  5.958700  0.156695
21.300000  5.930650  0.160725
21.400000  5.803600  0.538533
21.500000  5.863800  0.438406
21.600000  6.049050  0.330997
21.700000  5.957950  0.127916
21.800000  6.116800  0.300803
21.900000  5.919550  0.024537
22.000000  5.892500  0.037052
22.100000  5.728900  0.323713
22.200000  5.823450  0.184060
22.300000  6.097300  0.049639
22.400000  5.898400  0.126431
22.500000  5.934850  0.135270
22.600000  5.982000  0.336300
22.700000  5.975000  0.000849
22.800000  5.716850  0.202586
22.900000  5.758600  0.007212
23.000000  5.825350  0.221819
23.100000  5.947850  0.121976
23.200000  5.871250  0.144179
23.300000  5.918000  0.255973
23.400000  5.907900  0.198273
23.500000  5.861950  0.201738
23.600000  6.041750  0.038962
23.700000  5.984300  0.095177
23.800000  6.164900  0.075802
23.900000  6.139900  0.149765
24.000000  6.187850  0.064417
24.100000  6.295700  0.164190
24.200000  6.141150  0.005728
24.300000  5.867350  0.377241
24.400000  6.193000  0.000566
24.500000  6.137850  0.189010
24.600000  5.977400  0.407435
24.700000  6.423050  0.224648
24.800000  6.279750  0.100621
24.900000  6.199750  0.329582
25.000000  6.098450  0.148280
25.100000  5.826350  0.009970
25.200000  6.048250  0.000495
25.300000  6.135300  0.131239
25.400000  6.657800  1.048781
25.500000  6.445600  0.545886
25.600000  6.484000  0.738927
25.700000  6.136050  0.529552
25.800000  6.083050  0.132583
25.900000  6.115400  0.245366
26.000000  6.067000  0.169564
26.100000  6.254100  0.124592
26.200000  6.251300  0.159948
26.300000  6.154700  0.353412
26.400000  6.267100  0.341533
26.500000  6.368800  0.100975
26.600000  5.976900  0.095601
26.700000  6.135600  0.319047
26.800000  6.129600  0.299672
26.900000  6.313400  0.205485
27.000000  6.202450  0.142199
27.100000  6.133550  0.067529
27.200000  6.124250  0.099773
27.300000  6.403600  0.138593
27.400000  6.395700  0.534290
27.500000  6.444400  0.579686
27.600000  6.480100  0.343230
27.700000  6.645100  0.584070
27.800000  6.611650  0.693742
27.900000  6.371750  0.477792
28.000000  6.490950  0.491651
28.100000  6.576200  0.170978
28.200000  6.351900  0.611365
28.300000  6.605850  0.576787
28.400000  6.729050  0.972060
28.500000  6.263950  0.677338
28.600000  6.297450  0.503531
28.700000  6.746200  0.583363
28.800000  6.542250  0.480903
28.900000  6.447650  0.713966
29.000000  6.617450  0.866135
29.100000  6.545150  0.827244
29.200000  6.532500  0.699470
29.300000  6.646850  1.356302
29.400000  6.507400  0.810769
29.500000  6.508850  0.929916
29.600000  6.284100  0.957705
29.700000  6.604750  0.879004
29.800000  6.440450  1.029194
29.900000  6.489400  0.859276
30.000000  6.379950  0.856660
30.100000  6.481800  1.041993
30.200000  6.757550  0.888904
30.300000  6.555300  0.863377
30.400000  6.647600  0.507137
30.500000  6.485150  0.736310
30.600000  6.485000  0.644740
30.700000  6.535800  0.996879
30.800000  6.223450  0.983232
30.900000  6.692250  0.681722
31.000000  6.561650  0.296066
31.100000  6.404600  0.630881
31.200000  6.561000  0.701591
31.300000  6.589850  0.729663
31.400000  6.742200  0.307309
31.500000  6.386850  0.645235
31.600000  6.928900  0.670761
31.700000  6.631950  0.745503
31.800000  6.553400  0.721249
31.900000  6.560700  0.596657
32.000000  6.604200  0.443215
32.100000  6.734250  0.676206
32.200000  6.635950  0.612567
32.300000  6.529700  0.669064
32.400000  6.356000  0.874267
32.500000  6.663600  0.289772
32.600000  6.475800  0.635548
32.700000  6.445300  0.833255
32.800000  6.473600  1.006354
32.900000  6.543900  0.545462
33.000000  6.377650  0.519370
33.100000  6.531050  0.843366
33.200000  6.473700  0.681651
33.300000  6.465150  0.744088
33.400000  6.522800  0.816567
33.500000  6.430300  0.684762
33.600000  6.511600  0.940311
33.700000  6.504900  0.881621
33.800000  6.651500  0.887278
33.900000  6.784450  1.286157
34.000000  6.306700  1.014274
34.100000  6.393850  1.514976
34.200000  6.343700  0.787010
34.300000  6.527400  0.729734
34.400000  6.532000  0.935785
34.500000  6.642150  0.655983
34.600000  6.655650  0.825547
34.700000  6.610150  0.702935
34.800000  6.315150  0.633497
34.900000  6.593900  0.770746
35.000000  6.592650  1.064125
35.100000  6.292800  0.946816
35.200000  6.535150  0.850862
35.300000  6.505150  0.654003
35.400000  6.790300  0.685469
35.500000  6.655900  0.945685
35.600000  6.781600  0.897460
35.700000  6.628500  0.816284
35.800000  6.459850  0.839689
35.900000  6.428150  1.237508
36.000000  6.405600  1.240265
36.100000  6.362000  1.247761
36.200000  6.538350  0.981111
36.300000  6.561150  1.041356
36.400000  6.521600  1.204486
36.500000  6.561350  0.787081
36.600000  6.461700  0.913158
36.700000  6.501700  0.892086
36.800000  6.355600  1.034497
36.900000  6.449850  1.062004
37.000000  6.470150  0.766716
37.100000  6.594250  1.046164
37.200000  6.358850  1.080671
37.300000  6.472850  0.977009
37.400000  6.100150  1.385151
37.500000  6.240500  1.213395
37.600000  6.452550  0.940240
37.700000  6.442550  0.992000
37.800000  6.444800  1.190344
37.900000  6.545400  1.187232
38.000000  6.372150  0.673943
38.100000  6.340050  1.193101
38.200000  6.348450  1.131017
38.300000  6.254200  1.364999
38.400000  6.133500  1.027426
38.500000  6.407950  1.288985
38.600000  6.220050  1.259852
38.700000  6.228300  0.910471
38.800000  6.481900  1.051185
38.900000  6.371600  0.837639
39.000000  6.220900  1.040154
39.100000  6.408700  0.949644
39.200000  6.439300  1.478843
39.300000  6.157950  1.148554
39.400000  6.389550  0.997233
39.500000  6.298250  1.211345
39.600000  6.537350  1.028345
39.700000  6.369600  1.152301
39.800000  6.401300  0.981040
39.900000  6.458400  0.696076
40.000000  6.450550  1.195930
40.100000  6.460250  1.044467
40.200000  6.449550  1.062004
40.300000  6.623850  1.111218
40.400000  6.225550  0.916340
40.500000  6.496150  0.982949
40.600000  6.313800  1.166726
40.700000  6.511300  0.855175
40.800000  6.264750  0.621759
40.900000  6.385250  0.651316
41.000000  6.343700  0.877095
41.100000  6.495650  0.929775
41.200000  6.440700  0.769049
41.300000  6.529450  0.978282
41.400000  6.511500  0.728461
41.500000  6.220750  0.634628
41.600000  6.136150  0.847750
41.700000  6.240600  0.525522
41.800000  6.456500  0.570918
41.900000  6.307250  0.847609
42.000000  6.254150  0.685257
42.100000  6.174400  0.975242
42.200000  6.260900  0.567665
42.300000  6.218800  0.751937
42.400000  6.373350  0.452195
42.500000  6.177500  1.089793
42.600000  6.144500  0.878934
42.700000  6.361650  0.544543
42.800000  6.436300  0.875822
42.900000  6.467550  0.415001
43.000000  6.265850  0.846195
43.100000  6.404150  0.860054
43.200000  6.482600  0.670620
43.300000  6.431450  0.861044
43.400000  6.092500  0.623810
43.500000  6.374950  0.941371
43.600000  6.463800  0.630598
43.700000  6.439550  0.909834
43.800000  6.420200  0.775696
43.900000  6.392950  0.578343
44.000000  6.495300  1.089934
44.100000  6.464700  1.060236
44.200000  6.425800  0.816567
44.300000  6.542150  1.121259
44.400000  6.452150  1.056064
44.500000  6.434200  0.993202
44.600000  6.411200  0.852205
44.700000  6.393850  1.020991
44.800000  6.469550  0.966403
44.900000  6.577850  0.854256
45.000000  6.649100  1.008476
45.100000  6.501050  0.763463
45.200000  6.517400  0.772302
45.300000  6.379250  0.639154
45.400000  6.666200  0.577423
45.500000  6.626250  0.854397
45.600000  6.364250  0.917330
45.700000  6.706900  0.722946
45.800000  6.793100  0.724360
45.900000  6.905550  0.429567
46.000000  6.706400  1.091207
46.100000  6.698900  0.821800
46.200000  6.590100  1.007203
46.300000  6.420650  0.813102
46.400000  6.676650  0.644245
46.500000  6.753600  0.552675
46.600000  6.603350  0.650185
46.700000  6.561900  0.586899
46.800000  6.477900  0.752079
46.900000  6.658850  0.696429
47.000000  6.636350  0.836437
47.100000  6.735200  0.625931
47.200000  6.613250  0.652023
47.300000  6.532100  0.629608
47.400000  6.454200  1.255539
47.500000  6.694150  0.875610
47.600000  6.753400  1.025022
47.700000  6.517200  0.818971
47.800000  6.598400  0.695652
47.900000  6.507750  0.872923
48.000000  6.406750  0.739846
48.100000  6.789500  0.430911
48.200000  6.544900  0.541644
48.300000  6.395900  0.735108
48.400000  6.447500  0.565685
48.500000  6.741300  0.672459
48.600000  6.528650  0.744796
48.700000  6.371300  0.657185
48.800000  6.514150  0.887773
48.900000  6.462500  0.884591
49.000000  6.428700  0.803556
49.100000  6.211850  1.018022
49.200000  6.387000  1.275903
49.300000  6.731300  0.550129
49.400000  6.404200  0.699187
49.500000  6.613650  0.971070
49.600000  6.532100  1.150321
49.700000  6.496800  0.749675
49.800000  6.504150  0.756958
49.900000  6.545600  0.880207
50.000000  6.572050  0.865287
50.100000  6.559500  0.570352
50.200000  6.552100  0.875398
50.300000  6.497450  1.056488
50.400000  6.522750  0.920299
50.500000  6.588450  0.584424
50.600000  6.605900  0.520006
50.700000  6.739250  0.867832
50.800000  6.370500  0.666943
50.900000  6.909900  1.335300
51.000000  6.648650  1.378222
51.100000  6.714700  1.361463
51.200000  6.549650  0.452195
51.300000  6.584800  0.561019
51.400000  6.293850  0.681863
51.500000  6.357000  0.520572
51.600000  6.398400  0.712339
51.700000  6.433650  0.721037
51.800000  6.306350  0.566463
51.900000  6.491150  0.799667
52.000000  6.531250  0.762898
52.100000  6.550000  0.749675
52.200000  6.362550  0.783686
52.300000  6.495950  0.757948
52.400000  6.518900  0.813597
52.500000  6.507900  0.568797
52.600000  6.452850  0.218001
52.700000  6.388450  0.929916
52.800000  6.517200  0.924189
52.900000  6.523350  1.049700
53.000000  6.495600  0.870873
53.100000  6.507000  0.690843
53.200000  6.290050  0.998647
53.300000  6.442400  1.146927
53.400000  6.519850  0.982525
53.500000  6.570350  0.853690
53.600000  6.583800  0.873135
53.700000  6.557100  0.696642
53.800000  6.338000  0.977504
53.900000  6.618000  0.747978
54.000000  6.390700  1.106481
54.100000  6.708600  0.619991
54.200000  6.372450  0.977999
54.300000  6.455050  0.840255
54.400000  6.557450  0.428860
54.500000  6.541800  0.678964
54.600000  6.397050  0.891308
54.700000  6.470200  0.862670
54.800000  6.458600  0.989101
54.900000  6.658500  0.749392
55.000000  6.634350  0.952544
55.100000  6.626500  0.820668
55.200000  6.595550  1.094955
55.300000  6.493800  1.008334
55.400000  6.472000  0.849660
55.500000  6.419500  1.159797
55.600000  6.431700  1.120057
55.700000  6.550300  1.081732
55.800000  6.442500  1.076924
55.900000  6.578900  1.235316
56.000000  6.456750  1.227467
56.100000  6.424050  1.191970
56.200000  6.542550  1.268903
56.300000  6.524350  1.076711
56.400000  6.523350  1.208658
56.500000  6.433100  1.282267
56.600000  6.673550  1.251367
56.700000  6.433800  1.027992
56.800000  6.311500  1.134058
56.900000  6.202000  0.958130
57.000000  6.444800  0.897177
57.100000  6.262900  1.110582
57.200000  6.548150  0.911956
57.300000  6.354900  1.143250
57.400000  6.390100  1.315501
57.500000  6.354100  0.936209
57.600000  6.114100  1.159372
57.700000  6.487250  0.788495
57.800000  6.439400  0.574878
57.900000  6.661250  0.561513
58.000000  6.416050  0.931330
58.100000  6.454450  0.842659
58.200000  6.566850  0.926098
58.300000  6.448500  0.928148
58.400000  6.289350  0.941654
58.500000  6.552500  0.678398
58.600000  6.325650  0.677479
58.700000  6.318200  0.737795
58.800000  6.359450  0.788495
58.900000  6.469050  1.055923
59.000000  6.329150  0.833042
59.100000  6.308250  0.967393
59.200000  6.685650  1.378080
59.300000  6.473800  0.643184
59.400000  6.566450  1.059034
59.500000  6.558750  1.349372
59.600000  6.609350  1.119704
59.700000  6.554150  1.172595
59.800000  6.286000  1.131512
59.900000  6.571350  1.248114
60.000000  6.881700  0.799172
60.100000  6.669300  0.867761
60.200000  6.406000  0.758018
60.300000  6.540700  0.769756
60.400000  6.663650  0.750877
60.500000  6.497150  1.024668
60.600000  6.506500  1.138866
60.700000  6.410650  1.049700
60.800000  6.731450  1.187162
60.900000  6.482800  1.068438
61.000000  6.372850  1.038103
61.100000  6.426750  1.064691
61.200000  6.360700  1.127694
61.300000  6.393700  1.365282
61.400000  6.514850  1.036406
61.500000  6.527000  1.072115
61.600000  6.535850  1.159584
61.700000  6.583400  1.412941
61.800000  6.235250  1.361534
61.900000  6.529950  1.427719
62.000000  6.469950  1.328159
62.100000  6.492550  1.137806
62.200000  6.639900  1.340109
62.300000  6.530350  1.171747
62.400000  6.393800  0.849660
62.500000  6.453200  1.121189
62.600000  6.460600  1.084278
62.700000  6.683450  1.168918
62.800000  6.504350  0.902905
62.900000  6.547700  0.673731
63.000000  6.422800  1.060660
63.100000  6.475100  1.086257
63.200000  6.685700  1.419729
63.300000  6.601800  0.821234
63.400000  6.923350  0.648770
63.500000  6.864700  0.685469
63.600000  6.726800  0.744159
63.700000  6.531350  0.482600
63.800000  6.447700  1.023891
63.900000  6.608900  0.620557
64.000000  6.523200  0.773292
64.100000  6.480550  0.823567
64.200000  6.591650  1.057195
64.300000  6.830250  1.074024
64.400000  6.444550  1.083500
64.500000  6.645650  0.928785
64.600000  6.588150  1.237649
64.700000  6.448750  1.146008
64.800000  6.729200  0.827881
64.900000  6.408700  1.199819
65.000000  6.436050  0.762473
65.100000  6.476000  1.193031
65.200000  6.594950  0.965696
65.300000  6.473050  1.025376
65.400000  6.413100  1.099692
65.500000  6.411500  1.148341
65.600000  6.519900  1.073105
65.700000  6.512650  0.896682
65.800000  6.436350  0.961595
65.900000  6.482650  0.896541
66.000000  6.434900  0.917400
66.100000  6.553800  0.972130
66.200000  6.532600  1.112138
66.300000  6.465600  1.153008
66.400000  6.842550  1.130027
66.500000  6.682300  0.836366
66.600000  6.739850  0.898803
66.700000  6.835000  1.541493
66.800000  6.804050  1.090429
66.900000  6.668150  1.205829
67.000000  6.479850  1.038811
67.100000  6.548700  1.165312
67.200000  6.589400  0.873418
67.300000  6.563950  0.591919
67.400000  6.680050  0.791889
67.500000  6.588550  1.023820
67.600000  6.536000  0.955018
67.700000  6.589000  0.761271
67.800000  6.793250  0.652306
67.900000  6.806700  0.929563
68.000000  6.863450  0.708026
68.100000  6.891550  1.334805
68.200000  6.865250  1.147705
68.300000  6.686150  0.962584
68.400000  6.809100  1.051751
68.500000  6.717600  1.027850
68.600000  6.657200  1.346897
68.700000  6.768600  1.183131
68.800000  6.658750  1.158170
68.900000  6.743200  0.942008
69.000000  6.682550  0.675216
69.100000  6.786550  1.091985
69.200000  6.848600  0.856872
69.300000  6.592350  0.953675
69.400000  6.967400  0.966898
69.500000  6.627100  1.160786
69.600000  6.636800  1.108319
69.700000  6.865050  0.507632
69.800000  6.564650  0.890742
69.900000  6.601800  0.934795
70.000000  6.590750  0.949291
70.100000  6.548800  0.556210
70.200000  6.775800  0.696924
70.300000  6.754000  0.624658
70.400000  6.669800  1.179596
70.500000  6.554750  1.083924
70.600000  6.770900  0.954170
70.700000  6.681250  0.906582
70.800000  6.762750  0.672529
70.900000  6.569100  0.731007
71.000000  6.719300  0.892793
71.100000  6.866650  0.876317
71.200000  6.932600  0.709935
71.300000  6.805900  0.810203
71.400000  6.544550  0.759079
71.500000  6.509250  0.619638
71.600000  6.750350  0.624446
71.700000  6.586950  0.934017
71.800000  6.529350  0.835447
71.900000  6.701000  1.156261
72.000000  6.596650  0.828234
72.100000  6.441700  0.911602
72.200000  6.842750  0.599132
72.300000  6.509650  0.872075
72.400000  6.511350  0.992990
72.500000  6.347800  0.692399
72.600000  6.619400  1.129532
72.700000  6.621650  0.959332
72.800000  6.833200  1.070843
72.900000  6.263950  1.063559
73.000000  6.638050  1.184616
73.100000  6.584150  1.118148
73.200000  6.630250  0.781141
73.300000  6.133450  1.184899
73.400000  6.178850  1.017739
73.500000  6.557200  0.972696
73.600000  6.511700  1.099692
73.700000  6.754650  1.001334
73.800000  6.537000  1.075651
73.900000  6.537100  0.947665
74.000000  6.475250  0.813102
74.100000  6.591400  1.261337
74.200000  6.562100  1.115107
74.300000  6.695100  1.151028
74.400000  6.731600  1.006213
74.500000  6.416450  1.003314
74.600000  6.700550  0.934724
74.700000  6.652750  0.681015
74.800000  6.784250  0.885086
74.900000  6.525400  1.082439
75.000000  6.690400  1.308148
75.100000  6.483100  1.130239
75.200000  6.483650  1.035134
75.300000  6.240600  1.107471
75.400000  6.389600  1.069994
75.500000  6.498000  1.063206
75.600000  6.649150  1.006991
75.700000  6.365000  1.192182
75.800000  6.554350  1.464347
75.900000  6.442250  1.364787
76.000000  6.556500  1.243801
76.100000  6.260200  1.350291
76.200000  6.437350  1.226618
76.300000  6.242600  0.973686
76.400000  6.415650  1.010385
76.500000  6.618550  1.257589
76.600000  6.321200  1.130805
76.700000  6.413700  1.205617
76.800000  6.391650  1.409900
76.900000  6.408550  1.281490
77.000000  6.569850  0.833467
77.100000  6.483400  1.095874
77.200000  6.478300  0.810627
77.300000  6.411050  1.019436
77.400000  6.134250  0.888338
77.500000  6.544150  0.737300
77.600000  6.446850  0.975171
77.700000  6.420500  1.283540
77.800000  6.787500  1.088379
77.900000  6.832950  0.788353
78.000000  6.447350  0.740553
78.100000  6.567500  1.029406
78.200000  6.720100  1.081025
78.300000  6.797950  0.908986
78.400000  6.685250  0.767282
78.500000  6.618900  1.013708
78.600000  6.504150  0.854821
78.700000  6.686200  1.165878
78.800000  6.546850  1.378505
78.900000  6.926600  1.165878
79.000000  6.679250  1.111501
79.100000  6.609900  1.306875
79.200000  6.526200  1.239700
79.300000  6.571750  1.167080
79.400000  6.610850  1.086894
79.500000  6.562450  1.057761
79.600000  6.357400  0.860549
79.700000  6.606350  0.706753
79.800000  6.585750  0.759928
79.900000  6.499550  0.874196
80.000000  6.571700  1.022901
80.100000  6.656200  0.806243
80.200000  6.602400  0.737937
80.300000  6.559400  0.654357
80.400000  6.244800  0.529764
80.500000  6.813600  0.586899
80.600000  6.725200  0.761695
80.700000  6.640200  0.516329
80.800000  6.605650  0.700814
80.900000  6.620850  0.466478
81.000000  6.506500  0.431477
81.100000  6.478550  0.545816
81.200000  6.571850  0.461811
81.300000  6.455500  0.591566
81.400000  6.669100  0.712764
81.500000  6.601350  0.790758
81.600000  6.646400  0.645588
81.700000  6.564550  0.473267
81.800000  6.426350  0.582161
81.900000  6.446850  0.821729
82.000000  6.350100  0.625790
82.100000  6.333650  0.604364
82.200000  6.352950  0.777464
82.300000  6.809350  0.909410
82.400000  6.794400  0.896046
82.500000  6.718200  1.222870
82.600000  6.766100  1.172383
82.700000  6.891350  0.845346
82.800000  6.830300  0.808506
82.900000  6.865450  0.610728
83.000000  6.812700  0.932957
83.100000  6.697700  0.592273
83.200000  6.742100  1.400920
83.300000  6.710350  1.230578
83.400000  6.764600  1.429204
83.500000  7.043750  0.955513
83.600000  6.497750  1.343715
83.700000  6.998450  1.507622
83.800000  6.739900  1.078055
83.900000  6.935950  1.180798
84.000000  6.467250  0.333259
84.100000  6.484450  1.070206
84.200000  6.868050  1.123239
84.300000  6.777900  1.062357
84.400000  6.746900  1.306592
84.500000  6.604950  1.070065
84.600000  6.670400  0.962655
84.700000  6.545500  0.631446
84.800000  6.616200  0.961948
84.900000  6.734600  0.964918
85.000000  6.704050  0.808152
85.100000  6.705700  0.723936
85.200000  6.756850  0.916340
85.300000  6.798300  0.990798
85.400000  6.624200  0.398384
85.500000  6.777300  0.670903
85.600000  6.651250  0.471004
85.700000  6.718950  0.877873
85.800000  6.513500  0.916976
85.900000  6.725700  0.504309
86.000000  6.741600  1.040154
86.100000  6.823450  0.665741
86.200000  6.568150  0.727542
86.300000  6.626550  0.455589
86.400000  6.489900  0.588737
86.500000  6.349000  0.583505
86.600000  6.559050  0.995111
86.700000  6.649400  1.014557
86.800000  6.786550  0.735462
86.900000  6.744150  1.068085
87.000000  6.824550  0.527572
87.100000  6.621100  0.724360
87.200000  6.400600  0.856306
87.300000  6.607950  0.820456
87.400000  6.660150  0.712410
87.500000  6.662300  0.889682
87.600000  6.709150  0.767140
87.700000  6.786100  0.560311
87.800000  6.719950  0.795424
87.900000  6.440800  0.745856
88.000000  6.939700  1.139008
88.100000  6.561000  0.783899
88.200000  6.611050  1.158029
88.300000  6.632500  0.824345
88.400000  6.686700  0.937482
88.500000  6.686800  0.952049
88.600000  6.669350  0.889045
88.700000  6.676950  1.146574
88.800000  6.806600  1.054155
88.900000  6.583600  1.256670
89.000000  6.638850  0.966969
89.100000  6.880800  1.114400
89.200000  6.605400  0.879075
89.300000  6.823150  0.899369
89.400000  6.746750  1.159160
89.500000  6.613800  0.953321
89.600000  6.863850  0.800374
89.700000  6.790200  0.571767
89.800000  6.741600  0.582090
89.900000  6.475050  0.533653
90.000000  6.724000  1.325967
90.100000  6.867000  0.794647
90.200000  6.627400  0.864933
90.300000  6.648950  1.094106
90.400000  6.666000  0.916976
90.500000  6.588650  0.801364
90.600000  6.559600  0.964211
90.700000  6.445700  1.008051
90.800000  6.579250  0.603091
90.900000  6.390750  0.827668
91.000000  6.441550  0.827103
91.100000  6.524350  0.798111
91.200000  6.714850  0.834315
91.300000  6.497700  0.659872
91.400000  6.481000  0.480126
91.500000  6.631150  0.684833
91.600000  6.409450  0.545674
91.700000  6.540900  0.279873
91.800000  6.492700  0.720825
91.900000  6.607250  0.623880
92.000000  6.645650  0.166241
92.100000  6.703350  0.205556
92.200000  6.366700  0.563281
92.300000  6.626800  0.989949
92.400000  6.646050  0.555291
92.500000  6.636800  0.283974
92.600000  6.721900  0.552958
92.700000  6.516350  0.614264
92.800000  6.864350  0.626284
92.900000  6.534050  0.567029
93.000000  6.693350  0.865428
93.100000  6.608150  0.803061
93.200000  6.487900  0.597505
93.300000  6.484300  1.129957
93.400000  6.733500  0.957423
93.500000  6.582750  0.729805
93.600000  6.598450  0.905167
93.700000  6.718250  0.886641
93.800000  6.722100  0.832123
93.900000  6.496350  0.772656
94.000000  6.727900  0.767777
94.100000  6.687300  0.781070
94.200000  6.558850  0.703783
94.300000  6.424950  0.749321
94.400000  6.615900  0.708521
94.500000  6.319650  0.910400
94.600000  6.637650  0.787788
94.700000  6.424500  0.791677
94.800000  6.378500  0.722946
94.900000  6.799350  0.761059
95.000000  6.485600  1.040437
95.100000  6.903650  0.638588
95.200000  6.782750  0.848457
95.300000  6.677450  0.451488
95.400000  6.775700  1.152301
95.500000  6.675750  0.705763
95.600000  6.569400  0.987687
95.700000  6.658250  0.513572
95.800000  6.537550  0.627982
95.900000  6.513800  0.773292
96.000000  6.532250  0.751725
96.100000  6.375050  0.663620
96.200000  6.749100  0.549988
96.300000  6.575000  0.519016
96.400000  6.491000  0.327673
96.500000  6.678600  0.784323
96.600000  6.403600  0.309996
96.700000  6.524350  0.221961
96.800000  6.616850  0.498864
96.900000  6.505800  0.425961
97.000000  6.659800  0.735532
97.100000  6.607200  0.242255
97.200000  6.662950  0.520926
97.300000  6.487000  0.492005
97.400000  6.637650  0.156766
97.500000  6.576900  0.061094
97.600000  6.542100  0.475883
97.700000  6.499450  0.572120
97.800000  6.790500  0.858428
97.900000  6.657950  0.666872
98.000000  6.468000  0.491863
98.100000  6.424900  0.763392
98.200000  6.557250  0.852134
98.300000  6.408700  0.505864
98.400000  6.561200  0.724502
98.500000  6.442550  0.606910
98.600000  6.552800  0.439113
98.700000  6.609050  0.423486
98.800000  6.825900  0.461175
98.900000  6.551600  0.580959
99.000000  6.567850  0.557129
99.100000  6.544750  0.991152
99.200000  6.874100  1.340392
99.300000  6.813650  0.442154
99.400000  6.706500  0.688722
99.500000  6.720650  0.738290
99.600000  6.580150  0.631376
99.700000  6.673800  0.632578
99.800000  6.807600  0.673448
99.900000  6.650700  0.605566
100.000000  6.436900  0.613486
100.100000  6.585300  0.852488
100.200000  6.578100  0.919522
100.300000  6.650850  0.578060
100.400000  6.794650  0.591778
100.500000  6.816700  0.714036
100.600000  6.787450  0.821163
100.700000  6.691800  0.857155
100.800000  6.808700  0.556917
100.900000  6.530100  0.511804
101.000000  6.725250  0.462094
101.100000  6.865000  0.766221
101.200000  6.654100  0.550553
101.300000  6.469800  0.680802
101.400000  6.582050  0.792455
101.500000  6.744650  0.710996
101.600000  6.715000  0.691409
101.700000  6.904950  0.611294
101.800000  6.681450  0.866984
101.900000  6.757300  1.227820
102.000000  6.670600  0.936492
102.100000  6.699100  1.219476
102.200000  6.719000  1.114259
102.300000  6.916000  0.733835
102.400000  6.624250  1.140917
102.500000  6.692550  0.868822
102.600000  6.785250  0.773221
102.700000  6.542000  1.244932
102.800000  6.454350  0.998930
102.900000  6.670550  1.054084
103.000000  6.717250  1.186596
103.100000  6.620850  0.856518
103.200000  6.816350  0.916198
103.300000  6.661750  1.009254
103.400000  6.602950  1.081378
103.500000  6.560200  0.926876
103.600000  6.464400  0.856023
103.700000  6.825250  0.808859
103.800000  6.650150  0.926805
103.900000  6.922150  0.457852
104.000000  6.828200  0.761554
104.100000  6.751200  0.500207
104.200000  6.566050  0.877449
104.300000  6.531700  1.366696
104.400000  6.360700  1.353544
104.500000  6.749050  1.527987
104.600000  6.485700  1.156402
104.700000  6.508700  1.467388
104.800000  6.724000  1.153150
104.900000  6.662850  1.046589
105.000000  6.839050  1.532795
105.100000  6.715800  1.003667
105.200000  7.095400  0.878227
105.300000  6.601600  1.033507
105.400000  6.437500  0.922209
105.500000  6.231700  1.371080
105.600000  6.832000  0.948230
105.700000  6.690000  0.830709
105.800000  6.475650  0.788919
105.900000  6.456650  1.459822
106.000000  6.199900  1.321158
106.100000  6.632150  1.232982
106.200000  6.312300  1.680651
106.300000  6.473300  1.121047
106.400000  6.520350  1.519077
106.500000  6.413550  1.046164
106.600000  6.245000  0.903541
106.700000  6.157850  1.222517
106.800000  6.211950  1.414567
106.900000  6.487200  1.006496
107.000000  6.440450  1.155907
107.100000  6.159000  1.457771
107.200000  6.243500  1.317481
107.300000  6.371400  1.341664
107.400000  6.644900  1.430618
107.500000  6.406350  1.259286
107.600000  6.612950  0.969231
107.700000  6.325150  0.918602
107.800000  6.846550  0.958342
107.900000  6.409400  1.098844
108.000000  6.713050  1.282621
108.100000  6.388750  1.371009
108.200000  6.480500  0.955160
108.300000  6.862100  0.854751
108.400000  6.885750  1.020991
108.500000  6.745700  1.183980
108.600000  6.650500  1.103794
108.700000  6.462600  1.139149
108.800000  6.732000  1.185677
108.900000  6.667500  1.108036
109.000000  6.681400  0.854609
109.100000  6.787900  1.186667
109.200000  6.540950  0.842518
109.300000  6.829550  1.207668
109.400000  6.479400  1.165312
109.500000  6.734650  1.233265
109.600000  6.719900  1.014133
109.700000  6.659850  1.148412
109.800000  6.766700  1.282833
109.900000  6.639450  1.231002
110.000000  6.580750  1.378505
110.100000  6.653800  1.347321
110.200000  6.772050  1.211203
110.300000  6.531800  1.048074
110.400000  6.660050  1.013072
110.500000  6.812250  1.106693
110.600000  6.774550  1.023396
110.700000  6.748150  1.058751
110.800000  6.538150  0.945331
110.900000  6.714900  1.072398
111.000000  6.750650  1.240760
111.100000  6.926550  1.310622
111.200000  6.849600  1.098561
111.300000  6.817200  1.144947
111.400000  6.616600  1.102945
111.500000  6.622950  1.167787
111.600000  6.677650  1.484854
111.700000  6.556100  1.382252
111.800000  6.775600  1.420860
111.900000  6.816700  1.085409
112.000000  6.764900  1.171393
112.100000  6.673550  0.932603
112.200000  6.527400  0.880772
112.300000  6.692850  1.314441
112.400000  6.704650  0.993414
112.500000  6.473450  0.879712
112.600000  6.609650  1.003738
112.700000  6.761500  0.450427
112.800000  6.566400  0.427517
112.900000  6.866150  0.561655
113.000000  6.438900  0.600334
113.100000  6.835050  0.425042
113.200000  6.537550  0.257740
113.300000  6.474550  0.701662
113.400000  6.567900  0.927441
113.500000  6.632050  0.996101
113.600000  6.582700  0.858569
113.700000  6.844800  0.563847
113.800000  6.688050  1.057337
113.900000  6.732700  0.731997
114.000000  6.857400  0.363311
114.100000  6.870850  0.978706
114.200000  6.798450  0.568443
114.300000  6.911200  0.458347
114.400000  6.912500  0.633143
114.500000  6.571900  0.842023
114.600000  6.464750  1.010385
114.700000  7.109500  1.317906
114.800000  6.725500  1.175636
114.900000  6.917700  1.173232
115.000000  6.921350  0.640568
115.100000  7.057350  0.790192
115.200000  7.011050  1.050831
115.300000  6.687450  1.001617
115.400000  6.732500  1.054296
115.500000  7.012700  0.693813
115.600000  7.064150  0.615395
115.700000  6.792750  0.925815
115.800000  7.063850  0.955796
115.900000  6.889750  0.917047
116.000000  6.880900  0.941866
116.100000  6.595650  0.776474
116.200000  6.711650  0.506925
116.300000  6.939400  0.592838
116.400000  6.947200  0.987687
116.500000  6.657150  0.091287
116.600000  6.768200  0.558049
116.700000  6.718750  0.350230
116.800000  6.481550  0.741260
116.900000  6.386450  0.790616
117.000000  6.598300  0.969726
117.100000  6.857950  0.169776
117.200000  6.559400  0.507278
117.300000  6.771600  0.466125
117.400000  6.794050  0.615254
117.500000  6.509550  0.567595
117.600000  6.468800  0.585767
117.700000  6.642400  0.862387
117.800000  6.342300  0.953463
117.900000  6.472350  0.565756
118.000000  6.172100  0.819678
118.100000  6.577750  0.854114
118.200000  6.522700  0.756039
118.300000  6.571200  1.008900
118.400000  6.413100  1.034497
118.500000  6.559550  0.731078
118.600000  6.514200  0.892227
118.700000  6.831150  0.874196
118.800000  6.468700  0.989525
118.900000  6.571500  0.754766
119.000000  6.624300  1.018234
119.100000  6.286500  0.720825
119.200000  6.309750  0.966969
119.300000  6.596300  1.480399
119.400000  6.342300  1.042983
119.500000  6.397750  1.009395
119.600000  6.476200  1.151594
119.700000  6.311650  1.428709
119.800000  6.434450  1.097783
119.900000  6.461500  1.039447
120.000000  6.277300  1.260347
120.100000  6.536050  1.177969
120.200000  6.398800  1.259781
120.300000  6.490500  1.253276
120.400000  6.394050  1.110794
120.500000  6.127250  1.301006
120.600000  6.475900  1.060377
120.700000  6.161650  0.983515
120.800000  6.495700  1.246488
120.900000  6.097450  1.203425
121.000000  6.385500  1.026153
121.100000  6.302100  0.991929
121.200000  6.070900  1.273075
121.300000  6.027600  1.028982
121.400000  6.191750  1.536755
121.500000  6.374500  0.771878
121.600000  6.368150  1.088167
121.700000  6.479150  1.473257
121.800000  6.323650  0.845346
121.900000  6.253700  0.802566
122.000000  6.442800  0.734118
122.100000  6.460200  0.895339
122.200000  6.031850  1.340604
122.300000  6.174950  0.879994
122.400000  6.257450  1.012648
122.500000  6.393800  0.813597
122.600000  6.199700  0.887702
122.700000  6.620350  0.727966
122.800000  6.519100  0.902410
122.900000  6.294150  0.807869
123.000000  6.295750  0.791747
123.100000  6.268900  1.027143
123.200000  6.371600  1.060802
123.300000  6.471800  1.275479
123.400000  6.354200  0.747695
123.500000  6.308950  0.689924
123.600000  6.445650  0.954382
123.700000  6.797900  0.932250
123.800000  6.545900  0.910329
123.900000  6.124000  0.965201
124.000000  6.287750  0.968524
124.100000  6.254200  0.946957
124.200000  6.298300  0.958978
124.300000  6.398300  1.095591
124.400000  6.448900  1.015688
124.500000  6.317450  1.134836
124.600000  6.314150  1.160009
124.700000  6.331150  1.345695
124.800000  6.385750  0.822577
124.900000  6.431300  1.104642
125.000000  6.032350  1.162979
125.100000  6.406250  1.127765
125.200000  6.543450  1.271449
125.300000  6.080000  1.142826
125.400000  6.230600  1.094460
125.500000  6.318750  1.149402
125.600000  6.365650  0.992849
125.700000  6.460800  1.378434
125.800000  6.691100  1.205758
125.900000  6.360850  1.120694
126.000000  6.480550  0.879287
126.100000  6.313450  1.226760
126.200000  6.445650  0.833750
126.300000  6.366750  1.292945
126.400000  6.632300  1.041568
126.500000  6.499550  1.316421
126.600000  6.567550  0.764029
126.700000  6.270000  1.161776
126.800000  6.470600  0.786303
126.900000  6.256250  1.228881
127.000000  6.243300  1.610789
127.100000  6.408750  1.112491
127.200000  6.521000  0.765231
127.300000  6.319400  0.813456
127.400000  6.396800  1.070701
127.500000  6.483650  1.315855
127.600000  6.462750  1.177828
127.700000  6.163750  0.859913
127.800000  6.280450  0.906723
127.900000  6.426100  1.002395
128.000000  6.303150  0.886358
128.100000  6.314950  0.796273
128.200000  6.378000  0.833537
128.300000  6.408250  1.008264
128.400000  6.207000  0.872004
128.500000  6.362600  1.056700
128.600000  6.402600  0.881338
128.700000  6.461000  0.663690
128.800000  6.365300  0.939603
128.900000  6.531900  1.079611
129.000000  6.386000  0.977929
129.100000  6.431050  0.779868
129.200000  6.258200  0.769615
129.300000  6.462650  0.998930
129.400000  6.516750  0.770817
129.500000  6.727750  0.677620
129.600000  6.465250  0.834315
129.700000  6.638200  0.664115
129.800000  6.552400  0.764948
129.900000  6.822350  1.359978
130.000000  6.571700  0.957988
130.100000  7.040600  1.283964
130.200000  6.841350  1.378929
130.300000  6.920900  1.563272
130.400000  6.891650  1.116875
130.500000  6.918700  1.022052
130.600000  6.568550  0.752291
130.700000  6.851200  0.939179
130.800000  6.496650  0.875469
130.900000  6.651850  1.463357
131.000000  6.734250  1.190697
131.100000  6.697800  0.815860
131.200000  6.603200  1.211557
131.300000  6.472100  1.146503
131.400000  6.486350  0.966261
131.500000  6.758200  0.911743
131.600000  6.654400  0.881621
131.700000  6.694150  1.185606
131.800000  6.500100  0.990232
131.900000  6.980650  0.769544
132.000000  6.992900  0.715451
132.100000  6.626950  0.912097
132.200000  6.703300  1.073105
132.300000  7.051400  1.159655
132.400000  7.042950  0.926098
132.500000  6.678050  1.081237
132.600000  6.443450  0.754271
132.700000  6.453950  1.234113
132.800000  6.677600  0.580393
132.900000  6.357950  0.824699
133.000000  6.680400  0.733553
133.100000  6.601000  0.474044
133.200000  6.607100  0.787434
133.300000  6.707850  0.843225
133.400000  6.549900  0.890530
133.500000  6.620200  0.897036
133.600000  6.369450  0.900783
133.700000  6.422550  0.898945
133.800000  6.627250  0.728391
133.900000  6.641300  0.845558
134.000000  6.692850  0.723441
134.100000  6.742500  1.089652
134.200000  6.609700  1.249175
134.300000  6.641200  1.295278
134.400000  6.635900  1.237861
134.500000  6.693750  1.130876
134.600000  6.684100  1.153574
134.700000  6.455600  1.538664
134.800000  6.593750  1.605062
134.900000  6.750700  1.443771
135.000000  6.678750  1.327593
135.100000  6.510050  1.548493
135.200000  6.539950  1.558534
135.300000  6.416550  1.324057
135.400000  6.682650  1.242882
135.500000  6.384050  1.243589
135.600000  6.721500  1.738068
135.700000  6.411400  1.409547
135.800000  6.564100  1.413224
135.900000  6.410200  1.290470
136.000000  6.231900  1.202082
136.100000  6.615900  1.555352
136.200000  6.674200  1.260489
136.300000  6.527200  1.129532
136.400000  6.298700  1.342513
136.500000  6.680750  1.395758
136.600000  6.594150  1.544392
136.700000  6.602550  1.231426
136.800000  6.628650  1.515401
136.900000  6.541700  1.438821
137.000000  6.604150  1.576777
137.100000  6.418250  1.427012
137.200000  6.472900  1.139008
137.300000  6.813850  1.539442
137.400000  6.536400  1.529472
137.500000  6.607950  1.681995
137.600000  6.706200  1.538664
137.700000  6.431950  1.485843
137.800000  6.569650  1.431113
137.900000  6.622500  1.532866
138.000000  6.609700  1.351988
138.100000  6.661400  1.552241
138.200000  6.520800  1.099834
138.300000  6.665050  1.399152
138.400000  6.450850  1.353332
138.500000  6.463050  1.286298
138.600000  6.421200  1.300228
138.700000  6.526050  1.681571
138.800000  6.572150  1.476085
138.900000  6.749250  1.438326
139.000000  6.496700  1.088662
139.100000  6.477050  1.752140
139.200000  6.708300  1.327522
139.300000  6.734250  1.683692
139.400000  6.385650  1.354180
139.500000  6.636200  1.361463
139.600000  6.470200  1.571191
139.700000  6.461950  1.463499
139.800000  6.469550  1.752423
139.900000  6.582350  1.304258
140.000000  6.330650  1.649892
140.100000  6.536450  1.004445
140.200000  6.443650  1.217284
140.300000  6.627900  1.341806
140.400000  6.546250  1.257872
140.500000  6.402750  0.950705
140.600000  6.408000  1.388192
140.700000  6.480700  1.419163
140.800000  6.690750  1.470853
140.900000  6.552750  1.608739
141.000000  6.693300  1.862944
141.100000  6.521900  1.545028
141.200000  6.706200  1.448720
141.300000  6.368250  1.266923
141.400000  6.569000  1.296551
141.500000  6.613600  1.259781
141.600000  6.271700  0.935502
141.700000  6.374800  1.036194
141.800000  6.345900  1.135613
141.900000  6.652450  1.270317
142.000000  6.183200  0.888268
142.100000  6.279400  1.115532
142.200000  6.293550  0.941654
142.300000  6.176850  0.659377
142.400000  6.200300  0.997021
142.500000  6.312450  1.075580
142.600000  6.537200  0.958413
142.700000  6.603850  1.121259
142.800000  6.555250  1.014345
142.900000  6.237000  1.099692
143.000000  6.154250  1.223083
143.100000  6.340750  1.181505
143.200000  6.435550  1.540856
143.300000  6.423050  1.163261
143.400000  6.389550  1.256741
143.500000  6.317700  1.434861
143.600000  7.117450  1.706885
143.700000  6.473200  1.065327
143.800000  6.752950  1.418668
143.900000  6.564900  1.544180
144.000000  6.448050  1.864004
144.100000  6.622400  1.467247
144.200000  6.868300  1.554362
144.300000  6.425350  1.416406
144.400000  6.214950  1.188010
144.500000  6.312750  1.120411
144.600000  6.449350  1.034427
144.700000  6.426950  1.027497
144.800000  6.688900  1.424113
144.900000  6.807150  1.192111
145.000000  6.653550  1.230154
145.100000  6.732250  1.364504
145.200000  6.671400  1.308148
145.300000  6.755750  1.503238
145.400000  6.662650  1.397031
145.500000  6.412900  1.257377
145.600000  6.631900  1.350857
145.700000  6.686250  1.226618
145.800000  6.734000  1.453387
145.900000  6.595000  1.203496
146.000000  6.423350  1.044185
146.100000  6.620550  1.651731
146.200000  6.873550  1.723149
146.300000  6.685950  1.748604
146.400000  6.729350  1.228457
146.500000  7.150150  1.745352
146.600000  6.618900  1.417608
146.700000  6.659900  1.567231
146.800000  6.672600  1.282692
146.900000  6.518150  1.591202
147.000000  6.642100  1.383667
147.100000  6.682000  1.353261
147.200000  6.449900  1.286793
147.300000  6.466900  1.232487
147.400000  6.378400  1.255256
147.500000  6.488750  1.353615
147.600000  6.360300  1.292308
147.700000  6.503500  1.486480
147.800000  6.319500  1.083288
147.900000  6.356400  1.135472
148.000000  6.349650  1.116592
148.100000  6.544300  0.973686
148.200000  6.679250  0.723865
148.300000  6.487350  1.093823
148.400000  6.678450  0.989737
148.500000  6.811200  0.960110
148.600000  6.718700  0.938896
148.700000  6.335000  0.857013
148.800000  6.744500  0.976090
148.900000  6.657500  1.232063
149.000000  6.680300  1.093611
149.100000  6.513300  0.799596
149.200000  6.601250  1.143887
149.300000  6.796750  1.463357
149.400000  6.720650  1.301289
149.500000  6.649100  0.852912
149.600000  6.560950  1.247407
149.700000  6.660850  0.771666
149.800000  6.547650  1.445397
149.900000  6.546700  0.828729
150.000000  6.597850  1.319673
150.100000  6.643600  1.358069
150.200000  6.531850  1.430972
150.300000  6.567750  1.165100
150.400000  6.761800  1.187374
150.500000  6.565500  1.079469
150.600000  6.397600  1.130381
150.700000  6.232900  1.194303
150.800000  6.350100  1.215517
150.900000  6.696300  1.203071
151.000000  6.813950  1.213042
151.100000  6.506800  0.811051
151.200000  6.616950  0.994829
151.300000  6.562950  0.671256
151.400000  6.563500  0.618718
151.500000  6.602450  0.929492
151.600000  6.522700  0.809496
151.700000  6.475550  1.256034
151.800000  6.245150  0.656831
151.900000  6.352100  0.823497
152.000000  6.664150  0.782131
152.100000  6.683250  0.696147
152.200000  6.761950  0.894278
152.300000  6.569050  0.788495
152.400000  6.507850  0.882540
152.500000  6.615500  0.784181
152.600000  6.464500  0.817274
152.700000  6.833850  1.310198
152.800000  6.597900  1.274348
152.900000  6.727600  0.923340
153.000000  6.537500  1.059953
153.100000  6.475300  0.859418
153.200000  6.545800  1.045387
153.300000  6.671700  0.672317
153.400000  6.494750  0.699258
153.500000  6.728650  1.101177
153.600000  6.584850  0.850437
153.700000  6.437400  0.729876
153.800000  6.659650  1.152372
153.900000  6.545250  1.257589
154.000000  6.484800  1.139290
154.100000  6.685050  1.115178
154.200000  6.637700  0.731997
154.300000  6.062850  0.622608
154.400000  6.410200  0.935219
154.500000  6.368350  0.749745
154.600000  6.498200  1.018941
154.700000  6.579350  1.330987
154.800000  6.619200  0.733270
154.900000  6.401950  0.788778
155.000000  6.439350  1.084773
155.100000  6.538800  1.003950
155.200000  6.444500  0.848104
155.300000  6.579700  1.188364
155.400000  6.582350  1.149543
155.500000  6.365050  0.837002
155.600000  6.566700  0.946957
155.700000  6.645900  0.665387
155.800000  6.674400  1.044255
155.900000  6.452900  0.946392
156.000000  6.583050  1.011941
156.100000  6.471250  0.834457
156.200000  6.437800  1.016395
156.300000  6.444550  0.901632
156.400000  6.449200  0.784747
156.500000  6.533700  0.850084
156.600000  6.643300  1.103087
156.700000  6.545200  1.110299
156.800000  6.790750  1.076711
156.900000  6.726800  1.111713
157.000000  6.442950  0.703218
157.100000  6.718350  1.170615
157.200000  6.756050  0.805465
157.300000  6.764200  1.117794
157.400000  6.596350  1.254761
157.500000  6.484050  0.989596
157.600000  6.510900  1.109592
157.700000  6.517450  0.834598
157.800000  6.254750  0.974605
157.900000  6.375050  0.924825
158.000000  6.443250  1.098915
158.100000  6.283200  0.840609
158.200000  6.138650  0.815648
158.300000  6.392050  1.067519
158.400000  6.223300  0.774141
158.500000  6.228500  1.119916
158.600000  6.245150  0.733482
158.700000  6.459800  0.754059
158.800000  6.442400  0.743028
158.900000  6.467550  0.841528
159.000000  6.467100  1.044397
159.100000  6.327400  0.663266
159.200000  6.431000  0.882186
159.300000  6.517300  0.866630
159.400000  6.388400  0.634275
159.500000  6.236650  0.770534
159.600000  6.441300  0.582656
159.700000  6.404700  0.956008
159.800000  6.354100  0.616173
159.900000  6.643100  0.711208
160.000000  6.665450  1.116875
160.100000  6.487600  0.725350
160.200000  6.514600  1.077914
160.300000  6.372200  1.149897
160.400000  6.645600  0.988111
160.500000  6.897300  0.967463
160.600000  6.462850  1.244296
160.700000  6.432700  1.142402
160.800000  6.445300  0.916410
160.900000  6.635700  0.766079
161.000000  6.851650  1.745917
161.100000  6.578900  1.316916
161.200000  6.436950  1.089722
161.300000  6.411250  1.257589
161.400000  6.582450  0.922986
161.500000  6.499650  1.185040
161.600000  6.600050  1.083641
161.700000  6.821050  1.534775
161.800000  6.476450  0.972908
161.900000  6.968800  1.262186
162.000000  6.809600  1.495814
162.100000  6.767050  1.218557
162.200000  6.971850  1.639710
162.300000  6.650350  1.192818
162.400000  6.752900  1.112279
162.500000  6.974300  1.226547
162.600000  6.413450  1.002465
162.700000  6.563250  0.532946
162.800000  6.566700  1.042275
162.900000  6.263700  0.804970
163.000000  6.638200  0.735108
163.100000  6.554900  0.997728
163.200000  6.588200  0.953321
163.300000  6.601400  0.493985
163.400000  6.554550  0.906157
163.500000  6.213150  0.615678
163.600000  6.691100  0.687025
163.700000  6.604600  0.783191
163.800000  6.537850  0.852983
163.900000  6.625300  0.645447
164.000000  6.319350  0.689358
164.100000  6.661650  0.779161
164.200000  6.457450  0.635760
164.300000  6.395950  0.302147
164.400000  6.693650  0.884803
164.500000  6.584900  0.893924
164.600000  6.559900  0.489176
164.700000  6.709100  0.768201
164.800000  6.600900  0.843154
164.900000  6.531800  0.682499
165.000000  6.675400  0.983444
165.100000  7.018350  0.957776
165.200000  6.875800  0.882469
165.300000  7.030950  0.742109
165.400000  7.060100  1.037467
165.500000  7.170750  1.030325
165.600000  6.698700  1.101531
165.700000  6.569650  0.930482
165.800000  6.517600  0.792242
165.900000  6.378200  0.731573
166.000000  6.144200  0.345210
166.100000  6.342750  0.659518
166.200000  6.415700  0.372504
166.300000  6.594050  0.371585
166.400000  6.303400  0.373635
166.500000  6.422000  0.804263
166.600000  6.282250  0.452478
166.700000  6.404950  0.490661
166.800000  6.518750  0.365079
166.900000  6.560300  0.427517
167.000000  6.394300  0.280297
167.100000  6.571950  0.172322
167.200000  6.545000  0.437699
167.300000  6.501150  0.227476
167.400000  6.496100  0.585060
167.500000  6.714700  0.598778
167.600000  6.592950  0.477792
167.700000  6.734400  0.681085
167.800000  6.633800  0.458347
167.900000  6.518400  0.583222
168.000000  6.726450  0.734613
168.100000  6.672100  0.923764
168.200000  6.317450  0.159594
168.300000  6.348550  0.412314
168.400000  6.466650  0.679459
168.500000  6.639550  0.578625
168.600000  6.362500  0.848528
168.700000  6.428000  0.805819
168.800000  6.437200  0.469802
168.900000  6.544550  0.591071
169.000000  6.851650  0.827103
169.100000  6.383150  0.365645
169.200000  6.607700  0.897743
169.300000  6.420100  0.713895
169.400000  6.343000  0.476873
169.500000  6.375800  0.429497
169.600000  6.326300  0.123037
169.700000  6.419450  0.361544
169.800000  6.347150  0.864297
169.900000  6.460550  0.608183
170.000000  6.360750  0.521208
170.100000  6.425500  0.500490
170.200000  6.308950  0.621618
170.300000  6.634950  0.988182
170.400000  6.558750  0.503389
170.500000  6.645050  0.632648
170.600000  6.546100  0.888833
170.700000  6.647350  0.700389
170.800000  6.644150  0.622890
170.900000  6.547900  0.528067
171.000000  6.626400  0.434022
171.100000  6.503200  0.761554
171.200000  6.372550  0.632648
171.300000  6.418350  0.779727
171.400000  6.397850  0.932179
171.500000  6.397750  0.750877
171.600000  6.542450  0.637032
171.700000  6.632250  0.390252
171.800000  6.686250  0.468883
171.900000  6.646950  0.257882
172.000000  6.596950  0.612001
172.100000  6.444250  0.416839
172.200000  6.488950  0.766999
172.300000  6.582500  0.919663
172.400000  6.405300  1.020921
172.500000  6.420800  0.562857
172.600000  6.087450  0.713259
172.700000  6.415250  0.501268
172.800000  6.617900  0.713471
172.900000  6.500250  0.583717
173.000000  6.786750  0.681580
173.100000  6.608950  0.705198
173.200000  6.681000  0.544896
173.300000  6.510500  0.818547
173.400000  6.587850  0.700248
173.500000  6.471050  0.515552
173.600000  6.523950  0.604081
173.700000  6.465350  0.690914
173.800000  6.459650  0.824274
173.900000  6.605800  0.795354
174.000000  6.473050  0.502682
174.100000  6.667000  0.754483
174.200000  6.783700  1.063347
174.300000  6.632350  0.992707
174.400000  6.732800  0.568231
174.500000  6.631000  0.586050
174.600000  6.551700  0.555362
174.700000  6.604000  0.751796
174.800000  6.664900  0.720118
174.900000  6.521550  0.832335
175.000000  6.582650  0.625719
175.100000  6.827500  0.705127
175.200000  6.414950  0.931613
175.300000  6.755900  0.886288
175.400000  6.294250  0.767564
175.500000  6.695250  1.090854
175.600000  6.534550  0.777322
175.700000  6.150150  0.978141
175.800000  6.511050  1.154210
175.900000  6.755800  1.084136
176.000000  6.614950  0.992990
176.100000  6.664550  0.801506
176.200000  6.661800  0.849801
176.300000  6.499700  0.780222
176.400000  6.547050  0.985778
176.500000  6.699650  0.852417
176.600000  6.499700  0.953321
176.700000  6.557500  0.980899
176.800000  6.557700  0.701450
176.900000  6.553900  1.315784
177.000000  6.802050  1.131017
177.100000  6.542800  1.097430
177.200000  6.645050  1.149826
177.300000  6.644700  0.899440
177.400000  6.635900  1.074519
177.500000  6.471900  0.728886
177.600000  6.542850  0.806455
177.700000  6.528050  0.650892
177.800000  6.617300  0.545745
177.900000  6.540400  0.780363
178.000000  6.542550  0.736310
178.100000  6.541350  0.735462
178.200000  6.564800  0.547866
178.300000  6.492650  0.475812
178.400000  6.754850  0.733906
178.500000  6.780350  0.985919
178.600000  6.611950  0.537048
178.700000  6.756400  1.111855
178.800000  6.897600  0.575443
178.900000  6.466650  0.638588
179.000000  6.707600  0.862812
179.100000  6.566600  0.874125
179.200000  6.599850  0.578343
179.300000  6.578000  0.636538
179.400000  6.677250  0.755685
179.500000  6.440650  0.561231
179.600000  6.205400  0.599909
179.700000  6.442150  0.626567
179.800000  6.482450  0.775908
179.900000  6.442800  0.631164
180.000000  6.131100  0.385797
180.100000  6.433500  0.487762
180.200000  6.628050  0.891450
180.300000  6.753900  0.928431
180.400000  6.443250  0.518239
180.500000  6.365750  0.709864
180.600000  6.608050  0.670267
180.700000  6.484900  0.423416
180.800000  6.374250  0.361119
180.900000  6.412200  0.402627
181.000000  6.470200  0.412668
181.100000  6.569600  0.439538
181.200000  6.381900  0.392586
181.300000  6.222700  0.409415
181.400000  6.506900  0.668923
181.500000  6.476400  0.665670
181.600000  6.600500  0.436851
181.700000  6.507050  0.381767
181.800000  6.608850  1.025517
181.900000  6.444350  0.732916
182.000000  6.521000  0.806667
182.100000  6.447950  1.063984
182.200000  6.615500  0.555645
182.300000  6.667050  0.519370
182.400000  6.539000  1.152725
182.500000  6.537400  0.652660
182.600000  6.612300  0.824204
182.700000  6.591050  0.854821
182.800000  6.598050  0.803203
182.900000  6.705500  0.975525
183.000000  6.458800  1.065186
183.100000  6.322550  0.383888
183.200000  6.283950  0.717360
183.300000  6.512350  0.767282
183.400000  6.800650  0.682853
183.500000  6.346900  0.308157
183.600000  6.592600  0.685894
183.700000  6.357550  0.619072
183.800000  6.554650  0.756675
183.900000  6.332000  0.503884
184.000000  6.532400  0.871863
184.100000  6.573500  0.668923
184.200000  6.665250  0.907006
184.300000  6.537800  0.482954
184.400000  6.599100  0.794788
184.500000  6.551200  0.896894
184.600000  6.314450  0.867408
184.700000  6.422450  0.548644
184.800000  6.327350  0.984363
184.900000  6.418350  0.370170
185.000000  6.336400  0.568514
185.100000  6.422500  0.547583
185.200000  6.555250  0.330431
185.300000  6.615150  0.386434
185.400000  6.669250  0.630951
185.500000  6.472100  0.614052
185.600000  6.461550  0.762332
185.700000  6.611950  0.833467
185.800000  6.511100  0.481823
185.900000  6.627150  0.359988
186.000000  6.517300  0.425395
186.100000  6.504200  0.809637
186.200000  6.701300  0.694945
186.300000  6.525800  0.764524
186.400000  6.457250  0.755544
186.500000  6.422500  0.532310
186.600000  6.608450  0.635760
186.700000  6.528950  0.792737
186.800000  6.409000  0.592697
186.900000  6.559700  0.424264
187.000000  6.386600  0.871580
187.100000  6.269250  0.561938
187.200000  6.232450  0.601253
187.300000  6.265500  0.840043
187.400000  6.323400  0.688722
187.500000  6.120400  0.783191
187.600000  6.466650  1.203001
187.700000  6.483600  0.938472
187.800000  6.456350  0.639861
187.900000  6.462600  0.431052
188.000000  6.234500  0.614900
188.100000  6.177550  0.902905
188.200000  6.380050  0.652589
188.300000  6.543250  1.212759
188.400000  6.412750  0.264670
188.500000  6.636950  0.712693
188.600000  6.852250  0.799526
188.700000  6.338600  0.850932
188.800000  6.526900  0.469236
188.900000  6.345400  0.736664
189.000000  6.351200  1.002677
189.100000  6.284100  0.968029
189.200000  6.613450  0.786091
189.300000  6.690700  0.853478
189.400000  6.545000  0.659731
189.500000  6.423900  0.784040
189.600000  6.494100  0.697207
189.700000  6.360000  0.931825
189.800000  6.342900  0.913582
189.900000  6.270650  0.721744
190.000000  6.286650  0.615112
190.100000  6.371850  0.820597
190.200000  6.556300  0.598637
190.300000  6.545400  0.858993
190.400000  6.521200  0.762968
190.500000  6.369550  0.596869
190.600000  6.439000  0.983161
190.700000  6.412450  0.801223
190.800000  6.240750  1.026931
190.900000  6.713650  0.565898
191.000000  6.378600  1.101814
191.100000  6.342200  0.518309
191.200000  6.321400  0.803839
191.300000  6.413350  0.844356
191.400000  6.433550  1.227608
191.500000  6.512500  0.917966
191.600000  6.322950  0.648629
191.700000  6.115350  0.240911
191.800000  6.141000  0.468246
191.900000  6.422050  0.715804
192.000000  6.367250  0.535633
192.100000  6.422800  0.621547
192.200000  6.475800  0.938614
192.300000  6.487600  0.913016
192.400000  6.061900  0.214536
192.500000  6.409300  0.563281
192.600000  6.161800  0.460044
192.700000  6.379800  1.014698
192.800000  6.324100  0.766645
192.900000  6.368700  0.204778
193.000000  6.297350  0.494056
193.100000  6.297950  0.581595
193.200000  6.082650  0.639012
193.300000  6.376450  0.993697
193.400000  6.236900  0.628052
193.500000  6.398750  1.292662
193.600000  6.687350  1.235386
193.700000  6.433650  0.760069
193.800000  6.184900  0.633568
193.900000  6.421600  0.944836
194.000000  6.375400  0.976373
194.100000  5.973550  0.698551
194.200000  6.592550  0.923128
194.300000  6.375700  0.804122
194.400000  6.421050  0.558261
194.500000  6.526000  1.249882
194.600000  6.556550  0.574949
194.700000  6.548600  0.937341
194.800000  6.755200  1.082580
194.900000  6.532950  0.883389
195.000000  6.456650  0.611152
195.100000  6.746550  0.429426
195.200000  6.759200  0.685752
195.300000  6.656000  0.893076
195.400000  6.535700  0.907359
195.500000  6.677900  0.900571
195.600000  6.632950  0.569575
195.700000  6.629000  0.792384
195.800000  6.348000  0.930553
195.900000  6.621150  0.627274
196.000000  6.393350  0.706046
196.100000  6.513150  0.673802
196.200000  6.396000  0.657892
196.300000  6.486100  0.408991
196.400000  6.370400  0.836649
196.500000  6.542350  0.513147
196.600000  6.743000  0.901844
196.700000  6.578050  0.573959
196.800000  6.445750  0.692045
196.900000  6.695350  0.477226
197.000000  6.465600  0.693389
197.100000  6.506250  0.839689
197.200000  6.256900  0.866489
197.300000  6.548650  0.672812
197.400000  6.435550  0.774494
197.500000  6.641700  0.690560
197.600000  6.364450  0.924966
197.700000  6.510600  0.920653
197.800000  6.314100  0.955726
197.900000  6.579450  0.729805
198.000000  6.522300  0.542634
198.100000  6.628950  0.768413
198.200000  6.673250  1.133704
198.300000  6.411900  0.874833
198.400000  6.793500  0.823638
198.500000  6.411100  0.795919
198.600000  6.608750  0.745220
198.700000  6.587400  0.986697
198.800000  6.553900  1.060943
198.900000  6.479150  0.769827
199.000000  6.665500  1.005930
199.100000  6.484500  0.908067
199.200000  6.602300  0.892227
199.300000  6.420900  0.603162
199.400000  6.417350  0.676489
199.500000  6.438250  0.683560
199.600000  6.377200  0.564271
199.700000  6.507150  0.904460
199.800000  6.545100  0.279590
199.900000  6.319500  0.107056
200.000000  6.336550  0.264104
