# aggregated from 2 replicates
# x  mean  std
0.000000  63.238423  0.000000
0.100000  61.359547  0.086263
0.200000  62.824106  3.079180
0.300000  60.862077  2.922360
0.400000  60.523547  11.494840
0.500000  64.062630  6.107793
0.600000  62.548120  0.340451
0.700000  62.510879  1.531941
0.800000  62.557251  0.525192
0.900000  58.078534  0.564732
1.000000  62.654857  4.507645
1.100000  65.532561  5.407930
1.200000  64.457618  8.240576
1.300000  66.552287  9.444653
1.400000  63.546623  4.206041
1.500000  68.205397  6.865863
1.600000  66.858170  5.814248
1.700000  66.162731  5.711613
1.800000  64.494692  1.946256
1.900000  64.326403  1.865972
2.000000  66.002003  9.945249
2.100000  67.513974  9.750793
2.200000  59.526662  7.933889
2.300000  63.805436  4.527941
2.400000  62.475354  4.538439
2.500000  66.460062  4.267244
2.600000  64.793127  10.361449
2.700000  66.545692  8.645445
2.800000  68.847815  13.093714
2.900000  70.067338  13.738395
3.000000  71.140388  11.641552
3.100000  67.493777  4.803660
3.200000  68.639693  11.439448
3.300000  75.039744  9.225109
3.400000  74.775340  11.532193
3.500000  74.241309  9.650694
3.600000  73.554069  1.139041
3.700000  69.701884  1.198663
3.800000  67.788963  2.730560
3.900000  70.632457  10.135406
4.000000  70.145388  1.573827
4.100000  70.215246  1.071074
4.200000  70.274295  2.963472
4.300000  67.076091  11.224373
4.400000  68.694423  0.030043
4.500000  65.860857  7.500941
4.600000  68.710064  4.314839
4.700000  66.220360  2.222648
4.800000  67.334715  3.872989
4.900000  68.609600  4.511814
5.000000  68.713832  6.093607
5.100000  67.806032  7.040956
5.200000  70.533490  0.978239
5.300000  70.552013  10.101199
5.400000  71.698113  8.836689
5.500000  72.311295  10.226320
5.600000  72.346441  4.119645
5.700000  67.838691  6.726502
5.800000  73.004312  5.712063
5.900000  71.833361  2.871117
6.000000  75.316401  7.077848
6.100000  71.630586  7.172870
6.200000  72.186845  8.668347
6.300000  68.714567  5.358394
6.400000  71.967561  12.725738
6.500000  70.943045  15.233682
6.600000  72.443372  11.678645
6.700000  70.457961  5.700488
6.800000  68.640851  4.308266
6.900000  72.044355  2.157446
7.000000  68.646122  0.626284
7.100000  61.759631  4.773360
7.200000  65.553573  2.665909
7.300000  62.486180  4.394410
7.400000  63.716478  2.285575
7.500000  65.627532  1.708626
7.600000  67.272322  3.030701
7.700000  65.447218  5.145060
7.800000  67.006214  5.821798
7.900000  65.472502  6.174340
8.000000  62.103013  4.720650
8.100000  61.955901  5.282884
8.200000  63.804650  1.737513
8.300000  61.856971  0.873886
8.400000  62.300799  5.287672
8.500000  59.291933  8.626331
8.600000  59.560592  2.019290
8.700000  59.689778  2.090841
8.800000  62.326950  1.542998
8.900000  65.931900  7.159540
9.000000  63.721853  3.093860
9.100000  62.909343  2.969502
9.200000  60.970441  3.554651
9.300000  63.791117  4.277854
9.400000  65.790440  4.918961
9.500000  65.484576  0.920852
9.600000  70.979172  3.542394
9.700000  64.225375  1.671828
9.800000  65.018138  3.985844
9.900000  65.446727  2.044538
10.000000  64.911665  3.079492
10.100000  69.337460  0.789314
10.200000  69.103714  8.783289
10.300000  74.986187  13.669984
10.400000  69.626924  6.558973
10.500000  74.531287  6.338978
10.600000  69.835306  8.547577
10.700000  73.450471  8.034415
10.800000  62.711432  1.029594
10.900000  62.768377  2.930683
11.000000  65.723721  0.268039
11.100000  68.625852  3.820581
11.200000  69.029968  2.437949
11.300000  66.545332  3.392421
11.400000  70.354185  0.703201
11.500000  74.419293  1.979886
11.600000  72.588527  4.810686
11.700000  69.670825  2.596013
11.800000  68.905131  5.241673
11.900000  77.560506  10.113156
12.000000  81.688477  10.039921
12.100000  74.254870  13.912544
12.200000  72.475316  20.062377
12.300000  74.938674  20.897052
12.400000  69.038763  17.448010
12.500000  74.232376  14.982845
12.600000  71.903484  15.536774
12.700000  66.636418  8.216682
12.800000  64.414808  8.116229
12.900000  65.244565  4.780163
13.000000  61.494391  4.286842
13.100000  67.898235  13.636503
13.200000  66.391270  14.271562
13.300000  63.572295  3.820190
13.400000  67.538347  7.526290
13.500000  66.766672  9.010727
13.600000  68.180811  18.321506
13.700000  71.076521  21.871417
13.800000  75.091841  16.975493
13.900000  70.440330  18.299199
14.000000  73.058528  17.433394
14.100000  72.174872  20.511784
14.200000  71.069662  16.489370
14.300000  73.780333  17.280477
14.400000  75.220172  19.991467
14.500000  70.606931  19.515593
14.600000  74.426368  17.552679
14.700000  75.014120  11.209120
14.800000  77.009276  17.209610
14.900000  70.398418  18.919915
15.000000  74.233431  20.272506
15.100000  71.312720  17.228703
15.200000  68.529675  22.215904
15.300000  65.402899  10.423881
15.400000  70.498658  13.827819
15.500000  71.778002  24.817271
15.600000  70.462930  14.349719
15.700000  72.641891  19.702762
15.800000  69.704926  23.876034
15.900000  65.872388  12.169402
16.000000  62.484238  9.177291
16.100000  67.721014  16.565762
16.200000  67.081587  16.460551
16.300000  70.567842  21.262934
16.400000  69.409013  18.333021
16.500000  71.413691  8.282286
16.600000  68.070897  14.709250
16.700000  74.068556  10.875917
16.800000  63.811239  12.851045
16.900000  71.850640  15.473041
17.000000  64.809275  9.534671
17.100000  66.337537  14.159248
17.200000  71.034153  22.978403
17.300000  72.604075  14.542021
17.400000  72.111346  15.296940
17.500000  69.285950  10.989134
17.600000  68.704973  7.683694
17.700000  71.405525  9.288567
17.800000  68.974220  16.338348
17.900000  68.919253  17.957332
18.000000  66.627634  16.822817
18.100000  65.877866  12.882148
18.200000  72.816675  16.068370
18.300000  67.565925  17.992420
18.400000  69.600724  15.095159
18.500000  70.000726  15.867498
18.600000  69.880781  10.688658
18.700000  75.442450  16.997603
18.800000  69.935044  10.165863
18.900000  69.748337  7.769096
19.000000  70.753963  10.695971
19.100000  72.705183  18.768056
19.200000  68.618519  14.795680
19.300000  60.829447  6.442283
19.400000  66.140652  13.696000
19.500000  77.096506  17.432715
19.600000  72.602158  20.344707
19.700000  74.649319  15.936307
19.800000  68.957059  13.295360
19.900000  70.898414  10.198728
20.000000  67.016296  12.942207
20.100000  68.053807  14.990326
20.200000  71.530023  17.122766
20.300000  67.352728  12.662030
20.400000  69.022677  13.600690
20.500000  73.077961  15.757212
20.600000  70.733615  14.717670
20.700000  71.333591  18.168182
20.800000  69.602536  19.643929
20.900000  74.372529  17.261178
21.000000  73.877420  8.870686
21.100000  70.981815  14.682247
21.200000  70.919798  17.169689
21.300000  73.250238  17.496253
21.400000  71.031880  10.530114
21.500000  66.478278  9.715382
21.600000  65.804351  10.931085
21.700000  63.762011  11.681505
21.800000  67.210814  8.569078
21.900000  67.939346  11.414401
22.000000  69.991552  17.438175
22.100000  70.027958  20.616491
22.200000  70.793983  13.756082
22.300000  66.383773  20.698282
22.400000  64.394615  18.638542
22.500000  60.807305  17.348340
22.600000  58.276546  15.846648
22.700000  62.456391  11.599653
22.800000  60.124837  14.867476
22.900000  60.971487  8.660422
23.000000  58.122412  9.394614
23.100000  61.072291  12.356982
23.200000  61.087013  11.308094
23.300000  61.604327  9.266257
23.400000  62.571832  13.273620
23.500000  61.811847  16.369096
23.600000  60.904419  16.225299
23.700000  66.625765  22.944076
23.800000  58.098516  13.227589
23.900000  60.205065  10.474343
24.000000  60.900501  13.695243
24.100000  62.313198  14.221123
24.200000  59.896040  12.201941
24.300000  64.142141  16.816076
24.400000  60.575147  14.844831
24.500000  71.858217  19.988068
24.600000  66.937948  21.121642
24.700000  68.607713  16.942205
24.800000  66.591754  17.345382
24.900000  68.916589  23.622814
25.000000  65.982788  14.025410
25.100000  65.701856  15.720757
25.200000  68.627172  18.844294
25.300000  70.114296  11.353423
25.400000  69.005095  18.346590
25.500000  68.297096  12.281923
25.600000  69.719230  18.292106
25.700000  66.168748  24.354332
25.800000  70.882539  18.467786
25.900000  70.855594  14.073902
26.000000  68.935986  15.181061
26.100000  63.968087  16.156858
26.200000  71.151652  16.307322
26.300000  66.513860  16.225909
26.400000  75.149197  12.277116
26.500000  72.508600  20.772500
26.600000  71.479706  19.974045
26.700000  69.687586  18.745922
26.800000  70.208831  18.830061
26.900000  65.595160  18.887386
27.000000  64.446116  12.723402
27.100000  64.809027  16.862526
27.200000  70.035541  16.517531
27.300000  65.052626  21.839436
27.400000  69.091949  18.800361
27.500000  70.141909  14.737978
27.600000  68.047308  18.985602
27.700000  68.422995  23.652311
27.800000  72.833520  23.351210
27.900000  72.343859  24.608161
28.000000  72.567872  22.332229
28.100000  68.419387  18.086934
28.200000  69.433499  16.174890
28.300000  70.697252  20.454291
28.400000  71.409975  18.350892
28.500000  68.280141  11.969744
28.600000  72.131008  16.671466
28.700000  70.180683  11.094872
28.800000  71.751945  11.771209
28.900000  73.901872  18.237439
29.000000  67.939954  6.913247
29.100000  69.514513  14.670602
29.200000  68.132860  14.583377
29.300000  73.929897  18.591722
29.400000  68.402511  18.503107
29.500000  67.390894  16.324621
29.600000  66.058330  17.239658
29.700000  73.273967  20.412275
29.800000  66.352482  19.854562
29.900000  64.078705  18.197305
30.000000  66.544321  17.094980
30.100000  66.624678  16.909644
30.200000  67.388926  22.813357
30.300000  64.942209  9.617388
30.400000  66.887904  15.637376
30.500000  64.591417  13.481001
30.600000  64.803117  19.605489
30.700000  56.470965  7.725701
30.800000  62.162462  19.328112
30.900000  67.107450  19.254544
31.000000  62.365347  15.816670
31.100000  66.006336  20.477996
31.200000  66.893796  17.863315
31.300000  63.982169  23.951074
31.400000  65.251059  26.014916
31.500000  65.856795  23.829386
31.600000  63.349069  15.710906
31.700000  61.989472  14.796634
31.800000  64.409206  19.827982
31.900000  63.947425  22.225056
32.000000  66.171945  18.712008
32.100000  69.622901  20.784261
32.200000  67.359784  19.877665
32.300000  67.116706  16.213767
32.400000  63.995183  14.082556
32.500000  63.949541  19.826442
32.600000  66.830236  24.772802
32.700000  64.680970  22.407404
32.800000  67.083868  18.475104
32.900000  68.347980  20.768029
33.000000  66.296165  20.294326
33.100000  66.812825  26.689320
33.200000  68.574149  23.724051
33.300000  69.999359  23.348899
33.400000  67.702323  23.695441
33.500000  64.853317  15.480738
33.600000  63.283548  17.381697
33.700000  66.481219  20.524859
33.800000  64.139830  22.112079
33.900000  72.816059  15.377013
34.000000  65.640579  20.986948
34.100000  64.276975  20.681747
34.200000  68.186951  24.170311
34.300000  63.451839  13.843951
34.400000  62.603258  13.398997
34.500000  60.274299  14.213930
34.600000  58.622845  6.325179
34.700000  61.307779  6.742560
34.800000  62.928068  9.461873
34.900000  63.119027  9.358722
35.000000  64.604990  6.239189
35.100000  59.980759  1.612285
35.200000  58.891250  0.248994
35.300000  63.497233  5.682005
35.400000  68.741434  16.770713
35.500000  65.435606  14.856660
35.600000  66.151143  18.525316
35.700000  68.237919  19.358824
35.800000  65.248492  24.776632
35.900000  69.054492  19.703132
36.000000  69.647448  19.491278
36.100000  67.169787  18.983711
36.200000  65.249631  20.637975
36.300000  71.361946  22.558550
36.400000  69.381522  21.760390
36.500000  65.037164  14.942685
36.600000  61.119268  12.919653
36.700000  66.385440  9.071129
36.800000  66.788258  7.247498
36.900000  66.920187  7.482285
37.000000  66.750177  17.216523
37.100000  66.421560  14.078247
37.200000  70.087692  12.341717
37.300000  71.591326  14.254419
37.400000  73.385374  12.770590
37.500000  69.249880  14.146930
37.600000  64.353227  5.097874
37.700000  68.109449  10.690243
37.800000  71.606428  10.034782
37.900000  60.953563  14.027652
38.000000  69.914048  15.292318
38.100000  68.300319  7.247772
38.200000  68.208067  6.106988
38.300000  74.018726  8.658706
38.400000  73.232632  14.152675
38.500000  77.049428  4.712618
38.600000  64.255459  13.529037
38.700000  66.689428  8.481341
38.800000  64.697324  9.472790
38.900000  68.126475  15.589047
39.000000  64.165855  20.055240
39.100000  63.774270  6.573437
39.200000  63.507491  18.100778
39.300000  69.439719  21.214512
39.400000  59.810913  11.753131
39.500000  61.096648  14.306546
39.600000  60.105969  6.899449
39.700000  60.055131  5.522912
39.800000  68.261432  11.977390
39.900000  70.833714  24.000397
40.000000  61.380609  11.648366
40.100000  68.715974  13.401350
40.200000  62.640381  6.788400
40.300000  68.669205  13.518862
40.400000  70.198504  19.112735
40.500000  70.930302  22.649291
40.600000  71.577809  18.947094
40.700000  61.994210  13.405072
40.800000  66.886596  18.602266
40.900000  65.297148  13.116698
41.000000  71.276182  19.791432
41.100000  64.778845  17.022828
41.200000  63.737054  16.371780
41.300000  63.366398  15.505646
41.400000  70.366213  19.431289
41.500000  70.357202  20.144670
41.600000  71.303546  13.961659
41.700000  72.909449  11.781117
41.800000  68.013960  14.754641
41.900000  63.845818  10.468195
42.000000  63.173158  13.339004
42.100000  64.176712  13.075836
42.200000  65.714270  22.149589
42.300000  70.085413  16.835078
42.400000  65.740423  16.179283
42.500000  73.296293  19.647388
42.600000  62.247570  16.414630
42.700000  67.197964  12.239027
42.800000  64.768154  16.251199
42.900000  63.472720  12.357128
43.000000  67.249958  19.227259
43.100000  65.896890  17.049570
43.200000  60.676447  14.905670
43.300000  65.090097  14.932148
43.400000  68.987998  26.109069
43.500000  71.551067  23.955736
43.600000  67.991530  17.544272
43.700000  66.574565  17.674986
43.800000  65.293218  18.283063
43.900000  60.597594  10.178764
44.000000  61.234819  10.343380
44.100000  62.309843  11.375240
44.200000  63.082697  7.988427
44.300000  58.661654  6.973392
44.400000  64.660691  14.888010
44.500000  59.885486  13.729975
44.600000  65.523349  18.082607
44.700000  58.944998  11.194601
44.800000  58.958049  9.943239
44.900000  62.781712  13.240084
45.000000  64.197677  17.550085
45.100000  58.884713  8.563839
45.200000  57.867996  9.303412
45.300000  63.212986  15.494016
45.400000  60.550941  7.409961
45.500000  56.444280  9.474512
45.600000  58.714708  5.085735
45.700000  61.279735  11.450278
45.800000  59.528719  0.147535
45.900000  58.744439  0.997603
46.000000  61.424223  10.294909
46.100000  66.147491  15.154978
46.200000  67.441864  15.674853
46.300000  67.869679  11.910908
46.400000  65.588836  13.704152
46.500000  70.834550  15.841252
46.600000  66.290544  16.679708
46.700000  73.377175  16.396603
46.800000  74.215609  9.874259
46.900000  71.447925  11.758474
47.000000  69.596439  19.107510
47.100000  68.150645  12.063028
47.200000  68.982570  17.035011
47.300000  67.692274  15.818481
47.400000  69.312034  23.112754
47.500000  65.812615  5.475952
47.600000  69.324758  12.800838
47.700000  70.097770  11.343525
47.800000  69.659242  23.993493
47.900000  68.543781  16.133273
48.000000  67.020521  15.592280
48.100000  69.086603  22.315720
48.200000  64.611107  17.857190
48.300000  67.659498  17.123170
48.400000  70.495956  15.990547
48.500000  70.036899  26.302515
48.600000  65.362599  20.814344
48.700000  66.845462  11.181348
48.800000  65.981348  14.356286
48.900000  72.160990  22.472352
49.000000  61.882098  17.584425
49.100000  67.790042  14.528630
49.200000  65.930623  12.775774
49.300000  67.879206  16.041827
49.400000  62.090797  7.284845
49.500000  68.875517  16.556019
49.600000  67.511920  10.008124
49.700000  71.952598  23.425069
49.800000  68.850986  17.951801
49.900000  72.540180  24.199215
50.000000  62.246896  6.160819
50.100000  62.760064  4.434902
50.200000  63.251589  9.493385
50.300000  69.238842  21.144224
50.400000  60.826071  6.101411
50.500000  66.689714  14.698881
50.600000  70.319408  19.017832
50.700000  70.963011  22.120837
50.800000  70.985869  20.004470
50.900000  71.964939  20.009718
51.000000  72.528112  24.210843
51.100000  70.730169  21.058675
51.200000  70.349925  21.042535
51.300000  71.399491  24.321882
51.400000  69.784987  24.124781
51.500000  73.664956  21.590562
51.600000  75.248600  17.173637
51.700000  79.849893  12.886552
51.800000  78.604177  13.956983
51.900000  77.969164  12.318112
52.000000  73.011575  15.775716
52.100000  70.915628  14.823234
52.200000  75.530058  18.214372
52.300000  78.808994  15.502633
52.400000  76.237760  11.569173
52.500000  78.825256  11.582843
52.600000  73.690406  8.569140
52.700000  79.627455  9.428470
52.800000  70.956366  18.523979
52.900000  72.343913  17.805155
53.000000  72.883606  13.873784
53.100000  77.039266  15.189950
53.200000  73.959358  17.345823
53.300000  73.865931  11.811568
53.400000  72.762137  18.782411
53.500000  73.067464  20.718221
53.600000  72.099581  15.217103
53.700000  67.383720  11.853859
53.800000  66.700279  21.512239
53.900000  74.087876  17.257749
54.000000  72.762943  21.180563
54.100000  74.533667  13.399095
54.200000  75.838848  19.815908
54.300000  70.285509  21.988316
54.400000  73.675933  22.124427
54.500000  74.601122  18.891080
54.600000  67.857945  26.000009
54.700000  69.592095  15.667721
54.800000  71.829206  12.826498
54.900000  72.944074  19.319519
55.000000  73.976106  19.844943
55.100000  76.146400  15.769299
55.200000  73.833206  14.859774
55.300000  78.211890  13.059151
55.400000  77.620543  15.074662
55.500000  73.410910  17.561602
55.600000  68.419528  27.634656
55.700000  71.505530  22.735613
55.800000  69.863349  21.428579
55.900000  66.184548  19.402075
56.000000  68.411669  16.754527
56.100000  57.869907  5.585707
56.200000  61.007731  4.937597
56.300000  66.203608  12.245862
56.400000  56.199953  0.082738
56.500000  40.841638  23.403238
56.600000  47.990408  14.220092
56.700000  44.803134  14.460365
56.800000  47.897030  11.547173
56.900000  48.574429  13.445816
57.000000  40.983380  27.357424
57.100000  45.819776  18.770614
57.200000  64.384242  9.539875
57.300000  67.727257  14.166727
57.400000  39.093753  24.694705
57.500000  38.652702  23.696007
57.600000  41.871806  20.527731
57.700000  44.794241  13.934468
57.800000  47.626725  22.494338
57.900000  46.739684  23.188912
58.000000  33.477247  29.873528
58.100000  35.384909  29.975744
58.200000  33.990766  31.964132
58.300000  33.024231  33.643437
58.400000  31.011081  40.300355
58.500000  35.471849  27.681308
58.600000  40.768901  22.790290
58.700000  44.895398  20.578062
58.800000  33.822062  27.058740
58.900000  43.989460  16.132090
59.000000  49.407245  14.071309
59.100000  50.044162  11.340115
59.200000  54.250984  4.330753
59.300000  47.601831  9.145080
59.400000  51.162936  9.055543
59.500000  51.072598  15.866678
59.600000  46.942957  16.967626
59.700000  43.099674  17.686349
59.800000  44.976572  16.041882
59.900000  40.138986  21.198614
60.000000  46.438437  16.211912
60.100000  42.397508  16.620348
60.200000  42.576690  21.796691
60.300000  40.796546  23.725238
60.400000  48.097240  12.105666
60.500000  43.936070  19.025262
60.600000  51.934666  22.515114
60.700000  45.429278  24.172623
60.800000  47.926276  19.284536
60.900000  50.724655  18.175586
61.000000  46.397955  18.487629
61.100000  45.574625  28.454220
61.200000  47.707385  16.251306
61.300000  47.378275  17.784143
61.400000  50.785916  16.944696
61.500000  47.130699  24.463611
61.600000  46.098259  19.737636
61.700000  50.903016  16.919316
61.800000  48.608584  18.120219
61.900000  53.681333  4.719980
62.000000  48.504447  12.787828
62.100000  46.323530  16.082254
62.200000  42.102069  23.192061
62.300000  60.613484  0.498691
62.400000  50.348177  8.011907
62.500000  57.448324  1.279533
62.600000  44.126322  33.255372
62.700000  53.328870  11.535925
62.800000  49.492607  14.705190
62.900000  45.146540  16.385493
63.000000  53.043743  16.707042
63.100000  43.170401  16.673662
63.200000  47.323694  13.584804
63.300000  45.868500  24.338968
63.400000  45.095355  19.348044
63.500000  49.676549  15.892653
63.600000  45.262634  20.477361
63.700000  47.356194  18.851009
63.800000  44.884828  26.138165
63.900000  45.745463  23.458118
64.000000  51.703682  4.534022
64.100000  45.190073  12.094391
64.200000  47.996536  20.472849
64.300000  42.811758  19.538424
64.400000  40.216453  19.706965
64.500000  52.948186  11.899003
64.600000  41.473038  22.547944
64.700000  53.325708  8.955007
64.800000  50.623521  10.093784
64.900000  40.733991  18.584912
65.000000  40.464247  22.242221
65.100000  44.943732  14.453494
65.200000  43.871295  16.534976
65.300000  41.851171  16.936303
65.400000  40.290875  19.384350
65.500000  38.590042  22.695806
65.600000  40.057224  22.697770
65.700000  35.915509  22.418292
65.800000  43.355798  7.602125
65.900000  45.731764  13.602257
66.000000  47.647830  7.575622
66.100000  50.286974  2.562045
66.200000  43.566647  14.822391
66.300000  45.750761  9.524833
66.400000  49.035039  6.750046
66.500000  47.889238  11.613468
66.600000  44.115240  20.708580
66.700000  48.830862  13.289342
66.800000  47.140270  19.324635
66.900000  45.888783  28.566724
67.000000  47.087502  12.660111
67.100000  48.052930  14.440952
67.200000  40.108970  24.775580
67.300000  38.404367  26.945594
67.400000  50.143975  12.543678
67.500000  48.750962  14.278714
67.600000  42.665917  16.473316
67.700000  44.714203  19.280391
67.800000  40.246068  24.321630
67.900000  55.952495  2.783736
68.000000  51.651318  11.279964
68.100000  43.119590  19.096951
68.200000  45.083747  18.340681
68.300000  42.749413  17.339011
68.400000  51.616653  9.640498
68.500000  50.072722  9.122022
68.600000  45.225794  20.683462
68.700000  40.637902  19.111036
68.800000  39.975274  21.158896
68.900000  49.748296  11.219889
69.000000  42.396110  21.847388
69.100000  41.059793  20.825708
69.200000  39.942557  14.931594
69.300000  42.443820  20.313480
69.400000  43.837041  19.623211
69.500000  43.456263  12.813834
69.600000  66.255952  10.162977
69.700000  43.676704  15.034442
69.800000  51.211932  8.006782
69.900000  39.218757  27.441151
70.000000  45.098349  14.088538
70.100000  55.059705  2.385626
70.200000  50.747629  11.309459
70.300000  47.953756  10.382755
70.400000  36.024772  25.785017
70.500000  43.797725  19.545940
70.600000  41.428964  34.094553
70.700000  42.281459  20.997105
70.800000  42.057610  21.877458
70.900000  38.708275  26.742024
71.000000  37.453765  28.228785
71.100000  46.009950  20.575760
71.200000  48.997461  12.673509
71.300000  41.732574  20.712475
71.400000  41.721518  18.008376
71.500000  44.108567  20.556151
71.600000  43.803738  17.167904
71.700000  57.522544  2.088813
71.800000  44.816440  22.822661
71.900000  42.884554  20.595498
72.000000  53.119052  3.019094
72.100000  45.704004  19.290789
72.200000  44.793290  19.736909
72.300000  47.990117  21.173032
72.400000  43.763383  17.159956
72.500000  47.157472  14.178525
72.600000  45.371545  14.315770
72.700000  38.141953  29.240378
72.800000  47.596397  14.415551
72.900000  42.937134  15.390859
73.000000  47.331653  22.892654
73.100000  43.002145  23.719741
73.200000  45.857879  18.041639
73.300000  43.329248  24.295640
73.400000  42.024982  21.694531
73.500000  44.103383  18.650064
73.600000  39.992349  21.841732
73.700000  48.775053  17.473994
73.800000  45.260621  20.626704
73.900000  43.505092  14.320253
74.000000  44.553543  19.251360
74.100000  42.898035  26.022264
74.200000  51.424256  11.837134
74.300000  41.389249  21.252115
74.400000  48.363286  17.993048
74.500000  41.338547  25.033954
74.600000  40.307316  26.899335
74.700000  45.206216  25.281029
74.800000  42.665350  28.784647
74.900000  47.361831  16.087627
75.000000  51.987471  12.789858
75.100000  54.959813  7.991816
75.200000  42.982675  20.281051
75.300000  48.967969  11.287558
75.400000  53.737099  11.101115
75.500000  51.303624  17.821172
75.600000  46.865012  20.697631
75.700000  46.290366  22.952450
75.800000  61.502845  1.940232
75.900000  46.807336  23.108930
76.000000  61.182071  5.705527
76.100000  57.515091  8.189046
76.200000  53.981898  9.562524
76.300000  55.196053  7.702318
76.400000  50.034838  10.865975
76.500000  44.483119  9.070279
76.600000  43.341460  21.263532
76.700000  46.577196  16.435562
76.800000  51.592844  3.927588
76.900000  56.249541  1.297018
77.000000  57.382688  3.621511
77.100000  44.481193  20.873634
77.200000  55.467238  9.785371
77.300000  52.670628  11.780565
77.400000  39.992365  28.027944
77.500000  56.828937  2.673564
77.600000  53.615868  3.562592
77.700000  43.362780  20.184934
77.800000  42.661667  17.723077
77.900000  44.249442  21.713465
78.000000  54.823614  11.953533
78.100000  42.393370  26.295661
78.200000  44.272028  21.982086
78.300000  50.456382  6.415924
78.400000  50.676796  6.984601
78.500000  48.217244  13.869141
78.600000  45.741636  15.403990
78.700000  46.246766  18.281865
78.800000  40.720481  18.701550
78.900000  51.807006  8.004401
79.000000  54.574483  7.249614
79.100000  53.062215  6.866867
79.200000  52.154543  2.697231
79.300000  55.239166  4.839481
79.400000  50.051254  11.332904
79.500000  46.808132  17.284621
79.600000  50.329715  4.753484
79.700000  42.222595  16.534303
79.800000  44.052080  19.902107
79.900000  48.596571  9.185857
80.000000  49.763900  10.258446
80.100000  45.482698  11.828311
80.200000  43.293622  19.305918
80.300000  52.633361  7.945085
80.400000  53.877153  15.015783
80.500000  55.166000  6.434351
80.600000  46.931315  14.905629
80.700000  54.543847  5.175669
80.800000  40.038159  19.958067
80.900000  48.189308  12.282333
81.000000  49.297882  19.494792
81.100000  40.407130  26.374833
81.200000  50.500461  14.342064
81.300000  39.797305  21.484226
81.400000  43.682381  17.917719
81.500000  43.056607  17.195015
81.600000  49.874424  9.615321
81.700000  37.959888  29.397457
81.800000  43.603973  12.866376
81.900000  42.491799  16.013140
82.000000  39.606567  15.204426
82.100000  43.185702  13.124248
82.200000  43.492318  18.068905
82.300000  37.846647  21.970147
82.400000  56.958815  1.102329
82.500000  44.442032  14.734874
82.600000  42.467730  12.224780
82.700000  43.445867  19.055295
82.800000  48.189559  8.444427
82.900000  48.138983  11.579060
83.000000  39.349899  19.115894
83.100000  49.230072  8.957598
83.200000  45.259636  16.115684
83.300000  48.539880  10.337156
83.400000  39.951896  15.516582
83.500000  55.860354  2.863764
83.600000  48.472593  7.182383
83.700000  40.005124  18.950899
83.800000  46.441223  15.637763
83.900000  47.755041  8.837743
84.000000  40.179614  13.853756
84.100000  46.896086  18.017960
84.200000  52.743201  8.073824
84.300000  37.432465  31.481694
84.400000  42.176336  22.077470
84.500000  44.576743  12.510077
84.600000  39.604819  22.164280
84.700000  47.760370  13.821487
84.800000  43.764404  14.957558
84.900000  50.666280  1.074335
85.000000  39.278238  12.430642
85.100000  39.819282  13.554638
85.200000  46.358681  7.681422
85.300000  50.707173  6.328727
85.400000  52.803360  1.054967
85.500000  36.213183  18.615130
85.600000  54.320253  1.446651
85.700000  33.663140  27.176658
85.800000  37.726473  20.932602
85.900000  50.637203  1.981057
86.000000  61.631761  7.608029
86.100000  71.940643  22.289104
86.200000  71.759452  24.677332
86.300000  63.733446  18.456879
86.400000  69.025582  26.187096
86.500000  70.512860  22.948765
86.600000  67.689789  19.346553
86.700000  73.693250  22.467353
86.800000  42.340593  18.372716
86.900000  42.019758  15.243717
87.000000  50.568721  4.302614
87.100000  46.069714  9.348690
87.200000  41.202726  23.628102
87.300000  41.723876  16.218249
87.400000  53.118469  1.359167
87.500000  49.217609  8.607146
87.600000  36.032070  19.407144
87.700000  43.744512  13.775752
87.800000  49.916120  5.040811
87.900000  59.259109  10.145148
88.000000  56.558560  5.289530
88.100000  53.700338  3.041913
88.200000  52.335329  6.973357
88.300000  48.453542  16.990898
88.400000  55.074382  2.659651
88.500000  52.273429  1.838447
88.600000  45.026492  18.780441
88.700000  58.163637  3.304518
88.800000  48.803298  21.320242
88.900000  53.179662  13.297019
89.000000  43.025523  20.300449
89.100000  46.486076  20.462065
89.200000  39.147680  23.556436
89.300000  47.344938  16.947777
89.400000  48.802986  9.554687
89.500000  37.517415  18.985252
89.600000  38.230944  25.777061
89.700000  51.426778  21.873638
89.800000  63.480402  7.599590
89.900000  49.040625  15.661958
90.000000  46.046776  23.513367
90.100000  44.078117  15.700734
90.200000  43.166519  19.248725
90.300000  54.682610  10.848197
90.400000  54.373563  4.040327
90.500000  48.219847  9.905760
90.600000  45.642854  15.751274
90.700000  52.047390  20.586863
90.800000  44.270010  27.050733
90.900000  49.234646  19.384195
91.000000  48.838830  15.332746
91.100000  51.757759  23.007231
91.200000  53.457012  11.030422
91.300000  60.919739  0.542344
91.400000  56.439345  4.622836
91.500000  50.035407  8.750213
91.600000  47.310291  8.962319
91.700000  46.582065  16.514466
91.800000  43.611644  19.646350
91.900000  39.469553  23.171997
92.000000  42.492030  24.075640
92.100000  60.056802  10.664656
92.200000  54.411531  16.539134
92.300000  48.077100  18.897608
92.400000  48.011898  21.440058
92.500000  43.001724  29.266320
92.600000  54.152454  22.171217
92.700000  64.114446  3.975357
92.800000  51.598552  22.856925
92.900000  46.109662  29.600345
93.000000  53.883420  20.001229
93.100000  43.116155  23.799242
93.200000  47.553714  16.418932
93.300000  51.102392  11.851028
93.400000  48.591912  12.962513
93.500000  46.150557  23.178052
93.600000  43.471445  17.592595
93.700000  52.130837  19.422564
93.800000  46.335501  27.881160
93.900000  48.573283  24.304583
94.000000  45.087299  25.656921
94.100000  45.039594  23.532528
94.200000  50.057035  22.055882
94.300000  41.105216  26.929233
94.400000  57.965173  1.144742
94.500000  46.374352  5.612597
94.600000  54.344693  5.386296
94.700000  54.545966  6.097789
94.800000  42.415697  14.340687
94.900000  48.475614  1.784146
95.000000  47.365719  9.215414
95.100000  57.203442  7.685140
95.200000  48.040519  0.434709
95.300000  40.464925  11.467817
95.400000  45.774937  4.413805
95.500000  43.509403  11.958962
95.600000  46.206447  5.870106
95.700000  47.842568  8.377288
95.800000  53.079237  2.184251
95.900000  43.094212  11.561567
96.000000  42.093054  16.421172
96.100000  39.793424  14.363807
96.200000  40.330545  15.776793
96.300000  40.471505  8.124591
96.400000  54.768442  0.069789
96.500000  36.930701  20.865182
96.600000  38.378761  14.938705
96.700000  38.571195  9.285671
96.800000  43.546418  7.920196
96.900000  56.343700  5.631557
97.000000  39.386555  15.533467
97.100000  48.980069  2.159455
97.200000  40.473570  12.118703
97.300000  34.622232  15.498562
97.400000  52.689892  7.018432
97.500000  43.177021  6.756156
97.600000  45.316634  0.301800
97.700000  43.916919  0.348172
97.800000  41.763044  7.269385
97.900000  45.312271  9.271197
98.000000  36.978689  11.332153
98.100000  48.253551  2.889275
98.200000  35.941737  21.047847
98.300000  40.120154  10.922702
98.400000  38.276540  20.837829
98.500000  37.756507  13.452291
98.600000  36.450118  14.191473
98.700000  43.047801  12.100005
98.800000  41.955570  13.910479
98.900000  41.775386  12.269887
99.000000  45.503457  6.973933
99.100000  42.756887  11.300770
99.200000  47.091909  11.544651
99.300000  42.345568  11.012238
99.400000  37.952367  18.569952
99.500000  42.663182  10.941524
99.600000  34.552819  24.779419
99.700000  44.793568  9.025423
99.800000  55.311498  5.031757
99.900000  49.274929  2.182063
100.000000  50.707678  3.269978
100.100000  54.482270  2.858836
100.200000  47.110090  12.020151
100.300000  37.167636  22.726554
100.400000  36.381551  19.207888
100.500000  42.849655  12.643012
100.600000  42.974097  12.745446
100.700000  39.206122  17.212938
100.800000  37.648521  21.818676
100.900000  39.812370  17.835000
101.000000  40.485301  15.656773
101.100000  45.022000  5.976422
101.200000  42.011634  10.795292
101.300000  46.145151  10.715481
101.400000  38.264898  10.735028
101.500000  50.387186  4.393339
101.600000  49.076032  6.943671
101.700000  43.081280  16.040152
101.800000  40.910915  10.485400
101.900000  42.710217  11.238506
102.000000  47.754340  10.866757
102.100000  41.309898  11.603158
102.200000  41.038940  8.976941
102.300000  38.735723  18.188784
102.400000  46.703905  2.066648
102.500000  44.158342  12.571231
102.600000  45.542991  12.476217
102.700000  40.507154  21.960101
102.800000  31.285964  24.118176
102.900000  47.894925  10.870910
103.000000  41.212384  18.574403
103.100000  52.834784  2.935229
103.200000  46.382958  3.950220
103.300000  49.895568  7.016668
103.400000  46.287824  9.179915
103.500000  40.546253  17.060950
103.600000  50.345906  6.821779
103.700000  37.756597  16.585943
103.800000  67.304220  17.655708
103.900000  70.674636  26.334112
104.000000  66.783211  26.758131
104.100000  67.831559  20.014137
104.200000  70.590022  22.654988
104.300000  66.705837  23.332972
104.400000  68.436993  23.692659
104.500000  64.704561  28.706606
104.600000  68.125222  29.550907
104.700000  63.562975  24.680605
104.800000  67.082188  25.343728
104.900000  63.145710  27.112364
105.000000  68.007115  27.968399
105.100000  66.581591  20.829469
105.200000  71.162058  22.725678
105.300000  74.632541  21.673464
105.400000  72.709059  14.401235
105.500000  74.015728  22.396692
105.600000  69.262045  21.338631
105.700000  72.483330  23.442085
105.800000  71.750925  22.846906
105.900000  72.358291  21.854118
106.000000  70.376766  23.823024
106.100000  59.453521  4.579300
106.200000  68.679796  19.859079
106.300000  64.665098  27.964782
106.400000  66.492516  29.209879
106.500000  67.821992  25.257002
106.600000  69.545579  24.511072
106.700000  70.561913  24.736983
106.800000  69.197259  24.877134
106.900000  69.319693  28.327680
107.000000  66.936903  28.413414
107.100000  67.868612  30.499370
107.200000  67.758669  27.218561
107.300000  61.525162  23.701634
107.400000  68.250887  19.134392
107.500000  67.037574  30.017613
107.600000  67.252499  31.676304
107.700000  66.765382  27.079684
107.800000  68.784731  29.285679
107.900000  68.204578  25.913959
108.000000  57.554583  10.981848
108.100000  67.246508  30.442282
108.200000  68.807106  21.837896
108.300000  65.375507  23.971309
108.400000  65.528319  28.929362
108.500000  62.153395  19.418454
108.600000  67.523940  19.226156
108.700000  65.922423  23.765959
108.800000  66.644419  22.955102
108.900000  66.853161  29.178145
109.000000  64.060218  17.467339
109.100000  66.494592  15.229080
109.200000  69.855078  23.132662
109.300000  70.083379  20.502674
109.400000  67.443415  29.777440
109.500000  65.853354  32.721805
109.600000  66.685000  29.318273
109.700000  65.296412  27.866679
109.800000  65.618941  29.478258
109.900000  63.674369  30.414679
110.000000  61.881845  21.332642
110.100000  64.434184  24.197763
110.200000  66.286378  29.127310
110.300000  63.483553  25.097164
110.400000  66.006863  32.021072
110.500000  70.159756  27.323300
110.600000  66.409267  22.031735
110.700000  65.828167  24.940423
110.800000  57.605368  17.664691
110.900000  66.404670  31.551175
111.000000  66.127366  21.526380
111.100000  69.806500  24.563408
111.200000  68.845453  29.834563
111.300000  70.610296  22.469010
111.400000  70.384032  26.139966
111.500000  69.740172  25.068287
111.600000  64.682395  25.421617
111.700000  72.626454  23.823331
111.800000  71.133454  16.316440
111.900000  74.449069  21.706084
112.000000  66.725960  10.887057
112.100000  72.872611  19.040976
112.200000  69.343476  16.169814
112.300000  72.899101  7.580558
112.400000  72.081482  15.862905
112.500000  76.159992  17.038450
112.600000  70.752945  21.434691
112.700000  64.130128  9.090192
112.800000  73.880945  14.581672
112.900000  73.040841  16.754794
113.000000  74.708952  18.245736
113.100000  75.509252  16.630678
113.200000  72.528172  19.419264
113.300000  74.799590  14.820387
113.400000  68.540631  17.180095
113.500000  74.326039  20.088142
113.600000  72.766670  22.540126
113.700000  72.044783  11.259126
113.800000  74.918822  15.099368
113.900000  73.888189  15.053612
114.000000  74.525993  13.153744
114.100000  72.187905  17.992710
114.200000  71.249414  10.274317
114.300000  73.881871  19.383883
114.400000  70.821049  22.457412
114.500000  74.150781  17.376686
114.600000  67.219029  15.659715
114.700000  74.223992  22.082427
114.800000  71.214325  24.735456
114.900000  65.845174  25.266572
115.000000  67.042365  31.156123
115.100000  68.087577  27.314555
115.200000  69.514895  26.065420
115.300000  67.922587  22.809049
115.400000  70.091309  28.041712
115.500000  65.972735  28.992461
115.600000  65.826358  26.028075
115.700000  69.173107  26.965007
115.800000  67.516979  24.299220
115.900000  68.243559  30.371953
116.000000  65.886623  26.714895
116.100000  68.814529  24.200482
116.200000  68.885270  26.026771
116.300000  63.998885  24.266272
116.400000  72.027581  24.531098
116.500000  69.734916  24.850718
116.600000  67.614763  26.192057
116.700000  72.354632  22.241755
116.800000  70.565326  9.365904
116.900000  66.031284  14.287295
117.000000  64.579426  18.946024
117.100000  68.790326  28.348307
117.200000  64.686183  24.197896
117.300000  66.119292  25.034488
117.400000  69.464886  25.985960
117.500000  60.917782  19.778573
117.600000  68.107515  21.690153
117.700000  64.259387  18.941468
117.800000  66.907641  25.151109
117.900000  66.012971  23.852825
118.000000  70.247887  27.188611
118.100000  72.740051  23.444571
118.200000  68.649261  25.935910
118.300000  70.862948  25.282316
118.400000  69.341091  24.005123
118.500000  70.729050  24.919316
118.600000  68.767470  24.572654
118.700000  60.981078  18.456367
118.800000  65.459281  16.167310
118.900000  67.956821  24.810771
119.000000  60.568440  11.142490
119.100000  62.260492  18.200326
119.200000  56.274489  10.804139
119.300000  61.599770  19.046500
119.400000  59.466991  9.839051
119.500000  58.771087  11.745643
119.600000  53.272727  6.968339
119.700000  61.913474  6.735901
119.800000  69.245644  18.328433
119.900000  66.595195  25.144446
120.000000  67.655835  26.393799
120.100000  64.942280  24.310726
120.200000  60.848045  14.321119
120.300000  59.745168  11.405490
120.400000  63.442997  22.755672
120.500000  59.944842  12.275371
120.600000  63.717457  17.659286
120.700000  64.290956  23.234951
120.800000  65.263211  25.490345
120.900000  69.994879  21.301873
121.000000  68.665978  23.923160
121.100000  64.050313  19.917139
121.200000  70.403290  21.320720
121.300000  59.996686  20.776525
121.400000  62.534364  13.375973
121.500000  45.411507  8.060904
121.600000  63.404266  21.382022
121.700000  63.870862  24.470109
121.800000  58.596685  10.797539
121.900000  62.896066  23.747420
122.000000  59.785742  16.347961
122.100000  59.036177  18.306077
122.200000  58.108014  13.361773
122.300000  68.602571  29.707831
122.400000  48.759632  4.080353
122.500000  34.311499  21.392885
122.600000  44.287087  6.031175
122.700000  43.864914  11.444571
122.800000  32.256675  23.460763
122.900000  39.182103  13.215655
123.000000  37.783293  16.836212
123.100000  37.411390  21.452701
123.200000  39.462959  16.292485
123.300000  47.891362  3.072328
123.400000  47.404333  3.393775
123.500000  42.549941  16.951137
123.600000  49.239766  3.434657
123.700000  45.225505  8.998442
123.800000  51.451422  1.805450
123.900000  60.519655  10.410590
124.000000  40.173448  19.179880
124.100000  41.591062  12.052960
124.200000  47.237945  5.556728
124.300000  51.449801  2.306419
124.400000  39.526540  16.297456
124.500000  42.381711  5.297747
124.600000  32.624786  29.794856
124.700000  31.511854  28.715015
124.800000  30.971694  24.050465
124.900000  40.532267  10.473428
125.000000  55.403084  14.057090
125.100000  57.242164  14.312050
125.200000  55.049492  11.155757
125.300000  62.372320  18.977243
125.400000  64.374544  21.268770
125.500000  61.993021  25.749918
125.600000  65.436759  32.084122
125.700000  66.904853  28.126070
125.800000  63.752116  28.385647
125.900000  69.434703  27.362686
126.000000  64.728375  24.761374
126.100000  66.702092  17.367550
126.200000  66.046475  30.906411
126.300000  66.215193  15.956017
126.400000  65.686147  17.823559
126.500000  68.337123  18.155479
126.600000  70.407276  26.461290
126.700000  67.147583  26.659631
126.800000  66.813430  19.769257
126.900000  70.046898  24.685730
127.000000  70.929786  26.168502
127.100000  57.866095  15.334173
127.200000  59.845076  13.497135
127.300000  64.168688  18.376162
127.400000  69.319270  25.354708
127.500000  67.386701  22.177841
127.600000  67.447777  22.283502
127.700000  59.899184  5.266475
127.800000  66.680796  24.338286
127.900000  66.229379  22.625024
128.000000  62.561653  15.520368
128.100000  66.516534  27.502646
128.200000  64.022785  22.485975
128.300000  57.278112  12.341719
128.400000  55.842240  9.630710
128.500000  63.589067  18.516990
128.600000  70.698143  23.020625
128.700000  66.539518  28.511755
128.800000  69.069399  25.140970
128.900000  59.759202  18.117590
129.000000  61.919314  10.120597
129.100000  67.955382  24.253838
129.200000  63.674357  21.677747
129.300000  62.623379  20.583176
129.400000  65.268190  25.561205
129.500000  70.997480  23.005282
129.600000  68.925987  23.748205
129.700000  69.214278  24.051304
129.800000  55.433393  5.220195
129.900000  63.007137  14.160811
130.000000  63.223650  5.809632
130.100000  54.798372  7.527432
130.200000  63.602270  7.526691
130.300000  65.732423  16.556109
130.400000  71.569643  23.820730
130.500000  61.221411  20.036103
130.600000  64.018444  22.065513
130.700000  67.551734  26.114930
130.800000  62.714868  15.697356
130.900000  68.254610  26.517229
131.000000  64.884292  24.996438
131.100000  39.701645  7.169093
131.200000  41.120116  3.588286
131.300000  33.349948  14.760446
131.400000  40.086233  3.517646
131.500000  38.884250  15.725474
131.600000  45.647075  1.654969
131.700000  31.942166  12.879931
131.800000  27.867520  22.544181
131.900000  36.771990  13.623732
132.000000  27.937247  22.876999
132.100000  42.427046  7.047627
132.200000  37.337272  4.242980
132.300000  36.109904  3.597734
132.400000  36.839025  7.151312
132.500000  54.563550  9.253429
132.600000  48.723271  2.908813
132.700000  49.977926  1.189776
132.800000  52.276229  11.401195
132.900000  53.096345  8.149028
133.000000  56.096675  11.799622
133.100000  51.688763  10.511267
133.200000  54.800695  9.264504
133.300000  58.205662  13.257933
133.400000  66.962030  31.323438
133.500000  64.413449  27.060091
133.600000  65.180348  30.234948
133.700000  65.568793  28.710242
133.800000  67.013444  28.329065
133.900000  64.523455  26.592374
134.000000  61.636865  25.621297
134.100000  63.762891  26.165209
134.200000  64.905550  27.574046
134.300000  62.406596  23.539958
134.400000  65.489745  23.367558
134.500000  60.412301  23.473535
134.600000  61.927545  16.319951
134.700000  54.458475  11.636953
134.800000  55.603026  13.158155
134.900000  56.581908  11.752090
135.000000  61.625194  21.851877
135.100000  54.642674  14.236765
135.200000  63.272112  20.781123
135.300000  63.010936  24.278099
135.400000  62.895996  29.412541
135.500000  66.970606  30.122513
135.600000  61.895152  24.275751
135.700000  64.476370  22.204289
135.800000  66.610220  31.038234
135.900000  65.178444  30.599210
136.000000  63.487740  23.251216
136.100000  59.846841  25.052756
136.200000  65.893698  31.915104
136.300000  55.312168  15.694673
136.400000  62.597314  23.685858
136.500000  58.048369  20.600550
136.600000  60.527566  26.987799
136.700000  65.780378  28.872281
136.800000  64.955466  26.676817
136.900000  65.169072  33.790142
137.000000  61.056620  28.445433
137.100000  61.847169  25.379856
137.200000  60.901119  30.262595
137.300000  65.151230  34.230872
137.400000  59.521957  23.461203
137.500000  61.785155  25.201435
137.600000  63.023230  27.094118
137.700000  64.254094  32.828748
137.800000  66.853791  27.832445
137.900000  63.300455  24.989009
138.000000  68.344420  26.411978
138.100000  65.445160  28.326831
138.200000  66.963487  30.509624
138.300000  61.570528  20.629178
138.400000  63.581750  25.699515
138.500000  63.942346  26.208570
138.600000  59.092033  18.337451
138.700000  63.407518  24.479380
138.800000  65.975251  29.069399
138.900000  64.822959  30.315598
139.000000  63.931217  26.251082
139.100000  65.591455  26.543175
139.200000  60.997514  23.642170
139.300000  62.986735  28.855777
139.400000  66.422570  32.595977
139.500000  68.241736  28.603753
139.600000  63.261300  22.988365
139.700000  64.716876  32.441786
139.800000  65.174882  30.116656
139.900000  64.049657  26.612312
140.000000  64.491268  30.388256
140.100000  64.067385  26.392570
140.200000  65.253971  28.131072
140.300000  66.979512  29.517459
140.400000  67.101169  30.749616
140.500000  69.169720  27.944648
140.600000  67.110028  27.996319
140.700000  60.249365  20.622632
140.800000  63.019454  24.667283
140.900000  64.169312  26.386141
141.000000  63.773883  30.694486
141.100000  66.786310  23.449866
141.200000  68.431223  26.811064
141.300000  62.936739  25.561352
141.400000  65.845210  30.804374
141.500000  63.725467  32.380113
141.600000  58.561098  22.194906
141.700000  56.537720  23.949809
141.800000  61.176822  28.662948
141.900000  61.177505  26.338007
142.000000  58.154218  21.053146
142.100000  65.398318  30.756336
142.200000  62.281396  29.374246
142.300000  63.098368  27.119282
142.400000  64.561833  25.976444
142.500000  64.385764  23.707184
142.600000  68.125746  30.898123
142.700000  65.832387  32.268500
142.800000  65.703203  34.236766
142.900000  64.435515  30.943042
143.000000  62.916430  24.228485
143.100000  62.120768  28.087237
143.200000  60.848909  27.672321
143.300000  60.313474  24.091966
143.400000  63.510193  21.372425
143.500000  63.690524  31.996667
143.600000  63.477098  27.193558
143.700000  64.563696  26.402143
143.800000  62.708323  22.115916
143.900000  68.021702  29.116369
144.000000  65.266488  29.083538
144.100000  61.318275  21.279453
144.200000  65.874065  25.131016
144.300000  65.015839  27.729279
144.400000  62.526572  25.658720
144.500000  61.754841  20.132244
144.600000  65.171906  28.356512
144.700000  55.065990  17.070787
144.800000  59.330739  18.666597
144.900000  54.679742  15.328732
145.000000  57.452346  12.025089
145.100000  56.949219  12.788122
145.200000  58.425929  23.630189
145.300000  67.852264  29.255238
145.400000  63.322848  24.999622
145.500000  63.180840  24.953771
145.600000  66.324029  33.150681
145.700000  60.467487  21.434439
145.800000  61.351240  21.598906
145.900000  61.513593  27.119958
146.000000  67.104604  30.740202
146.100000  60.122707  26.011728
146.200000  60.141627  22.271209
146.300000  61.261623  25.330929
146.400000  63.504167  23.996004
146.500000  62.209437  23.602117
146.600000  68.522123  22.945776
146.700000  61.024828  23.401355
146.800000  59.723565  21.326876
146.900000  59.933666  18.421887
147.000000  61.940284  20.999766
147.100000  56.773262  17.995540
147.200000  59.115266  20.057095
147.300000  55.481065  14.549163
147.400000  56.878013  13.009941
147.500000  59.742497  12.836405
147.600000  53.685026  16.758933
147.700000  57.586091  16.923762
147.800000  57.378036  15.663810
147.900000  56.666709  16.594695
148.000000  59.898024  12.184414
148.100000  58.885643  10.999513
148.200000  60.075830  11.809395
148.300000  57.062294  16.010102
148.400000  57.927175  12.023666
148.500000  61.917699  13.735000
148.600000  61.839999  21.198085
148.700000  64.385809  19.113244
148.800000  61.169007  24.663997
148.900000  63.745150  22.386189
149.000000  65.644472  25.473926
149.100000  65.805917  22.460228
149.200000  66.195496  25.478124
149.300000  63.518806  27.530987
149.400000  64.616761  28.265293
149.500000  66.610774  24.511842
149.600000  60.552164  21.279966
149.700000  65.916097  28.524863
149.800000  66.279460  32.035230
149.900000  62.170495  17.873392
150.000000  67.600223  30.907397
150.100000  63.264953  24.086286
150.200000  60.609962  24.194837
150.300000  66.745589  28.630739
150.400000  61.823386  27.414625
150.500000  64.284023  22.687011
150.600000  61.072034  22.647703
150.700000  60.319820  21.314627
150.800000  66.085671  28.025708
150.900000  64.345698  34.192402
151.000000  64.952856  22.635151
151.100000  64.873015  31.536783
151.200000  61.916045  22.994937
151.300000  63.055286  28.155405
151.400000  63.390510  23.984996
151.500000  67.078716  28.046748
151.600000  56.502747  17.250001
151.700000  61.517705  22.573004
151.800000  61.377221  22.350184
151.900000  65.061180  29.887434
152.000000  65.119654  31.222250
152.100000  65.273894  33.471943
152.200000  66.090593  28.491293
152.300000  63.840656  28.287752
152.400000  65.784646  25.646239
152.500000  67.300232  31.932924
152.600000  63.418842  25.750921
152.700000  68.102187  25.702863
152.800000  67.829855  29.092943
152.900000  70.753438  26.710438
153.000000  68.209842  20.659750
153.100000  68.411657  17.699987
153.200000  71.031712  24.512819
153.300000  63.785553  18.267530
153.400000  66.783310  18.433960
153.500000  65.941120  17.675501
153.600000  63.079829  19.247387
153.700000  67.918022  19.269667
153.800000  72.088037  21.794227
153.900000  64.094206  16.612979
154.000000  60.713607  13.967174
154.100000  64.325786  14.854918
154.200000  69.521391  20.899001
154.300000  67.731016  19.344783
154.400000  65.122568  16.384704
154.500000  66.437500  13.550253
154.600000  65.681801  16.095016
154.700000  66.554875  21.160776
154.800000  67.154652  22.272447
154.900000  70.009557  22.563722
155.000000  62.980587  19.660204
155.100000  68.216999  24.818741
155.200000  64.481662  18.591886
155.300000  63.063423  15.762560
155.400000  60.714422  15.629209
155.500000  70.494693  23.828671
155.600000  69.223854  14.323286
155.700000  68.578277  24.085560
155.800000  66.319188  22.227436
155.900000  68.947971  20.710848
156.000000  62.685995  14.128993
156.100000  67.429130  17.886981
156.200000  72.095860  23.652418
156.300000  66.026673  19.351439
156.400000  65.284006  19.266605
156.500000  68.537728  26.054410
156.600000  64.419744  12.527977
156.700000  66.430962  21.336572
156.800000  65.957897  16.012909
156.900000  64.174551  14.457046
157.000000  60.750541  6.411650
157.100000  70.135831  21.062482
157.200000  62.819503  10.815187
157.300000  73.917913  20.248021
157.400000  71.237115  23.063534
157.500000  71.150189  21.968011
157.600000  67.080631  22.160219
157.700000  66.277333  18.830951
157.800000  65.111935  14.139711
157.900000  69.802515  23.429647
158.000000  64.820981  19.920190
158.100000  66.803853  17.393872
158.200000  64.175986  18.058070
158.300000  67.595332  20.984845
158.400000  71.681320  24.076222
158.500000  65.668439  15.208341
158.600000  67.880882  21.704522
158.700000  67.528162  22.371187
158.800000  62.531653  13.594270
158.900000  69.226565  26.280959
159.000000  69.100816  20.751939
159.100000  68.295236  20.973733
159.200000  66.182522  14.164854
159.300000  56.508261  11.685324
159.400000  67.995736  18.712133
159.500000  63.888484  17.913236
159.600000  63.359209  17.518089
159.700000  70.988786  22.461868
159.800000  68.389108  25.960427
159.900000  60.300774  13.932252
160.000000  69.388317  19.484543
160.100000  58.314628  9.919791
160.200000  67.034576  26.236264
160.300000  69.472640  18.460563
160.400000  33.500067  26.013008
160.500000  36.153906  22.062322
160.600000  34.194248  26.814150
160.700000  38.441549  19.899142
160.800000  32.910832  27.813950
160.900000  41.733075  20.833646
161.000000  34.548392  25.208720
161.100000  34.329559  28.453730
161.200000  32.637884  20.144170
161.300000  27.016462  34.049099
161.400000  29.294573  27.454018
161.500000  44.465190  10.829146
161.600000  30.365321  31.989340
161.700000  28.847904  32.090211
161.800000  30.790587  33.475648
161.900000  31.842861  25.279327
162.000000  37.476296  21.897604
162.100000  36.984185  22.771444
162.200000  47.394612  4.079515
162.300000  33.069503  24.687854
162.400000  33.040543  31.797542
162.500000  44.008543  15.657090
162.600000  37.302945  25.122792
162.700000  42.773348  16.975687
162.800000  54.127770  3.670114
162.900000  29.818156  35.878941
163.000000  28.872136  28.937299
163.100000  34.290716  26.492357
163.200000  32.053935  29.933323
163.300000  37.332307  26.124598
163.400000  31.421643  24.617633
163.500000  49.359803  6.775718
163.600000  36.871954  30.549092
163.700000  37.105850  38.143405
163.800000  48.067583  18.344855
163.900000  37.088479  33.171592
164.000000  40.757860  32.651905
164.100000  41.067385  26.424042
164.200000  42.799580  28.474310
164.300000  55.162798  6.290404
164.400000  43.891257  26.731100
164.500000  44.485519  21.648696
164.600000  36.450035  29.069408
164.700000  54.333671  3.598444
164.800000  45.217081  22.054863
164.900000  43.587886  19.064850
165.000000  47.203288  15.280188
165.100000  48.970557  15.845207
165.200000  43.206069  28.286880
165.300000  37.228449  29.485133
165.400000  50.712170  17.651751
165.500000  45.826349  11.900524
165.600000  33.872999  34.433693
165.700000  41.103002  19.561742
165.800000  37.671174  30.576321
165.900000  58.477171  10.117600
166.000000  43.398406  20.506408
166.100000  45.852538  21.909485
166.200000  42.076369  20.649852
166.300000  41.208165  19.059570
166.400000  35.245317  37.065291
166.500000  48.262811  14.371863
166.600000  44.610017  18.461727
166.700000  38.443381  31.461246
166.800000  37.840362  32.564734
166.900000  39.563659  24.574677
167.000000  39.158749  25.808767
167.100000  33.179005  31.237247
167.200000  36.087637  33.122485
167.300000  47.440401  11.951790
167.400000  37.292701  24.962362
167.500000  47.276157  14.174366
167.600000  46.815445  13.931213
167.700000  38.035700  24.777874
167.800000  39.895163  28.407154
167.900000  48.515360  23.695834
168.000000  41.898131  36.121434
168.100000  42.518334  31.459137
168.200000  38.846009  36.936981
168.300000  48.029426  28.599456
168.400000  61.660038  16.563631
168.500000  57.717036  14.605896
168.600000  55.623656  16.882693
168.700000  40.228355  32.309107
168.800000  32.822645  29.806040
168.900000  37.072959  25.494618
169.000000  36.498584  26.787317
169.100000  35.654952  26.622413
169.200000  33.626054  38.052850
169.300000  37.754650  35.126216
169.400000  33.688378  35.383831
169.500000  41.556430  16.066518
169.600000  39.410047  20.565001
169.700000  37.394697  31.150898
169.800000  44.687669  18.329299
169.900000  43.971564  15.953827
170.000000  32.171530  28.019064
170.100000  47.585069  10.893201
170.200000  45.812761  11.208788
170.300000  32.968314  33.423310
170.400000  32.326797  31.139025
170.500000  41.096156  21.108114
170.600000  35.239843  26.847122
170.700000  35.131370  35.017289
170.800000  34.529599  28.469365
170.900000  29.244373  31.418188
171.000000  40.280605  19.022711
171.100000  36.756977  28.085787
171.200000  47.418062  11.856241
171.300000  41.431911  14.976826
171.400000  51.113473  5.965616
171.500000  41.909170  18.379511
171.600000  36.856208  24.163689
171.700000  49.394528  9.551036
171.800000  31.664613  35.108924
171.900000  33.376854  31.546127
172.000000  41.522690  21.537919
172.100000  41.208856  29.072213
172.200000  32.427978  40.948709
172.300000  33.187826  30.799664
172.400000  30.111479  36.338008
172.500000  35.922421  34.051859
172.600000  47.947547  13.008251
172.700000  40.901383  10.713052
172.800000  43.542952  11.642154
172.900000  37.930898  14.078104
173.000000  34.141043  24.079557
173.100000  38.405343  20.525454
173.200000  38.429317  21.786924
173.300000  35.261750  26.538769
173.400000  36.359229  23.998782
173.500000  38.817016  16.844436
173.600000  40.532965  14.794174
173.700000  31.159639  28.038467
173.800000  34.119465  26.902107
173.900000  28.901738  32.458866
174.000000  31.950384  27.049186
174.100000  33.679994  23.120152
174.200000  32.818663  26.745851
174.300000  35.840283  24.125457
174.400000  30.066696  27.287185
174.500000  41.841929  15.141686
174.600000  48.086490  7.017244
174.700000  44.341278  8.773827
174.800000  59.270226  9.857889
174.900000  47.466748  4.185768
175.000000  42.602750  12.777173
175.100000  32.598210  23.028065
175.200000  34.641771  20.960861
175.300000  47.622850  5.097414
175.400000  39.759990  12.840125
175.500000  57.199860  6.487744
175.600000  46.016331  9.616333
175.700000  40.049524  16.333225
175.800000  53.143509  3.900121
175.900000  54.574591  4.850032
176.000000  49.042736  2.162559
176.100000  50.406341  6.165853
176.200000  36.445285  20.559614
176.300000  47.408854  8.334854
176.400000  47.126427  10.866580
176.500000  41.285186  17.887233
176.600000  40.701230  16.860858
176.700000  53.773110  0.238412
176.800000  53.017216  1.375901
176.900000  52.396692  2.298668
177.000000  49.406620  7.388373
177.100000  50.748098  4.223050
177.200000  38.815950  21.841148
177.300000  43.688053  17.062194
177.400000  41.115357  16.673091
177.500000  55.196126  2.421969
177.600000  44.451763  18.380097
177.700000  42.999718  15.030881
177.800000  52.972330  5.930048
177.900000  48.303064  8.503629
178.000000  44.479287  14.400079
178.100000  47.065522  17.873293
178.200000  48.377644  13.492387
178.300000  51.389414  7.556396
178.400000  63.394490  9.496984
178.500000  63.196110  12.937741
178.600000  52.706800  3.511608
178.700000  57.690064  4.575171
178.800000  52.762355  4.398836
178.900000  52.800714  2.718234
179.000000  40.614282  17.690789
179.100000  49.439909  7.857460
179.200000  46.470034  14.735443
179.300000  45.761620  15.999484
179.400000  45.651324  16.612026
179.500000  54.857634  5.937783
179.600000  44.925972  12.181358
179.700000  50.122618  8.675132
179.800000  48.151704  6.152310
179.900000  49.552261  9.465498
180.000000  45.802684  15.023476
180.100000  44.019056  17.086284
180.200000  44.713028  12.077430
180.300000  54.181493  2.485818
180.400000  50.050269  7.140624
180.500000  49.620491  5.996961
180.600000  50.441988  9.708264
180.700000  45.111563  16.056828
180.800000  51.622391  9.316019
180.900000  44.114209  12.400116
181.000000  56.973440  3.629297
181.100000  47.486024  16.221357
181.200000  47.709350  12.971126
181.300000  52.138868  8.496205
181.400000  42.721434  16.844570
181.500000  43.099581  18.708710
181.600000  40.825601  18.482195
181.700000  44.243758  9.354810
181.800000  49.897246  4.074257
181.900000  41.115481  17.671451
182.000000  42.151853  18.423992
182.100000  46.442032  16.360209
182.200000  48.272900  13.022045
182.300000  45.429686  15.736355
182.400000  47.114245  9.896679
182.500000  47.579997  6.961415
182.600000  44.797893  13.307199
182.700000  53.133071  0.863229
182.800000  50.257499  8.046390
182.900000  44.893991  19.660253
183.000000  39.679009  20.647376
183.100000  39.644255  25.393383
183.200000  34.772070  31.509783
183.300000  42.270588  14.739417
183.400000  38.814556  21.132276
183.500000  44.750466  13.404417
183.600000  50.067689  6.637777
183.700000  39.571298  21.147135
183.800000  41.553793  18.391205
183.900000  51.568023  4.097284
184.000000  41.733187  14.085990
184.100000  48.941070  8.282393
184.200000  44.456747  19.440054
184.300000  44.940382  16.155665
184.400000  39.850504  20.721435
184.500000  36.364851  17.208321
184.600000  42.819778  16.760076
184.700000  53.617520  0.194899
184.800000  42.796945  14.313205
184.900000  46.347362  12.626202
185.000000  38.046096  21.453636
185.100000  38.174357  20.857495
185.200000  37.570861  22.654224
185.300000  39.871136  22.509433
185.400000  41.651646  13.128306
185.500000  43.567424  16.029718
185.600000  45.493179  10.489082
185.700000  47.536294  9.717520
185.800000  35.318112  23.880484
185.900000  42.625992  18.128157
186.000000  53.504917  0.184730
186.100000  48.764258  5.098547
186.200000  47.025335  13.625502
186.300000  47.908676  10.506050
186.400000  56.583707  1.490620
186.500000  45.344492  8.597441
186.600000  37.899938  23.736300
186.700000  46.790772  14.052192
186.800000  37.333893  28.347639
186.900000  46.221345  12.582772
187.000000  38.558703  18.412706
187.100000  43.454112  14.206096
187.200000  52.379391  2.279959
187.300000  50.210988  6.193925
187.400000  39.607366  17.923428
187.500000  44.411918  14.363498
187.600000  39.525281  18.128447
187.700000  41.752853  15.879227
187.800000  44.664877  7.867926
187.900000  48.712260  8.520086
188.000000  48.423437  7.309033
188.100000  50.960493  3.701964
188.200000  40.617059  19.239268
188.300000  59.802837  3.964630
188.400000  37.249915  16.624170
188.500000  47.989779  1.878395
188.600000  50.286631  7.130522
188.700000  46.962678  8.665401
188.800000  41.553804  11.578731
188.900000  37.994354  23.267209
189.000000  42.112399  14.890223
189.100000  39.319402  18.012956
189.200000  42.337778  17.527462
189.300000  46.347603  18.148449
189.400000  41.380552  15.959672
189.500000  43.434347  18.523341
189.600000  44.566840  13.062232
189.700000  59.692705  5.723855
189.800000  42.774750  17.230358
189.900000  44.963149  19.204512
190.000000  52.090756  0.594151
190.100000  45.243746  5.784060
190.200000  45.116144  15.620605
190.300000  42.867282  14.195505
190.400000  38.338028  18.840421
190.500000  46.669731  2.551319
190.600000  34.001873  24.658098
190.700000  41.370357  19.222040
190.800000  40.698228  12.163072
190.900000  50.218287  5.977050
191.000000  53.346711  2.108250
191.100000  41.273016  21.558018
191.200000  49.442262  8.865391
191.300000  49.169518  10.925974
191.400000  33.870247  25.423278
191.500000  43.573424  12.283032
191.600000  41.180707  12.210717
191.700000  41.991586  8.452935
191.800000  40.358646  13.359272
191.900000  47.603510  2.282457
192.000000  44.845990  2.570962
192.100000  46.374789  1.728363
192.200000  38.938845  10.958765
192.300000  36.503971  16.232647
192.400000  42.560780  8.666042
192.500000  46.195145  4.548210
192.600000  43.424033  8.956989
192.700000  39.559850  14.028477
192.800000  42.522958  8.884997
192.900000  41.168547  18.960373
193.000000  41.841954  12.765553
193.100000  45.506699  6.798384
193.200000  45.745391  9.548183
193.300000  54.473787  5.730801
193.400000  49.558891  9.102899
193.500000  44.628136  18.504802
193.600000  47.423935  11.352254
193.700000  49.826237  9.460632
193.800000  52.731322  1.691100
193.900000  56.079608  4.908766
194.000000  47.442709  13.948647
194.100000  48.417986  11.145485
194.200000  34.204637  24.067456
194.300000  53.510876  3.720699
194.400000  39.813287  22.349813
194.500000  48.139691  11.482556
194.600000  47.368689  12.318941
194.700000  54.214758  0.022738
194.800000  42.834233  12.920418
194.900000  51.222068  0.133905
195.000000  42.058506  18.246953
195.100000  44.265720  8.700738
195.200000  40.924186  21.548873
195.300000  49.783882  5.457274
195.400000  51.722177  10.058503
195.500000  42.647087  18.761542
195.600000  45.763402  11.816748
195.700000  54.327421  0.497899
195.800000  43.585117  14.476333
195.900000  53.811696  1.670415
196.000000  45.540354  15.334745
196.100000  54.030193  2.629342
196.200000  44.150503  17.543487
196.300000  50.059579  13.513742
196.400000  40.457749  20.388368
196.500000  48.431771  4.576014
196.600000  58.201436  2.935434
196.700000  53.424001  8.045206
196.800000  42.346343  20.416334
196.900000  52.492602  6.070376
197.000000  48.223895  15.129833
197.100000  46.808336  15.391507
197.200000  45.474677  12.705498
197.300000  42.538119  17.291862
197.400000  51.562978  6.856769
197.500000  50.963058  6.156199
197.600000  52.644134  2.809984
197.700000  49.225582  7.032043
197.800000  54.486911  2.106416
197.900000  43.962841  12.941910
198.000000  52.483098  7.382510
198.100000  40.006354  15.753314
198.200000  50.682879  9.875827
198.300000  44.141064  11.605839
198.400000  46.441938  11.499004
198.500000  47.687480  9.501347
198.600000  43.960015  12.176402
198.700000  45.322034  11.411124
198.800000  50.008562  4.660505
198.900000  38.304676  16.769978
199.000000  41.457791  13.810295
199.100000  36.375958  23.478592
199.200000  49.980936  6.558404
199.300000  43.491599  22.654120
199.400000  49.812376  16.550239
199.500000  44.836482  12.955528
199.600000  49.610013  11.166801
199.700000  58.753872  0.001400
199.800000  43.138885  13.309160
199.900000  42.615085  14.219312
200.000000  45.932261  10.423590
