# aggregated from 2 replicates
# x  mean  std
0.000000  26.787300  1.437690
1.000000  36.322100  7.484160
2.000000  62.509400  48.375438
5.000000  54.473950  15.571976
6.000000  22.666600  11.636149
7.000000  35.845800  1.983859
8.000000  14.782150  0.967817
11.000000  12.596750  1.792304
13.000000  26.614800  1.194586
14.000000  26.642300  18.532137
15.000000  11.305350  0.778595
16.000000  36.606800  6.385457
17.000000  41.416200  3.647257
18.000000  35.005800  4.363980
19.000000  26.078300  8.427864
20.000000  16.153300  3.835913
21.000000  11.911400  7.183922
22.000000  8.575200  0.435436
23.000000  13.722700  5.633803
24.000000  6.564550  0.145310
25.000000  18.068150  13.515710
26.000000  63.663000  21.229325
27.000000  54.469750  7.123182
28.000000  70.077700  9.699525
29.000000  47.382300  15.428221
30.000000  74.737900  9.632209
31.000000  72.569700  16.306589
32.000000  51.557950  4.491189
33.000000  7.915900  0.060953
34.000000  65.661300  13.298699
35.000000  30.468000  0.902410
39.000000  68.824350  5.733010
40.000000  31.307050  14.010543
41.000000  45.346400  2.004506
42.000000  56.114650  22.042428
44.000000  59.224200  1.416335
45.000000  9.300300  1.054438
46.000000  68.625550  4.893391
47.000000  36.395050  9.161063
48.000000  12.124300  0.860266
49.000000  24.473100  7.007994
52.000000  23.088250  10.824320
53.000000  9.091800  0.237446
54.000000  7.095350  0.153796
55.000000  32.854350  35.562451
56.000000  8.879900  0.240133
57.000000  26.397450  3.683814
58.000000  7.934400  0.375191
59.000000  52.130800  4.065157
60.000000  34.395850  0.956503
61.000000  67.521900  2.871843
62.000000  18.109500  1.551251
63.000000  8.003500  0.603445
64.000000  10.119450  1.023820
65.000000  52.513700  37.830071
66.000000  16.029550  8.981317
67.000000  25.818900  0.169281
68.000000  87.391150  17.175836
69.000000  46.220450  2.413426
70.000000  17.062300  2.538938
71.000000  18.874400  13.794946
72.000000  42.197050  44.165677
73.000000  10.933100  0.116955
74.000000  10.100250  1.009395
76.000000  33.230700  6.024267
77.000000  78.625350  2.580728
81.000000  50.562700  23.981526
82.000000  71.322300  1.699178
83.000000  16.744200  2.707653
84.000000  12.439300  0.253993
85.000000  53.254650  0.223516
87.000000  24.968900  0.370100
88.000000  8.941750  0.084924
89.000000  16.814400  2.485622
90.000000  16.780350  5.765819
91.000000  61.652600  12.220219
92.000000  7.158400  0.190636
93.000000  16.755100  9.231986
94.000000  8.100900  0.065761
95.000000  8.114650  0.013364
96.000000  6.723000  0.013435
98.000000  15.097800  3.804093
100.000000  9.017150  1.179666
101.000000  14.016900  5.421812
102.000000  7.342850  0.825830
103.000000  6.561400  0.016405
105.000000  25.370600  3.785425
106.000000  10.415400  1.913007
107.000000  14.871750  2.781829
109.000000  14.736750  2.348938
110.000000  10.359700  1.793223
111.000000  9.731550  0.387000
112.000000  54.667050  0.323501
113.000000  22.635950  4.978810
114.000000  28.900150  14.562228
115.000000  6.953650  0.389121
116.000000  36.338250  8.563841
120.000000  70.779800  0.130956
121.000000  11.389350  0.429002
122.000000  45.566500  1.076641
124.000000  79.387450  2.986465
125.000000  17.330500  11.865252
127.000000  7.978150  0.021284
128.000000  7.436950  0.380636
129.000000  6.536400  0.358927
130.000000  7.731600  1.245922
131.000000  44.793750  0.992000
133.000000  31.068550  3.406204
134.000000  64.807150  0.367201
135.000000  36.028500  1.490298
137.000000  19.599300  3.813993
138.000000  25.289900  0.090651
