# aggregated from 2 replicates
# x  mean  std
0.000000  73.269000  0.000000
0.100000  75.787000  1.725341
0.200000  75.319000  2.091622
0.300000  74.570000  1.066317
0.400000  74.851500  0.925603
0.500000  75.335000  0.179605
0.600000  75.109500  0.990657
0.700000  74.631500  1.103794
0.800000  73.248500  1.284813
0.900000  76.172000  0.616597
1.000000  74.290000  0.844285
1.100000  75.083000  0.820244
1.200000  74.059000  0.857013
1.300000  73.795500  0.919946
1.400000  73.978000  1.100258
1.500000  73.983500  0.589020
1.600000  75.335000  1.781909
1.700000  75.838000  0.895197
1.800000  74.919500  0.659731
1.900000  75.782000  0.374767
2.000000  74.373500  0.464569
2.100000  74.783500  0.071418
2.200000  74.992500  0.720542
2.300000  74.936000  0.586899
2.400000  75.623000  0.060811
2.500000  74.474000  1.238851
2.600000  74.904500  1.963636
2.700000  74.782500  0.168999
2.800000  75.448000  0.009899
2.900000  75.533000  0.373352
3.000000  75.962000  1.903531
3.100000  74.838500  0.539522
3.200000  75.041500  1.123593
3.300000  73.895000  0.784889
3.400000  75.856000  0.278600
3.500000  75.438000  0.902268
3.600000  75.307000  0.181019
3.700000  74.591000  0.523259
3.800000  75.155500  0.070004
3.900000  73.910000  0.700036
4.000000  74.876500  0.174655
4.100000  74.741500  0.761554
4.200000  75.069000  0.888126
4.300000  75.224500  0.655488
4.400000  75.642500  0.393858
4.500000  74.591000  0.642053
4.600000  75.348500  0.157685
4.700000  75.573000  0.881055
4.800000  76.829000  0.189505
4.900000  75.213500  0.921360
5.000000  76.460000  0.424264
5.100000  75.049000  2.802971
5.200000  75.293500  0.729027
5.300000  75.844500  1.188646
5.400000  77.805000  1.445326
5.500000  77.108500  2.322846
5.600000  76.002000  0.469519
5.700000  75.735500  1.455933
5.800000  76.256000  0.263044
5.900000  76.437000  1.023891
6.000000  77.426500  1.939594
6.100000  75.058000  1.036619
6.200000  76.642500  1.578969
6.300000  76.354500  1.021769
6.400000  75.214500  0.645588
6.500000  76.530500  0.033234
6.600000  76.418500  1.515330
6.700000  74.671000  1.153998
6.800000  76.651000  0.568514
6.900000  76.760000  0.791960
7.000000  75.589000  1.088944
7.100000  75.801000  0.625082
7.200000  76.074000  0.545886
7.300000  76.149000  0.353553
7.400000  75.091500  1.069853
7.500000  75.838500  2.129099
7.600000  77.166000  2.910452
7.700000  77.151500  2.939443
7.800000  75.959500  0.771453
7.900000  77.102000  0.219203
8.000000  75.517000  0.721249
8.100000  76.432000  1.286934
8.200000  76.715500  0.318905
8.300000  76.070000  1.139856
8.400000  74.668000  1.163898
8.500000  76.192500  0.915703
8.600000  75.875500  0.048790
8.700000  77.074000  1.600890
8.800000  75.998500  1.444619
8.900000  75.631000  1.036619
9.000000  76.866000  0.449720
9.100000  76.102500  0.871863
9.200000  75.903500  1.028840
9.300000  76.379000  0.888126
9.400000  76.851500  0.279307
9.500000  76.131500  0.946816
9.600000  75.990000  0.596798
9.700000  76.886000  0.101823
9.800000  76.356000  1.349160
9.900000  75.383000  1.207738
10.000000  75.723500  0.583363
10.100000  75.798000  0.391737
10.200000  75.990000  1.664529
10.300000  75.439500  0.774282
10.400000  75.011000  1.241680
10.500000  75.242500  1.209860
10.600000  74.984500  0.225567
10.700000  75.471500  2.035760
10.800000  76.211500  1.371080
10.900000  75.162000  1.592404
11.000000  74.985500  0.549422
11.100000  75.791500  1.627053
11.200000  75.391000  1.670186
11.300000  75.315500  1.406435
11.400000  74.954000  1.931816
11.500000  74.815500  1.059953
11.600000  73.839000  0.438406
11.700000  75.816000  0.971565
11.800000  75.691000  0.643467
11.900000  74.617000  0.131522
12.000000  74.706000  1.233194
12.100000  75.941000  0.832972
12.200000  75.770000  1.073388
12.300000  76.009500  1.830699
12.400000  75.924500  0.757311
12.500000  74.664500  1.280570
12.600000  75.579000  1.491995
12.700000  75.139000  0.172534
12.800000  75.912000  1.982727
12.900000  76.079000  1.146927
13.000000  74.989500  2.095157
13.100000  75.941000  0.548715
13.200000  76.237000  0.036770
13.300000  74.332500  1.236730
13.400000  76.471500  0.297692
13.500000  75.061500  1.180161
13.600000  75.066000  0.394566
13.700000  76.262500  0.573464
13.800000  75.948000  1.138442
13.900000  76.166000  2.380121
14.000000  76.081000  0.714178
14.100000  76.713000  0.148492
14.200000  76.034000  2.585182
14.300000  75.641000  1.443912
14.400000  76.036000  0.634982
14.500000  76.812000  0.111723
14.600000  76.772000  1.735240
14.700000  75.724500  0.811051
14.800000  77.193500  1.359766
14.900000  75.256500  0.492853
15.000000  76.122500  2.522250
15.100000  76.463500  1.307440
15.200000  76.945000  1.241680
15.300000  76.118000  0.547301
15.400000  76.490500  1.663822
15.500000  75.374500  1.775545
15.600000  75.260000  1.615032
15.700000  76.227500  0.785596
15.800000  77.224500  0.084146
15.900000  76.598500  1.533715
16.000000  76.411000  0.280014
16.100000  76.555000  1.446740
16.200000  76.878500  1.429063
16.300000  76.283000  0.558614
16.400000  76.610000  0.954594
16.500000  75.943000  2.117078
16.600000  77.103500  3.069551
16.700000  76.978500  1.952322
16.800000  76.828000  0.944695
16.900000  76.365500  3.024296
17.000000  76.816000  2.381536
17.100000  75.417000  2.361737
17.200000  75.906500  1.628467
17.300000  74.755500  1.270671
17.400000  76.040500  2.342645
17.500000  75.954500  3.677662
17.600000  76.582000  3.128240
17.700000  76.761500  2.823477
17.800000  76.308500  2.894188
17.900000  75.963500  0.490025
18.000000  76.248000  0.736805
18.100000  76.700000  2.119906
18.200000  75.534500  2.155969
18.300000  74.920000  0.848528
18.400000  75.556500  1.586041
18.500000  76.689000  2.490430
18.600000  75.520500  1.229659
18.700000  75.006000  0.872570
18.800000  75.876000  1.336432
18.900000  76.122000  0.387495
19.000000  73.960000  1.821507
19.100000  76.915000  3.064601
19.200000  77.688500  2.382243
19.300000  77.493500  4.332443
19.400000  76.695000  2.463560
19.500000  76.543500  3.267540
19.600000  77.374500  2.129099
19.700000  75.197000  3.483208
19.800000  76.832000  1.822921
19.900000  76.295000  2.695491
20.000000  76.441000  3.824033
20.100000  77.350000  1.663115
20.200000  76.782500  2.575990
20.300000  76.400500  3.162889
20.400000  76.787500  2.024447
20.500000  77.230000  2.374465
20.600000  77.207000  2.006769
20.700000  76.453500  2.266277
20.800000  76.422000  2.346180
20.900000  75.626000  1.060660
21.000000  77.106500  1.672308
21.100000  76.137000  3.108441
21.200000  76.213000  2.886410
21.300000  75.723500  2.058388
21.400000  75.745000  0.199404
21.500000  76.230000  0.586899
21.600000  76.178000  0.680237
21.700000  75.896000  0.173948
21.800000  76.290000  0.384666
21.900000  75.098000  0.656195
22.000000  75.195000  2.149605
22.100000  75.832000  2.896309
22.200000  74.066000  1.762110
22.300000  74.649000  1.948786
22.400000  75.222500  0.631446
22.500000  75.901500  1.209860
22.600000  76.545500  2.479823
22.700000  77.133500  1.539371
22.800000  77.133500  1.030255
22.900000  77.949500  2.393556
23.000000  77.776500  1.730290
23.100000  76.803000  1.574020
23.200000  77.291500  1.520987
23.300000  76.373000  0.970151
23.400000  76.389500  3.574425
23.500000  75.990500  0.460327
23.600000  77.046500  0.293449
23.700000  76.705000  0.791960
23.800000  76.138500  3.032781
23.900000  75.763000  0.313955
24.000000  75.946000  1.274206
24.100000  76.911500  0.787010
24.200000  76.446500  0.376888
24.300000  75.693500  0.731856
24.400000  75.177000  0.691550
24.500000  76.065500  2.837620
24.600000  76.701500  0.924189
24.700000  75.960500  0.662559
24.800000  75.143000  0.029698
24.900000  75.417000  0.275772
25.000000  76.672500  0.002121
25.100000  76.776500  1.140563
25.200000  75.924000  1.286934
25.300000  75.839000  0.975807
25.400000  76.814500  0.696500
25.500000  77.019000  0.363453
25.600000  76.305500  0.910046
25.700000  76.025500  1.982020
25.800000  76.854500  1.304612
25.900000  76.776500  1.699178
26.000000  75.916500  1.133492
26.100000  75.165000  0.664680
26.200000  76.873000  1.213395
26.300000  77.044500  1.682207
26.400000  77.236500  0.574878
26.500000  75.529000  1.496238
26.600000  76.211500  0.272236
26.700000  76.060000  1.871005
26.800000  76.787000  2.493259
26.900000  76.763000  0.453963
27.000000  76.915500  0.491439
27.100000  76.221500  2.813578
27.200000  75.473500  1.027426
27.300000  75.279000  0.401637
27.400000  76.500500  0.635689
27.500000  75.711500  1.515330
27.600000  75.543500  0.515481
27.700000  76.346000  0.482247
27.800000  77.130000  0.683065
27.900000  77.074500  0.164756
28.000000  75.770500  0.277893
28.100000  75.178500  0.098288
28.200000  75.147000  1.374616
28.300000  74.992500  1.168848
28.400000  75.637500  0.225567
28.500000  76.521500  2.148898
28.600000  75.621500  0.118087
28.700000  77.430500  1.931109
28.800000  76.312500  1.175919
28.900000  75.685500  0.829436
29.000000  75.923500  0.299106
29.100000  76.870000  1.282692
29.200000  76.398000  0.253144
29.300000  76.019000  1.609375
29.400000  75.363000  0.263044
29.500000  77.510500  0.881762
29.600000  77.198500  0.331633
29.700000  76.847000  1.161069
29.800000  77.051000  0.073539
29.900000  75.894500  1.081166
30.000000  76.637000  0.960251
30.100000  75.327000  0.472347
30.200000  75.110000  1.547150
30.300000  75.696500  0.402344
30.400000  76.430500  0.760140
30.500000  76.848000  1.735240
30.600000  76.921500  0.058690
30.700000  75.903000  1.316633
30.800000  76.972000  0.494975
30.900000  76.710000  0.101823
31.000000  76.492500  0.919946
31.100000  75.674000  1.384515
31.200000  75.875500  2.167282
31.300000  76.366000  1.634831
31.400000  76.044500  0.101116
31.500000  77.438500  1.470075
31.600000  75.903000  0.281428
31.700000  76.461000  0.765090
31.800000  76.158500  2.280419
31.900000  75.714500  0.164756
32.000000  76.047000  1.711198
32.100000  76.731000  0.866913
32.200000  76.155500  0.789838
32.300000  76.850500  1.324411
32.400000  75.352000  1.306733
32.500000  76.333000  0.418607
32.600000  76.712000  0.346482
32.700000  76.768000  1.516037
32.800000  77.210000  1.012577
32.900000  76.225500  1.290470
33.000000  76.195000  0.212132
33.100000  76.595000  1.179454
33.200000  75.394000  1.786152
33.300000  76.510500  0.613062
33.400000  76.207500  1.170262
33.500000  75.682500  0.267993
33.600000  76.607000  1.200667
33.700000  76.305000  0.914996
33.800000  76.423500  0.819537
33.900000  75.321000  0.181019
34.000000  75.703000  0.318198
34.100000  75.715000  1.023891
34.200000  76.551500  3.079450
34.300000  76.512000  0.220617
34.400000  77.511500  0.246780
34.500000  76.410500  3.281683
34.600000  75.407000  2.265570
34.700000  76.251000  1.940301
34.800000  77.258000  2.036468
34.900000  76.998500  2.474167
35.000000  76.258500  1.530886
35.100000  76.399000  2.298097
35.200000  75.430500  1.898582
35.300000  76.168000  1.385929
35.400000  77.731000  1.087530
35.500000  77.007000  2.227386
35.600000  76.347500  1.812315
35.700000  75.789000  2.514472
35.800000  75.585000  1.489167
35.900000  78.165500  2.172939
36.000000  76.838500  0.070004
36.100000  76.877000  0.825901
36.200000  76.141000  1.732412
36.300000  76.772500  1.966464
36.400000  76.137500  1.949493
36.500000  75.890500  1.624224
36.600000  76.870500  2.468510
36.700000  75.882500  0.127986
36.800000  75.620000  1.931816
36.900000  76.507500  0.958130
37.000000  76.006000  0.948937
37.100000  75.791500  0.713471
37.200000  75.837500  0.613062
37.300000  76.781000  0.199404
37.400000  75.858000  1.928987
37.500000  76.014500  1.700592
37.600000  77.366500  2.054145
37.700000  76.814500  0.243952
37.800000  77.833000  1.456640
37.900000  76.277000  1.152584
38.000000  77.299500  0.050205
38.100000  77.026500  0.068589
38.200000  76.130000  0.384666
38.300000  77.653000  0.842871
38.400000  76.855000  0.043841
38.500000  77.133000  1.376030
38.600000  77.436500  0.330219
38.700000  78.277500  0.050205
38.800000  78.274500  0.504167
38.900000  77.662500  1.369666
39.000000  78.315500  1.577555
39.100000  76.698000  0.589727
39.200000  77.469500  2.095157
39.300000  76.906000  0.041012
39.400000  76.993000  0.774989
39.500000  76.695500  2.594375
39.600000  77.483500  0.686601
39.700000  77.905000  0.568514
39.800000  77.281000  1.219052
39.900000  77.559500  0.579120
40.000000  76.969000  0.008485
40.100000  77.746500  1.001970
40.200000  77.201500  0.171827
40.300000  77.153500  0.580535
40.400000  76.555000  0.543058
40.500000  76.458500  1.058539
40.600000  78.329500  2.575990
40.700000  76.550000  2.571040
40.800000  76.363500  1.474318
40.900000  76.074500  1.035911
41.000000  77.807000  2.818528
41.100000  77.056000  1.755039
41.200000  76.512000  1.318047
41.300000  77.248000  0.765090
41.400000  77.311500  0.010607
41.500000  76.864500  0.803980
41.600000  77.022000  0.185262
41.700000  76.863000  1.838478
41.800000  76.485500  0.632861
41.900000  77.035500  0.589020
42.000000  76.978000  0.769332
42.100000  75.375500  0.358503
42.200000  76.498000  0.265872
42.300000  76.486500  0.334462
42.400000  76.171000  0.035355
42.500000  76.952000  0.738219
42.600000  76.866000  1.275621
42.700000  75.041000  0.797616
42.800000  75.866500  1.059953
42.900000  76.757500  0.632861
43.000000  77.333000  0.357796
43.100000  77.327000  0.128693
43.200000  77.144500  0.102530
43.300000  76.572000  0.278600
43.400000  78.098000  0.543058
43.500000  77.178500  0.608819
43.600000  77.536000  0.840043
43.700000  77.599000  1.425527
43.800000  76.926500  0.125158
43.900000  76.197000  0.977222
44.000000  75.271500  1.307440
44.100000  75.719500  1.092480
44.200000  76.496000  0.586899
44.300000  76.265500  0.178898
44.400000  76.929000  0.142836
44.500000  77.039500  1.273499
44.600000  77.103000  0.408708
44.700000  76.402500  1.594526
44.800000  77.193500  0.033234
44.900000  76.272000  0.947523
45.000000  77.812500  0.529623
45.100000  76.767000  0.203647
45.200000  75.794500  2.071116
45.300000  77.121500  0.371231
45.400000  76.599000  1.443912
45.500000  77.030000  0.707107
45.600000  76.043000  0.400222
45.700000  76.479500  1.641195
45.800000  77.356500  2.341231
45.900000  77.190000  0.930553
46.000000  76.886500  0.106773
46.100000  77.064000  0.018385
46.200000  77.067500  0.719128
46.300000  76.487500  0.594677
46.400000  76.913500  1.409264
46.500000  76.242500  1.287641
46.600000  76.784500  0.973686
46.700000  76.423500  0.210011
46.800000  77.440000  1.192182
46.900000  77.167500  0.050205
47.000000  76.697000  0.685894
47.100000  76.670500  0.696500
47.200000  77.658000  0.595384
47.300000  76.188500  0.943988
47.400000  76.164000  0.684479
47.500000  77.947000  0.295571
47.600000  75.935500  0.009192
47.700000  75.993000  0.605283
47.800000  75.760000  0.350725
47.900000  76.213500  0.371231
48.000000  76.627000  1.071974
48.100000  76.942500  1.102379
48.200000  75.704500  0.685186
48.300000  76.642500  1.376737
48.400000  75.664500  1.450276
48.500000  75.907000  1.049346
48.600000  76.315500  0.245366
48.700000  76.102000  0.929138
48.800000  76.666000  0.147078
48.900000  76.887500  1.675136
49.000000  75.888000  0.572756
49.100000  76.848500  0.712057
49.200000  76.813000  0.104652
49.300000  75.996500  0.943988
49.400000  77.023500  1.334310
49.500000  77.539500  1.734533
49.600000  75.238000  0.492146
49.700000  75.313500  0.538108
49.800000  76.007000  0.083439
49.900000  76.784000  1.264307
50.000000  77.437500  1.752918
50.100000  76.231500  0.120915
50.200000  76.702000  1.168140
50.300000  75.467500  0.754483
50.400000  76.507500  1.216931
50.500000  77.690500  0.324562
50.600000  76.381000  1.227537
50.700000  76.982500  1.243801
50.800000  77.221000  1.832821
50.900000  76.458000  0.463862
51.000000  76.066500  0.364160
51.100000  76.579000  0.042426
51.200000  76.953500  1.335725
51.300000  77.002000  1.370373
51.400000  75.903500  1.539371
51.500000  77.076000  1.525936
51.600000  77.594000  0.275772
51.700000  76.284500  0.317491
51.800000  77.191500  0.890247
51.900000  76.597000  0.998435
52.000000  75.935000  0.094752
52.100000  75.899000  0.825901
52.200000  76.495000  1.682914
52.300000  76.241500  0.600334
52.400000  75.620000  1.339260
52.500000  76.655500  0.338704
52.600000  75.548500  1.007627
52.700000  76.158500  0.676701
52.800000  76.444500  0.464569
52.900000  76.697500  0.439113
53.000000  77.122000  1.110158
53.100000  77.219500  0.482954
53.200000  76.761500  1.375323
53.300000  77.948500  0.259508
53.400000  77.018500  0.738927
53.500000  76.268500  0.050205
53.600000  76.912000  0.828729
53.700000  77.151500  0.409415
53.800000  76.110000  0.278600
53.900000  75.920000  0.147078
54.000000  76.877500  1.939594
54.100000  77.431500  0.634275
54.200000  75.511000  1.335018
54.300000  77.754000  0.325269
54.400000  77.279500  0.598919
54.500000  76.660000  1.555635
54.600000  75.996500  0.195869
54.700000  76.890000  1.094601
54.800000  76.295500  0.314663
54.900000  76.715000  0.362039
55.000000  75.451000  0.107480
55.100000  75.008500  0.057276
55.200000  74.803000  1.643316
55.300000  75.348500  0.130815
55.400000  76.917500  1.212688
55.500000  76.406000  1.947372
55.600000  77.129500  1.082580
55.700000  79.061500  0.095459
55.800000  76.765500  1.076924
55.900000  76.145500  0.506996
56.000000  75.941000  0.410122
56.100000  78.404000  0.418607
56.200000  77.102000  0.084853
56.300000  76.219500  0.528209
56.400000  76.481000  1.080459
56.500000  77.375500  1.238144
56.600000  76.877500  2.526493
56.700000  77.246500  1.686450
56.800000  77.168500  1.221173
56.900000  77.645500  1.385222
57.000000  76.799000  1.848377
57.100000  76.966500  1.523815
57.200000  76.603000  0.547301
57.300000  75.792000  2.597910
57.400000  76.990000  1.400071
57.500000  76.035500  1.133492
57.600000  76.170000  1.804537
57.700000  76.993500  0.153442
57.800000  76.549000  0.192333
57.900000  75.402500  1.782616
58.000000  76.006000  1.834235
58.100000  75.396000  0.147078
58.200000  76.602000  2.105764
58.300000  76.022000  1.967171
58.400000  75.612500  3.411790
58.500000  76.236000  0.806102
58.600000  76.777000  1.740897
58.700000  76.253500  1.741604
58.800000  76.375000  1.219052
58.900000  75.466000  0.749533
59.000000  76.453500  0.771453
59.100000  76.490000  1.312390
59.200000  75.518000  0.868327
59.300000  76.471500  2.670742
59.400000  75.772000  1.691399
59.500000  76.912000  0.639225
59.600000  77.741000  1.267135
59.700000  77.310000  1.755039
59.800000  76.363000  0.022627
59.900000  77.031000  0.367696
60.000000  77.160000  1.897875
60.100000  75.985000  1.844134
60.200000  76.637500  0.587606
60.300000  77.123500  2.824892
60.400000  76.738500  1.208445
60.500000  75.420000  0.533159
60.600000  76.179500  0.682358
60.700000  76.537500  0.901561
60.800000  75.482500  0.143543
60.900000  74.640000  1.220466
61.000000  76.506000  1.770595
61.100000  78.642000  0.773575
61.200000  76.072000  1.190768
61.300000  76.742500  1.965050
61.400000  77.472000  0.274357
61.500000  75.897000  0.845700
61.600000  75.799500  1.692107
61.700000  75.443000  2.011012
61.800000  75.860500  0.939745
61.900000  76.267000  1.011163
62.000000  75.921500  1.858984
62.100000  76.086500  2.428912
62.200000  75.524500  1.095308
62.300000  76.501000  0.485075
62.400000  74.315000  0.216375
62.500000  74.509500  1.554928
62.600000  75.954000  3.951313
62.700000  76.064500  1.826457
62.800000  76.030500  2.509522
62.900000  75.223500  1.427649
63.000000  75.127500  2.021618
63.100000  76.781000  2.974091
63.200000  75.553000  0.841457
63.300000  75.268000  2.439518
63.400000  75.431500  0.914289
63.500000  77.215500  2.141826
63.600000  76.405500  1.972121
63.700000  77.178000  1.156827
63.800000  76.776500  1.509673
63.900000  76.484500  2.624073
64.000000  75.889000  1.677257
64.100000  76.932500  1.307440
64.200000  75.588500  3.034195
64.300000  76.654500  2.368101
64.400000  75.555500  1.771302
64.500000  75.856000  3.497350
64.600000  75.911000  3.057530
64.700000  75.127500  1.955150
64.800000  76.704500  2.587304
64.900000  76.378000  3.314917
65.000000  74.490500  2.632559
65.100000  76.173000  2.968434
65.200000  75.723000  1.272792
65.300000  74.262500  0.392444
65.400000  74.990000  2.073237
65.500000  75.468500  0.661145
65.600000  75.508500  2.148898
65.700000  75.245500  2.824892
65.800000  76.312500  1.576141
65.900000  74.944000  1.238851
66.000000  75.908500  0.506996
66.100000  75.698000  3.241377
66.200000  75.624000  3.609073
66.300000  75.549500  2.271934
66.400000  75.458000  0.526087
66.500000  77.219500  1.017527
66.600000  76.333000  2.487602
66.700000  76.210000  2.484773
66.800000  76.013500  1.898582
66.900000  76.322000  0.909339
67.000000  76.550500  0.784181
67.100000  75.402000  1.623517
67.200000  76.004500  0.251023
67.300000  74.136000  1.050761
67.400000  75.974500  0.099702
67.500000  76.493500  2.414770
67.600000  76.094000  2.855297
67.700000  76.608500  1.892925
67.800000  75.240000  2.838327
67.900000  76.780500  3.606952
68.000000  77.315000  1.854034
68.100000  75.828500  3.478258
68.200000  75.126500  2.805093
68.300000  75.947000  0.418607
68.400000  75.505000  2.504572
68.500000  76.511500  3.698876
68.600000  76.875500  1.802415
68.700000  75.831500  2.315775
68.800000  75.203000  2.347595
68.900000  75.987000  1.415628
69.000000  75.046500  2.438811
69.100000  75.870500  1.598768
69.200000  75.956000  2.555484
69.300000  74.695000  1.944544
69.400000  74.971500  2.188495
69.500000  76.146500  0.567807
69.600000  75.818000  2.293854
69.700000  76.353500  0.526795
69.800000  75.078000  1.849791
69.900000  74.837000  0.907925
70.000000  75.488000  3.647257
70.100000  74.140500  2.556191
70.200000  75.586000  2.728018
70.300000  75.912000  0.721249
70.400000  75.774500  2.921058
70.500000  75.022500  2.840448
70.600000  75.703000  2.600739
70.700000  75.541500  2.283248
70.800000  75.030000  0.210718
70.900000  74.768500  2.264863
71.000000  75.044500  0.922774
71.100000  75.990500  1.481389
71.200000  75.667000  1.289763
71.300000  74.564500  0.774282
71.400000  75.741500  1.564827
71.500000  75.175500  1.823628
71.600000  75.553000  1.360473
71.700000  75.970000  1.998284
71.800000  74.717500  2.680642
71.900000  75.830500  3.444317
72.000000  75.128500  1.820800
72.100000  75.515500  2.236579
72.200000  74.770000  1.755039
72.300000  74.865000  0.992778
72.400000  75.012000  1.852620
72.500000  74.915500  1.033083
72.600000  74.529000  2.153847
72.700000  75.224000  1.414214
72.800000  75.850500  1.369666
72.900000  75.250500  1.741604
73.000000  75.855500  0.904390
73.100000  75.891500  1.748675
73.200000  75.518500  1.580384
73.300000  75.830500  1.635538
73.400000  74.666000  0.190919
73.500000  75.978500  0.589020
73.600000  74.451000  1.200667
73.700000  74.474000  1.196425
73.800000  75.910500  0.761554
73.900000  75.042000  1.852620
74.000000  76.145500  0.968029
74.100000  75.120000  3.792921
74.200000  74.910000  1.832821
74.300000  75.985000  0.463862
74.400000  74.647500  0.689429
74.500000  75.238500  1.987677
74.600000  75.272500  1.417749
74.700000  76.803500  0.017678
74.800000  75.403000  0.541644
74.900000  75.149500  0.631446
75.000000  75.701500  0.829436
75.100000  74.936500  1.371080
75.200000  76.023500  0.515481
75.300000  76.334000  1.204910
75.400000  75.842500  0.625790
75.500000  75.307500  0.556493
75.600000  74.470000  0.517602
75.700000  75.874000  0.425678
75.800000  74.786000  0.774989
75.900000  75.196500  0.717713
76.000000  75.036500  0.297692
76.100000  75.729500  1.068438
76.200000  74.686000  0.411536
76.300000  76.617000  0.001414
76.400000  75.667500  0.177484
76.500000  74.144000  1.565534
76.600000  74.565500  0.045962
76.700000  74.237000  0.410122
76.800000  74.397000  0.704278
76.900000  75.867500  0.095459
77.000000  75.131000  0.335169
77.100000  76.394000  2.392849
77.200000  75.179000  1.254407
77.300000  73.245000  2.068994
77.400000  74.951500  2.653772
77.500000  74.810500  3.413204
77.600000  75.688500  2.843276
77.700000  75.092500  0.002121
77.800000  75.422500  1.891511
77.900000  74.427000  2.402749
78.000000  75.468500  2.954999
78.100000  74.990500  1.240972
78.200000  74.628500  0.908632
78.300000  74.878000  1.484924
78.400000  74.574500  2.379414
78.500000  75.063000  0.159806
78.600000  75.455000  0.937624
78.700000  73.998000  0.551543
78.800000  74.942000  0.567100
78.900000  74.570000  0.520431
79.000000  74.396000  1.646145
79.100000  74.869500  1.778374
79.200000  74.960500  0.103945
79.300000  75.150500  1.332896
79.400000  75.164000  1.336432
79.500000  75.484000  0.622254
79.600000  74.690000  0.397394
79.700000  75.082000  0.673166
79.800000  74.913000  1.207738
79.900000  75.245000  2.889238
80.000000  75.842000  2.873682
80.100000  75.567500  2.376586
80.200000  74.367000  2.868025
80.300000  74.802500  3.358050
80.400000  74.729500  3.390577
80.500000  76.636000  2.729432
80.600000  73.495000  2.306582
80.700000  75.288000  3.138140
80.800000  74.559500  2.328503
80.900000  73.643500  0.200111
81.000000  75.729000  2.644579
81.100000  74.750500  0.671044
81.200000  74.904500  2.594375
81.300000  75.888000  2.078894
81.400000  75.801000  0.797616
81.500000  74.077000  1.793223
81.600000  73.542000  1.861105
81.700000  73.227500  0.611647
81.800000  73.858000  1.163898
81.900000  74.759500  0.663973
82.000000  74.508500  0.218496
82.100000  74.214000  0.803273
82.200000  74.411000  0.076368
82.300000  74.474000  0.970151
82.400000  75.221000  1.359059
82.500000  74.408500  1.724633
82.600000  74.504000  2.602153
82.700000  75.151000  1.589576
82.800000  74.922500  1.033083
82.900000  74.420000  1.520280
83.000000  75.761000  1.569777
83.100000  74.230500  2.003234
83.200000  75.401500  1.413506
83.300000  74.168500  1.150463
83.400000  75.497000  1.688571
83.500000  75.267000  0.869741
83.600000  74.394000  0.711349
83.700000  75.213000  3.047630
83.800000  75.578500  3.961919
83.900000  75.550500  1.864641
84.000000  74.375500  2.892774
84.100000  74.849000  0.521845
84.200000  76.175500  3.585738
84.300000  74.558500  1.355524
84.400000  75.706000  0.203647
84.500000  75.576500  0.325976
84.600000  74.538000  2.418305
84.700000  75.192000  3.655742
84.800000  75.241000  1.057832
84.900000  74.640500  1.262186
85.000000  76.462000  1.617860
85.100000  75.573000  1.722512
85.200000  76.261000  0.769332
85.300000  75.055500  0.693672
85.400000  74.754500  2.761252
85.500000  74.080500  3.096421
85.600000  75.135500  3.597052
85.700000  74.967000  1.178040
85.800000  75.054500  2.549120
85.900000  75.209000  1.094601
86.000000  73.965000  1.187939
86.100000  73.823000  1.330775
86.200000  75.253000  0.510531
86.300000  74.585500  0.874691
86.400000  74.579000  1.644730
86.500000  74.227500  1.648266
86.600000  75.813500  2.150312
86.700000  73.999000  2.388607
86.800000  73.617500  1.675136
86.900000  75.094500  1.700592
87.000000  74.798000  0.246073
87.100000  74.916500  1.953736
87.200000  73.863000  1.036619
87.300000  74.172000  2.706805
87.400000  73.765500  1.549271
87.500000  74.943500  0.775696
87.600000  75.134500  0.928431
87.700000  74.880500  0.137886
87.800000  74.389000  0.226274
87.900000  75.198000  1.373201
88.000000  74.693000  2.777515
88.100000  74.452500  0.532451
88.200000  73.910500  0.945402
88.300000  73.581000  1.552806
88.400000  74.751500  0.893076
88.500000  75.579500  2.140412
88.600000  75.744000  3.705240
88.700000  75.670000  3.528463
88.800000  75.199500  2.655186
88.900000  75.807500  2.008890
89.000000  74.325500  1.615739
89.100000  74.938000  0.896611
89.200000  74.657000  1.788980
89.300000  75.221000  1.402900
89.400000  74.195000  0.742462
89.500000  74.354500  1.382394
89.600000  75.712000  2.340523
89.700000  75.949000  1.466539
89.800000  75.870000  1.353402
89.900000  75.629500  1.068438
90.000000  75.229000  0.453963
90.100000  75.257000  0.333754
90.200000  74.505500  1.883025
90.300000  74.594500  2.163040
90.400000  74.521500  1.406435
90.500000  74.961500  3.367950
90.600000  74.521000  1.598061
90.700000  75.403000  2.334867
90.800000  74.362500  2.018790
90.900000  74.792500  1.352695
91.000000  74.698500  0.280721
91.100000  74.269500  2.831963
91.200000  74.737500  0.972272
91.300000  74.712000  0.707107
91.400000  73.202000  1.286934
91.500000  73.859000  0.868327
91.600000  73.594000  0.811759
91.700000  74.735000  0.195161
91.800000  74.748000  0.965908
91.900000  74.954000  0.226274
92.000000  76.398500  0.586192
92.100000  74.472000  2.942978
92.200000  74.667000  0.356382
92.300000  75.110500  1.376737
92.400000  76.284500  0.484368
92.500000  75.805000  1.172383
92.600000  75.148500  0.648417
92.700000  75.852500  1.752918
92.800000  75.213500  1.393707
92.900000  74.580000  0.062225
93.000000  74.666000  0.861256
93.100000  76.811000  0.114551
93.200000  75.633500  0.771453
93.300000  76.062500  0.692258
93.400000  75.847500  1.068438
93.500000  75.842500  0.014849
93.600000  76.247500  0.618718
93.700000  76.748500  0.457498
93.800000  76.269000  0.220617
93.900000  74.895500  0.843578
94.000000  74.896000  0.164049
94.100000  74.993500  0.583363
94.200000  75.078000  1.460883
94.300000  75.416500  0.572049
94.400000  75.664500  0.241123
94.500000  76.352000  0.895197
94.600000  75.762000  1.607961
94.700000  75.010500  2.464267
94.800000  75.341500  2.406284
94.900000  74.570500  1.072681
95.000000  76.132000  0.646296
95.100000  75.378000  0.649124
95.200000  75.398500  0.465983
95.300000  75.677000  2.326381
95.400000  75.337000  1.224709
95.500000  75.582500  0.894490
95.600000  75.914500  1.759989
95.700000  75.405000  0.308299
95.800000  76.683500  2.136170
95.900000  75.225000  0.353553
96.000000  75.439000  1.193596
96.100000  74.812000  0.773575
96.200000  76.008000  0.428507
96.300000  73.965500  0.282136
96.400000  73.862000  0.743876
96.500000  75.844500  1.823628
96.600000  76.454500  2.843276
96.700000  76.388000  1.985556
96.800000  75.518000  2.077480
96.900000  75.631500  2.040003
97.000000  76.127000  2.563969
97.100000  74.205500  0.811051
97.200000  75.984000  1.533008
97.300000  76.152500  1.011870
97.400000  76.789000  1.814436
97.500000  75.971000  0.637810
97.600000  75.179500  0.977929
97.700000  75.302500  1.982020
97.800000  74.897500  0.325976
97.900000  75.443500  0.456084
98.000000  75.346000  1.762110
98.100000  75.649500  1.365423
98.200000  74.590000  0.292742
98.300000  75.694500  0.878934
98.400000  75.335500  0.341533
98.500000  75.451500  0.188798
98.600000  75.973500  0.702157
98.700000  74.938500  1.083995
98.800000  74.609500  0.154856
98.900000  75.498000  0.832972
99.000000  74.936500  1.321583
99.100000  76.274500  0.383959
99.200000  74.692500  0.043134
99.300000  75.292000  0.063640
99.400000  75.299500  0.277893
99.500000  76.320500  1.115107
99.600000  75.283500  1.489874
99.700000  75.842500  1.437548
99.800000  75.842500  0.794081
99.900000  77.170500  0.678115
100.000000  74.784000  0.367696
100.100000  76.016500  0.526795
100.200000  75.899000  0.246073
100.300000  76.637500  0.733270
100.400000  75.729500  0.330219
100.500000  75.602000  1.429770
100.600000  74.896500  1.673722
100.700000  75.320000  0.772161
100.800000  75.466500  0.381131
100.900000  76.187000  0.353553
101.000000  75.980500  0.550836
101.100000  73.995500  0.437699
101.200000  74.331500  0.130815
101.300000  75.353500  1.306026
101.400000  75.191000  0.151321
101.500000  75.137500  0.475883
101.600000  76.404500  1.836356
101.700000  77.093500  0.700743
101.800000  75.968000  0.299813
101.900000  75.315500  1.064196
102.000000  77.553000  0.412950
102.100000  76.488500  1.441791
102.200000  76.283000  0.294156
102.300000  76.398000  0.248902
102.400000  76.196000  0.544472
102.500000  76.653000  0.456791
102.600000  76.921500  0.331633
102.700000  75.670500  0.747412
102.800000  77.255000  0.479418
102.900000  75.679000  0.016971
103.000000  75.483000  0.366281
103.100000  76.098500  0.225567
103.200000  75.417000  0.120208
103.300000  75.784000  0.217789
103.400000  75.992000  0.124451
103.500000  76.146500  0.149200
103.600000  75.718500  1.089652
103.700000  75.546500  0.389616
103.800000  75.489000  0.377595
103.900000  75.342000  0.025456
104.000000  76.598500  0.528209
104.100000  76.051000  0.947523
104.200000  75.912000  0.585484
104.300000  76.698500  0.212839
104.400000  76.511500  1.099551
104.500000  75.820000  0.736805
104.600000  76.690000  0.616597
104.700000  75.901500  1.304612
104.800000  75.101000  0.561443
104.900000  76.914500  0.526795
105.000000  76.520500  0.637103
105.100000  75.928500  0.270822
105.200000  75.639500  0.688015
105.300000  77.012500  0.743169
105.400000  76.768500  0.884591
105.500000  75.362000  0.268701
105.600000  75.508000  1.576848
105.700000  75.637000  0.241831
105.800000  75.698500  1.706249
105.900000  76.104000  2.317896
106.000000  76.288000  2.497501
106.100000  75.776000  2.743574
106.200000  76.170500  1.673722
106.300000  76.077000  1.435427
106.400000  75.856500  0.844993
106.500000  76.288000  3.788678
106.600000  75.601500  0.226981
106.700000  76.349500  2.788122
106.800000  75.984500  0.770039
106.900000  76.045000  1.308148
107.000000  74.949000  0.684479
107.100000  74.850000  1.998284
107.200000  76.236500  1.868883
107.300000  76.854500  1.649680
107.400000  76.117500  1.564827
107.500000  75.308500  0.924189
107.600000  74.786000  0.759433
107.700000  75.224500  1.147634
107.800000  75.946000  2.863782
107.900000  75.583000  0.381838
108.000000  76.726000  1.887975
108.100000  77.707500  2.099400
108.200000  74.510000  1.890804
108.300000  77.042000  3.116927
108.400000  77.192000  1.581091
108.500000  76.732500  0.608819
108.600000  76.930000  1.269964
108.700000  75.704500  0.625790
108.800000  75.911000  1.599476
108.900000  76.300500  0.870448
109.000000  75.760500  1.779788
109.100000  75.501000  2.620538
109.200000  77.632500  2.090915
109.300000  75.426500  2.124856
109.400000  76.297500  2.286076
109.500000  76.395000  0.823072
109.600000  76.359500  1.666651
109.700000  76.113000  0.598212
109.800000  77.373500  0.183141
109.900000  76.253500  0.270822
110.000000  76.025000  2.163747
110.100000  76.244000  1.774838
110.200000  76.451000  0.053740
110.300000  75.551500  0.741755
110.400000  75.438500  0.416486
110.500000  75.679000  1.187939
110.600000  75.995500  1.188646
110.700000  75.408000  0.592555
110.800000  76.894000  0.393151
110.900000  76.143000  1.615032
111.000000  75.635000  0.970151
111.100000  76.788000  0.052326
111.200000  76.392500  1.447448
111.300000  76.384000  0.267286
111.400000  75.613500  0.723370
111.500000  76.476500  0.729027
111.600000  76.119500  0.399515
111.700000  76.237000  0.643467
111.800000  76.320500  0.738927
111.900000  75.916000  0.026870
112.000000  76.494500  0.342947
112.100000  76.321000  1.412799
112.200000  75.679500  0.020506
112.300000  75.453500  2.068287
112.400000  75.461000  1.380272
112.500000  76.541000  1.132785
112.600000  75.563000  1.039447
112.700000  76.412500  0.712057
112.800000  75.559500  0.951059
112.900000  74.603500  0.709228
113.000000  75.282000  0.014142
113.100000  75.963500  0.951059
113.200000  74.547000  1.243094
113.300000  76.500500  0.026163
113.400000  75.257000  0.323855
113.500000  75.487000  0.837214
113.600000  76.558500  1.013284
113.700000  76.118500  0.818123
113.800000  76.901000  0.171120
113.900000  75.941500  0.805395
114.000000  76.409000  0.684479
114.100000  76.454000  0.203647
114.200000  76.666500  1.042983
114.300000  77.210500  0.487197
114.400000  75.784500  0.502753
114.500000  76.399500  0.099702
114.600000  75.436000  0.678823
114.700000  76.410000  1.568363
114.800000  76.562000  0.077782
114.900000  75.777000  0.755190
115.000000  75.862000  1.783323
115.100000  75.473000  0.104652
115.200000  75.044500  0.355675
115.300000  75.473000  0.089095
115.400000  75.622000  0.654781
115.500000  76.010000  0.667509
115.600000  75.874500  0.243952
115.700000  76.009000  0.857013
115.800000  75.779500  0.226981
115.900000  76.253000  0.972979
116.000000  75.801000  0.412950
116.100000  75.090500  0.112430
116.200000  75.629000  0.200818
116.300000  77.149000  1.353402
116.400000  74.903500  0.682358
116.500000  75.090500  0.791252
116.600000  76.078500  0.504167
116.700000  74.433000  0.538815
116.800000  75.704500  1.430477
116.900000  75.742500  2.435983
117.000000  76.028500  1.216931
117.100000  76.106500  0.522552
117.200000  76.049000  0.622254
117.300000  76.339000  0.181019
117.400000  75.807000  0.128693
117.500000  76.034500  1.492702
117.600000  75.860000  0.572756
117.700000  75.389000  0.834386
117.800000  76.728500  0.381131
117.900000  76.314500  1.017527
118.000000  75.875000  2.180717
118.100000  74.738000  1.323704
118.200000  76.008500  0.867620
118.300000  76.304000  0.697207
118.400000  76.161500  0.803980
118.500000  76.060000  1.466539
118.600000  75.241500  2.090915
118.700000  75.906000  0.514774
118.800000  76.191500  0.849235
118.900000  75.050500  1.277742
119.000000  76.041000  0.270115
119.100000  76.337500  0.248194
119.200000  76.216000  1.397243
119.300000  76.338500  0.661145
119.400000  76.426000  0.963079
119.500000  75.074500  1.048639
119.600000  76.606000  0.714178
119.700000  74.823000  0.178191
119.800000  75.996500  0.337290
119.900000  75.938500  0.041719
120.000000  76.175000  1.022476
120.100000  76.923500  0.434871
120.200000  75.788000  0.343654
120.300000  74.919000  1.275621
120.400000  75.704000  0.183848
120.500000  76.495500  1.279156
120.600000  75.235500  0.474469
120.700000  75.933000  0.997021
120.800000  75.096500  0.031820
120.900000  75.779000  1.757867
121.000000  75.439500  2.032932
121.100000  75.978500  1.392293
121.200000  74.568000  0.513360
121.300000  76.077500  0.634275
121.400000  75.712000  0.063640
121.500000  76.559500  0.850649
121.600000  76.475500  0.282136
121.700000  75.595500  0.426385
121.800000  76.334500  0.943988
121.900000  76.421000  0.608112
122.000000  75.739000  0.031113
122.100000  75.159500  0.368403
122.200000  75.708000  1.179454
122.300000  74.009000  0.137179
122.400000  75.626000  0.305470
122.500000  76.670500  1.658165
122.600000  76.303500  0.317491
122.700000  76.418500  0.249609
122.800000  76.696000  0.940452
122.900000  76.325500  1.120764
123.000000  75.674500  0.663973
123.100000  76.243000  0.557200
123.200000  76.028500  0.648417
123.300000  75.003000  1.129957
123.400000  75.740500  0.580535
123.500000  76.711000  0.859842
123.600000  75.912000  0.033941
123.700000  76.278500  0.091217
123.800000  76.294000  0.929138
123.900000  76.950500  1.322997
124.000000  75.325000  1.380272
124.100000  75.625000  0.035355
124.200000  76.314000  0.701450
124.300000  75.595500  0.627204
124.400000  75.991500  0.065761
124.500000  75.955000  0.704278
124.600000  75.617000  0.135765
124.700000  75.199000  0.799031
124.800000  76.926500  0.043134
124.900000  76.020000  2.022325
125.000000  76.260500  0.779939
125.100000  76.855500  0.795495
125.200000  75.696000  0.548715
125.300000  75.910000  0.538815
125.400000  75.815500  0.607405
125.500000  76.156000  0.264458
125.600000  75.752500  0.545179
125.700000  74.694500  1.982020
125.800000  75.922500  0.531037
125.900000  74.926500  1.618567
126.000000  76.124500  1.547857
126.100000  75.463000  0.043841
126.200000  75.921000  0.961665
126.300000  74.648500  0.292035
126.400000  74.906500  0.267993
126.500000  76.424500  0.354260
126.600000  75.547000  0.277186
126.700000  76.555000  0.291328
126.800000  76.853500  0.272236
126.900000  75.462000  0.328098
127.000000  75.417000  0.066468
127.100000  76.376500  0.576292
127.200000  74.529500  0.317491
127.300000  76.166000  1.798880
127.400000  74.542500  2.394971
127.500000  76.052000  0.883883
127.600000  76.044500  1.509673
127.700000  75.701500  0.176070
127.800000  76.447000  0.930553
127.900000  75.341500  0.045962
128.000000  76.677500  1.245215
128.100000  76.189000  0.861256
128.200000  74.702000  0.168291
128.300000  76.314000  1.255822
128.400000  74.676000  0.537401
128.500000  75.886000  0.049497
128.600000  77.523000  0.697207
128.700000  75.238500  0.396687
128.800000  75.729000  0.733977
128.900000  76.574500  1.477146
129.000000  76.334500  0.355675
129.100000  75.622500  0.478711
129.200000  75.428000  0.407294
129.300000  76.861000  0.791960
129.400000  76.676000  0.387495
129.500000  75.736500  1.166019
129.600000  76.507000  0.534573
129.700000  75.803500  1.242387
129.800000  76.856000  0.527502
129.900000  75.128000  2.027982
130.000000  75.360500  0.638517
130.100000  75.023500  0.286378
130.200000  76.768500  0.065761
130.300000  75.651500  0.549422
130.400000  75.245500  0.009192
130.500000  75.638500  1.727462
130.600000  75.548500  0.135057
130.700000  74.617500  0.194454
130.800000  75.603500  0.200111
130.900000  74.678000  1.414214
131.000000  76.129000  0.721249
131.100000  74.926500  0.292035
131.200000  76.312500  0.225567
131.300000  74.225000  0.765090
131.400000  76.020000  0.468105
131.500000  74.948000  2.401335
131.600000  75.629500  1.154705
131.700000  75.415500  0.234052
131.800000  74.881500  0.201525
131.900000  75.312000  0.277186
132.000000  74.199500  0.968029
132.100000  75.017500  2.079601
132.200000  74.931500  1.216931
132.300000  76.693500  0.344361
132.400000  76.306500  0.173241
132.500000  74.638500  1.023184
132.600000  75.915500  0.904390
132.700000  75.288000  0.510531
132.800000  74.823500  0.389616
132.900000  74.155500  1.726048
133.000000  75.493500  1.161776
133.100000  75.198500  0.898733
133.200000  75.429000  0.535987
133.300000  75.531500  0.454670
133.400000  74.847500  0.656902
133.500000  75.878500  0.122329
133.600000  74.786500  1.082580
133.700000  76.645000  1.656044
133.800000  75.450000  0.545886
133.900000  75.693000  0.096167
134.000000  75.500000  1.381687
134.100000  75.663000  1.487753
134.200000  75.806500  1.938180
134.300000  75.598500  0.939745
134.400000  75.895500  0.078489
134.500000  76.819000  1.030962
134.600000  76.198000  0.346482
134.700000  76.900000  0.046669
134.800000  75.394000  2.264156
134.900000  77.131500  0.491439
135.000000  76.198000  1.090359
135.100000  77.053500  1.813729
135.200000  77.951500  0.034648
135.300000  77.314000  0.987121
135.400000  77.244500  1.440377
135.500000  76.821000  0.902268
135.600000  76.649500  0.820951
135.700000  76.238000  1.042275
135.800000  77.100500  1.004799
135.900000  76.409000  0.056569
136.000000  77.053500  0.079903
136.100000  76.786000  1.624931
136.200000  76.091500  1.960807
136.300000  76.567500  0.678115
136.400000  78.018500  1.327239
136.500000  77.661500  0.402344
136.600000  76.886500  0.644174
136.700000  76.513500  1.429063
136.800000  75.411500  1.376737
136.900000  75.348500  2.267691
137.000000  76.247500  0.949644
137.100000  76.378000  1.677257
137.200000  76.543500  1.106622
137.300000  75.131500  2.525078
137.400000  76.942500  2.239407
137.500000  76.726500  0.861963
137.600000  75.129500  1.290470
137.700000  75.576000  1.824335
137.800000  75.694000  0.292742
137.900000  76.221500  0.297692
138.000000  75.420500  2.170111
138.100000  76.339000  0.982878
138.200000  76.948000  0.206475
138.300000  76.125000  1.418456
138.400000  76.870500  2.441640
138.500000  76.447500  1.676550
138.600000  75.962000  1.927573
138.700000  75.417000  1.084702
138.800000  76.036500  2.843276
138.900000  76.297500  1.740190
139.000000  75.745500  1.710491
139.100000  76.094500  0.753069
139.200000  76.430000  1.746554
139.300000  75.846000  1.213395
139.400000  76.423500  0.837922
139.500000  75.047000  1.667358
139.600000  75.638500  0.058690
139.700000  75.267000  2.698319
139.800000  75.231000  2.250014
139.900000  75.536500  2.082429
140.000000  76.737000  2.162333
140.100000  75.370500  0.761554
140.200000  76.513000  4.111119
140.300000  76.379500  3.186930
140.400000  76.339000  1.366130
140.500000  76.564500  2.317189
140.600000  75.994500  1.238144
140.700000  77.191500  1.784030
140.800000  76.270000  1.462297
140.900000  76.134500  2.339816
141.000000  76.261500  2.636801
141.100000  76.720000  2.554070
141.200000  76.165000  1.730997
141.300000  75.987500  2.153140
141.400000  76.158000  1.005506
141.500000  75.209000  0.223446
141.600000  76.453000  2.841155
141.700000  76.175500  2.105057
141.800000  75.704500  2.189910
141.900000  75.966500  2.369515
142.000000  76.037000  1.602304
142.100000  75.464500  1.321583
142.200000  75.424500  1.909895
142.300000  75.157500  2.812164
142.400000  75.339500  2.075358
142.500000  74.571500  3.769586
142.600000  74.823000  1.654630
142.700000  76.044000  2.300925
142.800000  75.750000  2.927422
142.900000  75.761500  2.633973
143.000000  76.566500  2.887117
143.100000  75.374500  1.182990
143.200000  75.236000  2.742160
143.300000  76.755500  2.478409
143.400000  75.858500  2.137584
143.500000  76.807000  2.945807
143.600000  76.528500  2.585889
143.700000  76.964000  1.967171
143.800000  75.867500  1.915552
143.900000  75.388000  1.272792
144.000000  75.713000  0.065054
144.100000  75.144500  2.219608
144.200000  76.335000  1.344917
144.300000  74.308000  2.302340
144.400000  74.944500  0.704985
144.500000  76.191000  1.829992
144.600000  76.619500  1.933937
144.700000  75.690500  0.878934
144.800000  77.596000  0.931967
144.900000  76.319000  2.638923
145.000000  76.750000  2.083137
145.100000  76.048000  0.830143
145.200000  76.063500  2.103643
145.300000  76.591000  1.292591
145.400000  76.926000  1.316633
145.500000  77.033000  1.554221
145.600000  76.326000  1.351988
145.700000  75.533500  1.088237
145.800000  76.872500  1.061367
145.900000  77.388500  0.726199
146.000000  77.534500  1.653923
146.100000  77.893500  2.635387
146.200000  77.204500  0.355675
146.300000  76.738000  1.685743
146.400000  76.900000  0.019799
146.500000  78.756000  1.298248
146.600000  77.713500  0.219910
146.700000  77.358500  0.886005
146.800000  75.790000  0.009899
146.900000  76.286000  0.025456
147.000000  75.648500  1.427649
147.100000  76.184000  1.104501
147.200000  76.870000  0.627911
147.300000  75.779000  0.816001
147.400000  78.499500  0.886005
147.500000  76.995500  0.501339
147.600000  77.058500  0.805395
147.700000  76.425000  1.141270
147.800000  76.608500  1.424820
147.900000  77.054000  0.062225
148.000000  76.647500  0.955301
148.100000  76.462000  1.917674
148.200000  77.063500  0.327390
148.300000  76.815000  0.567100
148.400000  76.448500  0.471640
148.500000  76.067000  0.206475
148.600000  76.928500  0.226981
148.700000  77.259500  0.219910
148.800000  76.817500  0.564978
148.900000  76.351500  0.620133
149.000000  77.225000  0.974393
149.100000  77.086500  1.062781
149.200000  77.279000  1.349160
149.300000  76.587500  1.502602
149.400000  76.705500  0.781353
149.500000  77.463500  1.048639
149.600000  76.912500  0.675287
149.700000  77.069500  1.045811
149.800000  77.223000  0.971565
149.900000  76.957500  0.351432
150.000000  77.939500  0.361332
150.100000  77.105000  0.489318
150.200000  77.429000  0.606698
150.300000  77.192000  0.758018
150.400000  77.745500  1.403607
150.500000  76.845000  1.545735
150.600000  76.916000  0.681651
150.700000  77.079000  0.731148
150.800000  75.530000  1.219052
150.900000  77.689500  0.589020
151.000000  77.929500  0.294864
151.100000  76.487000  0.188090
151.200000  76.913000  0.752362
151.300000  77.995500  1.372494
151.400000  76.708500  0.074246
151.500000  76.697500  0.231224
151.600000  76.362500  1.573313
151.700000  77.208500  0.706400
151.800000  76.443500  2.563262
151.900000  76.461000  1.730997
152.000000  76.765500  1.108036
152.100000  77.389000  1.284106
152.200000  77.824000  0.817415
152.300000  78.008000  0.229103
152.400000  77.158500  0.690843
152.500000  76.711500  0.061518
152.600000  77.210500  0.323148
152.700000  76.885500  0.129401
152.800000  76.760500  1.395122
152.900000  76.756000  0.241831
153.000000  77.169500  0.065761
153.100000  77.509000  1.405728
153.200000  76.774500  1.075509
153.300000  75.578000  1.733826
153.400000  76.738500  0.195869
153.500000  76.116000  1.950201
153.600000  77.231500  0.126572
153.700000  77.139000  0.671751
153.800000  76.893500  0.686601
153.900000  76.191500  0.154856
154.000000  78.358500  1.262186
154.100000  78.411000  1.780495
154.200000  76.890000  1.531593
154.300000  77.342500  1.146220
154.400000  77.480000  0.975807
154.500000  76.715500  0.389616
154.600000  76.087500  0.311834
154.700000  77.302000  0.449720
154.800000  76.879000  0.487904
154.900000  77.484500  0.352846
155.000000  77.023000  0.561443
155.100000  77.193000  0.007071
155.200000  78.494500  0.201525
155.300000  76.370500  1.636952
155.400000  75.297000  0.190919
155.500000  77.179000  2.474874
155.600000  76.307500  0.235467
155.700000  76.751500  0.630032
155.800000  76.694000  0.593970
155.900000  76.196500  0.003536
156.000000  76.697500  0.545179
156.100000  76.392500  0.696500
156.200000  76.698500  0.342947
156.300000  76.504000  1.185111
156.400000  77.214500  0.024749
156.500000  77.073500  1.498359
156.600000  77.715500  1.755746
156.700000  77.262500  1.175919
156.800000  75.389000  0.562857
156.900000  76.378000  1.439669
157.000000  76.051500  0.787010
157.100000  75.445000  2.209002
157.200000  76.976000  2.231629
157.300000  75.069500  0.021920
157.400000  76.051000  1.615032
157.500000  76.985000  1.384515
157.600000  77.124500  0.077075
157.700000  75.539000  0.674580
157.800000  77.153500  1.037326
157.900000  75.778500  1.201374
158.000000  76.485000  0.381838
158.100000  76.180000  0.155563
158.200000  76.629000  2.296683
158.300000  77.707500  1.344210
158.400000  77.671000  1.125714
158.500000  76.874000  1.268550
158.600000  76.399500  1.297541
158.700000  76.659500  1.508259
158.800000  77.110500  0.983586
158.900000  76.967500  0.787010
159.000000  76.698000  1.774838
159.100000  76.274000  1.756453
159.200000  76.879000  0.219203
159.300000  75.721000  0.046669
159.400000  76.753500  2.253549
159.500000  76.180000  2.470631
159.600000  76.269000  0.087681
159.700000  76.093000  2.016669
159.800000  75.394000  1.151170
159.900000  75.876000  0.337997
160.000000  75.055000  0.001414
160.100000  76.534000  1.112986
160.200000  75.583000  0.906511
160.300000  75.833500  0.737512
160.400000  76.664000  0.584070
160.500000  75.786000  1.388758
160.600000  74.709000  0.519016
160.700000  75.799000  0.127279
160.800000  76.655000  0.680237
160.900000  76.848000  1.028133
161.000000  76.563000  2.033639
161.100000  74.935500  0.499924
161.200000  75.779500  0.064347
161.300000  77.446500  1.224002
161.400000  77.633500  0.188798
161.500000  76.391000  0.626497
161.600000  76.540500  1.871712
161.700000  76.189500  1.369666
161.800000  76.156000  0.786303
161.900000  75.155000  0.797616
162.000000  75.784500  1.895753
162.100000  76.515500  0.801152
162.200000  75.724000  0.741048
162.300000  76.865000  1.743725
162.400000  76.201500  1.413506
162.500000  77.636500  1.294713
162.600000  77.167000  0.606698
162.700000  76.913000  0.011314
162.800000  76.350000  0.026870
162.900000  75.837500  0.495682
163.000000  77.544000  0.769332
163.100000  76.451000  1.347746
163.200000  76.345000  0.909339
163.300000  76.097500  1.663822
163.400000  76.752500  1.864641
163.500000  76.746000  0.236174
163.600000  77.129500  0.309006
163.700000  75.726500  0.490025
163.800000  75.951500  0.342947
163.900000  76.109000  2.206173
164.000000  75.740000  0.560029
164.100000  76.685000  1.480682
164.200000  75.896500  0.243952
164.300000  76.923500  1.380980
164.400000  77.725000  1.412799
164.500000  76.422000  0.984293
164.600000  77.082500  1.099551
164.700000  77.078500  2.042831
164.800000  77.396000  0.769332
164.900000  77.583500  1.463004
165.000000  76.808500  0.692258
165.100000  76.049000  1.028133
165.200000  77.439000  0.131522
165.300000  75.791000  1.199253
165.400000  76.732500  0.208597
165.500000  76.444000  1.296834
165.600000  77.388500  2.534978
165.700000  75.943000  0.451134
165.800000  77.558500  0.280721
165.900000  77.122500  0.505581
166.000000  77.271500  2.617002
166.100000  77.864500  0.849235
166.200000  77.071000  1.325118
166.300000  76.392000  0.748119
166.400000  76.837000  1.381687
166.500000  77.480500  0.579120
166.600000  75.325500  0.099702
166.700000  76.585000  1.766353
166.800000  74.979500  1.711906
166.900000  76.701500  0.506996
167.000000  75.917500  0.451841
167.100000  75.502500  0.733270
167.200000  76.874000  0.189505
167.300000  76.748000  1.265721
167.400000  76.938000  0.752362
167.500000  77.170000  1.179454
167.600000  76.242000  1.947372
167.700000  76.614500  0.324562
167.800000  75.771000  0.776403
167.900000  77.000500  1.728876
168.000000  76.006500  0.194454
168.100000  75.472500  0.156271
168.200000  76.285000  0.287085
168.300000  74.732000  0.197990
168.400000  76.819500  1.009041
168.500000  76.798000  1.023891
168.600000  75.684000  0.111723
168.700000  76.211000  0.827315
168.800000  77.310500  1.112279
168.900000  76.626500  0.835093
169.000000  77.680500  1.277742
169.100000  76.587500  0.610233
169.200000  75.695500  1.365423
169.300000  75.376500  0.618718
169.400000  77.214000  0.239002
169.500000  76.661000  0.920653
169.600000  76.561000  1.337846
169.700000  76.866500  0.703571
169.800000  76.875000  0.264458
169.900000  76.980000  0.576999
170.000000  77.821500  0.893076
170.100000  76.451500  0.673873
170.200000  76.957500  0.071418
170.300000  76.429500  0.598919
170.400000  74.921000  1.135613
170.500000  75.668000  0.844285
170.600000  75.592500  1.617153
170.700000  76.161500  0.532451
170.800000  75.309000  0.091924
170.900000  76.010000  0.783474
171.000000  76.419500  0.399515
171.100000  77.418000  1.742311
171.200000  76.665500  1.851913
171.300000  75.988500  0.135057
171.400000  76.132000  0.431335
171.500000  76.520000  0.244659
171.600000  74.708000  0.499217
171.700000  76.379000  0.014142
171.800000  75.888000  0.650538
171.900000  76.227500  0.908632
172.000000  75.113000  0.984293
172.100000  75.116000  1.042275
172.200000  76.903000  1.917674
172.300000  76.480000  0.173948
172.400000  76.543000  0.900854
172.500000  75.273500  0.133643
172.600000  75.859500  0.337290
172.700000  76.633500  1.969292
172.800000  76.062000  0.383252
172.900000  75.783500  1.376737
173.000000  75.530500  0.540937
173.100000  76.171500  0.798324
173.200000  75.051000  0.900854
173.300000  75.315000  1.624931
173.400000  75.154000  1.439669
173.500000  76.074000  1.657458
173.600000  75.759500  0.248194
173.700000  75.824000  1.534422
173.800000  75.406500  1.229659
173.900000  76.051500  0.819537
174.000000  77.381500  1.878783
174.100000  75.856500  0.185969
174.200000  76.972500  1.211274
174.300000  76.268500  1.095308
174.400000  77.000500  0.579120
174.500000  75.811500  1.347038
174.600000  75.494000  0.547301
174.700000  77.262000  0.386080
174.800000  76.663000  0.964494
174.900000  76.649000  1.335018
175.000000  76.738500  0.748826
175.100000  77.971500  1.909895
175.200000  76.444000  0.653367
175.300000  76.892500  0.837922
175.400000  75.471500  0.638517
175.500000  74.616500  1.448862
175.600000  76.335000  0.226274
175.700000  76.811000  0.387495
175.800000  77.089000  1.230366
175.900000  75.680500  0.613062
176.000000  76.760500  0.290621
176.100000  75.399000  1.251579
176.200000  75.912500  0.314663
176.300000  75.785000  0.376181
176.400000  76.613000  0.875398
176.500000  76.828500  0.207182
176.600000  75.991500  0.330219
176.700000  77.036500  0.591848
176.800000  75.948000  0.760847
176.900000  74.870500  0.144957
177.000000  75.698500  0.949644
177.100000  76.159000  1.706956
177.200000  77.240500  0.569221
177.300000  75.375000  0.070711
177.400000  75.740500  0.010607
177.500000  76.298500  0.437699
177.600000  75.952000  0.601041
177.700000  75.201000  0.502046
177.800000  76.006000  1.429770
177.900000  74.219000  0.442649
178.000000  76.468000  0.510531
178.100000  75.577000  1.424113
178.200000  75.956000  0.461034
178.300000  77.656000  4.495785
178.400000  76.455000  0.875398
178.500000  77.860000  0.111723
178.600000  76.231500  1.149049
178.700000  78.143500  1.359766
178.800000  76.627000  0.719835
178.900000  76.169000  0.626497
179.000000  76.506500  1.057125
179.100000  76.573500  0.574878
179.200000  76.775500  0.402344
179.300000  77.321500  0.755897
179.400000  76.328000  0.053740
179.500000  76.207500  0.637103
179.600000  76.682000  0.584070
179.700000  77.203500  0.191626
179.800000  76.220000  0.137179
179.900000  76.629500  0.491439
180.000000  76.391000  0.373352
180.100000  75.297500  0.078489
180.200000  76.111500  0.130815
180.300000  75.510000  0.691550
180.400000  76.327500  1.170262
180.500000  75.365000  0.420021
180.600000  75.589000  1.029547
180.700000  76.816500  0.381131
180.800000  77.082000  0.721249
180.900000  76.189500  0.717713
181.000000  76.063000  0.028284
181.100000  76.004500  1.187232
181.200000  76.298000  3.181981
181.300000  77.884000  1.028133
181.400000  77.412500  1.409264
181.500000  77.959000  1.855448
181.600000  77.079000  0.527502
181.700000  77.712000  1.441084
181.800000  77.434500  0.506996
181.900000  77.895000  1.029547
182.000000  78.289500  1.945251
182.100000  76.111500  1.419163
182.200000  76.097500  0.266579
182.300000  76.200500  3.003082
182.400000  77.224500  0.704985
182.500000  75.889500  1.144806
182.600000  76.652000  2.961363
182.700000  77.417000  0.862670
182.800000  76.421500  0.989242
182.900000  76.321500  1.281985
183.000000  76.538000  0.608112
183.100000  76.142500  0.378302
183.200000  76.212500  0.181726
183.300000  77.821500  0.679530
183.400000  76.320000  1.098844
183.500000  76.995000  0.922067
183.600000  76.417500  1.149049
183.700000  76.556000  0.560029
183.800000  75.752500  0.986414
183.900000  76.978000  1.603718
184.000000  76.763000  0.840043
184.100000  77.921500  1.372494
184.200000  76.039000  1.622103
184.300000  76.985000  0.656195
184.400000  77.135000  2.053438
184.500000  77.386500  2.219608
184.600000  76.499000  0.149907
184.700000  76.932500  0.548008
184.800000  76.642500  0.142128
184.900000  76.779500  0.910046
185.000000  76.797000  0.810344
185.100000  75.815500  1.344210
185.200000  75.827000  1.347746
185.300000  77.677500  2.328503
185.400000  75.694500  0.309006
185.500000  77.108000  2.346180
185.600000  76.495500  1.817972
185.700000  76.680500  1.310269
185.800000  76.734500  1.088237
185.900000  76.904000  1.475025
186.000000  75.845500  1.883025
186.100000  76.119000  0.688722
186.200000  76.875000  1.740897
186.300000  76.031000  0.941866
186.400000  76.524000  1.569777
186.500000  76.700500  0.200111
186.600000  76.042500  1.997577
186.700000  76.969000  1.417042
186.800000  77.204000  1.920502
186.900000  76.077000  1.709784
187.000000  76.216000  0.500632
187.100000  76.664000  1.814436
187.200000  76.164500  0.054447
187.300000  76.955000  0.339411
187.400000  75.719000  1.347746
187.500000  76.287500  0.932674
187.600000  75.545000  0.345068
187.700000  77.184000  0.704278
187.800000  76.718000  0.089095
187.900000  76.784000  0.799031
188.000000  77.499500  0.263751
188.100000  76.761000  1.244508
188.200000  76.789500  0.490025
188.300000  75.424000  3.231478
188.400000  76.704000  2.831256
188.500000  75.611500  2.461439
188.600000  76.312000  2.490430
188.700000  76.867000  2.027982
188.800000  75.772500  2.177182
188.900000  76.045500  2.072530
189.000000  77.219000  0.595384
189.100000  75.449000  1.193596
189.200000  75.928000  2.272641
189.300000  75.123500  1.431891
189.400000  76.806000  0.388909
189.500000  75.201500  2.393556
189.600000  75.267000  0.828729
189.700000  77.063000  1.139856
189.800000  75.818500  0.505581
189.900000  75.744500  0.185969
190.000000  76.301000  1.439669
190.100000  76.357500  2.444468
190.200000  75.729000  2.375879
190.300000  76.213000  2.627609
190.400000  75.964000  0.609526
190.500000  75.896500  1.296127
190.600000  75.815500  0.550836
190.700000  74.872500  1.168848
190.800000  77.421000  1.074802
190.900000  76.974000  1.036619
191.000000  76.224000  0.639225
191.100000  76.776500  0.040305
191.200000  76.807500  1.871712
191.300000  75.612500  2.874389
191.400000  76.612000  1.800294
191.500000  76.118500  0.272236
191.600000  77.547500  2.204052
191.700000  76.471000  1.172383
191.800000  77.749000  2.862368
191.900000  77.043500  3.400477
192.000000  76.848500  1.660994
192.100000  76.240000  2.464974
192.200000  78.498500  1.075509
192.300000  78.432000  0.712764
192.400000  77.101500  1.646852
192.500000  77.382500  0.403758
192.600000  77.155000  1.448155
192.700000  76.210500  3.738474
192.800000  76.207500  3.079450
192.900000  77.343500  3.927978
193.000000  76.457500  1.463004
193.100000  76.912000  3.013689
193.200000  77.599000  0.936209
193.300000  77.162500  1.119350
193.400000  77.187000  2.952878
193.500000  77.520500  3.717260
193.600000  78.154000  0.890955
193.700000  77.459500  2.075358
193.800000  76.891000  3.521392
193.900000  76.983000  1.639074
194.000000  77.248500  1.560585
194.100000  77.671000  1.767767
194.200000  77.271000  3.505835
194.300000  78.006000  0.762261
194.400000  77.547500  0.345775
194.500000  77.966000  1.695642
194.600000  76.172500  2.720240
194.700000  76.567000  2.593668
194.800000  76.539000  2.452246
194.900000  77.177000  1.040861
195.000000  76.455000  4.490128
195.100000  75.809500  2.967727
195.200000  77.784500  1.157534
195.300000  76.827500  3.441489
195.400000  76.690500  2.580233
195.500000  76.534000  1.981313
195.600000  76.791000  4.723473
195.700000  77.327500  3.247741
195.800000  77.112500  3.570182
195.900000  76.128000  2.044953
196.000000  77.255000  2.712462
196.100000  77.117000  4.115361
196.200000  76.627500  2.622659
196.300000  76.896000  2.445175
196.400000  78.174000  3.783021
196.500000  77.308500  2.683470
196.600000  77.167500  3.503714
196.700000  76.779000  1.103087
196.800000  76.590000  2.457903
196.900000  75.887000  1.974242
197.000000  75.501500  3.655035
197.100000  76.577000  0.668923
197.200000  76.722000  1.817264
197.300000  76.093000  2.489016
197.400000  75.964000  2.964192
197.500000  75.062000  0.261630
197.600000  75.930500  2.851762
197.700000  77.007000  2.295269
197.800000  77.191000  2.763373
197.900000  75.619000  0.862670
198.000000  76.467500  3.350979
198.100000  76.928000  4.147888
198.200000  78.104500  2.402042
198.300000  77.498000  2.206173
198.400000  75.953500  0.747412
198.500000  77.818000  2.612052
198.600000  76.629500  2.001819
198.700000  76.529500  0.555079
198.800000  78.187000  0.823072
198.900000  77.403000  1.634831
199.000000  77.971500  1.265014
199.100000  77.163500  0.628618
199.200000  77.989500  2.318603
199.300000  76.470000  2.944393
199.400000  77.455000  1.861105
199.500000  77.363000  2.006769
199.600000  76.380500  1.253700
199.700000  76.163500  1.553514
199.800000  76.721000  1.018234
199.900000  77.167000  1.537250
200.000000  76.708000  1.927573
