# aggregated from 2 replicates
# x  mean  std
0.000000  84.629350  0.448659
1.000000  54.144750  16.283184
2.000000  30.668300  5.172910
6.000000  10.760700  0.888126
7.000000  15.292150  0.578343
11.000000  11.460500  0.749109
13.000000  52.072450  13.287597
14.000000  68.417750  3.025639
15.000000  22.044300  3.188627
16.000000  10.270150  1.972616
17.000000  61.464000  5.277279
18.000000  37.560750  2.159858
19.000000  59.010500  6.052410
20.000000  31.783800  10.271857
21.000000  46.634800  7.684978
22.000000  7.943850  0.006859
23.000000  24.306600  0.125158
24.000000  7.195650  0.140785
25.000000  18.840000  11.609703
26.000000  12.961000  6.044349
27.000000  18.841800  3.634529
28.000000  17.028800  3.536524
29.000000  73.886800  4.895866
30.000000  47.612400  11.985177
31.000000  17.850400  10.313435
32.000000  12.173800  0.742038
33.000000  13.066450  4.525978
34.000000  57.065000  6.236116
35.000000  10.609600  1.033507
36.000000  11.746950  1.403112
38.000000  88.528450  7.340829
39.000000  8.761700  0.957564
40.000000  9.188750  0.108541
41.000000  19.857850  1.630376
42.000000  57.257100  8.679594
45.000000  18.318250  5.085300
46.000000  9.424750  0.095954
47.000000  36.363200  0.362180
48.000000  8.702150  1.372848
49.000000  20.171250  7.527647
50.000000  7.865750  0.088318
52.000000  44.227050  4.937373
53.000000  13.081050  0.095813
54.000000  10.663550  1.476793
55.000000  32.864100  35.739157
56.000000  45.278250  20.705713
57.000000  53.868650  17.023949
58.000000  8.852500  1.269681
59.000000  75.775950  12.785127
60.000000  23.648900  3.866743
61.000000  54.292300  18.889792
62.000000  23.653350  2.573798
63.000000  30.949750  31.975722
64.000000  10.540800  0.589303
65.000000  15.595050  0.311056
66.000000  32.430450  12.050584
69.000000  22.640650  2.488521
70.000000  12.845000  0.912875
71.000000  66.219200  12.747155
73.000000  8.111800  0.267145
74.000000  59.081300  5.091310
76.000000  17.124900  9.085332
78.000000  16.202000  4.886956
80.000000  63.867100  10.258422
81.000000  62.934200  11.489920
82.000000  17.629300  0.124168
83.000000  16.521750  5.420893
84.000000  8.070250  0.680873
85.000000  48.178000  3.894178
87.000000  24.033650  0.120420
88.000000  8.172400  0.246639
89.000000  27.133000  17.355795
90.000000  11.028000  2.000971
91.000000  53.379350  2.362090
92.000000  47.504150  0.100197
93.000000  37.681200  7.484725
94.000000  7.874900  0.117097
95.000000  12.161150  0.741401
96.000000  6.869950  0.015910
97.000000  10.727550  1.522613
98.000000  21.535600  3.871551
100.000000  19.448150  3.244418
101.000000  12.811650  7.170558
102.000000  8.084000  0.115258
104.000000  14.266600  0.484792
105.000000  28.559000  0.882894
106.000000  71.827050  9.369660
107.000000  10.956200  4.378829
108.000000  25.786350  8.094181
110.000000  9.636350  1.011233
111.000000  18.582400  2.104491
112.000000  53.591500  7.966831
113.000000  7.635850  0.086621
114.000000  45.278850  12.876768
115.000000  12.648700  4.495078
116.000000  8.527650  0.231436
117.000000  24.762000  2.467803
118.000000  28.830250  9.994742
120.000000  61.355150  6.992084
121.000000  27.398300  0.454811
122.000000  58.742900  4.827277
123.000000  40.449750  3.794830
124.000000  25.546400  1.203071
125.000000  17.239800  2.651792
127.000000  7.402250  0.014779
128.000000  23.882450  2.785789
129.000000  10.083400  1.549271
130.000000  8.152550  1.177828
131.000000  7.037800  0.122047
132.000000  26.162650  0.109955
133.000000  44.375600  0.496106
134.000000  7.799200  0.163907
135.000000  47.148250  5.709675
137.000000  19.482850  4.219943
138.000000  23.742700  0.361756
