# aggregated from 2 replicates
# x  mean  std
0.000000  53.635299  0.000000
0.100000  48.409537  1.392007
0.200000  49.129294  1.302233
0.300000  48.859759  4.046380
0.400000  47.431877  1.155171
0.500000  48.913242  1.298008
0.600000  49.791311  0.384063
0.700000  50.486413  2.132150
0.800000  47.885017  2.769393
0.900000  48.467338  1.854192
1.000000  49.645870  0.516763
1.100000  49.595167  0.970986
1.200000  52.207265  0.719506
1.300000  49.572904  1.939621
1.400000  50.250451  3.684016
1.500000  51.785314  1.464538
1.600000  50.356923  2.504250
1.700000  49.291381  2.077861
1.800000  49.023055  1.096800
1.900000  48.755458  1.287868
2.000000  48.715965  3.834332
2.100000  49.155563  1.828105
2.200000  49.968920  0.137542
2.300000  49.155316  1.713019
2.400000  49.433097  2.252615
2.500000  50.193378  1.994168
2.600000  51.262615  3.249487
2.700000  50.312589  3.651663
2.800000  50.489607  0.552999
2.900000  50.429276  2.240253
3.000000  49.360512  5.706280
3.100000  51.072266  2.918136
3.200000  52.391605  3.484964
3.300000  50.533221  0.334639
3.400000  49.316814  0.869046
3.500000  51.873705  3.466430
3.600000  50.929890  0.640079
3.700000  53.170539  0.314602
3.800000  54.109389  2.146565
3.900000  51.473489  1.378154
4.000000  49.344330  1.699822
4.100000  53.726666  0.611925
4.200000  50.174595  4.380150
4.300000  50.400254  1.003449
4.400000  54.066817  0.285564
4.500000  51.784022  1.731497
4.600000  52.653492  2.242532
4.700000  51.509767  5.586631
4.800000  49.085045  6.094599
4.900000  51.168970  6.230067
5.000000  49.640035  1.308556
5.100000  48.380424  4.825560
5.200000  49.363992  0.547967
5.300000  48.443183  3.089618
5.400000  48.185032  1.539194
5.500000  50.255328  3.839627
5.600000  49.721608  3.979514
5.700000  50.995770  3.169673
5.800000  50.543357  1.971228
5.900000  50.583109  1.429532
6.000000  49.555125  0.333134
6.100000  50.119076  1.603663
6.200000  52.225554  3.566712
6.300000  48.007176  0.368927
6.400000  47.384643  5.589016
6.500000  48.341377  3.963126
6.600000  49.300197  5.563652
6.700000  49.124893  2.759206
6.800000  49.118524  4.971670
6.900000  47.863631  2.037218
7.000000  48.068454  0.877937
7.100000  50.681793  2.369496
7.200000  51.001357  1.225931
7.300000  49.809678  0.510920
7.400000  48.812921  0.510009
7.500000  48.096624  5.423793
7.600000  48.068802  2.370680
7.700000  47.350983  2.389822
7.800000  48.979944  3.422079
7.900000  50.963313  2.682925
8.000000  52.755493  2.448770
8.100000  49.529217  6.825854
8.200000  50.408090  3.291941
8.300000  48.080817  3.253878
8.400000  49.912353  2.072731
8.500000  51.863828  4.613308
8.600000  49.891914  0.229013
8.700000  47.391859  5.514224
8.800000  49.152915  3.713386
8.900000  48.455276  1.336281
9.000000  47.045011  5.591617
9.100000  48.349708  2.819235
9.200000  48.119562  5.648129
9.300000  49.466082  5.603401
9.400000  49.032810  3.261344
9.500000  49.107211  8.569009
9.600000  46.237090  5.521624
9.700000  50.467511  7.064067
9.800000  49.842924  5.345317
9.900000  49.927575  8.233575
10.000000  48.241530  7.624942
10.100000  47.829596  8.282275
10.200000  46.982295  6.745673
10.300000  50.554011  6.209400
10.400000  48.222346  5.563177
10.500000  50.338424  6.809703
10.600000  51.356859  5.041675
10.700000  50.127675  5.941616
10.800000  49.595340  3.306586
10.900000  48.761240  1.525024
11.000000  49.744742  3.148812
11.100000  48.126795  6.399978
11.200000  51.087905  7.695724
11.300000  52.374014  4.086423
11.400000  51.679705  3.939132
11.500000  50.947185  2.950972
11.600000  47.502274  2.472680
11.700000  47.300351  1.897766
11.800000  49.598194  4.036467
11.900000  50.542088  1.729710
12.000000  50.502061  4.440701
12.100000  51.444179  5.517317
12.200000  51.002216  3.020548
12.300000  55.415872  6.589900
12.400000  53.035634  2.467871
12.500000  50.937224  2.289088
12.600000  54.095969  4.253135
12.700000  50.373625  1.718868
12.800000  51.994791  0.528626
12.900000  52.829204  1.285326
13.000000  53.149101  3.146046
13.100000  53.718994  5.171540
13.200000  48.750951  1.315429
13.300000  53.699547  3.786145
13.400000  48.950525  4.935805
13.500000  49.539240  3.214767
13.600000  49.434772  2.358743
13.700000  47.610841  2.219774
13.800000  50.018504  3.023598
13.900000  48.009400  0.572313
14.000000  53.021521  3.530605
14.100000  52.549852  1.058740
14.200000  51.758024  3.336815
14.300000  51.546461  4.209359
14.400000  53.053549  5.278446
14.500000  50.322604  1.870589
14.600000  50.943142  1.589206
14.700000  51.984938  2.739103
14.800000  51.307332  2.051810
14.900000  51.778272  7.640767
15.000000  49.180260  5.312201
15.100000  49.001792  4.228851
15.200000  50.069947  1.984475
15.300000  52.831907  4.242861
15.400000  49.056958  3.410818
15.500000  48.758946  3.241450
15.600000  48.451306  6.013905
15.700000  49.002378  3.261687
15.800000  47.918322  3.517952
15.900000  48.957656  0.862111
16.000000  51.268854  5.179986
16.100000  50.225907  6.873706
16.200000  49.567209  5.071001
16.300000  49.326947  1.038717
16.400000  49.912292  5.358398
16.500000  50.566121  4.167202
16.600000  50.678043  1.207486
16.700000  51.231090  7.787671
16.800000  48.816747  4.283994
16.900000  48.636384  1.210698
17.000000  49.763250  2.733060
17.100000  50.514865  4.012662
17.200000  47.117675  3.430092
17.300000  50.941319  7.304429
17.400000  49.132141  1.557707
17.500000  52.020046  6.725163
17.600000  48.706873  5.763741
17.700000  49.019912  5.120401
17.800000  47.787886  1.199023
17.900000  50.760198  2.197003
18.000000  48.948799  1.349083
18.100000  50.657507  2.824783
18.200000  49.640488  5.236639
18.300000  52.159124  2.101762
18.400000  52.578909  2.439100
18.500000  52.752577  1.835801
18.600000  51.324129  0.317393
18.700000  48.595096  0.991058
18.800000  47.949538  2.818559
18.900000  49.824794  3.259156
19.000000  47.883261  3.819268
19.100000  48.974119  3.322903
19.200000  47.817712  4.239032
19.300000  48.608151  0.080575
19.400000  52.119219  3.619547
19.500000  50.139881  0.565096
19.600000  51.702236  1.127675
19.700000  49.965030  3.563676
19.800000  50.785651  6.254840
19.900000  52.218885  4.005172
20.000000  51.405169  4.185651
20.100000  52.718974  3.896407
20.200000  52.635726  0.757846
20.300000  48.524412  2.007920
20.400000  49.176911  2.020826
20.500000  49.754739  0.826099
20.600000  50.489936  1.606440
20.700000  49.687256  4.635204
20.800000  47.731326  4.085994
20.900000  48.151529  1.323412
21.000000  50.038551  0.676920
21.100000  48.119957  2.157205
21.200000  49.213891  0.310435
21.300000  49.701819  0.324805
21.400000  51.329862  0.013318
21.500000  49.334921  1.529988
21.600000  49.816502  3.802892
21.700000  48.815622  4.904961
21.800000  48.043709  3.174683
21.900000  46.069332  4.748863
22.000000  47.282208  1.812677
22.100000  48.395032  3.979841
22.200000  49.327818  2.982984
22.300000  50.333144  1.760864
22.400000  49.151384  4.354325
22.500000  48.781898  4.061688
22.600000  49.823159  2.683463
22.700000  50.631437  0.699186
22.800000  50.558259  2.058213
22.900000  50.119825  4.585730
23.000000  48.848889  3.580843
23.100000  47.605017  1.718125
23.200000  47.682354  3.284821
23.300000  47.080685  3.466939
23.400000  47.250514  1.243142
23.500000  48.494566  3.656697
23.600000  47.622586  0.087947
23.700000  46.597314  1.686003
23.800000  46.898428  5.798283
23.900000  50.032278  0.401227
24.000000  49.226728  1.586083
24.100000  49.259866  2.026411
24.200000  49.907582  3.661866
24.300000  49.707493  2.493121
24.400000  48.520161  2.960390
24.500000  50.801602  2.249244
24.600000  50.143242  3.969442
24.700000  47.368465  3.453695
24.800000  49.236379  1.309592
24.900000  49.640458  1.154165
25.000000  49.602070  0.693037
25.100000  50.950204  0.397653
25.200000  47.944639  2.308646
25.300000  51.951220  0.659453
25.400000  49.236719  0.409364
25.500000  48.838108  4.993940
25.600000  48.852625  2.251437
25.700000  51.735051  0.585043
25.800000  50.088164  0.219605
25.900000  50.286777  0.278613
26.000000  48.744163  1.310141
26.100000  45.681324  5.681759
26.200000  49.822294  4.730133
26.300000  49.431088  3.126002
26.400000  48.558783  4.543383
26.500000  48.140225  2.369915
26.600000  48.389922  1.588773
26.700000  50.648489  1.552034
26.800000  49.159444  4.714461
26.900000  48.998492  7.614880
27.000000  47.582367  6.570399
27.100000  48.642766  8.820724
27.200000  45.974363  9.401908
27.300000  46.000710  5.721702
27.400000  46.168320  5.232320
27.500000  48.014475  12.114889
27.600000  49.326400  3.787154
27.700000  48.601671  5.981789
27.800000  47.345670  8.630411
27.900000  48.150638  8.242921
28.000000  49.290704  6.554314
28.100000  46.211219  12.075260
28.200000  49.237127  9.852762
28.300000  48.704746  4.906784
28.400000  49.762455  6.166400
28.500000  49.682307  5.666421
28.600000  48.817933  5.120831
28.700000  49.354233  8.957909
28.800000  46.056154  4.527026
28.900000  50.368017  4.958576
29.000000  51.948287  10.090936
29.100000  49.727306  11.035698
29.200000  45.925691  5.266120
29.300000  48.620297  9.631571
29.400000  48.420025  7.876204
29.500000  48.688224  7.968774
29.600000  47.221963  9.823617
29.700000  48.434970  5.566500
29.800000  45.300911  8.505464
29.900000  47.021029  7.124303
30.000000  48.876514  6.025510
30.100000  48.210172  5.297289
30.200000  47.621232  8.513478
30.300000  47.020493  6.287767
30.400000  49.801818  5.285100
30.500000  45.400267  8.764373
30.600000  47.869057  7.282332
30.700000  49.247940  9.757586
30.800000  47.746481  6.145182
30.900000  48.735789  7.900387
31.000000  44.252698  10.915958
31.100000  43.870442  12.024786
31.200000  46.798025  10.766657
31.300000  48.682450  4.724480
31.400000  49.389414  5.014794
31.500000  49.339576  5.624963
31.600000  48.941331  4.417392
31.700000  44.893691  8.148442
31.800000  48.129131  2.898178
31.900000  59.241175  6.334423
32.000000  52.463334  3.662499
32.100000  51.832200  4.048097
32.200000  54.994184  2.901327
32.300000  54.258988  3.645610
32.400000  53.116003  1.142227
32.500000  50.797556  2.631392
32.600000  56.234054  3.078703
32.700000  57.724832  5.066890
32.800000  56.851928  8.005365
32.900000  50.816387  1.346540
33.000000  55.421172  2.501440
33.100000  50.806151  4.808302
33.200000  50.987071  1.353048
33.300000  54.506929  0.701612
33.400000  54.543458  4.867208
33.500000  52.900798  1.107643
33.600000  55.194365  5.640689
33.700000  53.204223  1.658047
33.800000  50.670992  1.742841
33.900000  53.462531  1.637194
34.000000  48.578933  8.371854
34.100000  47.520430  7.486936
34.200000  47.181286  5.060310
34.300000  46.095540  6.622839
34.400000  48.352014  2.459287
34.500000  48.329027  1.724039
34.600000  46.495859  5.102248
34.700000  50.078635  5.345549
34.800000  46.358390  11.823603
34.900000  45.170382  7.975070
35.000000  47.967068  8.283396
35.100000  44.871375  7.743268
35.200000  45.344563  5.489456
35.300000  47.147877  3.416378
35.400000  45.651711  5.419032
35.500000  46.716679  7.311529
35.600000  46.615471  9.231785
35.700000  44.437681  11.054717
35.800000  46.283566  7.619448
35.900000  44.748385  6.676439
36.000000  47.158354  12.432591
36.100000  41.980678  10.679724
36.200000  43.917457  11.425423
36.300000  44.012589  11.005627
36.400000  45.878433  7.233977
36.500000  43.422973  6.787984
36.600000  46.948151  9.248985
36.700000  47.649419  7.117284
36.800000  39.098715  13.497023
36.900000  40.037897  11.785443
37.000000  44.255503  11.830004
37.100000  44.310107  10.183111
37.200000  41.747906  11.273961
37.300000  43.090738  12.137429
37.400000  43.433611  10.903997
37.500000  45.247981  9.461493
37.600000  42.132422  12.141398
37.700000  41.184349  15.010273
37.800000  42.565437  10.364786
37.900000  40.085278  12.456108
38.000000  42.925838  13.221454
38.100000  42.710482  11.120440
38.200000  40.707245  12.510601
38.300000  43.153785  14.411205
38.400000  41.256222  10.990821
38.500000  43.854275  8.131845
38.600000  48.739189  5.698582
38.700000  46.274164  8.731904
38.800000  45.450803  3.553086
38.900000  45.017651  5.319069
39.000000  44.367040  9.414410
39.100000  45.110364  6.683321
39.200000  46.427931  7.111304
39.300000  46.753760  6.756699
39.400000  46.279182  4.420184
39.500000  43.803975  7.383866
39.600000  39.423469  15.780820
39.700000  44.746136  7.604372
39.800000  44.116961  9.836927
39.900000  43.194828  9.745621
40.000000  41.108390  13.095279
40.100000  42.556165  13.755917
40.200000  43.894695  7.684556
40.300000  42.576610  12.668518
40.400000  42.500912  14.712839
40.500000  43.137805  12.386485
40.600000  43.365657  12.192855
40.700000  43.041605  13.172080
40.800000  40.814453  10.674962
40.900000  42.157442  8.138792
41.000000  43.592036  9.512978
41.100000  44.078528  10.572613
41.200000  41.919181  12.435281
41.300000  43.190697  9.195862
41.400000  40.717611  11.813836
41.500000  43.173468  14.042211
41.600000  39.003808  12.874666
41.700000  45.697954  8.756761
41.800000  43.691206  10.963609
41.900000  44.221527  10.317242
42.000000  44.961294  10.531193
42.100000  46.517938  6.147855
42.200000  46.688676  9.843113
42.300000  44.248942  6.570885
42.400000  46.870285  5.239484
42.500000  43.339703  14.066352
42.600000  42.344079  9.671154
42.700000  47.184016  10.996189
42.800000  41.796759  12.797192
42.900000  43.402363  12.896559
43.000000  43.664253  10.000205
43.100000  43.867616  12.817824
43.200000  42.977272  9.720696
43.300000  40.492894  16.501234
43.400000  42.273075  14.681209
43.500000  42.690353  10.963447
43.600000  43.679503  13.281165
43.700000  43.757934  10.615991
43.800000  44.947777  8.821838
43.900000  44.250438  10.446221
44.000000  44.923994  9.080737
44.100000  43.779656  11.404042
44.200000  46.229962  6.992927
44.300000  45.361193  7.068705
44.400000  46.046547  11.536493
44.500000  44.284358  9.423631
44.600000  43.509761  6.851786
44.700000  44.612564  6.542351
44.800000  43.391011  7.526541
44.900000  42.978723  10.991141
45.000000  44.778441  8.045662
45.100000  49.092534  2.358256
45.200000  42.633325  6.670986
45.300000  42.792772  8.334101
45.400000  43.773955  9.977145
45.500000  42.860523  10.677691
45.600000  47.729752  10.117456
45.700000  44.503861  7.748171
45.800000  43.219788  9.329157
45.900000  46.062868  6.106400
46.000000  40.292217  8.142682
46.100000  43.569184  6.418984
46.200000  40.417989  9.801920
46.300000  45.844427  11.533968
46.400000  44.672421  12.660980
46.500000  43.992821  8.058563
46.600000  47.346159  8.859272
46.700000  43.752279  7.947839
46.800000  46.168105  7.598094
46.900000  45.696597  11.464979
47.000000  45.671259  11.203250
47.100000  45.460932  6.943921
47.200000  43.375350  14.093577
47.300000  42.776505  10.013225
47.400000  45.494267  5.879465
47.500000  43.936081  8.976682
47.600000  47.377598  7.699299
47.700000  42.293786  13.837074
47.800000  43.507410  10.466899
47.900000  45.321354  7.874298
48.000000  44.954707  7.794753
48.100000  44.411549  9.683837
48.200000  41.667586  15.544589
48.300000  41.168813  12.893378
48.400000  44.056990  12.438207
48.500000  46.130958  9.748290
48.600000  44.016151  10.115261
48.700000  41.440804  11.303588
48.800000  41.280348  13.214085
48.900000  41.788112  9.522536
49.000000  44.643641  6.876810
49.100000  43.731638  8.024696
49.200000  45.400633  10.677208
49.300000  42.851126  8.701818
49.400000  46.702719  6.512772
49.500000  44.222353  7.441481
49.600000  41.153728  5.060266
49.700000  45.108271  9.157465
49.800000  41.594136  10.320301
49.900000  44.057088  5.048993
50.000000  45.973955  7.120422
50.100000  43.510206  6.241716
50.200000  47.408042  4.339215
50.300000  43.400271  9.351025
50.400000  42.847343  4.450614
50.500000  40.786310  9.052703
50.600000  41.706843  9.681708
50.700000  44.132847  5.880784
50.800000  43.152434  11.075561
50.900000  43.367872  11.537754
51.000000  42.440196  8.875151
51.100000  40.874541  9.107084
51.200000  43.012966  8.846392
51.300000  40.506726  8.377297
51.400000  42.351306  11.138291
51.500000  42.423079  8.003831
51.600000  42.592851  9.115780
51.700000  43.869788  7.979054
51.800000  42.771498  14.652133
51.900000  40.959505  13.197231
52.000000  41.203207  12.587571
52.100000  41.255279  15.153422
52.200000  42.650693  11.768480
52.300000  40.652254  12.465499
52.400000  44.732614  11.646872
52.500000  43.941952  11.835519
52.600000  43.438251  9.818962
52.700000  39.104393  11.452893
52.800000  44.990617  6.597674
52.900000  41.037722  12.612831
53.000000  42.327483  12.427173
53.100000  44.040169  10.620642
53.200000  43.833831  12.539318
53.300000  41.728086  12.564214
53.400000  41.012470  10.149930
53.500000  42.563941  9.108539
53.600000  41.821689  8.835071
53.700000  43.426913  8.449136
53.800000  43.588938  5.009868
53.900000  42.276331  8.351106
54.000000  41.988670  6.534842
54.100000  39.200017  7.804253
54.200000  43.874646  2.513222
54.300000  46.177758  5.751133
54.400000  44.066665  5.158335
54.500000  39.617957  9.619614
54.600000  42.516763  6.820394
54.700000  45.784126  3.428744
54.800000  42.745478  5.017042
54.900000  41.132734  5.613371
55.000000  39.941895  7.516757
55.100000  42.473382  2.247221
55.200000  43.089365  4.328283
55.300000  39.393788  10.041429
55.400000  42.491752  7.629189
55.500000  40.768913  11.943898
55.600000  44.622594  8.979827
55.700000  40.550055  11.135853
55.800000  42.469436  4.784526
55.900000  44.327967  3.527892
56.000000  45.543734  8.482492
56.100000  41.987639  4.350113
56.200000  44.547759  2.743479
56.300000  42.985901  5.732536
56.400000  40.337691  10.107905
56.500000  43.563112  3.724029
56.600000  39.243862  11.107875
56.700000  46.394923  7.745478
56.800000  46.059203  1.422620
56.900000  42.052443  7.419957
57.000000  40.851843  10.828487
57.100000  40.702821  12.521952
57.200000  42.859254  10.292776
57.300000  41.464033  8.683059
57.400000  49.191317  0.566503
57.500000  45.741490  4.896070
57.600000  38.625508  8.245089
57.700000  45.774842  3.829342
57.800000  40.966074  9.187545
57.900000  42.749687  6.728745
58.000000  43.383438  3.615858
58.100000  45.625452  5.756708
58.200000  41.627035  7.847189
58.300000  43.594066  6.519249
58.400000  44.534601  3.137798
58.500000  43.914119  3.698649
58.600000  43.647705  7.657015
58.700000  41.947983  8.910900
58.800000  45.941750  5.614282
58.900000  42.284182  9.723968
59.000000  42.711224  5.566272
59.100000  43.036977  9.254910
59.200000  39.877660  11.697236
59.300000  41.672317  7.640871
59.400000  40.123116  9.247558
59.500000  39.911821  9.865202
59.600000  41.091983  11.737191
59.700000  40.434669  11.102652
59.800000  40.827218  13.261016
59.900000  43.418127  7.443182
60.000000  39.586102  10.589536
60.100000  40.707589  9.049786
60.200000  42.200970  8.728132
60.300000  42.017063  8.688065
60.400000  43.386094  8.023355
60.500000  40.842919  9.294373
60.600000  38.844606  10.132598
60.700000  43.511212  7.058416
60.800000  42.066787  5.790520
60.900000  40.012407  10.013168
61.000000  41.995569  6.683511
61.100000  39.048852  10.596163
61.200000  41.377301  8.802902
61.300000  42.898674  6.536321
61.400000  43.274679  4.636068
61.500000  41.091380  5.411203
61.600000  42.248140  6.458921
61.700000  41.185344  5.451554
61.800000  40.582941  7.338577
61.900000  45.670148  6.833220
62.000000  44.883161  1.966564
62.100000  42.594186  9.318621
62.200000  42.541583  7.624612
62.300000  41.736683  8.905707
62.400000  41.875208  3.826923
62.500000  43.422573  3.294854
62.600000  45.630817  2.379815
62.700000  47.082110  6.908698
62.800000  43.764978  5.766086
62.900000  44.974137  6.875158
63.000000  42.745297  8.301405
63.100000  43.728689  1.928733
63.200000  43.425391  7.193901
63.300000  43.626807  6.903582
63.400000  42.963899  7.358083
63.500000  43.522177  4.257633
63.600000  44.639235  3.224597
63.700000  39.540808  7.975892
63.800000  42.816348  6.523887
63.900000  43.897910  5.372645
64.000000  42.916294  7.228847
64.100000  45.358005  7.425622
64.200000  41.927086  10.428927
64.300000  41.661231  11.328433
64.400000  45.078580  7.391280
64.500000  44.303464  5.263895
64.600000  47.911231  6.072014
64.700000  43.865645  7.052144
64.800000  42.179142  8.775545
64.900000  42.212845  8.924003
65.000000  39.976481  8.686571
65.100000  41.572296  11.013643
65.200000  43.713841  6.789618
65.300000  42.589647  10.646009
65.400000  42.936299  6.842899
65.500000  42.979673  8.068406
65.600000  41.982631  4.875758
65.700000  41.290039  5.167336
65.800000  43.053162  4.985097
65.900000  44.027809  7.008708
66.000000  43.609753  6.037854
66.100000  44.545585  7.889672
66.200000  44.932109  10.303113
66.300000  43.919816  8.304370
66.400000  45.490895  7.726932
66.500000  43.892791  9.368670
66.600000  43.461979  7.452946
66.700000  44.513039  6.395579
66.800000  43.244261  8.229027
66.900000  45.323415  6.892554
67.000000  40.885382  9.229653
67.100000  42.728475  5.181692
67.200000  40.414169  7.086245
67.300000  44.778258  5.876826
67.400000  43.539442  3.599998
67.500000  44.520748  4.857061
67.600000  41.696930  7.171360
67.700000  42.601492  4.144763
67.800000  43.985865  5.700025
67.900000  43.674737  0.165568
68.000000  47.713980  3.400700
68.100000  43.340434  8.335625
68.200000  42.729754  8.284455
68.300000  41.713273  6.173112
68.400000  43.584289  8.719049
68.500000  42.779055  11.216590
68.600000  44.742834  5.962511
68.700000  44.962843  1.155464
68.800000  42.596900  7.670179
68.900000  43.428049  2.916767
69.000000  44.521839  8.317288
69.100000  41.741813  9.577638
69.200000  44.214163  8.744492
69.300000  43.806679  7.339312
69.400000  44.121264  6.577555
69.500000  41.056501  6.951703
69.600000  42.686012  7.314623
69.700000  44.805276  9.455665
69.800000  44.279626  5.704484
69.900000  41.759345  11.385997
70.000000  45.042678  5.305349
70.100000  43.859732  7.716710
70.200000  44.634000  6.395063
70.300000  43.967430  10.525772
70.400000  43.393805  10.763215
70.500000  43.027687  6.662660
70.600000  46.249921  5.022791
70.700000  42.291577  4.865805
70.800000  47.163371  5.354094
70.900000  43.312869  5.739393
71.000000  46.052902  5.827866
71.100000  44.440486  6.418072
71.200000  45.051338  4.134029
71.300000  45.142886  7.440313
71.400000  40.438660  8.146876
71.500000  45.990555  2.799625
71.600000  46.782860  1.221671
71.700000  45.202490  1.302676
71.800000  46.809783  4.872609
71.900000  46.816677  5.568590
72.000000  40.469555  10.264639
72.100000  46.209755  3.310346
72.200000  43.921103  4.236722
72.300000  44.326313  6.333939
72.400000  44.701784  3.028959
72.500000  45.343630  4.642775
72.600000  44.230767  7.769044
72.700000  45.651811  8.072320
72.800000  42.202075  2.905232
72.900000  47.402258  3.448217
73.000000  46.074571  5.715616
73.100000  46.476364  4.363449
73.200000  45.061035  6.019848
73.300000  45.165459  5.540014
73.400000  46.130606  7.547363
73.500000  46.959658  2.856235
73.600000  44.927559  7.866583
73.700000  45.221367  9.340866
73.800000  45.722939  6.034637
73.900000  47.803849  4.301225
74.000000  45.017620  7.274857
74.100000  47.876968  5.854807
74.200000  45.577571  2.869573
74.300000  48.278046  0.088456
74.400000  49.276764  1.039305
74.500000  45.741569  5.461578
74.600000  44.738388  7.204314
74.700000  45.317850  4.078676
74.800000  44.218570  6.533896
74.900000  45.858398  6.087920
75.000000  43.470097  6.916281
75.100000  44.625169  4.465383
75.200000  41.806387  7.948036
75.300000  44.381198  7.756638
75.400000  43.049772  8.903974
75.500000  44.667670  8.591822
75.600000  44.138793  9.223165
75.700000  43.647046  8.094299
75.800000  46.857221  1.788322
75.900000  47.690031  2.582029
76.000000  45.995832  1.366378
76.100000  46.957497  0.149663
76.200000  47.211610  3.784110
76.300000  46.981517  7.599448
76.400000  45.337331  11.689957
76.500000  44.048232  5.182714
76.600000  42.599730  7.649548
76.700000  41.118578  9.217703
76.800000  42.814098  9.912711
76.900000  45.573027  4.594518
77.000000  46.654311  6.612720
77.100000  47.006169  4.656171
77.200000  46.740381  6.856462
77.300000  43.460997  6.661905
77.400000  45.619198  6.626725
77.500000  42.826011  8.828388
77.600000  43.870507  10.654758
77.700000  43.333666  11.222114
77.800000  44.787892  7.882830
77.900000  47.048065  7.145076
78.000000  49.225163  5.947877
78.100000  43.645809  10.019567
78.200000  48.068790  8.742645
78.300000  47.285731  8.114361
78.400000  46.096736  9.072792
78.500000  45.401522  6.767917
78.600000  43.691289  9.966271
78.700000  46.408112  6.280035
78.800000  44.029033  10.678485
78.900000  48.333970  2.182433
79.000000  48.902068  0.994200
79.100000  48.321622  1.278139
79.200000  46.446339  0.621454
79.300000  51.766564  2.092258
79.400000  47.163513  2.180649
79.500000  48.639970  2.677508
79.600000  49.188963  2.247585
79.700000  48.104903  1.826306
79.800000  46.894611  3.515883
79.900000  47.632303  1.034730
80.000000  47.788257  3.869097
80.100000  49.576952  0.127688
80.200000  48.005848  4.599653
80.300000  50.710679  0.405994
80.400000  54.940163  5.948843
80.500000  53.585457  2.891019
80.600000  51.999657  1.069928
80.700000  53.811922  9.629306
80.800000  51.466836  4.056354
80.900000  56.866375  4.442636
81.000000  50.488345  4.690344
81.100000  53.521710  1.701362
81.200000  44.896951  10.426755
81.300000  54.267363  5.926798
81.400000  53.490267  1.934913
81.500000  54.140442  3.527124
81.600000  57.170006  7.108622
81.700000  51.810817  4.605595
81.800000  51.375262  0.486458
81.900000  54.363637  1.889751
82.000000  54.617413  1.419022
82.100000  56.524071  1.861634
82.200000  50.737808  6.697835
82.300000  54.808134  5.689978
82.400000  53.980369  3.164777
82.500000  53.132244  8.382832
82.600000  58.232850  8.459852
82.700000  56.566016  7.528859
82.800000  58.574835  7.640253
82.900000  52.465173  5.595069
83.000000  57.732197  7.390839
83.100000  56.933905  11.265133
83.200000  58.299609  10.153666
83.300000  53.755017  7.165452
83.400000  51.071202  4.911347
83.500000  53.055632  6.003812
83.600000  56.194077  8.875428
83.700000  52.312280  6.846176
83.800000  54.572197  3.398116
83.900000  53.421886  4.987669
84.000000  58.847203  10.253615
84.100000  54.382782  1.968007
84.200000  54.450736  4.368943
84.300000  54.941465  3.906807
84.400000  54.225177  1.365665
84.500000  51.692949  3.010313
84.600000  50.566581  0.737581
84.700000  51.579076  3.035272
84.800000  53.786239  0.971804
84.900000  52.590066  2.701692
85.000000  49.798450  1.513341
85.100000  50.775824  2.747711
85.200000  51.021708  0.354207
85.300000  51.315882  3.487724
85.400000  51.324711  2.584869
85.500000  54.291069  3.406120
85.600000  52.688862  2.774510
85.700000  54.091942  3.536357
85.800000  54.430913  7.190574
85.900000  52.729597  4.054273
86.000000  53.603341  0.634066
86.100000  53.927279  1.487190
86.200000  53.478498  0.128168
86.300000  52.569087  3.630187
86.400000  52.456780  0.581829
86.500000  51.502253  1.292204
86.600000  48.690277  1.067822
86.700000  49.788160  6.235876
86.800000  49.268175  0.603633
86.900000  53.458271  9.248399
87.000000  55.095403  9.387590
87.100000  55.238774  0.514780
87.200000  51.776171  2.668105
87.300000  57.005016  0.610061
87.400000  55.270409  0.570632
87.500000  53.409880  2.085492
87.600000  53.476025  6.200039
87.700000  55.577592  5.009914
87.800000  54.001483  2.944796
87.900000  57.705424  10.329492
88.000000  54.498405  6.078860
88.100000  54.565184  8.929149
88.200000  56.634301  11.334915
88.300000  55.155679  7.852342
88.400000  53.875642  2.843501
88.500000  59.227674  6.198620
88.600000  54.456718  5.628475
88.700000  54.771318  4.879103
88.800000  52.758958  8.141243
88.900000  53.205415  3.266847
89.000000  57.052418  5.889080
89.100000  54.706372  5.178905
89.200000  53.737558  4.380022
89.300000  56.722766  1.703291
89.400000  51.553421  0.935483
89.500000  54.167087  4.218552
89.600000  56.350335  4.378639
89.700000  54.305018  4.305623
89.800000  53.676130  6.091984
89.900000  56.528710  7.950590
90.000000  56.088978  5.150480
90.100000  55.016018  6.462665
90.200000  56.276923  7.747656
90.300000  56.082341  8.012676
90.400000  54.808021  6.386180
90.500000  56.678120  9.228360
90.600000  55.029501  6.697343
90.700000  55.217052  8.390391
90.800000  56.821131  8.628193
90.900000  57.591434  6.549198
91.000000  55.674613  6.534627
91.100000  56.829083  7.406234
91.200000  58.815763  11.230191
91.300000  52.969073  4.939383
91.400000  56.198058  1.442566
91.500000  54.498219  5.947268
91.600000  54.835318  4.149502
91.700000  55.660084  8.583667
91.800000  55.543422  5.576369
91.900000  56.416984  7.644635
92.000000  57.705309  8.968129
92.100000  56.273630  9.095560
92.200000  55.561094  10.107242
92.300000  54.905035  6.325372
92.400000  56.409102  10.508815
92.500000  53.960222  3.836892
92.600000  55.630972  1.718308
92.700000  54.463624  0.881706
92.800000  57.439787  9.360861
92.900000  58.332370  4.518706
93.000000  54.642906  1.228236
93.100000  53.399625  0.247880
93.200000  55.632079  4.456600
93.300000  55.142528  3.063289
93.400000  55.821475  3.650616
93.500000  55.252327  5.969220
93.600000  56.406565  9.047950
93.700000  54.223439  6.062440
93.800000  56.588575  5.674795
93.900000  55.810527  7.552295
94.000000  54.433535  2.487252
94.100000  53.108560  3.048028
94.200000  53.028654  4.502429
94.300000  51.289492  3.364775
94.400000  56.477008  6.109876
94.500000  53.313048  0.063883
94.600000  51.951740  3.552471
94.700000  53.159384  0.860416
94.800000  54.195459  4.213418
94.900000  54.367057  3.886977
95.000000  55.159704  5.290013
95.100000  49.465458  2.258723
95.200000  55.344173  5.973234
95.300000  49.637878  1.860007
95.400000  52.625923  3.469590
95.500000  52.244543  2.998666
95.600000  54.099801  2.870818
95.700000  48.830300  2.524048
95.800000  57.445227  9.257062
95.900000  54.491996  7.903098
96.000000  59.018065  9.990149
96.100000  53.664390  4.133845
96.200000  52.441643  2.400594
96.300000  53.301562  6.790994
96.400000  54.154402  6.146316
96.500000  57.680385  14.392067
96.600000  53.948463  8.370630
96.700000  56.059024  10.980782
96.800000  57.170043  14.930915
96.900000  52.158315  6.090063
97.000000  56.128743  6.516366
97.100000  60.096989  14.770257
97.200000  60.158475  14.365622
97.300000  59.586357  16.035159
97.400000  60.232441  19.480224
97.500000  57.612234  15.309512
97.600000  56.630951  11.278394
97.700000  56.920716  16.354684
97.800000  56.928351  12.075161
97.900000  60.938536  16.399527
98.000000  60.437435  13.893739
98.100000  62.966062  20.207811
98.200000  51.311794  5.758120
98.300000  64.181676  20.078518
98.400000  61.391503  15.613124
98.500000  58.747434  17.359421
98.600000  61.446275  15.592851
98.700000  57.163556  12.240371
98.800000  56.763290  13.362121
98.900000  61.691413  14.995706
99.000000  61.628784  18.170887
99.100000  60.843472  16.119786
99.200000  61.071742  17.417298
99.300000  59.707442  13.505610
99.400000  58.232594  13.482401
99.500000  65.560273  24.060027
99.600000  60.827414  13.053500
99.700000  59.333218  13.451729
99.800000  60.338589  14.714080
99.900000  55.792091  17.147526
100.000000  56.952330  10.997929
100.100000  57.739343  13.166847
100.200000  61.410927  12.958721
100.300000  57.244705  12.382853
100.400000  61.181485  17.652755
100.500000  58.528385  15.748485
100.600000  56.921863  7.114952
100.700000  61.030087  15.964270
100.800000  57.429793  13.643086
100.900000  56.170121  11.986233
101.000000  52.625102  5.599694
101.100000  57.319457  11.015620
101.200000  53.714522  5.577500
101.300000  58.642896  10.954693
101.400000  57.528947  10.324464
101.500000  55.985705  12.776877
101.600000  61.013019  17.407133
101.700000  56.869736  9.965703
101.800000  66.068490  20.275882
101.900000  59.980942  11.204136
102.000000  56.493147  3.957361
102.100000  55.085237  9.749906
102.200000  53.658551  8.856333
102.300000  65.404857  22.660647
102.400000  54.760803  10.269247
102.500000  57.362804  9.999544
102.600000  54.103519  8.621757
102.700000  62.811715  17.347405
102.800000  59.846918  15.121110
102.900000  49.735492  5.675640
103.000000  58.731240  15.800725
103.100000  57.594179  13.488988
103.200000  61.287372  15.482382
103.300000  58.880938  11.975625
103.400000  61.201465  12.472369
103.500000  65.225934  18.828110
103.600000  60.333669  12.704945
103.700000  58.373351  12.130640
103.800000  62.632928  19.261843
103.900000  59.286345  14.004274
104.000000  59.535601  17.155757
104.100000  58.706259  13.491628
104.200000  66.500813  25.772764
104.300000  59.922926  16.119998
104.400000  59.460629  14.556550
104.500000  58.460157  14.114959
104.600000  64.008190  18.813703
104.700000  66.752380  21.386123
104.800000  61.292626  17.118705
104.900000  60.653311  16.123375
105.000000  58.825971  14.965822
105.100000  58.902416  15.343719
105.200000  62.693655  20.643034
105.300000  60.557210  19.800381
105.400000  68.791264  21.227429
105.500000  60.259327  21.179263
105.600000  63.740342  19.420720
105.700000  62.528114  19.090120
105.800000  61.580996  18.138203
105.900000  59.315742  14.027253
106.000000  65.622000  21.365500
106.100000  58.259615  14.391191
106.200000  62.374113  20.837040
106.300000  58.683898  13.551751
106.400000  60.957892  19.096975
106.500000  58.025930  12.405947
106.600000  62.807840  22.433568
106.700000  59.061323  13.158484
106.800000  57.534475  15.713400
106.900000  56.051858  11.900852
107.000000  55.201104  13.122713
107.100000  50.856783  6.876585
107.200000  58.160370  12.877150
107.300000  58.478050  9.244638
107.400000  52.063125  5.192004
107.500000  59.594351  14.464937
107.600000  59.055239  13.666067
107.700000  60.063786  15.852804
107.800000  61.871373  17.964833
107.900000  62.311746  21.033161
108.000000  59.560187  17.477208
108.100000  61.840508  16.535539
108.200000  60.637965  19.242249
108.300000  57.138484  12.799611
108.400000  59.857026  18.721901
108.500000  58.698252  15.251482
108.600000  52.937629  7.802409
108.700000  60.010950  17.058310
108.800000  61.906511  16.371059
108.900000  60.182132  17.614672
109.000000  60.862679  20.028274
109.100000  60.798648  15.032057
109.200000  62.020401  23.896844
109.300000  60.557504  17.318625
109.400000  64.325010  21.615479
109.500000  61.933851  15.452687
109.600000  64.430836  19.316170
109.700000  60.895898  17.317879
109.800000  61.273217  18.541313
109.900000  64.431921  25.810332
110.000000  62.334988  20.477046
110.100000  62.782377  23.092802
110.200000  62.052145  24.356583
110.300000  63.169032  22.996827
110.400000  63.655209  23.333956
110.500000  62.873257  18.834984
110.600000  62.299962  20.782170
110.700000  66.581612  28.674321
110.800000  62.827072  20.550180
110.900000  61.663434  21.710191
111.000000  58.616664  14.975382
111.100000  59.317163  21.108828
111.200000  61.014481  16.686198
111.300000  62.004084  18.856380
111.400000  61.352956  19.590582
111.500000  60.223234  18.249314
111.600000  63.559643  22.107954
111.700000  60.003891  16.760821
111.800000  59.543133  12.056998
111.900000  59.910409  18.005082
112.000000  62.279217  20.531204
112.100000  59.079693  18.327851
112.200000  57.550079  14.244082
112.300000  63.225329  26.943006
112.400000  56.019173  13.646053
112.500000  63.968598  20.869460
112.600000  60.311310  21.710879
112.700000  55.855835  15.764768
112.800000  57.647952  17.315075
112.900000  65.592160  21.252323
113.000000  60.070613  19.463999
113.100000  62.000757  22.489195
113.200000  61.499357  17.252435
113.300000  62.578914  19.596965
113.400000  66.642859  25.565779
113.500000  62.574278  17.968705
113.600000  66.500770  20.446030
113.700000  61.146459  22.935289
113.800000  66.343965  23.413242
113.900000  58.663497  12.535342
114.000000  61.160297  16.677396
114.100000  61.102617  17.466118
114.200000  59.563623  14.802911
114.300000  61.363235  16.185164
114.400000  59.917331  14.704554
114.500000  67.407926  22.411326
114.600000  60.797130  13.719911
114.700000  62.520532  18.502133
114.800000  56.963758  11.551554
114.900000  61.444614  17.002447
115.000000  62.006115  13.492398
115.100000  61.280581  21.585468
115.200000  66.471284  21.396887
115.300000  65.028554  19.672121
115.400000  62.819609  15.728453
115.500000  64.487755  18.061580
115.600000  66.877698  18.311185
115.700000  64.536030  16.585612
115.800000  65.722847  16.400445
115.900000  61.025839  19.924075
116.000000  59.983651  18.536009
116.100000  65.773148  28.037361
116.200000  61.241827  17.504797
116.300000  67.444131  21.925123
116.400000  63.452911  22.596216
116.500000  64.971895  24.794650
116.600000  64.293207  24.179526
116.700000  64.827020  22.811060
116.800000  65.404741  23.665669
116.900000  60.236680  16.213553
117.000000  60.897540  21.067252
117.100000  62.350039  18.698450
117.200000  62.016415  20.304156
117.300000  64.166303  23.832350
117.400000  66.590874  24.147276
117.500000  67.859620  26.871463
117.600000  62.806455  19.568593
117.700000  66.513018  22.221495
117.800000  68.308085  21.728565
117.900000  64.180312  20.894718
118.000000  64.282289  21.289602
118.100000  64.548500  24.477898
118.200000  64.952396  19.868679
118.300000  62.940182  15.846187
118.400000  62.749987  17.475948
118.500000  62.668893  18.787928
118.600000  66.783867  20.013764
118.700000  66.451657  20.967994
118.800000  58.758962  10.524763
118.900000  64.205140  16.987706
119.000000  65.334347  18.904025
119.100000  60.315290  12.005991
119.200000  67.787745  21.211450
119.300000  65.112967  19.647481
119.400000  65.825405  20.824215
119.500000  63.670544  19.553615
119.600000  62.583870  20.104683
119.700000  60.401543  16.537306
119.800000  63.694054  21.721064
119.900000  62.202281  19.209290
120.000000  60.941015  14.521551
120.100000  64.331728  20.051493
120.200000  64.619732  21.367652
120.300000  62.633406  18.719073
120.400000  65.003721  19.913387
120.500000  67.248245  25.456703
120.600000  61.116093  19.470109
120.700000  61.500911  15.981798
120.800000  61.189205  17.441040
120.900000  62.530185  20.780755
121.000000  61.807811  23.086317
121.100000  64.999391  20.110461
121.200000  65.662381  21.581869
121.300000  69.374880  25.711965
121.400000  65.576443  20.260475
121.500000  61.385795  13.275742
121.600000  60.343333  10.435606
121.700000  60.561828  16.573132
121.800000  61.269456  17.928568
121.900000  65.753558  25.889473
122.000000  66.351282  25.547267
122.100000  63.668415  23.302777
122.200000  68.717266  26.793839
122.300000  60.521562  18.384210
122.400000  63.186138  21.614052
122.500000  65.426163  22.514592
122.600000  60.123110  15.712522
122.700000  62.823472  18.155171
122.800000  61.556747  17.510170
122.900000  61.248887  15.895368
123.000000  66.237089  22.246914
123.100000  60.881004  17.617182
123.200000  58.799714  13.602981
123.300000  65.535399  17.826030
123.400000  64.479096  16.560127
123.500000  64.266816  21.891752
123.600000  62.994044  16.440595
123.700000  64.608990  22.858898
123.800000  67.310586  24.963735
123.900000  64.414514  25.711786
124.000000  62.538124  18.759271
124.100000  65.605830  25.894826
124.200000  65.756923  24.617406
124.300000  65.250613  25.686808
124.400000  64.802527  17.721177
124.500000  64.949489  23.515583
124.600000  63.560302  17.582646
124.700000  62.501721  20.637548
124.800000  67.286785  21.984719
124.900000  60.573594  14.918177
125.000000  64.704632  24.984545
125.100000  66.013956  22.367753
125.200000  63.167492  15.919321
125.300000  63.486694  15.846551
125.400000  65.712004  18.934218
125.500000  63.202044  17.789510
125.600000  70.568070  23.370694
125.700000  64.582605  18.254717
125.800000  65.219628  18.545490
125.900000  59.736539  10.636953
126.000000  57.030103  8.840501
126.100000  68.089686  23.282833
126.200000  62.986119  15.453123
126.300000  64.562163  18.447302
126.400000  60.732190  15.516413
126.500000  57.500965  12.051367
126.600000  58.825690  14.232505
126.700000  58.671064  9.631023
126.800000  60.540631  15.517895
126.900000  68.467147  20.709198
127.000000  66.502409  19.569080
127.100000  59.061545  14.110019
127.200000  59.720471  17.619197
127.300000  65.540041  22.200163
127.400000  61.853920  16.286364
127.500000  61.742007  9.766019
127.600000  56.583376  9.930024
127.700000  61.295186  12.484991
127.800000  62.822994  16.056033
127.900000  60.486231  13.982323
128.000000  56.444837  6.295699
128.100000  63.076721  15.798580
128.200000  60.136530  11.639092
128.300000  62.694403  13.745617
128.400000  63.504913  11.449020
128.500000  61.527107  8.429660
128.600000  59.445933  9.636923
128.700000  58.086859  9.716977
128.800000  64.884500  20.850125
128.900000  60.522637  13.012807
129.000000  65.408424  15.969656
129.100000  62.834242  16.134855
129.200000  67.633321  19.969775
129.300000  64.737876  19.385736
129.400000  66.668646  21.549777
129.500000  64.328755  18.523285
129.600000  62.118197  13.666244
129.700000  61.723507  13.199029
129.800000  59.054681  10.631104
129.900000  66.871515  22.333558
130.000000  67.599334  23.029142
130.100000  61.433700  13.082726
130.200000  63.701065  15.975256
130.300000  59.318538  13.802975
130.400000  62.220342  16.497235
130.500000  62.110797  16.939431
130.600000  67.721887  21.154065
130.700000  60.267441  15.249274
130.800000  63.373722  15.043252
130.900000  61.976869  14.831430
131.000000  61.720660  15.741902
131.100000  63.195815  19.588508
131.200000  65.667469  23.190690
131.300000  65.384510  21.012093
131.400000  60.656059  15.630426
131.500000  62.132575  16.696022
131.600000  67.587952  23.019993
131.700000  63.520221  21.972017
131.800000  57.971697  13.273008
131.900000  61.214883  11.948044
132.000000  63.552960  17.156158
132.100000  63.060472  15.072062
132.200000  60.861123  13.141841
132.300000  64.103140  15.880010
132.400000  59.099570  9.990514
132.500000  62.365806  12.519175
132.600000  58.456907  7.622038
132.700000  64.866146  16.577764
132.800000  63.789645  17.831861
132.900000  60.633875  17.873699
133.000000  61.643051  17.289344
133.100000  57.971118  9.848527
133.200000  59.680232  13.077608
133.300000  61.883201  14.290646
133.400000  60.894217  13.017430
133.500000  61.518092  12.800747
133.600000  58.397041  8.707431
133.700000  61.600780  15.412776
133.800000  62.792362  15.229875
133.900000  57.130130  8.970998
134.000000  59.851534  15.750300
134.100000  65.962288  22.265026
134.200000  57.964693  9.702134
134.300000  63.593326  17.991414
134.400000  62.757699  14.323428
134.500000  60.823836  16.457825
134.600000  56.187983  9.344115
134.700000  58.864890  8.702735
134.800000  59.761933  11.353135
134.900000  61.185269  13.790367
135.000000  65.542238  19.450874
135.100000  58.103256  7.500499
135.200000  63.704058  15.270853
135.300000  63.190632  11.986177
135.400000  64.490399  13.296009
135.500000  66.445255  18.956681
135.600000  64.302170  12.744296
135.700000  63.433630  14.192418
135.800000  63.797852  16.817813
135.900000  64.239211  18.929379
136.000000  58.908385  7.705575
136.100000  67.016704  27.737217
136.200000  69.374645  23.040565
136.300000  69.331787  26.317966
136.400000  57.062327  9.711904
136.500000  64.507346  18.988896
136.600000  68.661131  23.666580
136.700000  66.743082  24.685733
136.800000  64.136044  18.235505
136.900000  66.978613  25.936866
137.000000  65.415461  20.908703
137.100000  65.530760  17.610700
137.200000  68.484913  21.469152
137.300000  68.928894  21.912065
137.400000  68.941131  21.760710
137.500000  64.769158  26.510578
137.600000  65.336995  14.087017
137.700000  68.220348  24.097866
137.800000  64.366767  13.857547
137.900000  64.848428  19.844409
138.000000  65.168379  23.059562
138.100000  68.449797  22.605412
138.200000  68.108856  25.746809
138.300000  69.062297  28.883219
138.400000  67.077614  23.598821
138.500000  63.980825  18.192508
138.600000  65.589673  20.290799
138.700000  66.560347  25.346623
138.800000  68.564207  22.340806
138.900000  62.958071  17.348362
139.000000  63.281325  17.576179
139.100000  64.801468  23.033720
139.200000  62.339997  17.486450
139.300000  67.008187  22.449530
139.400000  62.239253  18.677176
139.500000  65.001098  20.708324
139.600000  68.931038  22.065097
139.700000  67.348447  26.627886
139.800000  60.094775  16.837040
139.900000  65.761886  24.279491
140.000000  64.359954  22.245041
140.100000  65.027963  20.062047
140.200000  64.543834  21.643500
140.300000  59.986732  18.466825
140.400000  61.243538  16.787100
140.500000  64.802099  19.427093
140.600000  62.461922  19.634211
140.700000  62.668078  17.240722
140.800000  61.878490  17.775711
140.900000  64.543205  23.542593
141.000000  66.822914  21.824300
141.100000  65.098163  17.518633
141.200000  65.684243  18.409016
141.300000  66.674483  20.639041
141.400000  66.278054  19.148646
141.500000  64.333138  14.018609
141.600000  69.644073  22.449809
141.700000  65.209324  15.566117
141.800000  68.106768  20.593878
141.900000  62.001459  14.195302
142.000000  60.883303  15.598935
142.100000  63.044395  14.641349
142.200000  61.967062  12.579476
142.300000  65.827039  19.643448
142.400000  65.021823  20.136505
142.500000  70.065171  25.994248
142.600000  64.306983  18.035684
142.700000  63.912735  17.060767
142.800000  63.706462  16.886366
142.900000  58.500062  14.410777
143.000000  64.227895  18.641090
143.100000  65.025004  22.538308
143.200000  68.054524  24.695834
143.300000  65.039355  21.059155
143.400000  65.352742  22.407511
143.500000  67.394631  22.768339
143.600000  61.477176  15.284279
143.700000  65.538871  20.621627
143.800000  60.721121  14.182373
143.900000  68.936309  25.008306
144.000000  61.449173  13.709255
144.100000  62.666857  15.596361
144.200000  63.120821  20.897733
144.300000  63.010175  18.057008
144.400000  66.852541  21.814219
144.500000  60.961914  16.166390
144.600000  59.262522  12.776954
144.700000  64.351542  17.525492
144.800000  60.209398  16.035907
144.900000  63.062571  16.593065
145.000000  63.090208  11.645132
145.100000  61.849488  14.682753
145.200000  58.917903  11.195158
145.300000  64.615322  18.918303
145.400000  64.696200  20.524602
145.500000  59.713099  12.255982
145.600000  63.967019  18.750411
145.700000  64.659190  19.454475
145.800000  68.742947  25.186994
145.900000  63.123132  18.149875
146.000000  65.099531  19.560879
146.100000  69.388944  26.625734
146.200000  65.725585  22.295358
146.300000  66.935666  19.650628
146.400000  67.732911  27.193734
146.500000  69.144565  27.359311
146.600000  64.832855  20.268097
146.700000  59.271289  14.888142
146.800000  62.417782  21.981262
146.900000  64.610915  22.800586
147.000000  70.589539  25.836582
147.100000  64.640881  21.021148
147.200000  63.162247  16.914829
147.300000  60.594082  15.169186
147.400000  70.186642  26.735665
147.500000  63.442720  17.578999
147.600000  66.057027  21.586714
147.700000  64.134833  15.517038
147.800000  60.286935  9.632961
147.900000  62.796967  17.840796
148.000000  63.076336  11.528904
148.100000  64.605054  18.776428
148.200000  64.872008  17.159675
148.300000  63.292336  16.462952
148.400000  64.683127  19.046302
148.500000  60.026297  12.180341
148.600000  65.067022  21.019384
148.700000  63.460674  16.273628
148.800000  61.440615  12.471149
148.900000  62.020318  13.123675
149.000000  63.740751  17.632690
149.100000  62.582333  14.903035
149.200000  61.076259  16.606992
149.300000  60.189550  14.911626
149.400000  61.447483  18.244945
149.500000  69.795650  25.309570
149.600000  65.362557  21.175623
149.700000  63.807265  16.761308
149.800000  71.022154  23.427880
149.900000  64.486531  16.910311
150.000000  61.864048  14.699272
150.100000  63.207995  11.495624
150.200000  64.300386  15.389029
150.300000  67.145297  22.921909
150.400000  59.184692  14.208264
150.500000  62.878895  10.626022
150.600000  60.993871  12.483850
150.700000  68.034635  19.652658
150.800000  71.967593  24.918934
150.900000  65.818968  16.444279
151.000000  63.154426  15.364846
151.100000  61.609438  13.265564
151.200000  63.627035  21.564778
151.300000  59.952405  8.085017
151.400000  64.761910  16.771096
151.500000  62.777181  15.840983
151.600000  64.484377  15.499723
151.700000  67.717561  18.768366
151.800000  65.641509  21.218853
151.900000  63.679168  17.012602
152.000000  60.008845  14.892806
152.100000  64.465531  17.096052
152.200000  58.061312  10.183874
152.300000  67.415124  20.322679
152.400000  64.087927  19.251155
152.500000  60.834706  12.333643
152.600000  62.613856  13.454344
152.700000  63.528495  15.545390
152.800000  68.435368  22.821165
152.900000  62.234547  14.354075
153.000000  63.128936  17.261946
153.100000  63.854661  16.529455
153.200000  66.019555  17.778528
153.300000  66.237387  16.993131
153.400000  66.758888  20.092871
153.500000  68.137040  25.883516
153.600000  65.989471  19.995601
153.700000  63.308068  18.861855
153.800000  65.439042  18.659414
153.900000  64.603765  19.424646
154.000000  63.086394  13.389275
154.100000  69.727039  26.247539
154.200000  64.494951  15.867602
154.300000  66.485977  12.955158
154.400000  59.593399  14.253712
154.500000  64.155434  17.086566
154.600000  66.974732  16.807643
154.700000  61.569356  15.876905
154.800000  58.738581  8.678259
154.900000  63.572452  13.768087
155.000000  68.511711  23.100271
155.100000  66.400447  19.271077
155.200000  65.953697  18.306049
155.300000  68.356078  24.857211
155.400000  66.213430  18.234053
155.500000  64.324846  17.907438
155.600000  65.800319  20.148011
155.700000  61.261504  13.132476
155.800000  66.098135  21.754414
155.900000  66.770987  23.307047
156.000000  63.667051  16.166726
156.100000  65.470219  24.445612
156.200000  64.595719  16.963200
156.300000  68.553611  24.413723
156.400000  65.423867  17.057953
156.500000  65.050887  16.935277
156.600000  62.893600  11.980485
156.700000  59.020535  10.920211
156.800000  68.493744  24.824760
156.900000  66.640079  18.452147
157.000000  62.404105  18.759073
157.100000  59.965064  16.184837
157.200000  64.412769  20.925823
157.300000  64.450496  17.246544
157.400000  59.959560  14.843835
157.500000  64.461265  17.327664
157.600000  65.204583  11.696778
157.700000  67.250930  16.721063
157.800000  64.722103  18.677038
157.900000  66.839084  21.535355
158.000000  64.156766  19.344638
158.100000  63.346962  14.824534
158.200000  64.817253  14.818193
158.300000  66.996931  21.686029
158.400000  68.303442  21.795733
158.500000  66.333311  21.808766
158.600000  67.128747  15.777221
158.700000  63.050379  15.792885
158.800000  67.954641  20.103807
158.900000  69.320621  22.389447
159.000000  66.190697  21.158092
159.100000  64.586640  20.246419
159.200000  60.240786  12.722880
159.300000  67.868707  23.972415
159.400000  64.381372  18.439633
159.500000  69.669929  27.935289
159.600000  60.781489  16.625077
159.700000  59.447437  14.046298
159.800000  67.750767  20.619526
159.900000  66.209076  22.259412
160.000000  62.822100  14.768535
160.100000  61.142909  12.990073
160.200000  66.102947  21.160500
160.300000  66.712540  19.749761
160.400000  62.982625  16.712687
160.500000  63.950265  15.357063
160.600000  67.371008  19.803137
160.700000  64.851152  19.270177
160.800000  66.657586  23.867523
160.900000  60.767163  10.553068
161.000000  70.792336  23.554942
161.100000  70.242078  26.263651
161.200000  69.221105  24.167616
161.300000  69.128284  23.367322
161.400000  69.551692  20.945725
161.500000  64.126718  20.479056
161.600000  69.404490  23.763469
161.700000  63.959458  18.420547
161.800000  70.976341  23.221602
161.900000  61.440961  16.102934
162.000000  69.075653  23.367408
162.100000  62.870437  12.731002
162.200000  67.042952  25.310788
162.300000  64.691806  13.604711
162.400000  62.853157  15.274036
162.500000  62.481650  15.571488
162.600000  58.442238  10.738715
162.700000  58.442406  11.149317
162.800000  58.483817  8.887414
162.900000  59.259598  16.199315
163.000000  61.893676  16.324469
163.100000  56.585224  6.548242
163.200000  64.581671  18.048498
163.300000  60.957478  13.683979
163.400000  62.298085  20.454815
163.500000  66.947636  21.443337
163.600000  69.095599  25.511300
163.700000  66.831945  23.551782
163.800000  70.538474  23.737679
163.900000  66.059247  20.221251
164.000000  59.197847  14.136857
164.100000  57.010906  5.442404
164.200000  58.505792  13.432757
164.300000  59.016237  12.624617
164.400000  63.144158  13.746736
164.500000  61.248006  14.253653
164.600000  68.432333  20.582956
164.700000  59.044896  10.491856
164.800000  65.609645  22.876226
164.900000  70.062652  23.352180
165.000000  71.489467  25.171608
165.100000  67.038340  19.851587
165.200000  67.772356  19.606862
165.300000  68.826396  26.958371
165.400000  68.503304  20.124183
165.500000  63.923202  19.514452
165.600000  66.667927  20.490954
165.700000  66.035634  21.875965
165.800000  68.019233  25.456402
165.900000  64.527349  20.165971
166.000000  67.104860  17.413680
166.100000  67.875906  22.997121
166.200000  65.397048  19.434846
166.300000  66.066631  16.110042
166.400000  63.798958  16.940042
166.500000  66.197533  15.244186
166.600000  58.468865  10.259414
166.700000  67.162744  15.450089
166.800000  65.720221  17.301685
166.900000  63.165059  13.315014
167.000000  62.337142  14.561091
167.100000  67.355981  23.694940
167.200000  62.693942  11.908055
167.300000  59.729408  13.614383
167.400000  61.160551  15.840962
167.500000  65.753788  22.277800
167.600000  69.756526  27.523842
167.700000  68.781368  23.209842
167.800000  68.826384  20.624351
167.900000  66.114711  21.067630
168.000000  65.234005  14.617647
168.100000  66.132558  16.932029
168.200000  65.324419  17.251167
168.300000  68.890546  20.167074
168.400000  71.192759  25.837747
168.500000  66.597932  19.609501
168.600000  69.490403  23.341082
168.700000  67.252314  20.834321
168.800000  68.070797  24.426289
168.900000  63.987876  16.140187
169.000000  68.049743  22.183327
169.100000  70.297825  27.390639
169.200000  68.034976  21.581541
169.300000  71.744330  19.498873
169.400000  64.846799  15.276251
169.500000  68.355111  22.153361
169.600000  65.734704  20.315396
169.700000  62.373732  8.616832
169.800000  63.435458  13.986905
169.900000  68.863863  24.810152
170.000000  63.061716  16.769271
170.100000  59.820812  11.348466
170.200000  68.763044  18.704307
170.300000  67.432443  25.311149
170.400000  63.180147  13.507171
170.500000  65.261683  18.110777
170.600000  59.802955  8.865898
170.700000  61.996344  11.934670
170.800000  62.801033  11.625228
170.900000  59.864025  13.147253
171.000000  61.107657  12.979993
171.100000  60.058737  10.599862
171.200000  59.466612  7.030452
171.300000  61.176584  9.241212
171.400000  60.725839  7.534682
171.500000  64.170672  19.183060
171.600000  68.645494  23.125132
171.700000  64.885874  15.851425
171.800000  59.687715  8.324620
171.900000  68.021422  18.344002
172.000000  63.996904  16.222708
172.100000  62.001897  15.435239
172.200000  61.132306  9.737186
172.300000  59.756701  9.130121
172.400000  61.850769  11.994447
172.500000  62.900149  18.694188
172.600000  62.926751  17.207958
172.700000  63.900950  18.464552
172.800000  63.028977  13.708842
172.900000  62.385327  14.700739
173.000000  60.182917  10.947963
173.100000  61.291113  11.236049
173.200000  57.635683  4.425392
173.300000  62.396566  13.105504
173.400000  56.935743  3.658199
173.500000  58.581050  5.543381
173.600000  58.417409  11.273458
173.700000  65.055070  16.809513
173.800000  56.357869  7.098857
173.900000  56.469221  7.078614
174.000000  59.633871  9.210511
174.100000  55.953176  8.977281
174.200000  61.771029  16.070021
174.300000  66.025717  19.447380
174.400000  58.732695  8.675538
174.500000  62.630581  18.239294
174.600000  59.161365  5.697113
174.700000  61.251199  12.703127
174.800000  60.667540  15.583453
174.900000  59.964471  11.525965
175.000000  62.673356  19.238574
175.100000  62.226804  14.761078
175.200000  68.230464  22.215198
175.300000  65.164251  18.139182
175.400000  70.414372  24.747322
175.500000  67.454802  19.360016
175.600000  60.129130  10.652634
175.700000  65.613383  12.115674
175.800000  62.302380  8.367941
175.900000  65.892828  21.923830
176.000000  57.690342  5.380682
176.100000  58.373831  7.348848
176.200000  58.582161  6.332182
176.300000  61.207696  8.509102
176.400000  61.492821  10.886373
176.500000  60.686632  12.796500
176.600000  63.655485  14.595291
176.700000  61.038917  14.919171
176.800000  62.826667  14.726914
176.900000  59.553505  11.637903
177.000000  67.255022  26.798705
177.100000  69.230473  23.962292
177.200000  56.631439  8.235286
177.300000  65.424738  20.945106
177.400000  62.502994  14.586416
177.500000  62.107879  16.062567
177.600000  59.832419  14.998022
177.700000  63.012826  15.596510
177.800000  60.330316  14.534175
177.900000  59.967551  12.804221
178.000000  64.036064  14.944595
178.100000  61.627712  15.912504
178.200000  63.949018  22.946761
178.300000  62.967332  15.937053
178.400000  58.931519  18.037989
178.500000  58.302855  12.054334
178.600000  60.070576  12.729309
178.700000  59.444739  8.078763
178.800000  59.815766  15.334870
178.900000  62.355343  15.032294
179.000000  62.518182  13.846388
179.100000  69.167231  26.463132
179.200000  66.266017  18.385095
179.300000  61.842345  13.476946
179.400000  64.149564  18.655590
179.500000  68.072599  18.184951
179.600000  65.317131  18.256658
179.700000  62.899580  18.430121
179.800000  60.158211  11.396162
179.900000  59.592885  11.990502
180.000000  58.620576  10.268977
180.100000  59.332547  10.762025
180.200000  64.754789  23.632022
180.300000  65.516163  20.195001
180.400000  65.339634  19.659219
180.500000  65.268323  19.374114
180.600000  60.145626  12.080272
180.700000  63.912785  22.283976
180.800000  61.270320  17.835096
180.900000  58.598045  18.551922
181.000000  62.121645  22.323804
181.100000  57.383838  12.648395
181.200000  59.847850  21.840898
181.300000  55.996682  13.211628
181.400000  64.024336  27.901489
181.500000  57.667795  17.012405
181.600000  57.280168  16.471661
181.700000  54.472451  15.403529
181.800000  60.091690  13.920115
181.900000  59.386558  18.985197
182.000000  63.983938  20.797366
182.100000  60.258094  9.991091
182.200000  57.440502  14.786548
182.300000  55.522290  12.161029
182.400000  58.730346  11.394332
182.500000  58.859569  14.088894
182.600000  62.213734  16.242429
182.700000  65.171301  17.444925
182.800000  62.386713  19.670226
182.900000  64.001566  20.943818
183.000000  57.849515  19.204333
183.100000  58.518946  19.210678
183.200000  63.262990  16.176998
183.300000  67.642122  28.840881
183.400000  60.014891  18.939464
183.500000  54.870006  18.920342
183.600000  55.818673  20.476871
183.700000  57.028254  13.081488
183.800000  58.169075  17.180212
183.900000  60.197705  19.870808
184.000000  57.217184  17.236170
184.100000  60.323592  24.272104
184.200000  61.421954  23.335719
184.300000  59.505034  18.208384
184.400000  66.193836  25.200126
184.500000  63.023056  18.728126
184.600000  62.471635  17.337735
184.700000  67.279328  25.744757
184.800000  62.777491  25.543665
184.900000  67.186270  24.221953
185.000000  65.531658  21.467231
185.100000  64.354734  21.337398
185.200000  62.396218  15.584186
185.300000  61.811818  18.779580
185.400000  60.747074  18.453146
185.500000  63.306019  15.771044
185.600000  64.932010  22.007748
185.700000  65.304879  20.769671
185.800000  64.497622  19.169451
185.900000  60.265819  8.564554
186.000000  66.814666  13.896939
186.100000  62.430266  13.336812
186.200000  65.383888  14.907533
186.300000  59.346637  17.084292
186.400000  68.614159  19.136514
186.500000  66.946543  14.705794
186.600000  59.331911  9.389958
186.700000  54.430155  17.266598
186.800000  56.886018  19.850150
186.900000  60.290795  22.556245
187.000000  61.522743  23.009849
187.100000  64.731275  26.827986
187.200000  60.266818  27.358790
187.300000  58.060615  22.351969
187.400000  61.136967  19.420606
187.500000  59.279421  21.083652
187.600000  60.174282  21.953780
187.700000  61.151710  37.331596
187.800000  64.964669  31.063168
187.900000  62.164080  26.110477
188.000000  64.018756  29.601089
188.100000  62.042668  30.008183
188.200000  57.094476  18.284928
188.300000  61.127656  27.248279
188.400000  66.952257  31.987380
188.500000  64.884548  29.459491
188.600000  67.205010  25.900939
188.700000  57.221513  24.617554
188.800000  66.333391  26.430987
188.900000  58.851754  22.958260
189.000000  59.969633  23.912038
189.100000  62.860525  20.434993
189.200000  61.350040  25.514967
189.300000  58.404800  22.445568
189.400000  56.989140  23.054534
189.500000  62.868942  30.675310
189.600000  61.596736  22.465140
189.700000  67.018828  18.348310
189.800000  69.520548  9.063682
189.900000  71.176407  14.817877
190.000000  65.894195  5.602256
190.100000  65.453243  13.626338
190.200000  68.045876  8.372660
190.300000  67.213921  25.525275
190.400000  63.024513  20.180210
190.500000  71.493778  19.724977
190.600000  65.811191  21.309896
190.700000  61.935856  23.521757
190.800000  65.115754  26.164091
190.900000  64.301967  17.771370
191.000000  66.383292  17.558077
191.100000  65.804035  13.023522
191.200000  68.114651  17.606472
191.300000  64.295731  17.075893
191.400000  68.574060  26.839390
191.500000  59.759111  20.140083
191.600000  70.171236  27.562317
191.700000  67.000356  19.593621
191.800000  68.169076  19.941403
191.900000  66.804706  21.118438
192.000000  69.335834  21.578237
192.100000  63.986900  15.119030
192.200000  67.459393  18.697808
192.300000  66.087539  16.860293
192.400000  67.850354  23.785620
192.500000  61.851599  13.793745
192.600000  67.209289  16.752070
192.700000  69.072699  22.194060
192.800000  67.299286  16.998017
192.900000  66.747236  21.638597
193.000000  67.158429  20.277600
193.100000  65.894657  18.615270
193.200000  63.776935  18.209407
193.300000  65.691894  20.364453
193.400000  65.246962  15.876631
193.500000  69.501325  24.702947
193.600000  67.104044  18.926775
193.700000  69.092537  21.011409
193.800000  68.143595  21.146338
193.900000  61.675480  18.809343
194.000000  66.510467  22.392701
194.100000  70.214957  25.887963
194.200000  65.203315  21.084711
194.300000  70.110134  24.679212
194.400000  64.334835  21.325923
194.500000  70.148799  26.931524
194.600000  61.759222  12.971872
194.700000  67.336872  26.154280
194.800000  66.626449  26.748869
194.900000  63.013920  25.770438
195.000000  60.370839  16.800646
195.100000  66.443464  22.284385
195.200000  70.052457  26.291931
195.300000  61.973411  16.507170
195.400000  62.459671  21.595919
195.500000  63.132962  21.755042
195.600000  63.000791  23.498399
195.700000  66.090857  26.004906
195.800000  56.804615  10.803076
195.900000  68.793077  23.603197
196.000000  64.277189  22.632470
196.100000  64.313271  22.141268
196.200000  63.391382  22.841024
196.300000  65.908237  22.903034
196.400000  62.073005  21.420742
196.500000  69.038585  27.617263
196.600000  71.690718  24.344767
196.700000  59.195046  15.389205
196.800000  61.572431  17.159023
196.900000  65.462434  23.536397
197.000000  64.740479  19.252200
197.100000  62.291947  16.990929
197.200000  63.761177  15.974654
197.300000  62.084710  17.132045
197.400000  65.194674  22.011579
197.500000  64.017378  19.179291
197.600000  65.967138  21.245896
197.700000  63.170686  20.746077
197.800000  66.607910  24.268740
197.900000  64.914771  25.199327
198.000000  67.762528  19.722594
198.100000  67.121829  24.307774
198.200000  64.807891  20.460881
198.300000  60.619715  16.513491
198.400000  67.566033  20.683262
198.500000  68.326164  23.733441
198.600000  66.545634  18.347092
198.700000  62.416145  18.455858
198.800000  67.490067  23.451121
198.900000  65.633266  20.703197
199.000000  62.921423  16.161959
199.100000  60.042269  12.696423
199.200000  59.524941  14.671795
199.300000  67.836014  22.622797
199.400000  67.326822  23.431383
199.500000  65.068451  20.981000
199.600000  66.233286  27.733131
199.700000  68.124561  20.047802
199.800000  63.688645  21.149224
199.900000  64.568309  23.066113
200.000000  57.955721  11.877212
