# aggregated from 2 replicates
# x  mean  std
0.000000  73.652000  0.000000
0.100000  76.066500  1.013284
0.200000  75.311000  0.132936
0.300000  76.312500  0.103945
0.400000  75.443000  0.550129
0.500000  76.173500  0.427800
0.600000  74.777000  0.135765
0.700000  76.108000  0.435578
0.800000  75.539500  2.066873
0.900000  75.887000  1.418456
1.000000  74.840000  0.964494
1.100000  74.798000  1.428356
1.200000  75.504000  2.422548
1.300000  75.205500  1.588869
1.400000  75.611500  0.207182
1.500000  74.917500  0.324562
1.600000  75.375000  1.015405
1.700000  74.203000  0.790545
1.800000  76.160500  1.580384
1.900000  74.998000  0.226274
2.000000  76.490000  1.220466
2.100000  74.533500  0.748826
2.200000  75.263500  1.485631
2.300000  74.566500  0.006364
2.400000  75.132000  0.544472
2.500000  74.624000  1.128542
2.600000  75.260000  1.289763
2.700000  75.758500  1.464418
2.800000  75.436000  0.787717
2.900000  75.718500  0.908632
3.000000  75.629000  2.054852
3.100000  75.326000  1.574020
3.200000  74.293000  0.637810
3.300000  75.432500  1.795344
3.400000  75.701500  2.523664
3.500000  74.264500  0.641346
3.600000  74.633000  0.193747
3.700000  75.252000  0.066468
3.800000  75.537500  0.798324
3.900000  75.775000  0.291328
4.000000  76.202000  0.526087
4.100000  74.811500  0.477297
4.200000  75.049000  1.105915
4.300000  75.672500  1.382394
4.400000  75.049500  0.269408
4.500000  74.618500  0.369817
4.600000  75.883000  0.950352
4.700000  75.471500  3.066722
4.800000  74.908000  1.497652
4.900000  74.472500  1.502602
5.000000  74.215000  2.332038
5.100000  74.298500  0.555079
5.200000  74.894500  3.051166
5.300000  74.394500  0.362746
5.400000  75.539000  2.453661
5.500000  74.694500  1.935351
5.600000  75.082000  0.453963
5.700000  75.027500  0.754483
5.800000  75.771000  0.007071
5.900000  73.926500  1.410678
6.000000  75.376500  2.785294
6.100000  76.711000  0.287085
6.200000  76.313500  0.557907
6.300000  73.798500  1.126421
6.400000  74.750000  1.346331
6.500000  74.895500  0.468812
6.600000  75.395000  2.562555
6.700000  74.083000  2.084551
6.800000  74.510000  0.575585
6.900000  73.741000  0.253144
7.000000  74.084000  0.632153
7.100000  75.447500  0.386787
7.200000  74.327000  2.337695
7.300000  75.141500  2.023033
7.400000  74.672500  0.461741
7.500000  74.981000  0.816001
7.600000  75.492000  1.141270
7.700000  75.522000  0.236174
7.800000  73.808500  1.649680
7.900000  73.954000  0.681651
8.000000  73.866000  0.524673
8.100000  75.183000  1.564120
8.200000  74.863000  0.630739
8.300000  75.207000  0.779232
8.400000  74.589000  0.117380
8.500000  74.436500  0.688015
8.600000  74.773000  0.459619
8.700000  75.146500  0.808223
8.800000  74.340500  0.423557
8.900000  75.492000  1.513209
9.000000  74.942500  1.842013
9.100000  75.379500  0.538108
9.200000  74.400500  0.400930
9.300000  74.074000  1.688571
9.400000  74.364500  0.730441
9.500000  74.568500  1.351281
9.600000  74.444500  0.024749
9.700000  74.737000  0.383252
9.800000  74.604000  0.700036
9.900000  73.852500  1.504016
10.000000  75.162000  0.195161
10.100000  74.984000  1.602304
10.200000  74.754000  0.741048
10.300000  74.537500  0.464569
10.400000  75.576500  1.805244
10.500000  74.035000  0.397394
10.600000  73.936500  0.303349
10.700000  73.508000  0.627911
10.800000  74.640500  0.635689
10.900000  75.370000  0.253144
11.000000  74.882500  0.659731
11.100000  75.169500  1.113693
11.200000  74.492500  0.603162
11.300000  74.115000  0.387495
11.400000  75.015500  2.062630
11.500000  74.563000  1.257236
11.600000  75.638000  0.446891
11.700000  74.315000  2.098693
11.800000  76.069500  1.617153
11.900000  75.331500  1.004799
12.000000  75.207000  0.947523
12.100000  74.508500  1.539371
12.200000  75.120000  0.247487
12.300000  75.199000  0.838629
12.400000  75.222500  2.519421
12.500000  74.555000  2.333452
12.600000  74.546500  0.484368
12.700000  75.189000  0.840043
12.800000  73.964000  1.295420
12.900000  74.074500  0.497096
13.000000  74.171000  1.153998
13.100000  73.621000  0.848528
13.200000  75.156500  0.693672
13.300000  74.363000  2.638923
13.400000  75.670000  0.823072
13.500000  76.204500  0.499924
13.600000  74.472000  1.217638
13.700000  75.665000  2.747817
13.800000  75.443500  3.151575
13.900000  75.859500  1.488460
14.000000  76.733000  1.267135
14.100000  75.372000  1.558463
14.200000  76.260000  0.425678
14.300000  75.069000  0.922067
14.400000  75.670500  0.095459
14.500000  74.213500  0.782767
14.600000  74.354500  0.999142
14.700000  74.382500  0.690843
14.800000  75.358500  2.611345
14.900000  74.352500  0.501339
15.000000  75.031000  0.418607
15.100000  74.821500  0.246780
15.200000  75.304500  1.576141
15.300000  74.715500  0.702157
15.400000  75.730000  0.039598
15.500000  75.220500  1.728876
15.600000  74.318000  2.176475
15.700000  75.756000  0.165463
15.800000  74.902000  0.750947
15.900000  74.298500  0.542351
16.000000  73.705000  0.285671
16.100000  74.758000  0.118794
16.200000  74.346000  0.035355
16.300000  74.190000  1.344917
16.400000  74.940500  0.031820
16.500000  75.211000  1.472196
16.600000  74.508000  0.206475
16.700000  74.754500  0.176070
16.800000  75.357000  0.123037
16.900000  74.985000  1.101672
17.000000  74.832500  0.985000
17.100000  74.043500  0.019092
17.200000  74.912000  0.848528
17.300000  74.120000  1.424113
17.400000  74.509500  1.634124
17.500000  76.349500  1.163191
17.600000  74.379000  0.622254
17.700000  72.956500  0.505581
17.800000  73.333500  0.277893
17.900000  73.041500  0.318905
18.000000  74.332500  1.103794
18.100000  73.847000  0.857013
18.200000  73.843000  0.350725
18.300000  73.866500  0.461741
18.400000  73.801500  0.044548
18.500000  74.541500  0.170413
18.600000  74.133000  0.984293
18.700000  74.600500  0.733270
18.800000  74.689000  0.797616
18.900000  74.678500  2.387900
19.000000  74.109000  0.878227
19.100000  74.115000  1.114400
19.200000  74.571500  0.007778
19.300000  74.873000  0.758018
19.400000  75.635500  0.869034
19.500000  73.807500  0.120915
19.600000  75.472000  0.209304
19.700000  74.426500  1.622810
19.800000  75.014000  1.059246
19.900000  73.318000  1.284106
20.000000  74.071000  0.398808
20.100000  74.980000  1.487753
20.200000  75.116500  0.536694
20.300000  74.824500  0.204354
20.400000  74.411000  0.073539
20.500000  74.768500  0.064347
20.600000  74.465500  0.945402
20.700000  76.359000  1.029547
20.800000  74.764000  0.629325
20.900000  75.582500  0.877520
21.000000  75.471000  0.741048
21.100000  75.663000  1.142685
21.200000  74.358500  0.706400
21.300000  74.009500  0.757311
21.400000  74.393500  0.027577
21.500000  74.407000  0.305470
21.600000  74.441000  1.032376
21.700000  73.872500  2.194152
21.800000  74.817000  1.145513
21.900000  75.362500  0.028991
22.000000  75.055000  1.347746
22.100000  75.027500  1.224002
22.200000  73.331000  0.995606
22.300000  74.380000  1.620689
22.400000  74.633000  1.872419
22.500000  73.473500  0.525380
22.600000  74.539500  0.142128
22.700000  74.683000  0.500632
22.800000  73.418500  1.778374
22.900000  75.913500  0.765797
23.000000  76.054500  1.030255
23.100000  75.967000  0.695793
23.200000  75.950000  0.226274
23.300000  74.620000  0.753776
23.400000  74.523500  0.429214
23.500000  75.055500  0.265165
23.600000  75.193000  0.557200
23.700000  76.251500  0.149200
23.800000  76.103500  0.392444
23.900000  76.166000  0.608112
24.000000  75.217500  0.678115
24.100000  75.463000  0.717006
24.200000  74.546500  2.223851
24.300000  75.872000  0.923481
24.400000  75.226500  0.221324
24.500000  75.497500  0.371231
24.600000  74.954000  0.429921
24.700000  75.423000  0.715592
24.800000  75.418000  1.431184
24.900000  74.538500  1.192889
25.000000  75.700000  0.859842
25.100000  75.309000  0.379009
25.200000  75.241000  0.985707
25.300000  74.505500  1.096723
25.400000  74.809500  0.696500
25.500000  75.165500  0.559321
25.600000  74.358000  1.769181
25.700000  75.295500  1.006213
25.800000  74.829500  0.374059
25.900000  75.164000  0.145664
26.000000  75.086500  0.946816
26.100000  74.494000  2.312239
26.200000  76.854000  0.879641
26.300000  76.142000  1.773424
26.400000  75.930500  2.177182
26.500000  74.358500  3.119048
26.600000  76.778000  1.400071
26.700000  76.273000  0.195161
26.800000  75.049000  1.493410
26.900000  74.261000  1.429770
27.000000  76.337000  0.289914
27.100000  77.273500  2.563262
27.200000  75.803000  0.595384
27.300000  75.537000  0.816001
27.400000  75.277500  0.381131
27.500000  74.565000  0.236174
27.600000  75.472500  0.898733
27.700000  75.736500  0.572049
27.800000  75.036500  0.832265
27.900000  74.416000  1.803122
28.000000  76.919000  1.675843
28.100000  76.514500  0.027577
28.200000  76.934500  0.219910
28.300000  76.436000  2.030811
28.400000  74.911000  0.978636
28.500000  76.219000  0.728320
28.600000  75.449000  0.230517
28.700000  75.870500  1.324411
28.800000  75.857000  0.345068
28.900000  76.731500  2.216780
29.000000  75.848000  0.916410
29.100000  75.755000  0.936209
29.200000  75.543000  0.193747
29.300000  76.072500  0.958130
29.400000  75.250000  2.579526
29.500000  75.258500  1.969292
29.600000  75.879000  0.909339
29.700000  76.578500  0.747412
29.800000  75.124000  1.050761
29.900000  76.012000  0.558614
30.000000  76.888500  1.364009
30.100000  75.903000  1.896460
30.200000  75.854500  1.513916
30.300000  75.286500  1.755746
30.400000  76.048500  0.996313
30.500000  76.469500  0.136472
30.600000  76.844500  1.290470
30.700000  76.277500  1.430477
30.800000  74.966000  0.394566
30.900000  74.910500  0.217082
31.000000  76.115000  0.004243
31.100000  75.275000  2.282541
31.200000  75.948500  0.405172
31.300000  74.538500  1.257943
31.400000  75.183500  1.240972
31.500000  76.846000  1.542907
31.600000  76.686500  0.383959
31.700000  75.862500  0.420729
31.800000  76.554000  1.524522
31.900000  76.462500  1.706249
32.000000  77.465000  1.199253
32.100000  75.951500  0.437699
32.200000  76.510500  2.310118
32.300000  76.878000  0.329512
32.400000  75.402000  0.098995
32.500000  77.057000  1.489167
32.600000  76.578000  1.185111
32.700000  76.860000  1.015405
32.800000  77.438000  1.712613
32.900000  76.258000  1.660287
33.000000  77.024500  2.164454
33.100000  75.795500  2.427498
33.200000  75.319500  2.184253
33.300000  76.178000  1.886561
33.400000  75.720000  2.593668
33.500000  75.805000  0.916410
33.600000  75.748000  0.295571
33.700000  75.961000  2.957121
33.800000  75.494500  0.719128
33.900000  76.368500  0.614476
34.000000  76.378000  1.458054
34.100000  76.511000  1.634831
34.200000  75.422000  1.353402
34.300000  76.245500  0.412243
34.400000  76.175500  1.511087
34.500000  75.136500  0.536694
34.600000  76.188500  1.040154
34.700000  75.046500  0.026163
34.800000  74.876500  0.784181
34.900000  74.611000  0.016971
35.000000  75.982500  0.583363
35.100000  74.967500  0.372645
35.200000  74.278000  0.620840
35.300000  73.480000  0.066468
35.400000  75.191500  0.190212
35.500000  75.153000  0.449720
35.600000  74.727000  1.797465
35.700000  74.959500  1.709077
35.800000  74.192500  0.463155
35.900000  74.459000  0.509117
36.000000  75.381500  1.297541
36.100000  75.339000  0.063640
36.200000  73.915500  0.809637
36.300000  74.083000  0.415779
36.400000  74.420500  0.171827
36.500000  74.953000  2.179303
36.600000  74.610000  0.302642
36.700000  75.907500  0.972272
36.800000  74.276000  1.115815
36.900000  75.141500  2.007476
37.000000  74.843000  1.030962
37.100000  76.451500  0.108187
37.200000  73.799000  0.066468
37.300000  74.530000  0.424264
37.400000  74.553500  0.194454
37.500000  76.174500  0.979343
37.600000  75.275000  0.899440
37.700000  74.280000  1.288349
37.800000  74.609000  0.227688
37.900000  74.593500  1.434720
38.000000  75.794500  0.842164
38.100000  75.182000  0.282843
38.200000  75.785000  0.135765
38.300000  75.441500  0.105359
38.400000  75.174000  1.197839
38.500000  76.129500  0.013435
38.600000  74.239500  0.768625
38.700000  75.597000  1.120057
38.800000  75.355500  2.273348
38.900000  76.030500  3.131776
39.000000  75.906500  1.188646
39.100000  75.640500  2.639630
39.200000  75.624000  1.961514
39.300000  75.103000  1.132785
39.400000  74.835500  0.611647
39.500000  76.888500  1.744432
39.600000  74.632000  1.228952
39.700000  77.085500  0.263751
39.800000  75.377500  2.375172
39.900000  75.779500  2.390728
40.000000  76.056500  3.578667
40.100000  74.980000  1.500481
40.200000  74.338500  0.293449
40.300000  75.556500  0.611647
40.400000  75.954000  1.629174
40.500000  76.054000  2.302340
40.600000  74.444500  1.860398
40.700000  75.006000  0.708521
40.800000  75.687000  0.779232
40.900000  75.701500  0.528209
41.000000  76.469000  0.432749
41.100000  74.733000  0.548715
41.200000  75.685500  2.307289
41.300000  76.220500  0.820951
41.400000  74.389000  0.284257
41.500000  75.590000  0.456791
41.600000  74.958000  0.654781
41.700000  75.730000  0.830143
41.800000  75.296000  0.138593
41.900000  73.790000  1.361888
42.000000  75.149500  1.286227
42.100000  75.580500  0.672459
42.200000  75.341000  0.285671
42.300000  75.372500  0.519723
42.400000  74.723500  1.204203
42.500000  75.235500  0.847821
42.600000  75.176500  0.210011
42.700000  73.877500  0.341533
42.800000  75.102500  0.368403
42.900000  74.825000  1.453812
43.000000  74.300500  0.234052
43.100000  74.740000  1.062074
43.200000  74.418500  0.538108
43.300000  75.351000  1.125714
43.400000  76.043500  2.004648
43.500000  76.532500  0.415072
43.600000  73.478000  1.209153
43.700000  74.440500  1.160362
43.800000  75.375500  0.229810
43.900000  74.702500  0.202940
44.000000  76.166000  0.287085
44.100000  75.870500  0.037477
44.200000  75.284000  0.527502
44.300000  74.621500  1.628467
44.400000  73.446500  0.516895
44.500000  75.182000  1.325118
44.600000  74.628000  1.344917
44.700000  75.178500  1.717562
44.800000  74.470500  0.630032
44.900000  74.510000  2.076066
45.000000  75.272500  0.528209
45.100000  76.135500  0.142128
45.200000  76.275000  2.083137
45.300000  75.862500  1.057125
45.400000  75.984000  0.469519
45.500000  75.815500  0.392444
45.600000  75.819000  0.765090
45.700000  75.997500  1.518158
45.800000  75.516500  2.369515
45.900000  75.521000  1.586748
46.000000  75.031500  1.123593
46.100000  74.843000  0.039598
46.200000  74.720000  1.055003
46.300000  75.090000  0.417193
46.400000  75.635000  0.719835
46.500000  75.758000  0.731148
46.600000  76.721500  0.160513
46.700000  75.708500  0.692258
46.800000  75.611000  0.485075
46.900000  75.690000  1.479267
47.000000  76.149500  0.498510
47.100000  75.519000  0.172534
47.200000  75.904000  1.665944
47.300000  75.303500  0.931260
47.400000  74.410500  1.629881
47.500000  75.592000  0.944695
47.600000  75.098500  1.902824
47.700000  75.502000  0.956008
47.800000  76.567000  2.244357
47.900000  76.533500  0.707814
48.000000  75.545000  1.006920
48.100000  75.298500  0.972272
48.200000  75.359500  1.878783
48.300000  75.771000  1.327947
48.400000  75.412000  0.729734
48.500000  74.895000  0.277186
48.600000  76.932000  0.260215
48.700000  75.444000  0.862670
48.800000  75.764500  0.019092
48.900000  75.291000  0.958837
49.000000  74.179500  0.058690
49.100000  72.899500  0.173241
49.200000  75.180500  1.284813
49.300000  73.975000  1.309562
49.400000  75.118000  0.312541
49.500000  74.889500  0.465983
49.600000  75.215500  0.047376
49.700000  74.626500  0.463155
49.800000  74.856000  0.275772
49.900000  75.410000  0.755190
50.000000  75.245000  0.576999
50.100000  74.405500  1.255115
50.200000  76.386500  0.538108
50.300000  76.150000  0.120208
50.400000  76.797000  1.691399
50.500000  76.385500  0.743169
50.600000  77.239500  3.145918
50.700000  75.662500  1.707663
50.800000  75.884000  1.158241
50.900000  75.114000  1.421285
51.000000  76.783000  0.593970
51.100000  76.484500  0.034648
51.200000  76.166000  1.589576
51.300000  75.168000  2.153847
51.400000  76.048500  1.556342
51.500000  76.809500  0.263751
51.600000  77.115500  0.082731
51.700000  77.043000  0.101823
51.800000  76.961000  0.823072
51.900000  77.478000  0.080610
52.000000  77.767000  1.746554
52.100000  77.236000  0.849942
52.200000  76.586000  0.014142
52.300000  76.148000  0.207889
52.400000  76.538500  0.207182
52.500000  76.863000  1.531593
52.600000  77.059500  0.938331
52.700000  76.573000  0.801859
52.800000  77.489500  0.842164
52.900000  76.458500  1.823628
53.000000  76.428500  0.019092
53.100000  77.280000  0.135765
53.200000  77.621000  0.541644
53.300000  76.454500  0.615890
53.400000  76.859500  0.366988
53.500000  77.174000  0.022627
53.600000  76.148500  0.792667
53.700000  77.439000  0.237588
53.800000  77.521500  0.065761
53.900000  77.833000  0.050912
54.000000  77.117500  0.280721
54.100000  77.225500  0.666802
54.200000  78.112500  1.204203
54.300000  77.334000  1.200667
54.400000  77.660000  1.097430
54.500000  77.970000  0.298399
54.600000  78.558000  3.317745
54.700000  77.702500  0.648417
54.800000  77.244000  0.692965
54.900000  76.829500  0.303349
55.000000  76.522500  1.141977
55.100000  77.597500  1.683621
55.200000  76.875500  2.195567
55.300000  77.394000  0.714178
55.400000  76.978500  0.902975
55.500000  76.074500  1.170262
55.600000  76.964500  1.035911
55.700000  76.591500  0.129401
55.800000  76.545000  0.912168
55.900000  76.736000  1.702713
56.000000  77.369500  1.669479
56.100000  76.958500  0.324562
56.200000  77.799000  0.765090
56.300000  75.942500  0.292035
56.400000  75.997000  0.397394
56.500000  76.256500  0.826608
56.600000  76.979500  1.147634
56.700000  75.105000  0.913582
56.800000  74.700000  0.555786
56.900000  76.696500  0.234052
57.000000  74.667500  1.088237
57.100000  76.357000  0.933381
57.200000  75.389000  1.134199
57.300000  76.485500  0.410829
57.400000  75.934000  1.015405
57.500000  75.126500  0.061518
57.600000  76.415000  1.590990
57.700000  76.527000  0.702864
57.800000  74.984000  2.189203
57.900000  76.022500  2.329917
58.000000  77.627000  0.442649
58.100000  75.501000  1.401486
58.200000  75.147500  1.429063
58.300000  76.268500  1.659580
58.400000  75.501000  2.059095
58.500000  76.694500  0.765797
58.600000  76.311000  2.606396
58.700000  76.166000  0.627911
58.800000  76.183500  2.314360
58.900000  76.369500  0.456084
59.000000  75.179500  2.452953
59.100000  75.988500  1.933937
59.200000  75.880000  1.059246
59.300000  74.924500  1.511087
59.400000  76.563500  0.938331
59.500000  76.779500  3.157232
59.600000  77.060000  0.127279
59.700000  75.729000  0.472347
59.800000  76.295500  2.008890
59.900000  77.584000  0.435578
60.000000  77.528500  2.714583
60.100000  76.905500  0.446184
60.200000  76.679000  0.446891
60.300000  76.823000  0.093338
60.400000  75.815500  1.013284
60.500000  77.635500  1.139149
60.600000  77.343500  0.622961
60.700000  77.332500  1.091066
60.800000  76.174000  2.559727
60.900000  77.194500  0.358503
61.000000  78.490000  0.922067
61.100000  76.886000  0.260215
61.200000  75.684000  0.328098
61.300000  76.621500  1.461590
61.400000  76.634000  0.640639
61.500000  75.758000  1.170969
61.600000  76.541000  1.497652
61.700000  75.273500  0.461741
61.800000  77.294500  1.277742
61.900000  76.237000  0.173948
62.000000  75.423000  1.999698
62.100000  75.248000  1.466539
62.200000  75.755500  0.736098
62.300000  75.468500  1.184404
62.400000  75.545500  2.001819
62.500000  75.384500  1.042983
62.600000  75.840000  0.395980
62.700000  77.068000  1.094601
62.800000  77.113000  1.450983
62.900000  75.577000  0.321026
63.000000  75.223500  0.078489
63.100000  76.901500  0.096874
63.200000  77.473000  0.825901
63.300000  76.364500  1.448862
63.400000  76.471000  0.405879
63.500000  76.185000  0.681651
63.600000  77.241500  1.622810
63.700000  77.360000  0.216375
63.800000  78.264500  0.600334
63.900000  76.217000  1.254407
64.000000  77.901000  2.145362
64.100000  76.592000  0.332340
64.200000  75.949000  0.257387
64.300000  77.933500  0.682358
64.400000  77.256000  0.117380
64.500000  77.363500  0.065761
64.600000  76.389500  1.682207
64.700000  75.900000  0.719835
64.800000  76.589500  0.031820
64.900000  75.908500  0.490025
65.000000  77.323500  0.304763
65.100000  76.522000  0.113137
65.200000  77.697000  0.333754
65.300000  76.042000  0.602455
65.400000  77.613000  0.502046
65.500000  75.952500  1.082580
65.600000  76.842000  1.070560
65.700000  75.463000  1.135613
65.800000  76.615000  0.735391
65.900000  76.125000  1.005506
66.000000  76.622000  1.436841
66.100000  75.694500  1.133492
66.200000  76.022500  1.564827
66.300000  77.434500  0.440528
66.400000  76.511000  2.093036
66.500000  77.914500  0.468812
66.600000  77.437000  1.815850
66.700000  77.927500  2.038589
66.800000  76.885000  1.827164
66.900000  77.165000  2.274055
67.000000  76.701000  1.271378
67.100000  75.457000  1.080459
67.200000  76.576500  1.755746
67.300000  77.223000  1.648973
67.400000  77.037000  1.624931
67.500000  76.373500  0.915703
67.600000  77.843000  2.192031
67.700000  77.234500  2.146069
67.800000  75.950000  1.537250
67.900000  76.866000  1.962928
68.000000  75.925000  1.733826
68.100000  75.029000  0.189505
68.200000  76.975500  0.835093
68.300000  76.417000  2.402749
68.400000  75.789500  1.659580
68.500000  77.458500  2.938029
68.600000  76.116000  0.127279
68.700000  77.525000  1.770595
68.800000  76.910000  0.287085
68.900000  76.336500  3.229357
69.000000  75.970000  2.909037
69.100000  77.299500  0.020506
69.200000  77.000000  1.384515
69.300000  75.939000  1.448155
69.400000  76.192500  0.290621
69.500000  76.023000  0.864084
69.600000  76.694500  0.661145
69.700000  76.976500  0.778525
69.800000  76.997500  0.460327
69.900000  76.908000  1.209153
70.000000  76.977000  0.673166
70.100000  76.955500  0.077075
70.200000  76.682000  0.445477
70.300000  74.382500  0.822365
70.400000  75.706500  0.969443
70.500000  76.921500  0.642760
70.600000  75.713000  0.291328
70.700000  77.008000  1.134199
70.800000  75.046500  1.781202
70.900000  75.476500  0.053033
71.000000  75.615000  0.398808
71.100000  75.952000  0.838629
71.200000  75.163000  2.167989
71.300000  76.290500  2.011719
71.400000  77.412000  0.275772
71.500000  76.854500  1.791101
71.600000  76.890000  0.236174
71.700000  76.955500  0.723370
71.800000  75.798000  0.780646
71.900000  76.820500  0.854892
72.000000  77.842500  0.614476
72.100000  77.461500  0.539522
72.200000  76.121500  0.891662
72.300000  78.215500  1.089652
72.400000  76.451000  1.332189
72.500000  77.179000  0.148492
72.600000  77.338000  0.711349
72.700000  75.843500  0.362746
72.800000  77.602000  0.093338
72.900000  77.621000  2.712462
73.000000  77.568000  1.496238
73.100000  76.842500  1.356938
73.200000  76.584500  0.263751
73.300000  76.534000  1.158241
73.400000  75.975500  1.044397
73.500000  76.974000  0.114551
73.600000  77.128500  0.907218
73.700000  77.244000  1.241680
73.800000  76.134500  1.536543
73.900000  77.376000  0.500632
74.000000  76.331000  0.137179
74.100000  76.676000  0.610940
74.200000  75.716500  1.697763
74.300000  76.590000  0.774989
74.400000  76.763500  1.754332
74.500000  77.968000  0.164049
74.600000  78.005000  0.943280
74.700000  77.105500  0.290621
74.800000  76.074000  0.328098
74.900000  76.082500  0.871863
75.000000  75.731000  0.873984
75.100000  76.287000  0.125865
75.200000  77.463000  1.861105
75.300000  77.223500  0.922774
75.400000  77.749000  1.086116
75.500000  76.282000  0.599627
75.600000  77.314500  0.260922
75.700000  76.145500  0.276479
75.800000  76.008000  1.472196
75.900000  76.950000  0.564271
76.000000  76.715500  1.437548
76.100000  76.557000  1.226123
76.200000  76.416000  1.456640
76.300000  75.939000  0.649124
76.400000  76.262500  0.802566
76.500000  76.673000  0.226274
76.600000  77.032500  1.027426
76.700000  76.695500  0.136472
76.800000  76.443500  0.866206
76.900000  77.071000  0.999849
77.000000  76.802500  0.055861
77.100000  77.120000  1.159655
77.200000  76.607500  0.334462
77.300000  76.245500  0.033234
77.400000  76.582500  1.485631
77.500000  75.521500  1.447448
77.600000  76.033500  1.168848
77.700000  75.167000  1.284106
77.800000  75.857500  0.061518
77.900000  76.015500  0.801152
78.000000  75.269000  1.223295
78.100000  76.499500  0.499924
78.200000  75.588500  1.040154
78.300000  74.793000  0.873984
78.400000  75.022000  1.227537
78.500000  75.810000  0.151321
78.600000  75.452500  2.034346
78.700000  75.511000  0.200818
78.800000  76.846500  0.812466
78.900000  77.044000  0.797616
79.000000  75.952500  0.890247
79.100000  74.711000  1.592404
79.200000  76.236000  2.211830
79.300000  75.237500  1.335725
79.400000  77.543000  0.472347
79.500000  75.798000  0.304056
79.600000  75.070500  1.595940
79.700000  74.622500  0.064347
79.800000  75.493500  0.594677
79.900000  75.493000  0.405879
80.000000  75.441500  0.102530
80.100000  76.184000  0.308299
80.200000  75.544500  1.434720
80.300000  75.315000  0.062225
80.400000  75.379000  1.681500
80.500000  75.811000  0.503460
80.600000  74.254500  0.907218
80.700000  75.946500  0.258094
80.800000  75.423000  0.796202
80.900000  75.030500  0.695086
81.000000  75.864500  2.126270
81.100000  75.390500  1.477146
81.200000  75.516500  0.618718
81.300000  75.308500  0.341533
81.400000  76.256000  0.715592
81.500000  74.111000  0.838629
81.600000  75.153000  1.934644
81.700000  74.623000  1.514623
81.800000  76.136000  1.219052
81.900000  75.863500  2.491137
82.000000  75.535500  2.665085
82.100000  75.933500  3.082278
82.200000  74.225000  0.801859
82.300000  74.790000  0.592555
82.400000  75.337000  0.632153
82.500000  75.089500  0.036062
82.600000  74.819000  0.565685
82.700000  74.247000  0.914996
82.800000  74.397500  0.012021
82.900000  76.215000  0.721249
83.000000  74.578000  1.262893
83.100000  74.168500  0.897319
83.200000  75.393500  0.350018
83.300000  76.696000  0.104652
83.400000  74.011000  0.025456
83.500000  75.783000  2.156676
83.600000  76.434000  2.599325
83.700000  75.032000  0.524673
83.800000  76.707500  1.339967
83.900000  75.517500  1.576141
84.000000  75.317000  1.786152
84.100000  75.977000  1.173797
84.200000  75.878500  1.786859
84.300000  77.130000  1.756453
84.400000  75.323500  0.289207
84.500000  76.337000  1.557049
84.600000  75.782000  1.245922
84.700000  76.608000  0.230517
84.800000  77.091000  0.118794
84.900000  77.784000  0.138593
85.000000  76.451000  0.934795
85.100000  77.234500  0.871863
85.200000  75.091500  0.222739
85.300000  77.417500  1.815143
85.400000  75.737000  0.844285
85.500000  75.413500  0.491439
85.600000  76.632500  0.874691
85.700000  75.609000  0.485075
85.800000  76.280500  1.371080
85.900000  75.508500  0.424971
86.000000  75.666500  2.379414
86.100000  76.944500  1.680793
86.200000  75.140000  0.015556
86.300000  75.432000  0.898026
86.400000  76.227500  0.907218
86.500000  75.261000  0.115966
86.600000  74.958000  1.166726
86.700000  73.777500  1.593112
86.800000  75.626000  0.189505
86.900000  75.922000  1.863933
87.000000  75.443000  1.385929
87.100000  76.562500  1.389465
87.200000  76.263500  1.358352
87.300000  74.955000  0.176777
87.400000  75.625500  2.096572
87.500000  75.206500  0.772868
87.600000  75.882000  2.057681
87.700000  75.972000  0.530330
87.800000  77.053500  1.966464
87.900000  77.034500  1.291884
88.000000  74.863000  1.892218
88.100000  75.065000  0.960251
88.200000  76.384000  0.985707
88.300000  75.145000  0.271529
88.400000  74.728000  0.059397
88.500000  74.155500  0.171827
88.600000  73.786000  0.896611
88.700000  74.701500  1.590283
88.800000  75.132000  1.452397
88.900000  74.371000  1.668772
89.000000  74.655000  1.029547
89.100000  76.045500  0.662559
89.200000  75.270500  0.570635
89.300000  75.599000  0.001414
89.400000  75.991500  0.334462
89.500000  75.963000  1.308148
89.600000  76.413000  1.917674
89.700000  74.448000  0.702864
89.800000  75.923500  1.144806
89.900000  74.798000  0.429921
90.000000  75.723000  1.040861
90.100000  75.684500  0.297692
90.200000  76.181000  0.510531
90.300000  74.484000  1.039447
90.400000  74.780000  0.301227
90.500000  74.697000  1.643316
90.600000  75.995000  1.110158
90.700000  74.190000  0.926310
90.800000  75.713000  1.055003
90.900000  75.366000  1.309562
91.000000  74.753000  0.982878
91.100000  75.216000  1.583919
91.200000  74.089000  0.912168
91.300000  76.048000  1.538664
91.400000  75.805500  2.814992
91.500000  76.058000  1.880904
91.600000  75.162000  1.780495
91.700000  75.337000  1.305319
91.800000  76.566000  2.421134
91.900000  76.202500  0.231224
92.000000  76.081500  2.458610
92.100000  75.362500  0.553665
92.200000  75.245000  0.190919
92.300000  75.203500  0.699329
92.400000  74.906500  2.078187
92.500000  76.676500  1.885854
92.600000  75.771000  0.643467
92.700000  75.819500  1.782616
92.800000  74.542500  0.719128
92.900000  76.365000  0.428507
93.000000  76.710500  0.458912
93.100000  75.895000  2.108592
93.200000  75.182500  1.907067
93.300000  75.574000  0.943280
93.400000  76.239500  2.116371
93.500000  76.018000  1.023891
93.600000  74.187500  1.274914
93.700000  74.621000  0.599627
93.800000  75.185500  2.239407
93.900000  74.993500  1.918381
94.000000  75.558500  2.696198
94.100000  77.216500  1.870297
94.200000  76.035000  1.011163
94.300000  76.897000  1.680086
94.400000  75.990500  3.780900
94.500000  76.360000  3.429468
94.600000  76.670500  3.136019
94.700000  75.032500  0.579120
94.800000  74.713500  2.817821
94.900000  75.865500  0.960958
95.000000  76.083500  1.702006
95.100000  75.085500  0.905804
95.200000  75.225500  1.188646
95.300000  76.416000  2.542756
95.400000  76.029000  1.294005
95.500000  76.833000  0.452548
95.600000  76.895500  2.394971
95.700000  75.205500  2.023033
95.800000  75.904000  2.592253
95.900000  76.225500  2.727311
96.000000  75.297500  1.042983
96.100000  75.142000  2.921765
96.200000  75.887000  2.901966
96.300000  76.251500  1.669479
96.400000  76.030500  0.714885
96.500000  76.985500  1.287641
96.600000  75.825500  0.362746
96.700000  75.389000  1.373201
96.800000  75.835500  0.335876
96.900000  75.339500  2.097986
97.000000  75.543500  0.106773
97.100000  75.772000  0.299813
97.200000  75.921000  1.278449
97.300000  75.770000  0.383252
97.400000  76.327000  0.478004
97.500000  76.661500  0.777110
97.600000  76.116000  0.349311
97.700000  75.173500  0.040305
97.800000  75.644000  0.745291
97.900000  74.560500  0.234052
98.000000  75.735500  0.224153
98.100000  74.915000  1.851206
98.200000  76.103000  0.692965
98.300000  74.769000  0.698621
98.400000  75.115500  0.463155
98.500000  75.851000  0.448306
98.600000  75.625500  0.702157
98.700000  75.834500  0.828022
98.800000  76.063000  0.578413
98.900000  76.329000  0.404465
99.000000  75.547000  1.336432
99.100000  76.507000  1.373201
99.200000  75.984000  0.278600
99.300000  76.469500  0.050205
99.400000  74.927500  0.195869
99.500000  75.104000  1.015405
99.600000  75.970500  1.222588
99.700000  75.508000  0.289914
99.800000  75.359000  1.825750
99.900000  76.121000  0.014142
100.000000  74.770500  0.372645
100.100000  74.505000  0.445477
100.200000  75.569000  0.919239
100.300000  75.923000  0.363453
100.400000  75.316000  1.294005
100.500000  75.181500  0.416486
100.600000  75.496000  0.264458
100.700000  75.600000  0.640639
100.800000  74.849500  0.409415
100.900000  73.771500  0.519723
101.000000  75.176000  0.199404
101.100000  76.091500  1.359766
101.200000  74.380000  0.777817
101.300000  74.255000  0.729734
101.400000  75.346000  0.637810
101.500000  75.274500  0.113844
101.600000  75.218500  0.580535
101.700000  76.079500  0.809637
101.800000  76.105500  1.918381
101.900000  74.710000  1.187939
102.000000  75.746000  1.490581
102.100000  75.063000  0.739634
102.200000  76.212500  1.079752
102.300000  76.116500  0.570635
102.400000  76.033500  2.079601
102.500000  75.822500  1.522401
102.600000  77.051500  1.464418
102.700000  74.929500  1.280570
102.800000  75.656000  0.176777
102.900000  75.799000  1.473611
103.000000  76.762500  2.042831
103.100000  75.291500  0.292035
103.200000  75.142500  0.286378
103.300000  74.913500  0.668216
103.400000  74.804000  0.272943
103.500000  76.045000  0.551543
103.600000  75.550500  0.429214
103.700000  75.445000  0.172534
103.800000  75.630000  0.379009
103.900000  75.133000  0.189505
104.000000  75.878000  2.112835
104.100000  73.599500  0.013435
104.200000  75.477500  2.117785
104.300000  75.382500  1.532300
104.400000  77.504500  1.772717
104.500000  74.763000  1.982727
104.600000  75.237000  0.934795
104.700000  76.579500  0.292035
104.800000  77.558000  1.783323
104.900000  76.186500  2.184253
105.000000  76.957500  2.737210
105.100000  75.482000  1.185111
105.200000  76.930000  1.272792
105.300000  75.813500  0.081317
105.400000  75.298500  1.310269
105.500000  74.957500  1.714734
105.600000  75.788000  1.086116
105.700000  74.843000  0.948937
105.800000  74.995000  0.098995
105.900000  74.744500  1.331482
106.000000  75.093000  0.767918
106.100000  74.020000  1.214809
106.200000  75.669000  1.733826
106.300000  75.191000  0.002828
106.400000  74.561500  1.776959
106.500000  74.379000  2.934493
106.600000  74.867500  1.170262
106.700000  74.087000  0.125865
106.800000  74.517500  0.665387
106.900000  75.080000  2.119906
107.000000  75.411500  1.194303
107.100000  75.289000  3.008032
107.200000  75.075500  2.168696
107.300000  76.462000  1.730997
107.400000  74.987000  0.680237
107.500000  75.680000  3.378556
107.600000  74.955000  0.490732
107.700000  74.639500  1.338553
107.800000  74.063000  0.555786
107.900000  74.486000  0.804688
108.000000  74.792000  0.763675
108.100000  75.711500  1.286227
108.200000  74.934500  1.994748
108.300000  74.836500  1.607254
108.400000  75.541500  1.294713
108.500000  74.431500  0.632861
108.600000  75.375000  1.615032
108.700000  74.151000  1.322290
108.800000  75.142000  0.366281
108.900000  74.941500  2.202638
109.000000  74.989500  2.061216
109.100000  75.098000  0.593970
109.200000  74.765000  2.541342
109.300000  74.738500  1.979192
109.400000  74.281000  1.460883
109.500000  75.223000  0.851357
109.600000  75.039500  2.024447
109.700000  75.362000  2.143948
109.800000  75.341000  1.578262
109.900000  75.048500  2.143241
110.000000  75.624000  1.783323
110.100000  76.153000  1.875247
110.200000  76.031000  0.205061
110.300000  75.477500  0.003536
110.400000  76.071000  1.424113
110.500000  76.111000  1.091773
110.600000  75.417500  1.245215
110.700000  76.733000  0.557200
110.800000  75.521000  0.974393
110.900000  74.715000  0.391737
111.000000  75.634000  0.572756
111.100000  75.628000  0.171120
111.200000  74.545500  1.663822
111.300000  77.207500  0.426385
111.400000  75.878000  1.262893
111.500000  75.103000  1.565534
111.600000  75.135500  0.111016
111.700000  75.219500  0.613062
111.800000  75.105500  1.270671
111.900000  73.932000  0.394566
112.000000  75.394500  0.235467
112.100000  75.226500  2.151726
112.200000  75.133500  1.188646
112.300000  75.218500  1.603011
112.400000  74.716000  0.673166
112.500000  74.748000  3.054701
112.600000  74.814000  0.552958
112.700000  73.895500  1.263600
112.800000  75.052500  1.959393
112.900000  75.250500  1.318754
113.000000  76.134000  0.489318
113.100000  74.747500  2.790950
113.200000  74.576000  2.085965
113.300000  75.579000  2.910452
113.400000  76.143500  2.358201
113.500000  75.513500  1.257943
113.600000  76.050500  2.382243
113.700000  75.689500  1.645437
113.800000  75.471500  0.690843
113.900000  75.219000  0.664680
114.000000  75.116000  2.238700
114.100000  74.832500  1.791101
114.200000  75.712500  2.055559
114.300000  75.611000  0.803273
114.400000  75.314000  0.838629
114.500000  75.518500  1.197132
114.600000  75.294000  2.841155
114.700000  75.693000  2.448004
114.800000  75.695000  2.573869
114.900000  75.905000  0.530330
115.000000  75.363000  2.590839
115.100000  75.010500  1.366837
115.200000  74.558500  0.682358
115.300000  75.429500  0.129401
115.400000  74.964000  1.103087
115.500000  74.949500  1.344210
115.600000  74.721000  1.046518
115.700000  74.680000  0.905097
115.800000  75.041000  1.422699
115.900000  75.224500  2.178596
116.000000  76.228500  2.263449
116.100000  75.871500  0.555079
116.200000  74.725500  1.180161
116.300000  75.141000  0.005657
116.400000  74.667500  1.639781
116.500000  74.889500  0.644174
116.600000  75.558500  0.798324
116.700000  75.971500  0.922774
116.800000  75.627500  1.293298
116.900000  75.212500  1.149049
117.000000  73.968000  0.397394
117.100000  76.075500  0.075660
117.200000  75.870000  1.149756
117.300000  74.432000  1.858277
117.400000  73.413000  1.104501
117.500000  74.936500  0.024749
117.600000  75.221000  1.227537
117.700000  74.153500  0.680944
117.800000  75.567000  0.229103
117.900000  75.675000  0.526087
118.000000  75.757000  1.926159
118.100000  75.148500  1.699178
118.200000  75.396500  2.154554
118.300000  75.609000  2.353251
118.400000  74.119500  0.843578
118.500000  75.413000  1.426941
118.600000  75.712000  1.458054
118.700000  75.324000  1.166726
118.800000  75.389000  1.875247
118.900000  74.755000  1.183697
119.000000  77.169500  2.266277
119.100000  74.637500  0.849235
119.200000  74.423000  1.005506
119.300000  76.192000  0.916410
119.400000  74.603000  0.721249
119.500000  75.045000  0.756604
119.600000  74.680500  1.157534
119.700000  76.182000  0.270115
119.800000  74.520000  0.773575
119.900000  74.566500  1.143392
120.000000  75.551500  1.410678
120.100000  73.513000  0.152735
120.200000  76.002500  0.320319
120.300000  75.903500  0.799738
120.400000  74.121500  0.171827
120.500000  74.204000  2.193445
120.600000  74.745000  0.902268
120.700000  74.843500  3.018639
120.800000  74.994000  1.851206
120.900000  75.316500  2.831963
121.000000  76.428500  1.670893
121.100000  76.914000  2.382950
121.200000  75.918500  1.779788
121.300000  74.714000  0.923481
121.400000  74.508000  1.162484
121.500000  76.037500  2.247892
121.600000  75.332000  0.540230
121.700000  74.122500  2.083844
121.800000  74.857000  2.474874
121.900000  74.881500  3.257641
122.000000  75.821000  1.844134
122.100000  74.725500  3.606952
122.200000  75.769000  3.456338
122.300000  75.369000  3.392698
122.400000  75.740000  2.916108
122.500000  75.248000  1.671600
122.600000  75.406500  0.497096
122.700000  75.981000  2.466388
122.800000  75.545500  1.474318
122.900000  75.349000  0.214960
123.000000  75.590500  0.047376
123.100000  74.891000  1.822921
123.200000  75.741000  2.299511
123.300000  74.769000  0.393151
123.400000  74.461500  1.672308
123.500000  75.014500  2.738625
123.600000  76.410000  0.404465
123.700000  75.883500  1.434720
123.800000  75.566000  1.841306
123.900000  76.223000  1.620689
124.000000  75.327000  2.660136
124.100000  73.735500  0.078489
124.200000  75.024000  2.265570
124.300000  74.385500  0.959544
124.400000  74.593500  0.132229
124.500000  74.716500  0.942573
124.600000  74.736500  0.280721
124.700000  75.975500  1.171676
124.800000  75.074000  0.456791
124.900000  75.526000  0.760847
125.000000  76.024500  2.134755
125.100000  76.135500  0.391030
125.200000  76.095000  0.517602
125.300000  74.653000  0.543058
125.400000  74.354500  0.296278
125.500000  74.398500  0.266579
125.600000  75.474000  1.810193
125.700000  75.167500  0.263751
125.800000  76.357500  0.577706
125.900000  75.915500  1.458761
126.000000  76.430000  0.530330
126.100000  75.972500  1.044397
126.200000  74.486000  0.424264
126.300000  75.658500  0.061518
126.400000  75.917500  1.289056
126.500000  75.574000  0.578413
126.600000  76.041500  0.907218
126.700000  75.613500  1.595940
126.800000  76.392500  0.871863
126.900000  75.708000  1.470782
127.000000  75.423500  1.199960
127.100000  74.854500  0.314663
127.200000  76.834000  0.896611
127.300000  75.327000  0.743876
127.400000  75.668000  0.265872
127.500000  75.570000  0.827315
127.600000  75.170000  0.756604
127.700000  75.636500  0.113844
127.800000  74.829500  0.671044
127.900000  76.536500  0.249609
128.000000  75.629500  0.266579
128.100000  75.019500  0.280721
128.200000  75.460000  0.066468
128.300000  77.097000  0.203647
128.400000  74.541500  0.014849
128.500000  75.188000  0.275772
128.600000  74.841500  0.447599
128.700000  75.814000  0.147078
128.800000  75.689000  0.059397
128.900000  76.684000  1.651801
129.000000  75.194000  0.282843
129.100000  76.358000  1.429770
129.200000  76.401500  0.160513
129.300000  75.932000  0.350725
129.400000  74.215500  1.710491
129.500000  75.371000  0.632153
129.600000  75.476500  1.181575
129.700000  74.396500  0.375474
129.800000  75.271000  0.053740
129.900000  75.942000  1.299662
130.000000  75.252500  0.936916
130.100000  74.815500  1.673722
130.200000  74.238000  0.193747
130.300000  75.281500  0.658316
130.400000  76.303500  0.460327
130.500000  74.481500  0.706400
130.600000  75.977500  0.375474
130.700000  75.388500  1.091066
130.800000  75.171000  0.393151
130.900000  75.506500  0.364160
131.000000  74.938000  0.431335
131.100000  75.197000  0.390323
131.200000  74.747500  1.180161
131.300000  75.946000  0.541644
131.400000  75.665000  0.379009
131.500000  75.961000  0.848528
131.600000  76.280000  0.063640
131.700000  77.338000  0.335169
131.800000  75.943500  0.174655
131.900000  75.652000  0.362039
132.000000  74.268000  1.043690
132.100000  75.678000  0.680237
132.200000  74.741000  1.021062
132.300000  75.512500  0.389616
132.400000  74.943500  0.656902
132.500000  75.864000  1.599476
132.600000  74.046000  0.575585
132.700000  75.731500  0.409415
132.800000  74.970500  0.895904
132.900000  75.460500  0.477297
133.000000  76.077500  0.525380
133.100000  74.883000  0.079196
133.200000  76.251000  0.214960
133.300000  76.878000  0.783474
133.400000  74.928000  1.261478
133.500000  75.429500  0.236881
133.600000  76.272500  1.000556
133.700000  75.118500  1.150463
133.800000  75.034500  1.255115
133.900000  76.514500  0.282136
134.000000  76.647500  0.559321
134.100000  76.028000  1.339260
134.200000  75.273500  0.717713
134.300000  75.896500  0.337290
134.400000  76.459000  0.381838
134.500000  74.468000  0.031113
134.600000  76.156500  0.251023
134.700000  75.924000  0.568514
134.800000  76.037000  0.175362
134.900000  74.515000  0.591141
135.000000  75.214500  0.764382
135.100000  75.191500  0.976514
135.200000  75.649500  1.747261
135.300000  76.097000  1.274206
135.400000  76.574500  0.567807
135.500000  75.858500  0.754483
135.600000  76.832500  2.584475
135.700000  75.154000  1.981313
135.800000  75.261500  0.200111
135.900000  75.352500  0.545179
136.000000  76.121000  1.781909
136.100000  75.418500  1.545028
136.200000  75.146000  1.948786
136.300000  76.033500  2.540635
136.400000  76.132500  1.397950
136.500000  76.185000  1.310976
136.600000  75.428500  0.173241
136.700000  75.024000  2.018083
136.800000  75.409000  0.989949
136.900000  76.061000  1.868176
137.000000  75.815000  0.610940
137.100000  76.297500  2.325674
137.200000  75.935500  3.633822
137.300000  75.053000  2.883581
137.400000  75.476500  2.001819
137.500000  74.803000  0.206475
137.600000  74.427000  2.320724
137.700000  76.632000  0.096167
137.800000  76.173000  0.055154
137.900000  75.510000  0.834386
138.000000  74.918000  0.765090
138.100000  76.600500  0.123744
138.200000  75.194000  0.769332
138.300000  76.249500  1.185818
138.400000  75.315500  0.910046
138.500000  75.994500  0.065761
138.600000  75.698500  2.038589
138.700000  76.477000  0.920653
138.800000  75.439500  1.330068
138.900000  76.078500  0.843578
139.000000  75.961500  1.491288
139.100000  76.510000  1.047932
139.200000  74.336000  1.691399
139.300000  76.954000  2.452246
139.400000  75.903500  1.957979
139.500000  75.499500  0.038891
139.600000  75.696500  0.679530
139.700000  75.633000  0.465276
139.800000  75.561000  0.004243
139.900000  76.092000  1.405728
140.000000  75.257000  0.705693
140.100000  75.541500  0.255266
140.200000  74.741000  0.042426
140.300000  74.651500  0.986414
140.400000  76.743000  0.043841
140.500000  74.874500  0.419314
140.600000  75.110000  0.021213
140.700000  76.315000  1.385929
140.800000  75.479500  0.153442
140.900000  75.771000  0.791960
141.000000  74.615500  0.010607
141.100000  74.905000  1.115815
141.200000  74.973000  1.871005
141.300000  75.899000  0.650538
141.400000  73.717000  0.596798
141.500000  74.624000  0.640639
141.600000  75.754000  2.705391
141.700000  74.186000  2.490430
141.800000  74.394000  1.796051
141.900000  75.486000  2.013840
142.000000  75.615000  2.599325
142.100000  75.908000  2.508815
142.200000  74.750500  1.243801
142.300000  75.517500  0.806809
142.400000  74.739500  2.311532
142.500000  75.636500  1.863226
142.600000  74.930500  0.075660
142.700000  75.918500  0.902975
142.800000  75.621500  2.167282
142.900000  75.035000  0.172534
143.000000  75.121000  0.103238
143.100000  75.368500  0.085560
143.200000  75.525000  1.544321
143.300000  75.517500  0.161927
143.400000  75.504000  1.397243
143.500000  75.625000  1.650387
143.600000  75.556500  0.543765
143.700000  76.207500  1.321583
143.800000  75.398500  1.904239
143.900000  76.133500  2.788122
144.000000  76.024500  2.240821
144.100000  74.961000  0.507703
144.200000  76.503500  1.815143
144.300000  75.612500  1.834942
144.400000  74.551000  0.301227
144.500000  76.449000  0.316784
144.600000  76.019000  2.713876
144.700000  75.065500  1.866055
144.800000  75.511000  1.462297
144.900000  75.546000  0.719835
145.000000  74.563000  0.847114
145.100000  75.177500  1.140563
145.200000  75.068000  1.603718
145.300000  75.984000  0.459619
145.400000  76.028000  1.603718
145.500000  75.695500  1.720391
145.600000  75.518000  0.415779
145.700000  75.857000  1.226123
145.800000  75.178000  0.647710
145.900000  76.264000  1.336432
146.000000  75.837500  1.635538
146.100000  75.524000  0.828729
146.200000  76.106500  1.829285
146.300000  75.143000  0.576999
146.400000  74.533500  1.919795
146.500000  74.905000  2.672864
146.600000  75.653000  2.172232
146.700000  75.295000  1.859691
146.800000  75.481000  1.120057
146.900000  76.034000  1.415628
147.000000  75.310500  0.494268
147.100000  75.176000  0.425678
147.200000  75.230500  0.328805
147.300000  76.302000  0.507703
147.400000  75.086500  0.068589
147.500000  74.561000  0.905097
147.600000  74.963000  0.057983
147.700000  75.258500  1.451690
147.800000  73.802500  1.249458
147.900000  74.391500  0.673873
148.000000  75.191500  0.682358
148.100000  74.391000  0.442649
148.200000  75.403500  0.801152
148.300000  75.660000  1.322290
148.400000  75.031000  1.367545
148.500000  75.368500  0.212839
148.600000  76.540500  1.894339
148.700000  77.295500  0.245366
148.800000  75.270000  0.189505
148.900000  74.377000  1.856862
149.000000  75.975500  0.180312
149.100000  75.485500  1.563413
149.200000  75.372500  0.205768
149.300000  75.244000  1.272792
149.400000  74.808500  0.361332
149.500000  74.987500  0.580535
149.600000  75.082500  0.259508
149.700000  74.570500  0.709228
149.800000  74.390500  0.403758
149.900000  73.491000  0.022627
150.000000  75.302000  1.025305
150.100000  74.206500  0.111016
150.200000  75.328500  1.031669
150.300000  74.842500  0.351432
150.400000  75.263000  1.310976
150.500000  74.175500  0.481540
150.600000  74.746000  0.148492
150.700000  74.924000  0.326683
150.800000  75.140500  0.743169
150.900000  74.733500  0.422143
151.000000  75.712500  0.290621
151.100000  74.325000  1.336432
151.200000  74.932500  1.512501
151.300000  74.791500  1.262186
151.400000  75.340500  0.143543
151.500000  75.384500  1.364009
151.600000  75.726500  0.253851
151.700000  75.343500  0.344361
151.800000  75.907000  0.948937
151.900000  76.138000  0.328098
152.000000  75.371500  0.740341
152.100000  74.173000  0.732563
152.200000  75.169500  1.083995
152.300000  74.691500  0.754483
152.400000  75.007500  0.180312
152.500000  74.675000  1.533008
152.600000  74.463500  0.447599
152.700000  74.899000  0.914996
152.800000  74.896500  0.439113
152.900000  74.843000  0.202233
153.000000  74.713000  1.028133
153.100000  74.552500  1.672308
153.200000  75.902000  0.315370
153.300000  74.511500  1.287641
153.400000  74.881000  1.011163
153.500000  76.520500  1.656751
153.600000  74.381500  1.966464
153.700000  75.177500  0.327390
153.800000  74.454000  0.554372
153.900000  74.617000  0.842871
154.000000  74.790500  0.883176
154.100000  74.915000  0.343654
154.200000  74.879000  0.578413
154.300000  75.261000  1.623517
154.400000  75.081500  0.822365
154.500000  76.480500  1.697763
154.600000  75.332000  0.459619
154.700000  76.178500  0.784181
154.800000  76.653000  0.018385
154.900000  75.439000  0.206475
155.000000  75.313000  1.750796
155.100000  75.187500  0.082731
155.200000  75.791000  1.414214
155.300000  74.468500  0.132229
155.400000  75.087500  0.781353
155.500000  74.514500  0.314663
155.600000  75.280000  1.361888
155.700000  75.151500  1.768474
155.800000  74.443500  1.100965
155.900000  74.936500  0.618718
156.000000  74.228500  0.012021
156.100000  75.283500  0.215668
156.200000  74.065500  0.982171
156.300000  75.003000  0.079196
156.400000  75.012000  0.417193
156.500000  75.324500  0.204354
156.600000  75.896500  0.720542
156.700000  74.333000  0.138593
156.800000  74.373000  0.625082
156.900000  73.504000  0.859842
157.000000  73.436500  1.014698
157.100000  74.374000  1.021062
157.200000  75.046000  0.504874
157.300000  73.906000  0.490732
157.400000  74.255000  0.117380
157.500000  74.557000  1.227537
157.600000  74.416500  0.511238
157.700000  75.676500  0.135057
157.800000  74.111000  0.865499
157.900000  75.388000  2.076066
158.000000  76.421000  1.566949
158.100000  75.088500  1.516744
158.200000  74.188000  2.344766
158.300000  75.700500  0.184555
158.400000  76.395500  0.914289
158.500000  74.505500  1.471489
158.600000  74.754000  0.451134
158.700000  75.475500  0.556493
158.800000  74.989000  1.088944
158.900000  75.918500  0.400930
159.000000  75.663500  0.577706
159.100000  75.678500  1.611496
159.200000  75.608500  0.634275
159.300000  76.461000  0.526087
159.400000  74.918500  1.014698
159.500000  77.001500  2.133341
159.600000  75.634500  0.150614
159.700000  75.535000  0.277186
159.800000  75.387500  2.151726
159.900000  74.809000  0.130108
160.000000  75.024500  0.877520
160.100000  75.604000  0.988535
160.200000  74.099500  0.682358
160.300000  75.594000  0.429921
160.400000  75.233500  1.694935
160.500000  76.943500  0.477297
160.600000  75.554000  1.036619
160.700000  75.025000  0.007071
160.800000  75.660000  1.923330
160.900000  74.910000  0.405879
161.000000  74.672500  0.208597
161.100000  75.514500  0.593263
161.200000  75.494000  0.220617
161.300000  75.452500  0.252437
161.400000  75.139000  1.576848
161.500000  75.592500  0.201525
161.600000  75.655500  0.269408
161.700000  75.154000  0.251730
161.800000  76.071500  1.414921
161.900000  75.350500  0.846407
162.000000  76.874500  1.402193
162.100000  75.859000  0.616597
162.200000  74.213500  0.714885
162.300000  75.756500  0.430628
162.400000  75.250000  1.165312
162.500000  75.740000  0.207889
162.600000  75.607500  0.324562
162.700000  75.794000  1.021062
162.800000  74.680500  0.103945
162.900000  75.053000  1.383101
163.000000  75.835000  0.281428
163.100000  75.053500  1.603011
163.200000  75.964000  0.697207
163.300000  76.037000  1.385929
163.400000  75.730500  0.458912
163.500000  75.107000  0.530330
163.600000  75.090000  1.616446
163.700000  74.240000  1.288349
163.800000  75.416000  1.405728
163.900000  74.831000  0.202233
164.000000  75.458000  0.527502
164.100000  75.080500  1.481389
164.200000  75.993500  0.714885
164.300000  76.328500  0.449013
164.400000  75.500500  0.236881
164.500000  76.413500  1.173090
164.600000  74.627000  1.029547
164.700000  75.940000  1.011163
164.800000  75.507500  1.113693
164.900000  75.494000  1.810193
165.000000  76.531000  0.190919
165.100000  75.385500  0.719128
165.200000  74.585000  1.152584
165.300000  74.879500  0.637103
165.400000  75.055000  0.066468
165.500000  76.194000  1.598061
165.600000  75.399000  1.859691
165.700000  75.353000  0.486489
165.800000  74.392500  0.703571
165.900000  74.102000  0.110309
166.000000  74.434500  0.450427
166.100000  75.142000  1.226123
166.200000  76.325000  0.359210
166.300000  75.015500  1.339967
166.400000  75.321000  2.216073
166.500000  76.013000  1.671600
166.600000  74.765500  0.822365
166.700000  74.472000  1.479267
166.800000  74.377500  0.784181
166.900000  75.357500  1.009041
167.000000  74.736500  0.468812
167.100000  74.959500  1.315926
167.200000  74.427000  0.374767
167.300000  73.823000  0.287085
167.400000  74.811500  0.143543
167.500000  74.268000  0.042426
167.600000  75.128000  1.187939
167.700000  74.381000  1.030962
167.800000  74.437000  1.337846
167.900000  74.275000  1.627760
168.000000  74.547000  0.369110
168.100000  74.551000  1.788980
168.200000  74.708000  0.500632
168.300000  75.303000  1.566949
168.400000  73.483500  0.433456
168.500000  74.847500  2.052731
168.600000  74.265500  0.577706
168.700000  74.957500  1.518158
168.800000  74.773000  0.446891
168.900000  74.821500  0.990657
169.000000  74.828000  0.989949
169.100000  76.351000  0.343654
169.200000  75.165500  0.191626
169.300000  74.549000  2.097279
169.400000  74.755500  1.317340
169.500000  74.044500  0.750240
169.600000  75.571500  0.955301
169.700000  74.216000  0.195161
169.800000  75.426500  0.245366
169.900000  75.069000  1.807365
170.000000  73.890500  0.026163
170.100000  75.846000  0.451134
170.200000  75.517000  0.316784
170.300000  76.194000  0.700036
170.400000  74.356500  0.840750
170.500000  75.301500  0.111016
170.600000  75.903000  0.909339
170.700000  75.995000  0.653367
170.800000  74.392500  0.071418
170.900000  74.848000  0.827315
171.000000  74.718000  0.203647
171.100000  74.217000  0.517602
171.200000  74.552500  0.673873
171.300000  74.581500  1.686450
171.400000  74.835500  0.449013
171.500000  75.602500  0.171827
171.600000  74.552000  0.862670
171.700000  75.609000  0.565685
171.800000  75.894000  2.172232
171.900000  73.842500  0.474469
172.000000  75.176500  0.366988
172.100000  74.647000  0.513360
172.200000  74.814500  1.071267
172.300000  75.013000  0.205061
172.400000  75.405500  0.078489
172.500000  75.781000  0.128693
172.600000  75.048500  1.385222
172.700000  74.813500  0.586192
172.800000  76.055000  1.729583
172.900000  74.656500  1.123593
173.000000  75.923000  0.239002
173.100000  75.408500  1.068438
173.200000  74.104500  0.115258
173.300000  75.903500  1.103794
173.400000  74.491500  0.702157
173.500000  75.513500  1.567656
173.600000  74.273000  0.567100
173.700000  73.996000  1.350574
173.800000  74.479000  0.642053
173.900000  75.060000  1.125714
174.000000  74.470000  1.409971
174.100000  73.447000  1.585333
174.200000  74.360500  0.280721
174.300000  74.812500  0.699329
174.400000  75.604500  1.448862
174.500000  75.419000  2.357494
174.600000  73.736500  0.351432
174.700000  75.955000  0.530330
174.800000  74.804000  0.506288
174.900000  74.170000  0.278600
175.000000  76.127500  1.287641
175.100000  76.335500  0.709228
175.200000  73.855000  0.957423
175.300000  75.798500  0.502753
175.400000  74.306500  1.443205
175.500000  75.037500  0.621547
175.600000  75.188000  1.294005
175.700000  76.474000  0.148492
175.800000  74.069500  0.231224
175.900000  75.368500  0.241123
176.000000  73.745000  0.797616
176.100000  74.711000  0.482247
176.200000  74.796500  0.396687
176.300000  74.339000  0.301227
176.400000  75.440000  0.087681
176.500000  74.761500  0.228395
176.600000  74.775500  0.125158
176.700000  75.064500  0.468812
176.800000  75.840500  0.996313
176.900000  74.705000  2.821356
177.000000  74.803000  0.274357
177.100000  76.264000  0.885298
177.200000  75.201000  1.518865
177.300000  75.561500  1.491288
177.400000  75.985000  0.425678
177.500000  77.056500  1.702006
177.600000  75.705000  2.139705
177.700000  75.481000  0.510531
177.800000  75.965000  0.650538
177.900000  76.285500  1.512501
178.000000  76.901000  1.726755
178.100000  75.813500  0.215668
178.200000  75.166000  0.602455
178.300000  75.386500  0.433456
178.400000  76.208500  0.665387
178.500000  76.041000  0.118794
178.600000  75.673500  0.070004
178.700000  75.112000  0.944695
178.800000  75.333500  0.415072
178.900000  75.467500  1.280570
179.000000  75.862500  0.075660
179.100000  76.086500  1.233901
179.200000  74.777000  0.084853
179.300000  76.582000  0.543058
179.400000  75.326500  0.350018
179.500000  75.082500  0.092631
179.600000  75.630500  0.392444
179.700000  76.154000  0.503460
179.800000  74.857000  2.136877
179.900000  75.279000  0.234759
180.000000  76.002000  0.868327
180.100000  74.790000  0.878227
180.200000  75.392000  1.221881
180.300000  76.778500  1.205617
180.400000  76.106000  1.606547
180.500000  75.571000  0.899440
180.600000  74.416000  0.852771
180.700000  76.742000  1.668772
180.800000  75.774500  1.537957
180.900000  76.476500  0.306177
181.000000  75.666000  0.545886
181.100000  73.678500  0.778525
181.200000  75.276000  1.483510
181.300000  75.560000  1.163898
181.400000  77.137000  0.152735
181.500000  76.763500  1.545028
181.600000  76.093000  1.131371
181.700000  76.302500  2.591546
181.800000  74.679000  1.391586
181.900000  74.444000  0.618011
182.000000  74.739500  2.027275
182.100000  75.578500  0.825194
182.200000  74.539000  1.846963
182.300000  74.390000  0.247487
182.400000  75.109500  0.536694
182.500000  74.655000  0.285671
182.600000  74.988000  0.715592
182.700000  74.195000  0.144250
182.800000  74.983500  0.310420
182.900000  73.995500  0.648417
183.000000  75.404000  0.207889
183.100000  75.380000  0.162635
183.200000  76.034000  0.261630
183.300000  75.423000  1.004092
183.400000  74.791000  2.664378
183.500000  76.735500  1.601597
183.600000  75.985000  0.354968
183.700000  76.177500  1.380980
183.800000  76.288000  1.417042
183.900000  75.741000  1.264307
184.000000  75.894000  0.220617
184.100000  74.423500  0.144957
184.200000  75.656500  1.526644
184.300000  74.541000  0.510531
184.400000  76.335500  0.943988
184.500000  75.717000  0.011314
184.600000  75.909000  2.145362
184.700000  75.502000  1.074802
184.800000  75.311000  0.411536
184.900000  75.770000  1.096016
185.000000  75.155500  1.943837
185.100000  76.128000  0.096167
185.200000  74.753000  1.153998
185.300000  76.622500  2.358201
185.400000  74.586000  0.132936
185.500000  76.705500  1.488460
185.600000  75.559000  0.393151
185.700000  76.911000  0.868327
185.800000  75.420000  0.581242
185.900000  76.083500  0.924189
186.000000  75.790000  1.135613
186.100000  75.160000  0.404465
186.200000  74.534000  2.682763
186.300000  75.094500  1.315926
186.400000  75.564000  1.551392
186.500000  75.227500  2.205466
186.600000  77.138500  0.232638
186.700000  74.771000  1.728169
186.800000  75.661000  1.038033
186.900000  76.282500  0.047376
187.000000  76.911000  0.337997
187.100000  75.105500  0.289207
187.200000  75.768500  2.160211
187.300000  75.287000  0.944695
187.400000  75.837000  0.478004
187.500000  75.399000  0.483661
187.600000  77.228000  0.288500
187.700000  77.580500  0.105359
187.800000  76.081000  0.278600
187.900000  76.421000  2.377293
188.000000  76.189500  0.362746
188.100000  75.831000  0.663266
188.200000  75.743500  0.518309
188.300000  75.519500  1.218345
188.400000  75.584000  1.385929
188.500000  75.565500  1.965050
188.600000  75.484000  0.774989
188.700000  75.433500  0.576292
188.800000  76.692500  0.226981
188.900000  75.447500  0.738927
189.000000  75.361000  0.806102
189.100000  74.176000  0.766504
189.200000  74.174500  2.325674
189.300000  73.298500  1.488460
189.400000  74.435000  2.176475
189.500000  75.475500  2.071116
189.600000  75.803000  0.315370
189.700000  75.873500  0.771453
189.800000  75.829500  0.973686
189.900000  75.667500  1.847670
190.000000  76.023000  0.622254
190.100000  75.973500  0.245366
190.200000  75.755000  0.964494
190.300000  76.613500  1.016112
190.400000  76.416500  2.290319
190.500000  75.777500  2.116371
190.600000  76.301500  0.156271
190.700000  77.143500  0.444770
190.800000  76.008000  1.460883
190.900000  75.944000  0.878227
191.000000  75.363500  0.689429
191.100000  74.604500  0.912875
191.200000  75.420500  1.064196
191.300000  75.325000  0.664680
191.400000  74.257000  0.000000
191.500000  76.111500  0.870448
191.600000  75.248500  0.441942
191.700000  75.469000  0.712764
191.800000  75.074500  0.444770
191.900000  74.636500  1.054296
192.000000  75.462500  0.519723
192.100000  74.680500  0.176070
192.200000  75.140500  0.656902
192.300000  75.242000  0.270115
192.400000  74.819000  1.335018
192.500000  75.579500  1.115107
192.600000  73.855500  1.256529
192.700000  74.701000  0.188090
192.800000  74.471000  0.786303
192.900000  75.100000  0.214960
193.000000  75.684500  0.644174
193.100000  75.476500  0.078489
193.200000  75.022000  1.009748
193.300000  74.776000  1.804537
193.400000  75.302500  0.185969
193.500000  76.732500  0.323148
193.600000  76.054500  0.682358
193.700000  75.933000  0.076368
193.800000  74.337500  0.847821
193.900000  75.330500  0.487197
194.000000  74.656500  0.471640
194.100000  76.628500  0.584777
194.200000  74.334500  1.523815
194.300000  75.299000  0.610940
194.400000  73.967000  0.189505
194.500000  74.517000  0.120208
194.600000  75.088500  0.219910
194.700000  74.982000  0.763675
194.800000  76.242500  0.081317
194.900000  76.007500  0.478711
195.000000  75.439500  1.416335
195.100000  75.657500  0.505581
195.200000  74.793000  0.165463
195.300000  75.507500  0.140714
195.400000  74.618000  0.369110
195.500000  76.377500  0.611647
195.600000  75.922000  1.351988
195.700000  76.275500  0.512652
195.800000  73.836500  0.007778
195.900000  75.125000  0.791960
196.000000  75.966000  1.053589
196.100000  74.406000  0.280014
196.200000  75.612500  1.487046
196.300000  75.511000  0.390323
196.400000  74.654500  0.828022
196.500000  75.745000  0.181019
196.600000  74.664500  0.256680
196.700000  74.226500  1.076924
196.800000  75.605000  0.247487
196.900000  75.338500  0.777110
197.000000  75.985000  1.569777
197.100000  74.533500  1.072681
197.200000  75.428500  1.151877
197.300000  75.607500  0.293449
197.400000  74.525500  1.413506
197.500000  75.840000  0.851357
197.600000  75.299500  1.174504
197.700000  74.262500  1.414921
197.800000  74.626500  0.539522
197.900000  76.720500  1.057125
198.000000  75.183500  0.968029
198.100000  75.187500  0.352846
198.200000  74.634000  0.562857
198.300000  75.022500  0.750240
198.400000  75.137500  1.233901
198.500000  74.693500  0.505581
198.600000  74.305500  1.272085
198.700000  75.939500  0.451841
198.800000  74.598500  0.351432
198.900000  75.584000  0.052326
199.000000  75.271000  0.642053
199.100000  74.913500  1.181575
199.200000  75.715000  0.048083
199.300000  75.779500  0.753069
199.400000  74.651500  1.194303
199.500000  76.933500  0.064347
199.600000  76.414500  0.557907
199.700000  75.206000  0.595384
199.800000  74.686500  1.154705
199.900000  75.149500  0.260922
200.000000  75.905500  0.983586
