# aggregated from 2 replicates
# x  mean  std
0.000000  77.449000  0.000000
0.100000  78.038000  1.378858
0.200000  78.593000  0.808930
0.300000  78.433000  0.274357
0.400000  78.576000  0.103238
0.500000  79.528000  0.267286
0.600000  79.761000  1.552806
0.700000  80.349500  1.239558
0.800000  81.045000  1.566949
0.900000  81.592000  0.134350
1.000000  78.994500  0.051619
1.100000  79.732500  0.976514
1.200000  80.074000  2.681349
1.300000  79.881500  0.736098
1.400000  79.918500  1.453104
1.500000  79.548000  3.436539
1.600000  80.349500  1.229659
1.700000  80.532000  0.875398
1.800000  79.218500  0.453255
1.900000  80.730000  0.455377
2.000000  79.482500  1.735947
2.100000  79.432500  0.061518
2.200000  79.948500  1.723219
2.300000  78.298000  0.881055
2.400000  79.859500  0.116673
2.500000  78.779000  1.381687
2.600000  79.013500  0.174655
2.700000  80.559500  0.659731
2.800000  80.314500  1.260771
2.900000  78.444500  0.084146
3.000000  78.455000  1.091773
3.100000  78.775000  0.489318
3.200000  78.644000  0.671751
3.300000  80.069000  0.193747
3.400000  78.776500  0.123744
3.500000  79.076000  1.508966
3.600000  80.094500  0.835093
3.700000  79.361500  1.547857
3.800000  77.649500  0.798324
3.900000  79.000500  0.396687
4.000000  79.507000  1.142685
4.100000  79.356000  1.139856
4.200000  79.140500  1.270671
4.300000  79.251500  0.190212
4.400000  79.723500  1.074095
4.500000  78.458000  0.605283
4.600000  79.414000  0.500632
4.700000  79.893500  0.871863
4.800000  80.209500  1.028840
4.900000  79.072500  1.281985
5.000000  78.864500  0.833679
5.100000  79.459500  1.076924
5.200000  79.982000  1.893632
5.300000  79.572000  1.376030
5.400000  79.676000  0.330926
5.500000  78.907000  1.295420
5.600000  80.292500  0.266579
5.700000  79.581000  1.865348
5.800000  79.668500  1.471489
5.900000  80.271500  0.212839
6.000000  80.043000  0.311127
6.100000  79.328500  0.675287
6.200000  80.257500  2.274763
6.300000  79.807500  0.392444
6.400000  80.744500  0.334462
6.500000  79.249000  0.284257
6.600000  78.622000  0.937624
6.700000  80.894500  1.883025
6.800000  79.791000  1.422699
6.900000  79.968000  1.637659
7.000000  80.070000  0.830143
7.100000  79.219500  1.677964
7.200000  80.287000  0.093338
7.300000  79.288500  1.214102
7.400000  78.948000  0.340825
7.500000  80.429000  0.065054
7.600000  79.162500  0.895904
7.700000  78.733000  1.046518
7.800000  80.086500  0.160513
7.900000  80.496500  0.434871
8.000000  81.262500  0.311834
8.100000  81.987500  0.815294
8.200000  80.269000  1.436841
8.300000  81.139000  0.953180
8.400000  80.029000  0.644881
8.500000  80.831000  2.126977
8.600000  79.842000  1.503309
8.700000  80.101000  2.285369
8.800000  80.693000  0.189505
8.900000  79.432000  1.247336
9.000000  79.763000  1.735240
9.100000  79.285000  0.404465
9.200000  81.010000  0.715592
9.300000  80.405000  0.302642
9.400000  80.230000  0.169706
9.500000  79.620000  1.115815
9.600000  79.471500  0.048790
9.700000  81.046500  0.060104
9.800000  79.351500  0.647003
9.900000  80.077000  0.565685
10.000000  80.468000  1.926159
10.100000  80.518500  0.366988
10.200000  78.880000  0.418607
10.300000  79.516500  0.333047
10.400000  80.008500  0.784181
10.500000  80.698000  1.088944
10.600000  79.968000  0.226274
10.700000  80.851500  1.516744
10.800000  80.436500  0.811051
10.900000  80.237500  0.449013
11.000000  80.931500  1.219759
11.100000  80.191000  1.131371
11.200000  79.862500  1.153291
11.300000  80.009500  0.743169
11.400000  78.807000  0.401637
11.500000  79.331500  1.250872
11.600000  79.822000  1.916259
11.700000  79.459500  0.733270
11.800000  79.531500  1.211274
11.900000  79.740000  1.411385
12.000000  79.486000  0.140007
12.100000  79.429000  0.452548
12.200000  80.289000  0.114551
12.300000  78.832000  1.500481
12.400000  79.412000  0.339411
12.500000  78.444500  0.432042
12.600000  79.886500  0.895904
12.700000  80.753000  1.417042
12.800000  79.971000  0.755190
12.900000  79.839500  1.850498
13.000000  80.536000  0.626497
13.100000  79.039500  0.572049
13.200000  79.609000  0.189505
13.300000  80.894500  3.404719
13.400000  80.424500  1.224002
13.500000  80.478000  2.167989
13.600000  79.628500  1.209860
13.700000  78.930500  0.768625
13.800000  80.901500  2.908330
13.900000  81.163500  0.795495
14.000000  78.757000  0.272943
14.100000  79.185500  1.638366
14.200000  79.244000  1.615032
14.300000  78.782000  0.309713
14.400000  79.434500  0.645588
14.500000  79.740000  0.760847
14.600000  79.988000  1.878076
14.700000  79.433000  0.089095
14.800000  79.655000  0.926310
14.900000  80.540500  1.577555
15.000000  81.074500  1.959393
15.100000  79.938500  0.091217
15.200000  80.011000  0.087681
15.300000  79.190000  2.060509
15.400000  79.500500  1.134906
15.500000  79.177500  0.820951
15.600000  79.843000  2.787415
15.700000  78.813500  1.564827
15.800000  78.706500  0.009192
15.900000  79.072500  1.328654
16.000000  80.301500  0.269408
16.100000  79.384500  1.967878
16.200000  80.282500  2.467096
16.300000  80.047000  1.019648
16.400000  78.474000  0.497803
16.500000  80.165500  0.239709
16.600000  79.770500  0.809637
16.700000  79.463000  2.484773
16.800000  80.224000  2.419719
16.900000  80.342000  2.906209
17.000000  79.642000  1.575434
17.100000  79.051000  1.409971
17.200000  79.148000  2.593668
17.300000  80.447500  0.433456
17.400000  80.364000  0.424264
17.500000  79.314500  1.475732
17.600000  79.486000  2.020911
17.700000  79.192500  2.058388
17.800000  78.585500  0.060104
17.900000  78.546500  0.601748
18.000000  79.452000  0.138593
18.100000  79.322000  1.421285
18.200000  79.213000  0.520431
18.300000  78.478000  1.467954
18.400000  79.441500  1.651094
18.500000  79.953000  2.544170
18.600000  78.889000  1.330775
18.700000  79.695000  2.111421
18.800000  79.579000  3.112684
18.900000  79.822000  2.559727
19.000000  81.079000  1.453812
19.100000  79.372000  1.800294
19.200000  79.148500  0.054447
19.300000  80.005000  0.700036
19.400000  79.450500  0.702157
19.500000  79.247500  0.836507
19.600000  78.449000  1.121471
19.700000  78.921500  1.071267
19.800000  79.015000  1.606547
19.900000  79.275500  0.419314
20.000000  79.086500  0.441942
20.100000  77.895000  2.993890
20.200000  79.351500  1.174504
20.300000  79.762500  1.676550
20.400000  79.217000  1.417042
20.500000  80.064500  0.270822
20.600000  78.526500  0.050205
20.700000  78.863500  0.072832
20.800000  79.043000  1.079045
20.900000  77.668000  0.926310
21.000000  80.133000  0.931967
21.100000  79.750000  3.230064
21.200000  79.069500  3.345322
21.300000  80.607500  1.513916
21.400000  80.234000  3.340372
21.500000  78.732500  1.492702
21.600000  79.059500  1.977778
21.700000  78.911500  1.566242
21.800000  79.221500  2.403456
21.900000  80.284500  0.577706
22.000000  79.385500  0.727613
22.100000  81.208000  0.330926
22.200000  80.063500  1.393707
22.300000  78.922500  2.419012
22.400000  79.950500  3.326937
22.500000  79.017000  2.593668
22.600000  80.071000  1.837063
22.700000  79.337500  3.700290
22.800000  80.224000  1.955857
22.900000  79.046000  1.494824
23.000000  79.566000  2.665793
23.100000  79.119500  1.656751
23.200000  78.779500  0.992071
23.300000  78.472500  0.351432
23.400000  80.178000  0.814587
23.500000  78.611000  1.269964
23.600000  79.007000  1.467954
23.700000  78.893500  1.537957
23.800000  78.690500  0.094045
23.900000  77.956500  0.099702
24.000000  79.373000  0.282843
24.100000  78.788000  0.067882
24.200000  79.175500  0.682358
24.300000  78.327000  0.024042
24.400000  77.700500  1.434720
24.500000  78.190000  1.783323
24.600000  78.276000  2.849640
24.700000  80.054500  0.772868
24.800000  79.115000  1.234608
24.900000  78.912000  0.035355
25.000000  79.264500  0.007778
25.100000  78.831500  0.132229
25.200000  79.290000  0.963079
25.300000  81.048500  0.316077
25.400000  80.103500  2.410527
25.500000  78.834500  1.628467
25.600000  80.887500  0.183141
25.700000  79.997500  1.680793
25.800000  79.038500  2.102228
25.900000  79.649000  0.685894
26.000000  79.382500  0.504167
26.100000  79.751000  0.544472
26.200000  80.091500  1.402193
26.300000  79.525500  1.711906
26.400000  78.135500  0.366988
26.500000  80.931500  1.820800
26.600000  79.981000  0.535987
26.700000  79.818000  2.037882
26.800000  79.700500  1.113693
26.900000  79.471000  1.436841
27.000000  78.226000  0.895197
27.100000  79.143000  0.630739
27.200000  78.902000  1.868176
27.300000  78.058500  0.396687
27.400000  79.114500  1.385222
27.500000  79.639000  1.267135
27.600000  79.174500  0.415072
27.700000  79.970000  0.197990
27.800000  79.470000  0.719835
27.900000  80.081500  0.924189
28.000000  79.523000  0.519016
28.100000  79.676500  0.645588
28.200000  79.750500  0.757311
28.300000  79.145000  1.467954
28.400000  78.646500  0.389616
28.500000  78.612500  0.132229
28.600000  77.811500  0.409415
28.700000  79.477500  0.283550
28.800000  77.797500  0.253851
28.900000  79.341000  0.439820
29.000000  78.217000  0.106066
29.100000  78.911500  1.099551
29.200000  79.078500  0.816708
29.300000  78.232000  1.581091
29.400000  78.749000  0.697207
29.500000  79.190000  0.588313
29.600000  78.364500  0.106773
29.700000  79.249000  2.897724
29.800000  77.320500  1.453104
29.900000  78.876000  1.879490
30.000000  76.381000  0.196576
30.100000  78.116500  0.167584
30.200000  77.426500  0.898733
30.300000  78.790500  0.751655
30.400000  79.058500  0.205768
30.500000  77.967500  0.330219
30.600000  78.977500  0.638517
30.700000  78.928000  1.566949
30.800000  79.029500  1.062781
30.900000  77.734500  0.477297
31.000000  79.295000  0.707107
31.100000  79.876500  2.884289
31.200000  77.347500  2.235165
31.300000  79.022000  1.152584
31.400000  79.999500  0.338704
31.500000  79.174000  0.395980
31.600000  80.307500  0.898733
31.700000  77.903000  0.072125
31.800000  78.284000  1.152584
31.900000  78.510000  0.181019
32.000000  79.748000  0.398808
32.100000  78.505000  0.151321
32.200000  79.111500  1.413506
32.300000  78.228000  0.953180
32.400000  78.254500  0.144957
32.500000  78.729000  0.636396
32.600000  77.911500  2.707512
32.700000  79.541500  0.176070
32.800000  78.514500  0.004950
32.900000  79.295000  0.504874
33.000000  76.975500  0.327390
33.100000  77.716000  0.783474
33.200000  78.635000  0.196576
33.300000  78.565500  1.475732
33.400000  77.966500  0.579120
33.500000  79.218500  1.785445
33.600000  80.410000  0.492146
33.700000  79.223500  1.649680
33.800000  78.799500  0.453255
33.900000  78.922000  0.162635
34.000000  77.882000  1.257236
34.100000  77.373500  0.883176
34.200000  79.098000  0.591141
34.300000  77.658000  0.900854
34.400000  79.196500  1.018941
34.500000  80.552000  0.783474
34.600000  79.101000  0.960251
34.700000  78.202000  0.193747
34.800000  79.575500  0.833679
34.900000  80.931500  0.846407
35.000000  79.053500  0.869034
35.100000  78.783000  1.725341
35.200000  79.642500  1.365423
35.300000  78.313000  0.890955
35.400000  79.618500  0.464569
35.500000  78.684000  0.736805
35.600000  79.693500  1.767060
35.700000  78.987500  0.779939
35.800000  80.023500  0.504167
35.900000  79.096500  0.422143
36.000000  79.145000  1.059246
36.100000  78.718500  0.017678
36.200000  78.469500  2.059802
36.300000  78.633000  0.066468
36.400000  78.953000  1.124300
36.500000  78.715500  2.476995
36.600000  77.703000  2.360322
36.700000  78.088000  0.767918
36.800000  79.079500  0.054447
36.900000  78.556500  0.867620
37.000000  78.399000  0.873984
37.100000  78.839500  0.911461
37.200000  77.731500  0.482954
37.300000  78.486500  0.068589
37.400000  79.319000  0.038184
37.500000  78.874500  1.277742
37.600000  78.391500  0.723370
37.700000  79.026500  0.477297
37.800000  79.870500  0.055861
37.900000  78.592000  2.170818
38.000000  80.356500  0.516895
38.100000  80.581500  2.096572
38.200000  79.406500  1.475732
38.300000  78.334000  1.066317
38.400000  79.132000  1.084702
38.500000  79.555000  0.060811
38.600000  78.198500  0.621547
38.700000  77.722500  0.034648
38.800000  78.866000  0.963079
38.900000  79.122500  0.057276
39.000000  79.629500  1.888682
39.100000  78.845000  0.756604
39.200000  77.151500  0.185969
39.300000  78.046500  1.627053
39.400000  77.771500  0.328805
39.500000  77.343500  0.924189
39.600000  79.376000  0.900854
39.700000  80.396000  3.426639
39.800000  77.822000  2.159504
39.900000  78.439500  1.187232
40.000000  79.204000  2.026568
40.100000  77.898000  1.552806
40.200000  77.240000  0.207889
40.300000  78.248000  1.397243
40.400000  79.006500  0.693672
40.500000  78.242500  0.962372
40.600000  79.016000  1.435427
40.700000  77.828500  0.218496
40.800000  76.934500  0.912875
40.900000  78.789000  0.581242
41.000000  77.512000  1.484924
41.100000  79.043000  2.375879
41.200000  78.522500  1.144806
41.300000  78.603500  1.298955
41.400000  78.000500  0.188798
41.500000  78.897500  1.771302
41.600000  78.639500  0.480126
41.700000  78.294000  1.271378
41.800000  78.423500  0.894490
41.900000  77.426500  0.075660
42.000000  78.334500  0.481540
42.100000  77.669000  1.120057
42.200000  77.917000  1.684328
42.300000  78.230500  0.441942
42.400000  77.289500  1.747261
42.500000  78.207000  0.814587
42.600000  78.828500  2.141826
42.700000  78.537000  2.104350
42.800000  79.466500  1.318754
42.900000  78.416000  0.397394
43.000000  80.898500  0.297692
43.100000  80.201000  0.735391
43.200000  78.047500  0.187383
43.300000  79.581500  1.362595
43.400000  77.841500  0.447599
43.500000  79.333500  0.614476
43.600000  80.719500  2.370929
43.700000  79.678500  0.844993
43.800000  78.576500  1.250872
43.900000  79.604000  0.772161
44.000000  78.357000  0.370524
44.100000  78.857500  0.753069
44.200000  78.429000  1.039447
44.300000  79.981000  0.438406
44.400000  79.747000  0.637810
44.500000  78.839500  0.265165
44.600000  78.995000  1.698470
44.700000  79.256000  0.603869
44.800000  78.881000  1.176626
44.900000  79.084000  2.810042
45.000000  78.549500  0.147785
45.100000  77.981500  1.044397
45.200000  78.636000  0.514774
45.300000  78.205500  0.276479
45.400000  78.143500  0.767211
45.500000  78.264000  0.712764
45.600000  78.082000  1.035204
45.700000  79.331000  0.466690
45.800000  78.145500  0.641346
45.900000  79.455000  1.371787
46.000000  79.243000  1.080459
46.100000  79.880000  0.060811
46.200000  78.830000  2.375879
46.300000  78.690500  0.316077
46.400000  79.738500  0.071418
46.500000  79.492000  1.408557
46.600000  78.206500  0.538108
46.700000  79.230500  0.210011
46.800000  79.229500  1.042983
46.900000  78.198000  1.793223
47.000000  79.305000  0.336583
47.100000  79.182500  1.028840
47.200000  78.120500  1.495531
47.300000  78.327000  0.308299
47.400000  78.027000  0.315370
47.500000  78.770500  0.881762
47.600000  78.089500  0.372645
47.700000  78.471000  0.736805
47.800000  78.056500  0.292035
47.900000  78.977500  0.217082
48.000000  80.217000  0.722663
48.100000  77.252500  0.400930
48.200000  78.709000  2.013840
48.300000  78.709500  0.228395
48.400000  80.120000  0.441235
48.500000  79.227500  0.156271
48.600000  78.836500  1.880197
48.700000  79.265500  3.104906
48.800000  79.058000  3.309260
48.900000  79.716000  1.606547
49.000000  79.592500  1.727462
49.100000  79.509500  0.730441
49.200000  78.777500  3.128948
49.300000  78.969500  2.987526
49.400000  79.743000  2.909037
49.500000  79.999500  2.437397
49.600000  79.065000  0.619426
49.700000  78.086000  0.493561
49.800000  77.890000  1.589576
49.900000  77.827500  0.699329
50.000000  79.204500  2.126270
50.100000  78.489500  1.806658
50.200000  79.206500  2.800850
50.300000  79.348000  2.880753
50.400000  79.021500  2.755595
50.500000  79.863000  2.032225
50.600000  79.307500  4.403154
50.700000  77.261500  0.546594
50.800000  79.153000  2.677106
50.900000  78.542000  1.837063
51.000000  78.028000  0.871156
51.100000  78.771000  0.302642
51.200000  78.562000  0.364867
51.300000  78.651500  1.259357
51.400000  79.140500  0.729027
51.500000  77.695500  1.755746
51.600000  77.828000  1.016820
51.700000  78.125000  1.285520
51.800000  78.454500  1.181575
51.900000  79.218000  2.750645
52.000000  78.477000  2.808628
52.100000  78.637500  1.166019
52.200000  78.924000  1.779081
52.300000  78.830500  1.076924
52.400000  79.591000  0.575585
52.500000  78.682500  0.430628
52.600000  78.190000  0.724077
52.700000  77.910000  0.865499
52.800000  79.395500  1.338553
52.900000  79.514000  0.989949
53.000000  78.732000  0.950352
53.100000  80.806000  0.755190
53.200000  79.418000  0.442649
53.300000  79.927500  1.632710
53.400000  79.334000  0.296985
53.500000  78.380000  0.758018
53.600000  79.459000  1.511794
53.700000  78.608000  0.794788
53.800000  79.347500  0.977929
53.900000  78.081500  0.815294
54.000000  79.379000  1.394415
54.100000  80.078000  0.514774
54.200000  80.542500  1.656751
54.300000  79.497000  1.589576
54.400000  78.373500  0.446184
54.500000  79.394500  0.648417
54.600000  79.682500  1.817972
54.700000  78.998500  1.744432
54.800000  79.125500  0.949644
54.900000  78.895000  0.070711
55.000000  78.392000  0.313955
55.100000  77.985500  2.566091
55.200000  78.733500  0.528209
55.300000  79.025500  0.939745
55.400000  79.304500  1.083995
55.500000  79.813000  1.820093
55.600000  80.216500  1.123593
55.700000  79.599000  0.920653
55.800000  79.556000  0.487904
55.900000  80.092000  0.370524
56.000000  78.912500  0.755897
56.100000  80.274000  0.985707
56.200000  79.074500  1.714734
56.300000  81.080000  0.640639
56.400000  80.109000  1.108743
56.500000  79.828500  1.272085
56.600000  79.093500  0.791252
56.700000  79.710500  0.695086
56.800000  79.797500  0.911461
56.900000  79.251500  0.071418
57.000000  79.740000  0.889540
57.100000  79.533500  2.568919
57.200000  80.194000  2.535685
57.300000  79.569500  0.932674
57.400000  80.096000  2.525785
57.500000  78.827000  0.247487
57.600000  80.800500  1.801001
57.700000  79.911500  1.375323
57.800000  79.852500  0.914289
57.900000  78.286000  0.701450
58.000000  78.944000  1.052175
58.100000  80.855500  0.341533
58.200000  80.464000  2.631851
58.300000  79.650000  1.650387
58.400000  79.669500  0.934088
58.500000  79.592000  2.418305
58.600000  79.950500  1.561999
58.700000  78.881000  1.336432
58.800000  78.967500  1.091066
58.900000  78.992500  2.867318
59.000000  78.137500  1.064196
59.100000  78.911000  1.214809
59.200000  79.265500  1.709077
59.300000  79.142500  1.631295
59.400000  79.202000  2.979748
59.500000  79.346000  2.163747
59.600000  79.022000  2.156676
59.700000  79.593500  1.178747
59.800000  80.131500  1.463004
59.900000  78.937500  0.596091
60.000000  78.861500  0.505581
60.100000  79.437500  0.146371
60.200000  80.616500  2.221022
60.300000  80.124000  0.675994
60.400000  80.438500  1.106622
60.500000  80.501000  2.279712
60.600000  78.983500  2.868732
60.700000  79.302000  1.391586
60.800000  79.423000  2.958535
60.900000  79.685500  1.133492
61.000000  79.644000  1.326532
61.100000  78.892000  0.913582
61.200000  78.609500  1.095308
61.300000  79.036000  0.961665
61.400000  79.899000  3.019346
61.500000  80.632000  0.386080
61.600000  80.611500  1.994748
61.700000  81.285500  2.571747
61.800000  80.687500  1.392293
61.900000  79.928000  0.769332
62.000000  79.776000  0.438406
62.100000  80.206500  3.533413
62.200000  78.859500  1.192889
62.300000  79.300000  0.325269
62.400000  79.211500  0.854892
62.500000  79.335500  1.174504
62.600000  78.348500  0.589020
62.700000  78.074500  0.764382
62.800000  80.062000  1.992627
62.900000  78.819000  0.387495
63.000000  79.284000  1.236023
63.100000  80.248000  0.364867
63.200000  80.417500  2.312946
63.300000  79.370500  0.628618
63.400000  78.846500  1.262186
63.500000  80.321000  1.073388
63.600000  78.939500  0.598919
63.700000  79.801000  0.504874
63.800000  80.350500  0.028991
63.900000  79.755500  0.375474
64.000000  80.000000  0.950352
64.100000  79.809500  2.259206
64.200000  79.192500  1.126421
64.300000  79.744500  0.300520
64.400000  79.832000  0.610940
64.500000  79.207500  0.176070
64.600000  79.375000  0.585484
64.700000  79.455000  0.668923
64.800000  79.095000  1.441084
64.900000  79.271500  2.359615
65.000000  78.799000  0.715592
65.100000  79.201500  0.225567
65.200000  79.511000  1.650387
65.300000  78.217000  0.551543
65.400000  77.961000  3.153696
65.500000  77.302500  1.567656
65.600000  78.559000  0.550129
65.700000  79.135500  2.355373
65.800000  78.215000  1.670186
65.900000  79.137000  0.254558
66.000000  77.730000  2.136877
66.100000  79.095000  0.336583
66.200000  80.123000  1.964343
66.300000  78.677000  0.412950
66.400000  80.009500  0.894490
66.500000  80.156500  0.813880
66.600000  80.563000  1.230366
66.700000  80.085500  0.364160
66.800000  79.484000  0.762261
66.900000  78.828000  1.517451
67.000000  79.684500  0.581949
67.100000  79.593000  0.827315
67.200000  79.252500  0.133643
67.300000  80.122000  2.033639
67.400000  79.007500  1.728876
67.500000  79.583000  0.209304
67.600000  78.428500  0.135057
67.700000  79.153000  1.658873
67.800000  80.205000  1.832821
67.900000  78.289500  0.338704
68.000000  80.113000  1.380272
68.100000  80.133000  0.903682
68.200000  79.625500  0.333047
68.300000  79.514000  0.356382
68.400000  78.168500  0.226981
68.500000  78.093500  0.256680
68.600000  77.888000  0.565685
68.700000  78.118500  1.315926
68.800000  78.281500  0.505581
68.900000  79.330000  0.169706
69.000000  79.322500  1.407850
69.100000  80.206500  0.928431
69.200000  81.104500  1.379565
69.300000  79.603500  1.764231
69.400000  78.505500  0.586192
69.500000  78.784500  0.229810
69.600000  78.189000  0.386080
69.700000  78.630500  1.069853
69.800000  78.836000  0.055154
69.900000  80.366000  0.521845
70.000000  79.928500  0.584777
70.100000  79.615500  1.508259
70.200000  79.845000  1.049346
70.300000  78.906500  0.036062
70.400000  78.522500  0.246780
70.500000  80.069000  1.142685
70.600000  78.078000  1.791809
70.700000  79.791000  0.733977
70.800000  80.385000  0.721249
70.900000  80.739000  0.523259
71.000000  80.375500  0.552250
71.100000  80.306500  0.458912
71.200000  80.502500  0.608819
71.300000  78.812000  1.600890
71.400000  79.764500  0.207182
71.500000  80.070500  0.795495
71.600000  79.409500  0.801152
71.700000  79.569000  0.050912
71.800000  79.794500  1.492702
71.900000  79.261500  0.273650
72.000000  77.450500  0.077075
72.100000  79.980000  0.890955
72.200000  79.896500  0.263751
72.300000  80.226000  0.422850
72.400000  78.108000  0.934795
72.500000  78.164500  1.484217
72.600000  80.933000  1.142685
72.700000  80.595000  0.999849
72.800000  80.162000  0.456791
72.900000  79.624000  0.125865
73.000000  78.867000  1.547150
73.100000  78.594500  0.509824
73.200000  80.121000  1.214809
73.300000  79.911500  0.149200
73.400000  80.430000  0.124451
73.500000  80.043000  0.929138
73.600000  79.881000  0.760847
73.700000  79.655000  1.486338
73.800000  80.041500  2.559019
73.900000  80.212000  0.032527
74.000000  80.193000  0.625082
74.100000  80.648000  1.319461
74.200000  79.826000  0.817415
74.300000  79.524000  0.212132
74.400000  79.876000  1.261478
74.500000  80.200000  0.192333
74.600000  79.886500  0.119501
74.700000  78.165000  1.986970
74.800000  80.641500  1.007627
74.900000  80.307500  0.348604
75.000000  79.401500  0.342947
75.100000  80.603000  0.319612
75.200000  78.448500  1.706249
75.300000  80.210000  1.195010
75.400000  80.198000  0.316784
75.500000  79.118500  0.871863
75.600000  80.059000  0.190919
75.700000  78.365000  1.730997
75.800000  79.112500  2.006062
75.900000  79.024000  1.120057
76.000000  79.631500  3.049752
76.100000  79.127000  0.267286
76.200000  79.073500  2.625487
76.300000  78.769500  0.259508
76.400000  78.202000  0.705693
76.500000  79.219000  1.673015
76.600000  79.666000  0.615183
76.700000  80.391000  2.234457
76.800000  80.169500  1.498359
76.900000  79.708000  0.169706
77.000000  79.158500  1.318754
77.100000  79.126500  0.632861
77.200000  80.767000  0.681651
77.300000  79.710000  0.159806
77.400000  79.476000  0.598212
77.500000  78.799500  2.284662
77.600000  79.891000  1.671600
77.700000  79.048500  0.886005
77.800000  78.964000  0.253144
77.900000  78.191000  0.953180
78.000000  79.947500  0.968029
78.100000  78.498500  0.020506
78.200000  80.012000  0.851357
78.300000  78.635000  0.977222
78.400000  79.843000  0.219203
78.500000  79.524500  1.109451
78.600000  79.847000  1.279863
78.700000  78.539000  0.560029
78.800000  79.632000  2.134048
78.900000  79.967500  0.993485
79.000000  80.241000  0.219203
79.100000  80.025000  0.224860
79.200000  80.083000  0.530330
79.300000  80.204500  0.721956
79.400000  78.433500  0.864792
79.500000  79.779500  0.579120
79.600000  79.496500  0.721956
79.700000  80.374000  0.439820
79.800000  79.881500  1.400779
79.900000  78.742500  1.129250
80.000000  79.817000  1.998284
80.100000  80.299000  1.097430
80.200000  78.336000  2.627609
80.300000  82.024500  1.037326
80.400000  80.583000  0.574171
80.500000  79.245000  1.169555
80.600000  81.665500  2.120613
80.700000  80.387500  1.335725
80.800000  80.432500  1.974949
80.900000  79.403500  0.965201
81.000000  79.058500  1.593112
81.100000  79.560500  2.017376
81.200000  79.529500  0.572049
81.300000  79.202500  1.885854
81.400000  78.309500  1.515330
81.500000  79.294000  0.410122
81.600000  78.845500  1.704834
81.700000  78.780500  1.438962
81.800000  78.745500  2.112128
81.900000  78.346000  1.196425
82.000000  78.049000  1.667358
82.100000  78.422500  0.983586
82.200000  78.312000  0.858428
82.300000  79.838000  0.773575
82.400000  79.995000  0.137179
82.500000  79.150500  0.337290
82.600000  80.032500  0.119501
82.700000  79.692000  0.799031
82.800000  78.776000  1.501895
82.900000  79.713000  2.029396
83.000000  78.254500  1.837771
83.100000  79.234500  1.595940
83.200000  78.748500  0.779939
83.300000  79.857000  0.859842
83.400000  79.687000  0.408708
83.500000  79.977000  1.469368
83.600000  79.893500  2.571747
83.700000  80.580500  2.911159
83.800000  79.228000  0.879641
83.900000  79.327000  1.774838
84.000000  80.151500  0.905804
84.100000  79.850000  0.656195
84.200000  79.836000  0.848528
84.300000  78.463500  0.276479
84.400000  80.871500  1.065610
84.500000  80.118500  1.389465
84.600000  79.405000  0.205061
84.700000  80.162000  1.322290
84.800000  80.862500  1.129250
84.900000  78.481000  1.473611
85.000000  79.473000  0.145664
85.100000  80.614500  0.802566
85.200000  80.144500  0.791252
85.300000  80.855500  1.611496
85.400000  80.444000  0.461034
85.500000  79.997000  0.482247
85.600000  79.972000  1.467954
85.700000  80.735000  0.441235
85.800000  80.604500  1.028840
85.900000  79.658500  1.529472
86.000000  78.661500  0.624375
86.100000  77.965500  0.556493
86.200000  78.957000  3.293703
86.300000  78.339500  3.089350
86.400000  79.437500  0.992071
86.500000  79.076000  1.005506
86.600000  79.705000  0.376181
86.700000  80.396500  1.702006
86.800000  78.188000  1.400071
86.900000  80.081500  1.433305
87.000000  79.178000  1.002677
87.100000  78.511500  2.622659
87.200000  78.319500  0.603162
87.300000  81.325500  0.775696
87.400000  78.586500  3.155818
87.500000  77.707000  2.750645
87.600000  78.309500  0.258094
87.700000  78.328500  2.113542
87.800000  78.591500  4.058086
87.900000  78.258500  2.699027
88.000000  78.718500  4.215064
88.100000  78.146000  0.760847
88.200000  78.992000  2.962777
88.300000  79.053000  0.233345
88.400000  78.146500  0.555079
88.500000  78.646500  2.799436
88.600000  79.298500  2.988940
88.700000  78.973000  2.747817
88.800000  78.752000  2.281126
88.900000  78.614000  1.574020
89.000000  79.222000  3.002375
89.100000  79.661000  2.012426
89.200000  78.434000  2.023740
89.300000  80.610500  1.769888
89.400000  80.382500  1.511087
89.500000  78.849500  1.805244
89.600000  78.198000  3.628872
89.700000  79.833500  2.380829
89.800000  79.581000  2.288198
89.900000  79.439000  1.059246
90.000000  79.366000  0.657609
90.100000  78.191000  1.284106
90.200000  80.274000  3.201780
90.300000  78.846500  1.479974
90.400000  78.101000  1.393000
90.500000  79.833000  0.459619
90.600000  79.520000  1.936058
90.700000  80.351500  0.886005
90.800000  79.960000  2.824184
90.900000  80.296500  1.341382
91.000000  79.731500  0.144957
91.100000  78.929500  2.110714
91.200000  78.778500  1.854741
91.300000  79.079500  2.977627
91.400000  78.665500  2.365272
91.500000  79.191500  2.245064
91.600000  80.486500  0.051619
91.700000  79.567000  1.318047
91.800000  78.226000  0.567100
91.900000  78.214500  0.070004
92.000000  80.061500  2.165868
92.100000  79.786500  2.004648
92.200000  79.138000  0.755190
92.300000  78.680000  1.412799
92.400000  78.552000  1.772010
92.500000  78.748000  1.821507
92.600000  78.032500  1.638366
92.700000  79.452000  2.151019
92.800000  78.330000  1.060660
92.900000  80.391000  3.037731
93.000000  77.890000  1.909188
93.100000  78.489000  0.671751
93.200000  79.331500  1.501188
93.300000  78.306500  4.217892
93.400000  78.690000  2.250014
93.500000  79.583500  3.498057
93.600000  76.572000  3.017932
93.700000  79.922000  3.249863
93.800000  80.007500  2.628316
93.900000  79.375500  0.770039
94.000000  79.095500  1.830699
94.100000  80.125500  0.091217
94.200000  80.208500  1.174504
94.300000  80.435500  1.126421
94.400000  78.675500  0.696500
94.500000  79.895500  1.914138
94.600000  79.089000  2.382950
94.700000  78.598500  2.001819
94.800000  79.142500  2.939443
94.900000  80.400000  3.109856
95.000000  78.521500  2.945100
95.100000  78.723500  0.620133
95.200000  78.897000  1.436841
95.300000  80.286500  0.122329
95.400000  78.592000  0.999849
95.500000  78.437500  1.438962
95.600000  79.808000  0.158392
95.700000  78.684500  2.723068
95.800000  79.809000  0.502046
95.900000  78.946500  0.184555
96.000000  79.718500  0.712057
96.100000  79.533000  0.207889
96.200000  79.360500  0.215668
96.300000  79.533500  0.297692
96.400000  78.401000  0.786303
96.500000  79.874000  2.638923
96.600000  79.984000  1.081873
96.700000  79.953000  0.219203
96.800000  79.164000  0.049497
96.900000  79.762000  1.192182
97.000000  78.351500  0.837922
97.100000  78.241000  3.167838
97.200000  78.470500  2.741453
97.300000  80.046000  3.172081
97.400000  78.662500  1.802415
97.500000  79.301500  2.909744
97.600000  79.309500  2.853176
97.700000  79.287000  1.624931
97.800000  80.503000  1.521694
97.900000  79.585500  2.069702
98.000000  79.716500  1.410678
98.100000  80.682000  3.128240
98.200000  78.932000  1.129957
98.300000  78.774500  2.064045
98.400000  80.315500  0.960958
98.500000  80.320500  1.494117
98.600000  81.624500  0.416486
98.700000  80.465000  1.315219
98.800000  78.102000  1.572605
98.900000  79.589000  0.964494
99.000000  80.020000  0.755190
99.100000  79.555500  0.601748
99.200000  79.841000  1.709784
99.300000  79.240000  0.115966
99.400000  78.189000  1.675843
99.500000  78.799000  1.472196
99.600000  79.723500  1.461590
99.700000  79.369500  2.218194
99.800000  79.468500  0.197283
99.900000  78.570000  1.333603
100.000000  78.462000  0.650538
