# aggregated from 2 replicates
# x  mean  std
0.000000  79.019959  0.000000
0.100000  78.958292  1.941195
0.200000  75.727537  3.703610
0.300000  74.147455  2.726520
0.400000  75.741364  4.007069
0.500000  76.034182  8.680615
0.600000  72.449500  0.695938
0.700000  73.356403  2.848621
0.800000  72.485913  4.462434
0.900000  73.065967  2.573608
1.000000  68.210891  0.920260
1.100000  74.279551  4.146592
1.200000  70.000445  2.688081
1.300000  70.798417  3.027756
1.400000  70.220013  0.589594
1.500000  68.508356  4.980850
1.600000  70.724977  4.596185
1.700000  73.607136  11.374747
1.800000  70.554565  1.483330
1.900000  67.410604  7.681131
2.000000  69.299856  13.489548
2.100000  69.958072  3.681283
2.200000  67.105514  12.630707
2.300000  65.417090  15.729194
2.400000  63.345231  13.541057
2.500000  64.101380  15.181683
2.600000  67.185364  13.924282
2.700000  62.480521  14.347438
2.800000  64.919182  6.795986
2.900000  65.321353  14.200985
3.000000  63.859862  11.066561
3.100000  60.998396  13.386582
3.200000  66.483378  9.585276
3.300000  65.852151  17.016660
3.400000  67.432372  10.548475
3.500000  66.929146  17.960322
3.600000  66.062078  9.072828
3.700000  67.481762  13.787335
3.800000  69.038598  14.783797
3.900000  67.616771  14.601655
4.000000  68.148807  12.658359
4.100000  66.921129  12.866359
4.200000  69.110312  11.118575
4.300000  67.196422  11.579876
4.400000  66.228375  7.776689
4.500000  66.338972  7.565379
4.600000  67.659957  13.967249
4.700000  69.088591  18.133018
4.800000  65.782666  21.198726
4.900000  64.377666  17.371626
5.000000  66.791195  17.189726
5.100000  62.806749  14.336302
5.200000  67.535330  17.912775
5.300000  67.995398  14.568610
5.400000  64.947176  16.036000
5.500000  65.397839  23.688571
5.600000  65.683041  18.624249
5.700000  70.418178  19.888453
5.800000  69.452213  20.406916
5.900000  69.814390  21.554778
6.000000  65.941091  17.304476
6.100000  63.842022  21.197441
6.200000  68.489516  14.915585
6.300000  65.292656  15.470518
6.400000  66.421433  21.376421
6.500000  65.598134  18.196635
6.600000  68.509201  14.999441
6.700000  70.283687  18.535173
6.800000  65.034850  16.840686
6.900000  66.058389  20.087168
7.000000  66.094535  21.987049
7.100000  68.403799  19.333133
7.200000  71.820142  14.735905
7.300000  72.947628  9.480811
7.400000  72.062469  10.904420
7.500000  71.715354  12.849926
7.600000  70.387911  12.326841
7.700000  72.495923  8.560503
7.800000  73.299132  6.186011
7.900000  73.441179  4.218156
8.000000  70.510651  9.980877
8.100000  76.376242  10.261336
8.200000  65.723254  15.470424
8.300000  67.768501  14.687438
8.400000  70.894376  6.570718
8.500000  68.898975  15.876787
8.600000  67.552355  11.064072
8.700000  70.778126  11.357522
8.800000  67.574080  9.051208
8.900000  67.391997  13.241753
9.000000  72.394139  10.652630
9.100000  69.902957  11.364011
9.200000  72.060451  13.828720
9.300000  69.669517  12.089854
9.400000  73.489024  10.710700
9.500000  72.432293  7.123069
9.600000  71.785335  13.121221
9.700000  69.889464  12.054811
9.800000  68.625057  14.704810
9.900000  69.999663  8.792360
10.000000  66.924999  11.562843
10.100000  72.422051  10.497381
10.200000  70.909838  7.469920
10.300000  69.884097  8.662045
10.400000  68.727063  5.327056
10.500000  65.835650  7.018661
10.600000  70.578428  4.788799
10.700000  72.607542  2.894651
10.800000  65.806697  6.447574
10.900000  69.009180  5.630647
11.000000  66.817428  8.565527
11.100000  70.584902  8.024740
11.200000  68.656036  8.801415
11.300000  68.172284  8.828105
11.400000  70.534771  6.364143
11.500000  70.354302  9.025831
11.600000  69.672781  11.128823
11.700000  73.437459  10.646358
11.800000  71.712049  7.169433
11.900000  70.402195  14.425316
12.000000  68.889278  9.457519
12.100000  70.792241  9.879529
12.200000  72.978157  4.749701
12.300000  65.969075  12.654024
12.400000  68.812839  11.250358
12.500000  71.996790  9.915659
12.600000  70.699491  16.357252
12.700000  70.070132  13.276810
12.800000  64.601686  10.892221
12.900000  70.330873  7.244469
13.000000  71.977481  5.162577
13.100000  68.807009  9.829905
13.200000  70.740268  11.040746
13.300000  69.734210  7.746851
13.400000  70.605917  16.511874
13.500000  70.871685  18.586776
13.600000  72.135792  9.594460
13.700000  71.568250  6.298071
13.800000  69.503587  7.851548
13.900000  69.651058  10.405557
14.000000  73.264755  6.162353
14.100000  70.815744  12.052634
14.200000  69.747605  9.672101
14.300000  67.858292  10.154290
14.400000  68.489197  11.343787
14.500000  67.475360  12.797021
14.600000  70.658134  9.045942
14.700000  67.898320  6.685442
14.800000  71.390434  9.432909
14.900000  68.614759  9.489346
15.000000  71.363012  10.216121
15.100000  66.348281  6.861657
15.200000  69.649457  13.085971
15.300000  70.020550  10.085378
15.400000  69.639275  8.764314
15.500000  71.396659  10.499357
15.600000  69.232208  8.530211
15.700000  69.477079  11.177862
15.800000  66.942904  10.939567
15.900000  65.295853  6.348309
16.000000  68.860730  6.135107
16.100000  65.382758  8.174670
16.200000  69.792248  8.270600
16.300000  68.191879  3.330297
16.400000  68.258567  4.628917
16.500000  72.111485  10.397556
16.600000  68.978741  8.962583
16.700000  65.336694  10.057855
16.800000  66.719252  8.807895
16.900000  69.823691  11.791540
17.000000  71.045440  8.778272
17.100000  67.488368  5.052523
17.200000  67.375120  7.146985
17.300000  70.424200  4.843833
17.400000  65.763216  8.060517
17.500000  68.895955  13.137594
17.600000  70.124582  11.485976
17.700000  70.206057  10.290454
17.800000  72.077516  7.446515
17.900000  68.379513  6.978405
18.000000  67.549961  7.253236
18.100000  68.313938  8.189400
18.200000  67.380619  12.147646
18.300000  66.021545  11.933898
18.400000  67.737602  13.400246
18.500000  66.146845  8.804636
18.600000  68.056106  13.653142
18.700000  69.854134  12.279032
18.800000  65.705150  9.346424
18.900000  67.329221  10.352346
19.000000  67.106980  13.338477
19.100000  69.506712  9.439501
19.200000  67.681824  16.492897
19.300000  66.715203  14.055612
19.400000  67.702128  9.423048
19.500000  71.910026  11.541637
19.600000  70.275451  3.106836
19.700000  66.755481  9.956760
19.800000  71.076256  4.744716
19.900000  66.967092  9.809699
20.000000  72.131883  6.909607
20.100000  69.592104  15.951720
20.200000  70.170546  9.703524
20.300000  71.000021  18.599316
20.400000  69.960369  15.707070
20.500000  72.986062  16.596015
20.600000  69.913545  17.009763
20.700000  71.408687  14.507842
20.800000  71.552309  14.393226
20.900000  71.917430  12.408009
21.000000  72.773366  4.023302
21.100000  68.349047  12.906699
21.200000  72.779365  12.126358
21.300000  72.083761  12.340368
21.400000  72.398032  18.044633
21.500000  73.915649  12.193300
21.600000  68.564739  15.021076
21.700000  73.283222  11.089915
21.800000  72.616906  11.845009
21.900000  70.817633  10.748396
22.000000  72.331530  13.470429
22.100000  66.832309  13.060532
22.200000  68.322730  8.780402
22.300000  69.864474  12.866366
22.400000  72.396543  9.768157
22.500000  69.485921  6.841721
22.600000  71.444035  10.656505
22.700000  67.633816  6.167369
22.800000  67.174141  7.540130
22.900000  67.796622  11.097613
23.000000  67.416831  12.686934
23.100000  72.736207  7.186868
23.200000  72.060394  11.348832
23.300000  74.149107  11.548626
23.400000  69.279257  14.251781
23.500000  70.477604  11.911362
23.600000  69.573378  14.538273
23.700000  70.580893  13.192507
23.800000  70.148782  13.861969
23.900000  69.240482  16.326386
24.000000  65.223596  15.481319
24.100000  69.035600  15.135583
24.200000  69.378607  13.898252
24.300000  69.415690  8.474248
24.400000  69.061101  12.476242
24.500000  70.680745  14.029168
24.600000  69.231082  10.529263
24.700000  67.796771  13.605203
24.800000  68.407178  12.880732
24.900000  67.740588  12.768607
25.000000  69.753771  14.216447
25.100000  67.388014  16.291399
25.200000  69.191002  13.887284
25.300000  67.323984  11.735546
25.400000  65.623426  15.323937
25.500000  65.250258  11.152840
25.600000  69.269447  12.764779
25.700000  70.163337  11.100293
25.800000  67.948478  12.552311
25.900000  69.741557  15.135633
26.000000  69.132877  14.502032
26.100000  70.320856  16.265094
26.200000  68.076262  11.534058
26.300000  66.212816  12.203288
26.400000  64.071188  8.727502
26.500000  63.469691  5.946274
26.600000  66.436846  10.522228
26.700000  67.316732  9.555909
26.800000  67.441837  5.676993
26.900000  67.928735  12.369162
27.000000  70.669194  10.508303
27.100000  68.247327  13.017101
27.200000  65.807050  9.356552
27.300000  68.630890  13.771961
27.400000  66.059910  17.752983
27.500000  68.557762  13.437202
27.600000  70.115224  9.160686
27.700000  69.906712  13.965727
27.800000  67.791088  15.352266
27.900000  69.643811  14.454403
28.000000  68.934629  15.155365
28.100000  72.126757  11.345910
28.200000  63.594679  4.888261
28.300000  71.150582  11.275992
28.400000  68.454214  11.249457
28.500000  67.393200  11.678516
28.600000  71.682100  14.901122
28.700000  70.192860  19.747309
28.800000  68.568973  14.935608
28.900000  66.804655  12.123547
29.000000  71.236444  15.017591
29.100000  68.452867  16.071957
29.200000  72.673968  11.643614
29.300000  69.578002  14.274348
29.400000  72.597126  13.620940
29.500000  70.297801  14.473559
29.600000  73.422383  19.057074
29.700000  72.077501  14.879726
29.800000  69.983471  15.572879
29.900000  70.047382  11.771680
30.000000  73.285796  15.609983
30.100000  67.512056  11.421796
30.200000  70.013979  17.806862
30.300000  65.079146  21.366571
30.400000  70.354622  14.083600
30.500000  65.645067  8.777247
30.600000  68.545652  16.978740
30.700000  64.217345  15.671255
30.800000  67.995413  12.404853
30.900000  70.507039  14.617716
31.000000  68.362647  20.451753
31.100000  64.627133  18.265839
31.200000  68.335087  15.698777
31.300000  67.087201  8.556866
31.400000  66.908389  4.655968
31.500000  65.637461  11.504552
31.600000  68.112414  12.689623
31.700000  65.530366  13.472635
31.800000  68.322114  12.318346
31.900000  69.358735  12.692345
32.000000  65.697300  11.095404
32.100000  66.199776  11.367150
32.200000  63.695028  10.865665
32.300000  69.894284  11.407349
32.400000  65.166183  12.083208
32.500000  67.398550  8.194117
32.600000  66.579172  15.307145
32.700000  65.862713  14.200670
32.800000  65.943600  13.104994
32.900000  67.296348  10.356627
33.000000  74.020358  11.714243
33.100000  66.113228  15.374499
33.200000  69.277242  15.960403
33.300000  68.758842  11.952804
33.400000  69.141167  12.686243
33.500000  70.860218  10.906259
33.600000  71.041426  12.240484
33.700000  73.172736  16.010056
33.800000  67.031442  12.449953
33.900000  64.312198  10.365692
34.000000  70.372668  16.622186
34.100000  69.449268  21.149414
34.200000  69.854298  15.422589
34.300000  69.682913  11.759214
34.400000  68.463933  14.947769
34.500000  69.918139  14.741738
34.600000  69.637884  14.408899
34.700000  66.048848  12.950458
34.800000  70.583498  12.920770
34.900000  67.890525  13.867836
35.000000  67.765875  5.945265
35.100000  67.011429  11.999239
35.200000  69.868132  17.347975
35.300000  66.059044  10.336588
35.400000  62.989769  11.036407
35.500000  64.005931  7.417305
35.600000  65.845225  4.891454
35.700000  65.183746  5.386662
35.800000  66.230829  4.896969
35.900000  68.903944  9.003139
36.000000  64.736328  7.712715
36.100000  64.486760  14.070625
36.200000  66.232390  11.659026
36.300000  62.049418  13.809412
36.400000  66.393357  13.625396
36.500000  64.762456  11.626748
36.600000  68.887111  10.716541
36.700000  65.149724  9.383074
36.800000  65.541687  8.624645
36.900000  68.987584  13.148453
37.000000  68.490260  11.999120
37.100000  71.534920  22.997905
37.200000  71.788799  17.408453
37.300000  70.146514  21.379722
37.400000  70.835681  15.173722
37.500000  74.164191  16.749736
37.600000  70.479184  19.700991
37.700000  70.369556  21.897865
37.800000  74.389190  19.493505
37.900000  68.859507  23.976441
38.000000  70.021387  19.099583
38.100000  68.811521  24.472861
38.200000  74.384729  21.105930
38.300000  74.853530  14.438843
38.400000  74.667274  20.559797
38.500000  74.641110  18.135027
38.600000  72.344183  22.403907
38.700000  72.534929  20.436078
38.800000  70.821218  19.393026
38.900000  75.796734  12.779686
39.000000  75.828291  19.503796
39.100000  70.900188  17.603599
39.200000  71.155176  23.178219
39.300000  72.661231  16.975933
39.400000  75.372570  14.587165
39.500000  74.817686  18.024125
39.600000  71.497792  19.744876
39.700000  73.663798  16.739433
39.800000  77.143541  18.091872
39.900000  73.155713  20.351126
40.000000  71.359332  21.110558
40.100000  73.087424  18.930152
40.200000  74.746604  20.963607
40.300000  72.427252  22.758707
40.400000  74.059953  18.990234
40.500000  74.920984  18.562534
40.600000  72.125798  17.594400
40.700000  74.779058  18.807818
40.800000  72.966465  14.985600
40.900000  75.200493  17.991912
41.000000  74.652513  17.589295
41.100000  71.621704  23.115860
41.200000  70.871813  23.060834
41.300000  74.039459  18.400498
41.400000  72.945989  21.365731
41.500000  75.191465  18.846509
41.600000  70.441631  15.050609
41.700000  73.204723  18.500873
41.800000  73.709857  21.997277
41.900000  75.177229  18.925015
42.000000  70.792576  19.586578
42.100000  75.209541  19.130635
42.200000  73.178878  23.683041
42.300000  71.588256  18.827713
42.400000  72.275086  23.579074
42.500000  74.543229  20.941257
42.600000  70.759723  21.658737
42.700000  73.188375  18.020309
42.800000  74.694990  15.999904
42.900000  70.294320  21.594766
43.000000  70.914700  23.229491
43.100000  74.160439  20.710956
43.200000  72.630663  16.221298
43.300000  75.439684  19.472217
43.400000  73.144160  19.252971
43.500000  72.168093  20.024343
43.600000  72.634638  16.000886
43.700000  71.667287  23.712569
43.800000  75.534840  16.510589
43.900000  70.505508  18.665114
44.000000  72.569074  22.492504
44.100000  69.613126  22.334697
44.200000  73.807682  21.012328
44.300000  72.313997  22.831347
44.400000  69.360231  23.315785
44.500000  71.594859  19.204816
44.600000  71.972949  19.988071
44.700000  72.512783  23.235365
44.800000  71.747786  25.493575
44.900000  69.051012  18.814502
45.000000  70.077080  17.320627
45.100000  69.499813  20.349756
45.200000  74.040948  20.557599
45.300000  73.671543  20.677422
45.400000  70.595363  20.773536
45.500000  69.708279  19.733801
45.600000  73.230413  22.260743
45.700000  69.298441  15.188790
45.800000  68.680716  22.061937
45.900000  67.022807  18.392023
46.000000  69.951038  15.027253
46.100000  74.170376  21.929433
46.200000  71.988721  25.312951
46.300000  74.949292  19.733141
46.400000  75.682828  20.169968
46.500000  72.698477  23.947684
46.600000  70.705374  21.386145
46.700000  69.064813  17.790634
46.800000  72.024639  21.560502
46.900000  74.569215  17.964553
47.000000  72.572525  13.263358
47.100000  70.039977  11.649619
47.200000  70.798836  16.162472
47.300000  72.327898  15.168366
47.400000  69.480976  20.896725
47.500000  71.064793  18.047052
47.600000  73.808815  21.501108
47.700000  70.392924  17.755832
47.800000  71.503056  15.395507
47.900000  68.580443  16.249808
48.000000  71.587112  17.247013
48.100000  75.638703  18.826112
48.200000  76.018991  17.728158
48.300000  71.368971  18.150695
48.400000  68.773640  20.566239
48.500000  73.419633  17.704232
48.600000  70.782936  14.193823
48.700000  68.850600  18.345636
48.800000  68.072236  10.940027
48.900000  65.363223  15.060706
49.000000  68.691153  17.762283
49.100000  70.042178  21.700744
49.200000  71.559248  16.464690
49.300000  68.356956  21.848144
49.400000  71.847951  18.866040
49.500000  71.180902  15.690819
49.600000  74.497708  19.171197
49.700000  71.494437  23.773578
49.800000  73.574214  21.753673
49.900000  76.643744  14.837915
50.000000  71.605379  25.812710
50.100000  72.597301  24.527633
50.200000  68.593322  21.267513
50.300000  69.377466  20.959907
50.400000  72.793063  20.215994
50.500000  73.349937  20.971084
50.600000  73.721723  21.800009
50.700000  73.214426  23.604163
50.800000  72.401564  21.882155
50.900000  70.954784  20.035558
51.000000  74.288533  22.128114
51.100000  71.894350  23.878002
51.200000  73.816638  20.438923
51.300000  73.437221  23.151020
51.400000  72.798365  21.125177
51.500000  71.412462  23.848057
51.600000  72.430487  19.281231
51.700000  69.350759  21.216857
51.800000  77.963316  16.799872
51.900000  77.468012  16.172566
52.000000  74.857293  19.381614
52.100000  75.222938  19.389738
52.200000  76.032017  19.518177
52.300000  76.589850  14.569748
52.400000  76.431486  18.810090
52.500000  73.458557  22.844499
52.600000  74.202684  16.539216
52.700000  72.973639  21.356224
52.800000  74.485737  20.180439
52.900000  74.392176  20.761059
53.000000  71.944860  20.307084
53.100000  71.040340  21.985829
53.200000  74.872129  18.817876
53.300000  74.412363  17.796777
53.400000  72.277291  20.952962
53.500000  72.687397  16.919755
53.600000  73.602435  18.724227
53.700000  76.077885  19.082128
53.800000  72.657213  19.961457
53.900000  72.136289  17.685257
54.000000  70.941441  18.792541
54.100000  72.751681  15.465926
54.200000  73.390236  16.183641
54.300000  73.125675  17.899522
54.400000  70.936037  18.050072
54.500000  76.076176  15.573118
54.600000  73.666007  17.178609
54.700000  72.432230  20.898006
54.800000  76.392200  17.888080
54.900000  78.244839  14.984194
55.000000  71.846726  13.426092
55.100000  73.350979  20.429026
55.200000  74.441282  18.010587
55.300000  72.891935  20.333588
55.400000  73.795453  17.205257
55.500000  75.307863  19.422683
55.600000  72.505949  21.102439
55.700000  74.877963  20.607447
55.800000  75.333490  19.378626
55.900000  71.806902  21.720467
56.000000  72.268211  21.588533
56.100000  73.010914  23.434538
56.200000  71.948960  20.088851
56.300000  72.813792  17.616064
56.400000  71.422178  12.051295
56.500000  72.226292  20.262908
56.600000  72.540293  21.841816
56.700000  74.130662  19.800327
56.800000  75.800849  19.723206
56.900000  71.248658  19.695656
57.000000  73.555341  14.498343
57.100000  76.272582  15.955053
57.200000  73.231572  23.052580
57.300000  72.227060  22.144887
57.400000  73.249232  17.776210
57.500000  76.392359  14.794569
57.600000  71.406306  20.613107
57.700000  71.350696  25.904887
57.800000  71.949202  25.208039
57.900000  69.067751  20.867717
58.000000  70.294931  22.723387
58.100000  71.373495  17.955638
58.200000  70.207086  24.010817
58.300000  72.001430  19.914494
58.400000  68.801662  20.678860
58.500000  72.115200  23.225205
58.600000  71.544808  19.387768
58.700000  72.148460  17.362520
58.800000  69.290649  19.848124
58.900000  70.403762  19.566905
59.000000  68.890025  19.338632
59.100000  66.601607  20.757537
59.200000  72.161750  15.291417
59.300000  68.218236  14.710700
59.400000  70.157207  21.131744
59.500000  70.349110  9.749726
59.600000  66.993676  14.852953
59.700000  67.844263  10.816081
59.800000  70.312310  12.329827
59.900000  70.670638  14.753164
60.000000  72.710824  19.876419
60.100000  73.939870  19.886815
60.200000  72.237973  16.556202
60.300000  70.596853  16.392961
60.400000  69.079894  14.058589
60.500000  70.346101  23.734504
60.600000  73.246307  20.485563
60.700000  66.084912  14.941921
60.800000  69.994526  23.064671
60.900000  70.978941  17.574424
61.000000  69.596767  17.352336
61.100000  71.150455  17.446440
61.200000  67.708309  21.066566
61.300000  71.909960  15.799970
61.400000  73.391508  17.465378
61.500000  73.288245  19.258847
61.600000  70.481253  21.561719
61.700000  72.826739  21.819946
61.800000  73.550742  21.646976
61.900000  69.674446  21.182138
62.000000  70.058244  23.507084
62.100000  65.388784  20.132173
62.200000  67.201383  22.283760
62.300000  65.002067  27.957748
62.400000  70.539384  25.729712
62.500000  72.405387  23.608081
62.600000  71.499771  21.416944
62.700000  68.540875  16.665895
62.800000  69.332836  21.150680
62.900000  70.395150  20.058346
63.000000  72.653858  21.323584
63.100000  69.888610  18.111048
63.200000  70.258128  16.967880
63.300000  68.240872  20.163660
63.400000  68.164872  19.003113
63.500000  65.260394  17.176734
63.600000  69.280029  19.576198
63.700000  69.664961  21.632471
63.800000  70.592571  26.529835
63.900000  71.290582  23.456946
64.000000  70.782454  25.585026
64.100000  69.474155  21.257239
64.200000  69.579679  23.201431
64.300000  66.855698  23.514883
64.400000  68.753895  26.063322
64.500000  68.446167  23.092739
64.600000  67.423985  26.264482
64.700000  66.657168  18.703605
64.800000  70.501217  23.419105
64.900000  74.744281  21.118108
65.000000  73.300926  22.735478
65.100000  74.040116  21.508713
65.200000  71.792164  20.604265
65.300000  73.121986  17.536749
65.400000  72.161170  18.924767
65.500000  71.615555  14.822695
65.600000  76.371426  15.004749
65.700000  74.020318  15.303732
65.800000  74.937369  16.662566
65.900000  75.034857  16.373820
66.000000  74.077654  15.927721
66.100000  72.856332  16.291703
66.200000  75.321001  17.108531
66.300000  73.335698  20.061292
66.400000  78.360708  10.323041
66.500000  76.556051  13.510552
66.600000  73.660843  13.545902
66.700000  72.843931  17.132924
66.800000  75.918634  19.820317
66.900000  73.556492  16.696065
67.000000  74.957136  15.799305
67.100000  75.464849  15.694130
67.200000  75.179662  16.744146
67.300000  75.914214  14.329689
67.400000  70.152610  15.223518
67.500000  75.004929  13.918425
67.600000  74.290469  12.695576
67.700000  71.744234  13.756204
67.800000  75.135362  17.781071
67.900000  73.229964  12.958714
68.000000  75.375466  14.539791
68.100000  74.198098  15.986192
68.200000  73.059588  15.629294
68.300000  69.929524  14.267627
68.400000  73.442975  10.470338
68.500000  76.703908  8.108846
68.600000  73.619959  5.754388
68.700000  71.398257  17.932872
68.800000  75.585945  16.217973
68.900000  73.521580  17.554451
69.000000  69.454511  17.091311
69.100000  71.976528  21.367689
69.200000  72.984322  19.861823
69.300000  71.931022  24.121387
69.400000  68.910133  21.284174
69.500000  69.399062  19.268374
69.600000  70.736856  20.937208
69.700000  70.839715  15.716943
69.800000  68.804819  19.350159
69.900000  69.736688  19.242640
70.000000  72.168379  15.302683
70.100000  74.665830  13.113852
70.200000  70.656847  19.932762
70.300000  71.941261  18.619603
70.400000  73.731396  19.091461
70.500000  69.923315  25.974168
70.600000  74.441232  19.391384
70.700000  72.170860  23.652190
70.800000  75.052892  16.338038
70.900000  67.136533  13.057357
71.000000  67.551735  20.651188
71.100000  71.776519  19.488406
71.200000  73.723155  18.574910
71.300000  69.883764  13.758752
71.400000  73.548557  17.801749
71.500000  70.867937  22.923437
71.600000  71.539127  16.511943
71.700000  73.057133  22.954744
71.800000  69.878553  18.086583
71.900000  66.662499  14.655296
72.000000  71.800686  22.622359
72.100000  68.037756  24.593353
72.200000  70.082840  20.374941
72.300000  68.376599  22.365355
72.400000  71.785972  24.224045
72.500000  68.840068  21.791428
72.600000  69.944286  22.090601
72.700000  71.014828  18.442803
72.800000  67.674921  24.383777
72.900000  69.415869  21.842615
73.000000  67.925727  21.485599
73.100000  64.725719  20.094871
73.200000  68.712317  24.196044
73.300000  68.967098  16.407778
73.400000  63.644975  19.815661
73.500000  65.274515  17.600534
73.600000  59.787444  15.431179
73.700000  62.238795  12.438305
73.800000  62.217291  14.003094
73.900000  67.572191  13.028264
74.000000  65.507278  14.638928
74.100000  68.089738  22.475072
74.200000  67.505602  21.218282
74.300000  66.577088  21.595955
74.400000  71.791072  23.884929
74.500000  67.739058  24.330607
74.600000  68.938371  14.905447
74.700000  64.452073  6.706990
74.800000  65.196469  14.804316
74.900000  66.369557  18.344237
75.000000  71.365125  21.607355
75.100000  68.309854  19.140805
75.200000  67.868634  11.064885
75.300000  66.949789  14.188687
75.400000  68.287128  20.530710
75.500000  67.661890  18.720237
75.600000  66.452857  16.045277
75.700000  69.602330  12.934021
75.800000  62.843846  18.814889
75.900000  66.091063  16.508106
76.000000  64.366743  11.227071
76.100000  64.597560  16.318105
76.200000  69.277168  23.506768
76.300000  72.151672  24.766880
76.400000  67.909987  22.598173
76.500000  68.989595  23.112120
76.600000  70.443968  20.565546
76.700000  71.129272  25.313523
76.800000  71.148746  25.601584
76.900000  71.069894  23.920430
77.000000  70.336612  24.873951
77.100000  70.483778  24.217799
77.200000  70.273375  25.483539
77.300000  70.799876  19.691377
77.400000  71.642708  22.183782
77.500000  70.594221  24.369928
77.600000  68.246598  23.443562
77.700000  67.934452  15.997976
77.800000  71.886188  15.771285
77.900000  67.842607  19.486184
78.000000  68.994917  13.375698
78.100000  70.072612  18.986134
78.200000  65.900275  15.944719
78.300000  71.074109  12.470474
78.400000  70.247787  16.343532
78.500000  71.067889  15.675123
78.600000  71.317122  20.971149
78.700000  71.591623  17.763074
78.800000  67.187224  20.361562
78.900000  72.626274  14.877068
79.000000  67.094582  13.430880
79.100000  71.050719  19.857863
79.200000  66.365764  14.760947
79.300000  69.075608  16.370968
79.400000  72.901821  23.197362
79.500000  69.065265  21.708780
79.600000  70.413589  20.053722
79.700000  72.322329  18.598697
79.800000  69.521096  16.406408
79.900000  71.649906  19.286381
80.000000  69.856505  24.943274
80.100000  70.769626  20.715955
80.200000  71.626441  23.799461
80.300000  72.054203  21.664687
80.400000  72.243395  16.544653
80.500000  68.512924  13.566877
80.600000  67.905047  11.080427
80.700000  64.731638  13.346570
80.800000  67.344851  8.580710
80.900000  70.069516  10.849069
81.000000  70.363366  13.314313
81.100000  64.275391  7.638926
81.200000  69.858676  17.515101
81.300000  67.551760  18.970451
81.400000  66.703331  14.611790
81.500000  70.268819  25.360874
81.600000  75.398782  16.372445
81.700000  66.311407  9.286979
81.800000  67.129595  15.449664
81.900000  69.684245  15.685598
82.000000  66.245401  20.020341
82.100000  68.110846  19.436817
82.200000  69.713915  18.839420
82.300000  64.179080  22.670406
82.400000  65.630684  18.638337
82.500000  63.081373  17.977107
82.600000  63.832242  16.885091
82.700000  65.878648  13.062332
82.800000  68.823241  15.947922
82.900000  67.735009  21.526814
83.000000  65.315948  15.534265
83.100000  69.265240  11.503205
83.200000  68.996270  15.512192
83.300000  66.324049  12.686107
83.400000  67.754463  11.416116
83.500000  66.523248  17.820293
83.600000  67.829953  17.518703
83.700000  69.311501  19.246074
83.800000  66.026098  17.325784
83.900000  65.322960  16.891276
84.000000  67.446179  16.286320
84.100000  68.341151  18.890628
84.200000  74.752819  19.214771
84.300000  68.339594  12.724420
84.400000  71.577342  18.202432
84.500000  71.549549  14.780539
84.600000  67.711425  16.982789
84.700000  67.840450  11.798929
84.800000  68.474685  18.445201
84.900000  69.745111  10.651558
85.000000  69.652280  14.428928
85.100000  74.997338  16.486943
85.200000  72.189896  17.976846
85.300000  71.301702  24.369358
85.400000  71.514595  23.929446
85.500000  71.073234  24.280366
85.600000  72.791360  19.159176
85.700000  72.243843  16.974784
85.800000  60.285792  4.403845
85.900000  59.807383  5.070393
86.000000  68.743977  4.400048
86.100000  57.530713  2.858562
86.200000  62.952817  2.212291
86.300000  62.920822  3.124578
86.400000  59.338939  2.043786
86.500000  61.042841  0.486864
86.600000  61.009263  0.393284
86.700000  62.540891  0.422781
86.800000  59.736965  1.247472
86.900000  58.958945  2.481779
87.000000  63.123637  2.640696
87.100000  61.651112  4.223600
87.200000  65.791807  9.983876
87.300000  58.712032  1.349860
87.400000  61.966518  4.981376
87.500000  59.087947  0.200163
87.600000  63.478879  4.057779
87.700000  61.133540  0.772598
87.800000  63.364623  3.426977
87.900000  63.887892  9.444513
88.000000  61.086370  10.657099
88.100000  62.566002  4.812045
88.200000  56.027285  7.688153
88.300000  59.968107  6.022372
88.400000  65.427664  10.729746
88.500000  64.893948  12.837961
88.600000  61.841520  13.234976
88.700000  65.300423  10.447951
88.800000  61.902930  7.736808
88.900000  62.226658  11.907033
89.000000  63.334463  6.872053
89.100000  57.660869  2.048674
89.200000  62.228753  6.916467
89.300000  67.351438  12.033020
89.400000  63.391771  0.098388
89.500000  60.396572  4.700976
89.600000  58.643644  0.750684
89.700000  59.033482  5.539192
89.800000  54.162746  2.094146
89.900000  65.697604  4.408994
90.000000  63.207780  4.654479
90.100000  62.586883  3.540887
90.200000  67.931461  8.882298
90.300000  60.391182  6.907052
90.400000  56.067807  2.333757
90.500000  58.301699  7.145719
90.600000  55.463589  5.086729
90.700000  64.755448  0.369501
90.800000  56.488507  5.748121
90.900000  61.593947  8.889569
91.000000  57.594169  3.632187
91.100000  63.431055  3.491370
91.200000  61.526002  0.013251
91.300000  64.318573  0.448255
91.400000  64.259054  2.446082
91.500000  62.018422  10.605468
91.600000  75.765553  16.447438
91.700000  71.476693  19.131624
91.800000  72.395163  17.042423
91.900000  66.929267  1.968257
92.000000  63.483818  6.962019
92.100000  57.394571  1.784996
92.200000  65.881463  12.505427
92.300000  66.375948  3.198781
92.400000  62.749690  8.139083
92.500000  65.858255  9.726799
92.600000  56.851654  6.803544
92.700000  61.450673  5.515760
92.800000  62.943439  10.741029
92.900000  65.829256  12.663515
93.000000  67.814743  9.551843
93.100000  57.371499  7.888205
93.200000  63.913206  7.033337
93.300000  63.415201  4.340965
93.400000  60.617761  5.325067
93.500000  59.690727  9.763464
93.600000  58.043661  2.904353
93.700000  60.569083  9.241649
93.800000  65.290576  7.428229
93.900000  59.524998  9.144617
94.000000  61.328611  9.638575
94.100000  64.377639  6.393117
94.200000  57.530630  6.481363
94.300000  67.409429  14.347733
94.400000  63.446958  9.385216
94.500000  58.419656  10.202100
94.600000  68.363629  18.124369
94.700000  67.946861  20.567013
94.800000  70.359079  19.688417
94.900000  70.386773  21.623835
95.000000  70.059893  19.782926
95.100000  69.998309  15.176383
95.200000  70.010333  18.020918
95.300000  71.067642  20.536525
95.400000  71.114017  19.832157
95.500000  63.368931  4.961926
95.600000  61.540706  10.082286
95.700000  56.693489  1.071495
95.800000  57.452213  1.883392
95.900000  62.543791  6.124430
96.000000  62.337335  10.686008
96.100000  58.991708  6.350722
96.200000  62.048906  4.470695
96.300000  66.818174  11.968441
96.400000  63.425852  7.766579
96.500000  65.587816  16.070274
96.600000  57.303136  4.695680
96.700000  67.291975  7.750404
96.800000  63.410139  6.846981
96.900000  61.596489  1.766257
97.000000  67.622510  5.024144
97.100000  68.513533  16.206209
97.200000  67.327080  9.181370
97.300000  62.682125  7.074743
97.400000  61.752371  6.721350
97.500000  58.739518  1.947102
97.600000  57.927351  5.257594
97.700000  64.963357  12.061420
97.800000  62.251199  8.938744
97.900000  61.268033  7.314197
98.000000  59.266596  8.383698
98.100000  56.094190  8.185903
98.200000  59.627965  9.645516
98.300000  61.525035  5.096095
98.400000  61.693767  4.352790
98.500000  63.661312  7.728036
98.600000  64.790156  4.598943
98.700000  65.599124  13.679573
98.800000  65.887758  8.481760
98.900000  64.721206  12.649631
99.000000  65.700143  10.978255
99.100000  62.327244  5.337924
99.200000  62.472029  10.571556
99.300000  64.494889  5.788478
99.400000  61.214213  8.146213
99.500000  63.479679  5.835457
99.600000  60.194796  1.663445
99.700000  63.444376  14.572127
99.800000  62.606853  4.933537
99.900000  59.672280  1.697642
100.000000  59.196820  3.542324
100.100000  59.464051  1.304248
100.200000  63.022135  4.978528
100.300000  62.183890  4.496532
100.400000  62.939262  4.832206
100.500000  62.636003  11.623611
100.600000  61.604438  3.004480
100.700000  61.555331  0.193624
100.800000  61.059759  7.682468
100.900000  58.313941  2.868152
101.000000  58.162335  2.425859
101.100000  59.166305  1.275840
101.200000  65.622601  4.825148
101.300000  62.961056  4.800018
101.400000  60.689413  7.146752
101.500000  63.145468  3.204351
101.600000  58.869277  6.736134
101.700000  65.304693  4.278898
101.800000  63.953294  9.199357
101.900000  65.821590  3.379151
102.000000  64.625128  10.538266
102.100000  60.441288  7.123345
102.200000  57.701780  1.226957
102.300000  58.464967  6.068184
102.400000  61.066316  1.776914
102.500000  63.424011  7.522580
102.600000  54.188332  6.555434
102.700000  61.805455  2.083148
102.800000  67.003707  4.135086
102.900000  61.232402  8.729673
103.000000  62.391758  11.538479
103.100000  61.950810  9.762810
103.200000  63.007455  2.464501
103.300000  62.978282  2.500811
103.400000  61.312977  2.836986
103.500000  67.424240  6.331252
103.600000  62.774141  3.275623
103.700000  69.772839  0.037964
103.800000  71.279013  13.263656
103.900000  64.414557  5.999236
104.000000  57.877207  2.818342
104.100000  62.353949  8.721323
104.200000  60.031840  4.925416
104.300000  57.747584  1.945198
104.400000  57.559368  0.745346
104.500000  61.951299  2.202556
104.600000  68.839859  9.645588
104.700000  64.623704  4.307031
104.800000  57.539051  2.211310
104.900000  62.644001  2.518745
105.000000  64.306328  4.897057
105.100000  66.072088  5.916438
105.200000  64.425967  12.451195
105.300000  60.220045  6.878144
105.400000  59.530389  5.129340
105.500000  59.072229  2.023475
105.600000  59.193460  1.431827
105.700000  62.000592  8.831425
105.800000  62.792996  7.135400
105.900000  66.448248  15.284365
106.000000  59.781957  5.949145
106.100000  65.777137  5.949070
106.200000  63.083897  0.642738
106.300000  56.865977  1.690599
106.400000  64.835983  8.926633
106.500000  60.643891  5.199018
106.600000  63.156864  8.316797
106.700000  65.495741  12.538480
106.800000  64.474040  5.273419
106.900000  62.115089  4.901499
107.000000  72.702630  19.756003
107.100000  72.499012  20.613189
107.200000  71.275428  18.794443
107.300000  61.435503  5.403875
107.400000  60.285630  0.109582
107.500000  58.228471  1.555978
107.600000  55.008496  11.759411
107.700000  56.324379  3.617441
107.800000  67.806730  3.593915
107.900000  62.536614  6.260855
108.000000  66.182853  11.159541
108.100000  63.634945  0.872369
108.200000  59.301536  0.289219
108.300000  66.993422  10.998988
108.400000  64.998610  0.068512
108.500000  61.038503  5.845420
108.600000  63.108646  5.849642
108.700000  60.009227  2.004620
108.800000  54.291004  0.923194
108.900000  53.856888  3.598917
109.000000  55.826709  7.036524
109.100000  54.459897  4.685865
109.200000  59.812580  0.542789
109.300000  56.640137  3.205786
109.400000  53.729918  8.445787
109.500000  52.087817  11.603619
109.600000  57.127651  1.450760
109.700000  63.677496  8.712414
109.800000  67.458956  10.650161
109.900000  68.112760  12.077032
110.000000  60.759070  2.786475
110.100000  65.883815  2.625174
110.200000  63.201874  1.679456
110.300000  63.896893  4.751594
110.400000  63.588488  8.789548
110.500000  66.963609  8.800538
110.600000  65.590293  4.768883
110.700000  66.389589  9.680909
110.800000  67.487241  10.164485
110.900000  58.887528  7.936722
111.000000  63.523563  10.529100
111.100000  62.801901  6.487979
111.200000  56.909833  6.814103
111.300000  49.687195  5.042505
111.400000  61.822513  4.820667
111.500000  52.772782  1.507016
111.600000  63.034385  4.258675
111.700000  64.397453  10.219848
111.800000  60.742647  6.368878
111.900000  69.641134  10.694112
112.000000  65.488082  9.756574
112.100000  66.095422  1.885737
112.200000  66.798756  7.667471
112.300000  65.761122  7.834656
112.400000  65.751383  14.174989
112.500000  60.020813  9.065272
112.600000  61.912088  11.686654
112.700000  59.790767  2.997939
112.800000  64.382353  10.715961
112.900000  60.415898  9.539602
113.000000  58.795524  1.139173
113.100000  62.190111  4.487580
113.200000  65.746357  12.229606
113.300000  62.040881  5.143618
113.400000  57.667566  0.191594
113.500000  56.386378  5.322905
113.600000  56.240905  2.267439
113.700000  60.103680  3.892616
113.800000  57.238195  1.797743
113.900000  56.353178  0.793261
114.000000  53.268512  2.524028
114.100000  54.804695  0.178423
114.200000  58.111210  1.282640
114.300000  55.167607  4.570109
114.400000  53.654270  1.694871
114.500000  57.636383  2.698462
114.600000  55.467901  4.426769
114.700000  59.779995  1.336932
114.800000  56.412829  0.915664
114.900000  49.332159  7.362105
115.000000  49.406388  3.019429
115.100000  56.266425  0.857040
115.200000  56.819613  2.108508
115.300000  55.517346  0.528014
115.400000  54.515465  3.380221
115.500000  52.125684  5.255899
115.600000  56.908164  1.375837
115.700000  59.388703  2.465744
115.800000  58.256589  1.906815
115.900000  55.575145  3.374539
116.000000  53.361221  0.114194
116.100000  54.552853  6.023725
116.200000  60.792524  0.035750
116.300000  54.784716  8.449358
116.400000  55.931984  3.932511
116.500000  60.097702  1.666005
116.600000  59.406693  0.978947
116.700000  55.954417  1.776196
116.800000  57.167816  2.407844
116.900000  56.146050  2.313605
117.000000  55.467558  7.369822
117.100000  61.132642  5.681560
117.200000  62.240138  13.075549
117.300000  60.762666  6.917798
117.400000  60.289695  7.771253
117.500000  65.685338  7.559889
117.600000  58.906167  6.383589
117.700000  58.337879  4.736454
117.800000  57.033580  0.110118
117.900000  64.035094  2.754841
118.000000  58.976502  5.473567
118.100000  63.939909  4.338686
118.200000  58.465219  1.829980
118.300000  61.235684  11.740459
118.400000  63.091424  7.242858
118.500000  65.390288  15.819793
118.600000  66.306453  15.952553
118.700000  64.357174  12.537638
118.800000  64.383066  15.636290
118.900000  60.122820  15.221762
119.000000  63.169826  8.915170
119.100000  62.787655  9.485049
119.200000  63.584149  8.144654
119.300000  58.897379  5.673858
119.400000  60.706232  7.026161
119.500000  62.118463  9.930356
119.600000  61.200546  8.070189
119.700000  65.056367  13.438444
119.800000  59.696491  6.695087
119.900000  63.956168  11.846682
120.000000  63.421577  8.243256
120.100000  60.968813  10.705052
120.200000  64.496391  3.052528
120.300000  58.002205  0.707753
120.400000  59.500889  2.973076
120.500000  64.573405  11.876514
120.600000  61.893078  11.756807
120.700000  65.026404  16.634865
120.800000  67.242527  13.395982
120.900000  60.737603  12.092946
121.000000  61.712698  5.187280
121.100000  61.100411  7.805631
121.200000  61.136002  11.240899
121.300000  62.376041  3.059424
121.400000  66.297189  11.857211
121.500000  65.366696  8.784295
121.600000  60.680994  12.110930
121.700000  61.226684  10.361604
121.800000  60.497822  5.384660
121.900000  61.000174  10.677036
122.000000  66.402146  10.097384
122.100000  62.649915  8.517525
122.200000  61.873961  8.848446
122.300000  62.574185  13.990453
122.400000  57.329968  7.502244
122.500000  58.369345  5.447143
122.600000  55.153337  1.714376
122.700000  56.462693  3.029899
122.800000  52.454644  1.015841
122.900000  62.803283  10.210531
123.000000  56.316896  4.689570
123.100000  64.992507  15.036826
123.200000  57.926910  10.397179
123.300000  60.171503  14.060402
123.400000  57.589732  3.075178
123.500000  53.870371  1.814631
123.600000  51.696593  4.916849
123.700000  59.374858  5.585427
123.800000  63.453651  5.416528
123.900000  61.250732  9.332776
124.000000  51.233041  0.280518
124.100000  56.477692  7.575877
124.200000  58.020366  1.861543
124.300000  56.298984  3.998860
124.400000  54.698193  3.329793
124.500000  57.258333  4.304386
124.600000  57.044401  1.487406
124.700000  62.798763  2.027014
124.800000  56.038066  2.888719
124.900000  55.386884  3.804000
125.000000  60.177880  7.016852
125.100000  56.873080  4.255178
125.200000  59.517350  2.833103
125.300000  63.713390  1.960656
125.400000  62.951405  6.073174
125.500000  60.102512  0.910050
125.600000  57.233542  0.865326
125.700000  57.382978  1.390775
125.800000  55.770915  1.004638
125.900000  63.511810  8.378466
126.000000  62.852529  3.241254
126.100000  57.226281  2.647973
126.200000  57.954838  2.945702
126.300000  60.570605  6.947491
126.400000  59.767004  4.459336
126.500000  60.341963  3.158563
126.600000  65.711767  6.660715
126.700000  60.589144  1.425364
126.800000  65.140617  5.646715
126.900000  59.516449  3.691209
127.000000  63.626057  4.543491
127.100000  60.932108  3.655672
127.200000  58.704923  2.141549
127.300000  64.321560  1.234718
127.400000  57.456131  1.583221
127.500000  62.331951  2.351888
127.600000  63.426485  5.608606
127.700000  64.380397  3.925993
127.800000  61.108580  5.125427
127.900000  57.994547  3.404124
128.000000  64.608165  5.136294
128.100000  61.037025  2.907853
128.200000  60.961128  5.732902
128.300000  64.738431  2.678458
128.400000  62.950478  4.767355
128.500000  61.695718  7.253678
128.600000  66.233978  4.595023
128.700000  62.917487  6.207259
128.800000  63.140180  1.411391
128.900000  64.666721  2.932138
129.000000  63.901722  1.652889
129.100000  63.966902  6.106286
129.200000  60.363665  6.366389
129.300000  64.437721  1.119677
129.400000  65.736997  2.168086
129.500000  64.479837  6.065691
129.600000  64.304183  7.153808
129.700000  63.860349  9.283363
129.800000  64.676592  4.990417
129.900000  65.698842  5.630717
130.000000  62.431688  4.839220
130.100000  60.782847  9.002724
130.200000  65.104607  5.631864
130.300000  62.421779  9.006123
130.400000  61.451857  4.957847
130.500000  61.281790  7.480384
130.600000  60.164511  4.878051
130.700000  60.004151  9.951464
130.800000  61.456899  10.392291
130.900000  61.024223  12.177287
131.000000  62.221748  9.332817
131.100000  63.094883  7.887740
131.200000  60.706342  2.007262
131.300000  57.570038  4.701810
131.400000  59.171521  8.120896
131.500000  62.292730  10.568107
131.600000  58.768624  9.144979
131.700000  61.036223  8.315560
131.800000  61.003236  6.260854
131.900000  62.619711  6.895560
132.000000  62.199856  12.116070
132.100000  58.323512  0.114037
132.200000  62.473754  10.916201
132.300000  57.506508  7.442886
132.400000  62.073981  3.765554
132.500000  60.482817  8.986475
132.600000  60.750109  7.126477
132.700000  59.673024  8.242037
132.800000  61.563097  8.897225
132.900000  60.792307  6.376569
133.000000  62.622824  4.453565
133.100000  56.682736  6.006193
133.200000  58.051039  6.991385
133.300000  59.757825  6.312256
133.400000  56.697190  4.403090
133.500000  60.221063  11.196272
133.600000  60.416416  5.743775
133.700000  64.383269  5.784270
133.800000  65.315381  7.001912
133.900000  63.275209  15.444520
134.000000  62.738620  8.328217
134.100000  58.398297  11.892902
134.200000  61.289247  14.399605
134.300000  59.809962  7.672126
134.400000  60.382418  11.104635
134.500000  59.501359  7.907105
134.600000  58.202590  7.965873
134.700000  59.653619  7.287009
134.800000  58.242910  4.375034
134.900000  61.260362  8.313655
135.000000  61.545850  11.182625
135.100000  63.735307  8.569599
135.200000  60.715384  4.822622
135.300000  62.450260  7.812897
135.400000  61.064343  9.996239
135.500000  62.257492  7.968029
135.600000  57.068426  6.105955
135.700000  59.158155  8.807986
135.800000  64.715046  13.600770
135.900000  69.415160  18.004564
136.000000  60.533073  9.508922
136.100000  61.697175  8.591117
136.200000  58.201921  8.868113
136.300000  61.539392  17.410570
136.400000  59.773446  4.736069
136.500000  62.181528  12.015299
136.600000  62.562698  6.721120
136.700000  62.186923  5.623821
136.800000  67.114257  10.799066
136.900000  61.610039  2.919057
137.000000  63.544285  7.234277
137.100000  67.332114  13.323162
137.200000  67.264353  15.270645
137.300000  67.003588  8.472452
137.400000  59.372704  3.443874
137.500000  62.588471  12.534271
137.600000  67.009221  12.397987
137.700000  62.842713  7.438111
137.800000  62.055785  7.360287
137.900000  66.022751  13.655381
138.000000  66.821782  14.031750
138.100000  64.823646  10.159756
138.200000  58.728264  7.136321
138.300000  56.679501  4.631114
138.400000  65.480227  12.566008
138.500000  68.438163  12.701821
138.600000  63.920448  12.938701
138.700000  63.994535  12.474814
138.800000  69.772811  18.670595
138.900000  62.351577  10.911217
139.000000  66.313759  12.181785
139.100000  64.115494  11.252138
139.200000  60.904484  10.110436
139.300000  64.457923  8.351632
139.400000  62.799703  10.421923
139.500000  65.246118  12.660335
139.600000  60.459278  3.418015
139.700000  65.087322  10.913002
139.800000  63.193293  12.223933
139.900000  63.144454  5.725820
140.000000  57.479370  4.651463
140.100000  61.839390  5.867004
140.200000  65.986658  8.470796
140.300000  62.609837  6.609422
140.400000  61.243368  8.419314
140.500000  63.866208  11.412792
140.600000  69.021076  10.998410
140.700000  69.103818  13.914990
140.800000  64.247869  10.724876
140.900000  71.500251  15.555378
141.000000  69.113206  12.250563
141.100000  62.899296  6.976714
141.200000  62.208474  8.885365
141.300000  61.510919  11.899785
141.400000  60.636241  12.579425
141.500000  67.275447  17.417253
141.600000  66.783184  11.002628
141.700000  68.364698  14.869765
141.800000  63.952478  9.942971
141.900000  63.728748  5.277384
142.000000  64.707523  5.482616
142.100000  61.340175  6.375095
142.200000  61.568990  5.647380
142.300000  60.099919  0.836390
142.400000  58.777800  4.679967
142.500000  63.748047  5.367312
142.600000  67.061059  13.311084
142.700000  61.803996  3.726876
142.800000  62.668978  7.229450
142.900000  66.081862  6.713871
143.000000  61.647355  9.897591
143.100000  59.461999  12.295163
143.200000  63.645736  6.113212
143.300000  59.683217  11.841113
143.400000  66.057026  10.245982
143.500000  65.090378  12.749840
143.600000  66.493868  13.364017
143.700000  62.583828  11.947072
143.800000  63.964997  12.566466
143.900000  62.255224  16.522234
144.000000  61.497345  12.078044
144.100000  58.150475  9.339324
144.200000  65.656380  11.479056
144.300000  62.852335  10.634776
144.400000  68.161224  17.214718
144.500000  64.866937  16.380344
144.600000  61.548667  5.911775
144.700000  63.303101  10.279418
144.800000  64.852778  2.708056
144.900000  64.780908  13.112956
145.000000  60.741169  8.960270
145.100000  63.545735  12.921983
145.200000  58.999043  5.761935
145.300000  63.599939  9.437214
145.400000  64.266267  13.104228
145.500000  64.211180  8.088225
145.600000  64.573527  9.185782
145.700000  63.643500  6.790205
145.800000  62.930802  13.082024
145.900000  60.341025  11.070655
146.000000  65.002063  13.522625
146.100000  62.045769  9.393518
146.200000  63.275936  5.981881
146.300000  60.162061  11.008504
146.400000  62.052106  9.071077
146.500000  60.474985  9.392473
146.600000  61.179277  11.774794
146.700000  58.527853  11.330396
146.800000  64.919030  10.970332
146.900000  60.840552  11.903955
147.000000  65.588587  10.591677
147.100000  61.294995  3.520634
147.200000  54.170766  1.060568
147.300000  57.183205  5.788220
147.400000  57.613695  4.135937
147.500000  58.474620  3.976672
147.600000  57.146011  2.189578
147.700000  59.681224  5.534068
147.800000  56.351266  1.446752
147.900000  56.414701  0.029636
148.000000  57.223036  3.805929
148.100000  55.795960  2.384080
148.200000  55.416668  0.145626
148.300000  57.884978  9.918122
148.400000  58.182822  7.094558
148.500000  60.343441  5.719058
148.600000  62.817372  4.385290
148.700000  55.688781  3.459984
148.800000  63.238838  8.887855
148.900000  58.474474  9.888009
149.000000  61.336270  7.314744
149.100000  61.509282  7.553798
149.200000  54.800933  2.622805
149.300000  58.444085  6.511805
149.400000  62.526092  4.776962
149.500000  58.338439  6.210573
149.600000  59.942656  10.651956
149.700000  58.062831  1.513533
149.800000  59.825129  7.963357
149.900000  61.866661  7.988240
150.000000  52.688358  3.247785
150.100000  60.536072  3.690195
150.200000  58.193351  4.162420
150.300000  59.089800  7.660214
150.400000  56.864254  5.898858
150.500000  61.813784  6.373730
150.600000  58.609808  4.429942
150.700000  56.128727  2.245155
150.800000  57.615775  9.955150
150.900000  58.147905  4.917177
151.000000  64.968087  3.937813
151.100000  62.206029  7.081747
151.200000  62.978105  5.801673
151.300000  58.626557  4.876579
151.400000  57.553947  1.062260
151.500000  57.964984  2.090393
151.600000  62.700451  1.317792
151.700000  64.630813  4.364248
151.800000  62.193163  3.942038
151.900000  57.111141  3.633150
152.000000  61.657407  0.894658
152.100000  60.963181  0.019382
152.200000  61.599444  5.559409
152.300000  58.737367  1.967337
152.400000  59.232799  7.516467
152.500000  61.865191  5.084499
152.600000  62.736624  1.144184
152.700000  60.587319  1.262152
152.800000  57.661653  4.911156
152.900000  59.971666  5.529679
153.000000  60.866164  6.773911
153.100000  57.348439  5.193955
153.200000  59.519600  7.100964
153.300000  56.859021  2.548064
153.400000  58.519768  8.522414
153.500000  53.913611  1.338348
153.600000  61.367395  11.317448
153.700000  61.057651  9.028714
153.800000  61.256555  10.926634
153.900000  56.593052  10.800886
154.000000  60.633415  8.075253
154.100000  62.727316  4.668397
154.200000  59.663210  12.741267
154.300000  58.143295  9.762656
154.400000  55.092182  7.177826
154.500000  62.515074  12.014689
154.600000  62.836107  11.056906
154.700000  63.562641  11.758059
154.800000  63.608441  11.215394
154.900000  59.583242  10.810883
155.000000  55.984198  3.346397
155.100000  59.120668  0.795704
155.200000  64.201580  4.505812
155.300000  58.177735  3.806229
155.400000  58.675438  3.600209
155.500000  62.909701  12.039186
155.600000  59.478879  1.951126
155.700000  58.751280  7.126035
155.800000  61.582238  4.338677
155.900000  56.106050  1.199402
156.000000  60.623971  3.398451
156.100000  58.949686  3.818698
156.200000  61.629517  8.856696
156.300000  62.467497  3.176382
156.400000  55.984115  2.247878
156.500000  57.185779  3.812294
156.600000  64.601480  6.016303
156.700000  62.850034  5.682963
156.800000  67.683005  8.708886
156.900000  58.051834  0.265672
157.000000  59.683544  4.471038
157.100000  57.220197  1.244662
157.200000  64.486987  11.658782
157.300000  61.697863  6.093162
157.400000  63.698765  5.746623
157.500000  68.030670  5.867890
157.600000  65.281617  4.386674
157.700000  59.808839  6.954774
157.800000  67.119557  10.540244
157.900000  64.559436  5.520393
158.000000  61.611463  6.586271
158.100000  65.878378  13.911120
158.200000  58.344292  9.900116
158.300000  60.769086  6.849910
158.400000  59.212948  7.073620
158.500000  61.685165  2.517563
158.600000  60.321466  3.836027
158.700000  61.759272  6.339289
158.800000  63.241374  2.179703
158.900000  62.385897  6.655396
159.000000  59.088002  3.604467
159.100000  58.810509  1.222566
159.200000  59.577148  5.220696
159.300000  55.124685  1.486470
159.400000  58.554758  3.571079
159.500000  55.092370  7.561255
159.600000  58.960501  7.250825
159.700000  58.054581  8.418718
159.800000  59.197454  4.524135
159.900000  59.462924  3.834753
160.000000  57.918240  3.268018
160.100000  57.940238  1.609688
160.200000  55.852127  8.035781
160.300000  58.557351  10.497263
160.400000  62.816020  1.270607
160.500000  62.628777  0.028097
160.600000  60.520477  13.026389
160.700000  62.561935  6.933440
160.800000  63.734475  6.290053
160.900000  60.856101  1.223575
161.000000  60.656051  7.457000
161.100000  63.119020  7.923372
161.200000  59.972578  1.285037
161.300000  62.156102  0.689064
161.400000  62.306862  1.336988
161.500000  64.480925  2.072978
161.600000  68.386449  1.415312
161.700000  63.233101  7.138844
161.800000  62.885727  2.212819
161.900000  60.214422  5.101039
162.000000  59.710638  2.767277
162.100000  62.794949  3.301699
162.200000  65.346472  1.971212
162.300000  62.575895  7.819909
162.400000  59.566446  5.676692
162.500000  61.620553  1.284701
162.600000  63.251067  1.432427
162.700000  65.641143  0.161488
162.800000  58.852677  0.931556
162.900000  56.448318  5.072024
163.000000  58.486432  4.695786
163.100000  61.128149  2.386211
163.200000  59.408714  2.498686
163.300000  64.390394  7.775828
163.400000  64.295880  2.390212
163.500000  68.882769  5.474347
163.600000  67.543362  8.016945
163.700000  64.006273  1.024202
163.800000  59.746513  2.331831
163.900000  59.902678  4.657468
164.000000  63.315598  3.839436
164.100000  65.415183  4.190869
164.200000  58.707290  5.600996
164.300000  56.258153  2.499453
164.400000  65.862170  15.404258
164.500000  61.363190  0.243863
164.600000  59.167889  4.034311
164.700000  63.997819  7.418947
164.800000  64.390788  4.962086
164.900000  61.062528  0.943292
165.000000  58.273364  0.797860
165.100000  58.595118  4.075302
165.200000  60.356562  3.138774
165.300000  61.834254  1.464560
165.400000  59.193941  4.596068
165.500000  56.830918  0.892016
165.600000  61.625742  7.607975
165.700000  57.438127  1.315736
165.800000  57.902125  2.089758
165.900000  57.324419  5.429290
166.000000  59.679864  0.878992
166.100000  62.158338  8.083073
166.200000  64.305419  6.864569
166.300000  64.552495  7.662045
166.400000  57.548294  3.203354
166.500000  57.816598  8.806717
166.600000  59.304130  1.832216
166.700000  64.507975  0.430383
166.800000  60.427412  5.398508
166.900000  60.204971  1.202789
167.000000  63.034699  12.336879
167.100000  61.202829  7.999132
167.200000  56.775706  7.578544
167.300000  59.368199  1.962626
167.400000  57.563021  7.368095
167.500000  59.844833  3.135174
167.600000  59.052833  4.653929
167.700000  59.472715  0.034160
167.800000  58.607330  1.419657
167.900000  57.853309  5.390075
168.000000  62.582909  11.218509
168.100000  62.266912  11.781380
168.200000  60.916682  3.205258
168.300000  57.107100  2.287874
168.400000  59.584847  7.578909
168.500000  59.241626  8.643023
168.600000  58.251900  4.369501
168.700000  57.662453  5.188241
168.800000  62.570222  5.183400
168.900000  61.214216  6.594414
169.000000  60.741929  4.781271
169.100000  58.454693  6.735285
169.200000  60.925104  0.551771
169.300000  57.777185  7.069924
169.400000  66.176462  6.957859
169.500000  56.883911  1.407637
169.600000  58.696076  1.611228
169.700000  57.587488  0.312636
169.800000  57.281060  0.273883
169.900000  62.721778  3.739234
170.000000  58.871764  8.623758
170.100000  59.407274  2.436327
170.200000  57.664553  6.760229
170.300000  57.970353  6.197201
170.400000  57.382578  4.383022
170.500000  61.630418  5.363875
170.600000  57.466622  5.627282
170.700000  62.408105  0.117636
170.800000  58.651319  3.353255
170.900000  58.139668  0.648135
171.000000  57.063963  11.814240
171.100000  62.336306  13.767755
171.200000  64.865770  14.365495
171.300000  58.917571  9.899945
171.400000  56.392706  8.775268
171.500000  57.028996  0.787384
171.600000  58.431335  4.645474
171.700000  58.501593  11.030200
171.800000  61.542233  1.253084
171.900000  62.083112  4.601545
172.000000  61.238741  7.214266
172.100000  58.283324  5.762457
172.200000  59.729660  12.443846
172.300000  60.965357  8.294725
172.400000  63.486767  5.212365
172.500000  67.103125  18.673694
172.600000  62.413725  10.851066
172.700000  59.903970  9.343099
172.800000  63.369867  9.125593
172.900000  72.776844  23.624533
173.000000  65.861490  15.432973
173.100000  69.423422  17.045242
173.200000  70.143142  22.169970
173.300000  71.491314  23.040399
173.400000  69.861954  25.553450
173.500000  69.254579  22.368458
173.600000  70.992385  24.242721
173.700000  71.775592  24.192815
173.800000  70.695916  20.368958
173.900000  74.743049  20.951277
174.000000  71.779028  23.540505
174.100000  72.169179  18.762035
174.200000  74.208372  21.679541
174.300000  71.611615  16.529870
174.400000  70.942994  22.822288
174.500000  77.053054  14.603528
174.600000  74.508581  15.790543
174.700000  74.967433  16.537456
174.800000  72.541485  21.300898
174.900000  72.928065  19.000864
175.000000  73.779907  22.116917
175.100000  75.301728  17.797303
175.200000  74.067560  17.994067
175.300000  73.421951  21.111469
175.400000  73.123007  17.090122
175.500000  76.796139  16.663898
175.600000  74.460690  15.586151
175.700000  76.137177  17.814953
175.800000  72.150286  22.405561
175.900000  74.601282  20.223105
176.000000  76.880250  16.112752
176.100000  71.804011  16.380679
176.200000  74.471268  20.144812
176.300000  73.650413  19.674091
176.400000  74.319592  16.691290
176.500000  72.715937  20.784026
176.600000  73.904695  22.010704
176.700000  69.346844  16.588751
176.800000  76.449399  16.553916
176.900000  70.275237  14.198274
177.000000  68.274333  17.951692
177.100000  65.641778  16.181231
177.200000  70.536006  17.969784
177.300000  66.677985  14.939160
177.400000  69.255740  16.163798
177.500000  65.427698  15.131559
177.600000  68.085059  13.042949
177.700000  66.743709  13.803772
177.800000  67.183145  17.048080
177.900000  66.942875  13.831077
178.000000  71.375374  9.720102
178.100000  72.532061  11.302719
178.200000  64.181520  13.023081
178.300000  70.662206  17.721883
178.400000  65.365918  11.682995
178.500000  67.368523  17.551301
178.600000  67.073910  14.299943
178.700000  71.487336  21.890045
178.800000  76.760394  16.136537
178.900000  73.285693  14.702201
179.000000  77.402513  13.222892
179.100000  73.132447  14.083710
179.200000  73.293447  18.998154
179.300000  73.622322  16.993261
179.400000  69.857288  22.801886
179.500000  72.456119  17.452259
179.600000  68.206243  10.243575
179.700000  67.297325  19.643342
179.800000  63.341141  11.528280
179.900000  72.872848  15.305188
180.000000  72.268142  14.463796
180.100000  72.200637  15.798596
180.200000  70.373239  16.974532
180.300000  63.077302  5.544850
180.400000  71.066387  11.967074
180.500000  71.165714  17.157735
180.600000  70.342920  16.956187
180.700000  74.292644  19.721147
180.800000  68.700252  14.816581
180.900000  74.534928  18.448335
181.000000  71.652845  17.170532
181.100000  74.388642  20.293170
181.200000  61.702154  3.917208
181.300000  66.261991  1.602629
181.400000  62.852769  2.894095
181.500000  76.508326  14.590429
181.600000  76.525173  18.857090
181.700000  73.654139  15.697223
181.800000  74.494507  18.996781
181.900000  73.792670  13.061206
182.000000  72.140704  14.034708
182.100000  80.212574  12.944904
182.200000  71.489305  13.689464
182.300000  72.423791  14.420702
182.400000  70.624899  17.564576
182.500000  65.862150  11.754324
182.600000  75.056896  17.376789
182.700000  67.147390  17.715270
182.800000  74.857419  12.505172
182.900000  69.409496  12.409899
183.000000  70.503238  22.973935
183.100000  70.560359  24.896260
183.200000  72.866362  16.699393
183.300000  64.863493  4.398968
183.400000  62.420782  6.856519
183.500000  56.229923  2.204373
183.600000  60.977777  5.903055
183.700000  58.383848  2.026489
183.800000  70.475668  17.223946
183.900000  72.182824  19.014595
184.000000  57.784813  2.331248
184.100000  58.736598  6.904722
184.200000  62.886627  5.260976
184.300000  65.827607  3.986270
184.400000  66.063465  7.914836
184.500000  63.751943  2.460703
184.600000  70.677971  10.405286
184.700000  63.128455  2.568274
184.800000  60.702400  9.343423
184.900000  59.594586  6.562278
185.000000  69.964987  2.685150
185.100000  69.230425  8.389508
185.200000  62.486934  9.891324
185.300000  65.121227  7.838575
185.400000  61.510222  4.650993
185.500000  62.494974  9.937510
185.600000  65.740421  13.273964
185.700000  61.982575  7.419847
185.800000  66.618111  14.258077
185.900000  63.220368  12.163346
186.000000  62.409450  3.371387
186.100000  69.753604  4.590647
186.200000  65.165798  11.639652
186.300000  61.431952  6.587771
186.400000  59.739078  5.670486
186.500000  62.050596  8.382858
186.600000  64.538888  8.964024
186.700000  64.478342  11.045149
186.800000  64.699896  7.072121
186.900000  64.057758  6.912888
187.000000  60.326450  4.491126
187.100000  63.292624  14.303350
187.200000  66.099657  7.745882
187.300000  70.473105  7.590086
187.400000  64.500956  5.357843
187.500000  60.810310  7.529226
187.600000  67.443922  12.948674
187.700000  67.661934  6.079396
187.800000  67.613658  2.611260
187.900000  67.088372  2.145782
188.000000  65.646023  0.183494
188.100000  70.539895  8.364617
188.200000  64.578547  6.777497
188.300000  63.941294  0.164403
188.400000  68.703131  3.552152
188.500000  69.080362  2.497070
188.600000  71.931528  0.895174
188.700000  67.614321  7.656745
188.800000  68.872124  1.190483
188.900000  66.054202  2.761040
189.000000  74.137822  0.938732
189.100000  70.639418  7.223442
189.200000  72.153740  0.594545
189.300000  68.931342  0.133935
189.400000  65.084406  0.625985
189.500000  66.014505  1.848309
189.600000  72.974063  4.050676
189.700000  72.789873  2.098559
189.800000  68.194630  9.678342
189.900000  68.698054  11.994139
190.000000  74.463792  1.991388
190.100000  66.499586  0.594711
190.200000  69.216958  3.796927
190.300000  70.805454  7.162028
190.400000  71.255333  3.301344
190.500000  72.836585  0.617279
190.600000  70.399464  9.477831
190.700000  66.895201  6.058434
190.800000  69.214239  9.809473
190.900000  70.687460  13.808759
191.000000  70.115682  10.533355
191.100000  72.897186  6.437564
191.200000  64.741961  2.564623
191.300000  69.972038  5.699455
191.400000  68.848521  8.014430
191.500000  68.575181  10.656380
191.600000  65.998925  12.032166
191.700000  69.421925  4.652307
191.800000  70.238024  7.351168
191.900000  68.680684  9.181656
192.000000  71.363097  3.340546
192.100000  70.200361  3.351494
192.200000  74.929464  2.807000
192.300000  70.986750  6.868079
192.400000  70.197093  2.050696
192.500000  65.010520  3.930692
192.600000  67.932470  2.571169
192.700000  73.116804  1.498190
192.800000  71.586879  7.432296
192.900000  74.089394  10.978662
193.000000  72.669618  10.111655
193.100000  66.212570  8.276395
193.200000  71.023447  5.206542
193.300000  65.433314  3.348117
193.400000  71.011231  2.460293
193.500000  68.011741  5.289569
193.600000  70.556716  2.927502
193.700000  75.019990  4.293089
193.800000  70.574001  0.766286
193.900000  70.972854  3.000607
194.000000  72.960381  1.585896
194.100000  68.738900  0.205520
194.200000  66.626775  0.039104
194.300000  68.398339  4.769920
194.400000  67.805307  6.805971
194.500000  72.311504  2.203157
194.600000  74.597822  1.988924
194.700000  69.479466  5.545485
194.800000  73.051364  10.278452
194.900000  70.297312  6.447140
195.000000  74.059292  2.402458
195.100000  71.642651  4.253427
195.200000  72.867042  7.988345
195.300000  72.121011  9.027933
195.400000  66.036689  9.560062
195.500000  68.978690  1.210378
195.600000  73.701020  0.628110
195.700000  75.809965  2.192878
195.800000  71.143658  6.185567
195.900000  72.390729  1.573949
196.000000  69.339394  7.583548
196.100000  73.528911  14.438527
196.200000  71.359336  2.315753
196.300000  71.268672  5.709912
196.400000  72.578584  1.709793
196.500000  72.973564  11.111279
196.600000  71.169692  10.156925
196.700000  65.322237  5.604226
196.800000  71.019156  7.488450
196.900000  70.053457  3.432441
197.000000  73.324623  0.440904
197.100000  69.044877  4.334517
197.200000  69.723148  1.893355
197.300000  72.256955  3.949503
197.400000  68.215495  8.393844
197.500000  62.726732  11.934528
197.600000  71.174722  7.523036
197.700000  72.399908  8.481209
197.800000  67.447536  11.214285
197.900000  75.740506  9.647262
198.000000  70.539624  17.126974
198.100000  65.450933  15.179102
198.200000  70.051982  13.451879
198.300000  70.623938  13.491575
198.400000  73.228465  3.330703
198.500000  70.476207  4.951549
198.600000  75.753305  3.300715
198.700000  70.917283  6.052343
198.800000  64.946124  14.674268
198.900000  68.005326  13.848027
199.000000  63.974305  18.003873
199.100000  60.748005  13.430733
199.200000  69.156300  5.959575
199.300000  71.293881  8.603440
199.400000  71.494840  6.358866
199.500000  70.626418  7.908472
199.600000  71.641740  2.885324
199.700000  73.786604  4.019232
199.800000  71.867798  1.475289
199.900000  80.470515  7.973372
200.000000  76.455114  2.873059
