# aggregated from 2 replicates
# x  mean  std
0.000000  84.016000  0.000000
0.100000  86.058500  1.479974
0.200000  85.641500  1.651094
0.300000  87.571500  3.254813
0.400000  88.494500  2.848933
0.500000  86.500000  1.626346
0.600000  88.174500  1.215517
0.700000  87.945500  0.675287
0.800000  87.404500  1.962221
0.900000  87.331500  2.911159
1.000000  85.352000  0.830143
1.100000  86.167500  0.112430
1.200000  88.168000  1.581091
1.300000  86.572500  1.426234
1.400000  88.365000  3.600588
1.500000  89.083500  1.011870
1.600000  89.734000  0.156978
1.700000  87.878500  1.424820
1.800000  88.772500  1.782616
1.900000  89.360000  3.108441
2.000000  89.699500  4.821761
2.100000  88.188500  2.847519
2.200000  88.835000  4.563667
2.300000  88.706500  2.270520
2.400000  88.713500  4.005760
2.500000  89.593500  3.802113
2.600000  88.228000  2.095864
2.700000  90.901000  3.314917
2.800000  91.246500  2.542049
2.900000  91.428500  3.574425
3.000000  90.785000  1.938887
3.100000  90.578500  1.860398
3.200000  91.022000  3.874945
3.300000  91.732500  3.085107
3.400000  90.819500  3.172788
3.500000  89.870500  1.375323
3.600000  90.035000  4.224256
3.700000  90.065000  0.663266
3.800000  91.277000  2.623366
3.900000  91.942500  3.879895
4.000000  91.478500  4.203750
4.100000  92.625500  3.669177
4.200000  91.616500  5.981416
4.300000  90.339500  5.015508
4.400000  90.951000  3.771708
4.500000  91.335000  3.740595
4.600000  91.246000  4.393962
4.700000  92.218500  0.945402
4.800000  90.601500  1.191475
4.900000  90.078000  2.569626
5.000000  89.938000  0.946109
5.100000  92.389500  1.982020
5.200000  89.964500  0.607405
5.300000  91.062000  0.866913
5.400000  89.687500  1.086823
5.500000  91.079500  1.263600
5.600000  89.486500  3.362293
5.700000  91.686000  1.742311
5.800000  90.717500  2.571747
5.900000  90.889000  1.776252
6.000000  92.181500  0.546594
6.100000  90.736000  2.187788
6.200000  90.412000  0.704278
6.300000  91.151500  1.987677
6.400000  90.348000  2.368808
6.500000  88.838000  4.918635
6.600000  90.379000  1.851206
6.700000  90.996500  3.152989
6.800000  91.648500  1.612911
6.900000  90.902500  0.047376
7.000000  89.505500  0.874691
7.100000  88.992000  2.805800
7.200000  90.565500  2.072530
7.300000  90.303000  1.320875
7.400000  90.710000  1.497652
7.500000  92.643000  4.029094
7.600000  90.752500  2.690541
7.700000  90.500500  0.966615
7.800000  91.661500  0.388202
7.900000  92.149000  0.008485
8.000000  92.237000  1.071974
8.100000  92.066000  1.582505
8.200000  90.972500  0.777110
8.300000  92.202500  1.860398
8.400000  91.676500  2.059802
8.500000  90.071500  0.245366
8.600000  91.399500  1.427649
8.700000  89.756000  2.405577
8.800000  92.507000  0.326683
8.900000  90.591000  1.807365
9.000000  91.426000  0.731148
9.100000  90.476000  1.387344
9.200000  90.346500  0.253851
9.300000  90.020500  1.788273
9.400000  92.678000  1.226123
9.500000  91.202500  0.557907
9.600000  91.296000  1.739483
9.700000  90.233000  0.178191
9.800000  90.680500  0.658316
9.900000  90.582500  1.494117
10.000000  90.321000  0.899440
10.100000  92.530000  1.858277
10.200000  89.150500  0.675287
10.300000  89.657000  0.405879
10.400000  89.434500  1.001970
10.500000  90.839000  0.940452
10.600000  89.400500  1.793930
10.700000  90.991000  0.729734
10.800000  90.089500  0.160513
10.900000  89.068000  1.132785
11.000000  90.467500  0.113844
11.100000  90.691500  0.266579
11.200000  90.672000  1.069145
11.300000  90.934000  0.485075
11.400000  89.972500  0.546594
11.500000  92.251000  1.940301
11.600000  89.604000  0.179605
11.700000  92.594000  1.484924
11.800000  90.508000  2.381536
11.900000  90.116500  0.980757
12.000000  91.103500  0.089803
12.100000  90.261000  1.097430
12.200000  90.599500  2.973384
12.300000  90.392000  0.080610
12.400000  91.330000  2.016669
12.500000  91.036000  0.951766
12.600000  92.225500  0.928431
12.700000  93.261000  0.263044
12.800000  90.058500  1.308855
12.900000  91.020500  2.515179
13.000000  90.949000  0.701450
13.100000  90.673500  0.265165
13.200000  91.766500  0.099702
13.300000  90.517000  0.506288
13.400000  90.721500  1.946665
13.500000  89.108000  1.055003
13.600000  90.547500  1.368252
13.700000  91.379500  0.635689
13.800000  91.437500  1.371080
13.900000  91.190500  2.580233
14.000000  91.380000  2.073237
14.100000  90.292000  1.251579
14.200000  92.313500  0.458912
14.300000  90.491000  0.268701
14.400000  90.624000  0.951766
14.500000  91.240000  2.489016
14.600000  90.448500  2.136170
14.700000  89.019000  2.801557
14.800000  90.044500  0.371231
14.900000  90.601500  1.496945
15.000000  91.401500  0.354260
15.100000  91.069500  0.229810
15.200000  90.973000  0.555786
15.300000  88.429500  0.611647
15.400000  90.201500  0.888833
15.500000  89.857000  0.917825
15.600000  90.929000  0.642053
15.700000  90.990000  1.039447
15.800000  89.711000  0.186676
15.900000  91.042500  1.652509
16.000000  89.700500  0.552250
16.100000  90.154500  1.919795
16.200000  89.359000  0.907925
16.300000  90.794500  1.750089
16.400000  90.578500  0.532451
16.500000  89.498000  1.296834
16.600000  89.841000  0.671751
16.700000  90.281500  0.014849
16.800000  91.058000  0.260215
16.900000  89.582000  0.263044
17.000000  89.456000  1.320875
17.100000  90.154000  0.001414
17.200000  89.386000  1.325118
17.300000  90.230000  0.721249
17.400000  89.615000  0.902268
17.500000  88.682500  2.042831
17.600000  88.475000  0.659024
17.700000  89.005500  0.374059
17.800000  89.151500  0.627204
17.900000  89.802500  0.297692
18.000000  89.710500  0.234052
18.100000  90.117500  1.759989
18.200000  89.784500  1.262186
18.300000  91.171500  0.166170
18.400000  90.416000  0.137179
18.500000  89.230000  0.496389
18.600000  88.831000  0.063640
18.700000  89.996500  1.567656
18.800000  90.311000  0.436992
18.900000  90.142000  0.101823
19.000000  89.033000  0.453963
19.100000  90.537500  0.432042
19.200000  89.910500  0.936916
19.300000  90.312000  1.817264
19.400000  90.056000  0.742462
19.500000  90.277500  0.296278
19.600000  91.753500  1.027426
19.700000  91.012500  1.591697
19.800000  90.275500  1.000556
19.900000  89.660000  0.056569
20.000000  91.775000  0.226274
20.100000  89.248500  0.067175
20.200000  88.614500  0.258094
20.300000  88.897500  1.464418
20.400000  89.421500  0.491439
20.500000  89.341500  1.885854
20.600000  89.155500  1.745847
20.700000  89.953500  3.151575
20.800000  90.254000  1.286934
20.900000  90.239500  0.533866
21.000000  89.598500  1.277742
21.100000  88.979000  1.530179
21.200000  89.946500  1.543614
21.300000  90.076500  2.150312
21.400000  90.501500  1.474318
21.500000  90.435500  1.682207
21.600000  88.598000  0.325269
21.700000  88.611500  0.768625
21.800000  90.047000  0.601041
21.900000  90.031000  0.917825
22.000000  89.694000  0.195161
22.100000  89.387000  0.817415
22.200000  88.645500  1.501188
22.300000  88.146000  1.463711
22.400000  89.418000  2.078894
22.500000  88.997000  1.455226
22.600000  89.288500  1.349867
22.700000  90.123000  2.142534
22.800000  89.723000  0.418607
22.900000  89.447500  1.320168
23.000000  88.893000  0.117380
23.100000  89.829000  1.339260
23.200000  88.526500  0.106773
23.300000  88.705500  1.583212
23.400000  89.519500  1.718977
23.500000  89.352000  1.101672
23.600000  88.543500  0.535280
23.700000  89.116500  1.813729
23.800000  87.913500  1.573313
23.900000  89.175000  0.333754
24.000000  89.035000  0.436992
24.100000  89.367500  0.067175
24.200000  89.692000  0.098995
24.300000  89.569500  1.365423
24.400000  90.632000  0.981464
24.500000  89.682000  1.213395
24.600000  90.465500  1.400779
24.700000  89.250500  1.894339
24.800000  88.710500  0.682358
24.900000  90.151000  2.781758
25.000000  90.223500  2.571747
25.100000  89.497500  2.247892
25.200000  90.588000  3.132483
25.300000  90.297500  2.957828
25.400000  90.320000  1.858277
25.500000  90.576000  2.083137
25.600000  88.908000  1.510380
25.700000  90.070000  0.857013
25.800000  89.094500  2.600032
25.900000  90.770500  0.123744
26.000000  89.601000  1.728169
26.100000  92.350500  0.016263
26.200000  90.613500  0.334462
26.300000  90.373500  2.447297
26.400000  90.439500  0.077075
26.500000  91.670000  0.817415
26.600000  89.659500  1.238144
26.700000  89.363000  0.776403
26.800000  90.841000  1.168140
26.900000  91.356500  0.078489
27.000000  90.589000  0.876812
27.100000  90.906000  0.841457
27.200000  90.762500  0.931260
27.300000  89.425500  1.603011
27.400000  89.870500  3.853025
27.500000  89.565000  2.991062
27.600000  89.237500  2.044246
27.700000  89.074500  0.497096
27.800000  90.673500  1.222588
27.900000  90.746000  0.803273
28.000000  89.790500  1.567656
28.100000  89.360000  0.639225
28.200000  89.821500  0.340118
28.300000  91.001000  1.606547
28.400000  89.333000  1.472196
28.500000  90.278500  1.051468
28.600000  88.869500  0.676701
28.700000  90.672500  0.648417
28.800000  88.476000  1.938887
28.900000  89.017500  3.157232
29.000000  88.352500  1.564827
29.100000  89.781500  1.743018
29.200000  89.177500  0.497096
29.300000  90.156000  0.059397
29.400000  91.745500  0.803980
29.500000  90.157000  2.353251
29.600000  87.999500  0.542351
29.700000  88.604500  1.659580
29.800000  88.257500  0.279307
29.900000  91.391500  1.605840
30.000000  90.333500  0.915703
30.100000  88.010000  0.086267
30.200000  89.290500  0.457498
30.300000  88.781000  1.074802
30.400000  90.280000  2.909037
30.500000  90.555000  0.121622
30.600000  90.738000  0.615183
30.700000  90.140500  0.122329
30.800000  91.553500  0.402344
30.900000  91.208500  1.574727
31.000000  89.815500  0.666802
31.100000  90.279500  0.822365
31.200000  90.818500  0.748826
31.300000  90.382500  1.327239
31.400000  88.907500  0.570635
31.500000  91.153500  1.239558
31.600000  90.590500  0.576292
31.700000  91.126000  1.243094
31.800000  92.521500  1.799587
31.900000  90.075500  1.273499
32.000000  90.773000  1.438255
32.100000  89.752000  1.265721
32.200000  90.100500  0.523966
32.300000  90.620000  2.445175
32.400000  88.626500  1.222588
32.500000  87.842000  1.728169
32.600000  90.417000  0.485075
32.700000  89.713500  4.288603
32.800000  88.223500  0.405172
32.900000  90.599000  1.374616
33.000000  89.294500  0.829436
33.100000  88.831000  0.337997
33.200000  88.186000  2.363151
33.300000  89.759000  2.296683
33.400000  88.358500  2.718826
33.500000  87.070000  2.511643
33.600000  87.425000  2.876510
33.700000  88.283000  2.257085
33.800000  89.488500  2.854590
33.900000  89.702000  0.504874
34.000000  89.676000  2.896309
34.100000  89.354000  2.224558
34.200000  89.303500  2.482652
34.300000  88.527500  1.629881
34.400000  88.399500  0.259508
34.500000  89.243000  2.044953
34.600000  88.497500  2.863075
34.700000  90.236500  1.212688
34.800000  89.384500  2.365272
34.900000  89.524000  0.304056
35.000000  90.350000  0.229103
35.100000  90.229000  0.367696
35.200000  90.166500  0.396687
35.300000  90.030500  1.400779
35.400000  89.705000  1.439669
35.500000  89.514500  0.084146
35.600000  89.508500  0.194454
35.700000  89.759000  1.808779
35.800000  89.924500  0.147785
35.900000  89.740000  1.378858
36.000000  91.195500  0.649831
36.100000  89.618000  0.694379
36.200000  89.775500  1.011870
36.300000  90.122000  0.227688
36.400000  89.888500  1.117936
36.500000  90.271000  1.476439
36.600000  90.335000  0.876812
36.700000  90.444000  1.023891
36.800000  89.539500  0.497096
36.900000  89.348000  2.283955
37.000000  89.117500  0.252437
37.100000  89.850000  0.632153
37.200000  89.402000  0.917825
37.300000  89.758000  0.511945
37.400000  89.579500  0.570635
37.500000  89.881000  1.466539
37.600000  88.652000  0.649124
37.700000  90.626000  3.044802
37.800000  89.304500  0.761554
37.900000  89.395500  1.533715
38.000000  90.153000  1.910603
38.100000  88.591500  0.258094
38.200000  90.338500  0.212839
38.300000  88.076000  1.694228
38.400000  89.447500  1.526644
38.500000  89.398000  1.490581
38.600000  86.989000  0.530330
38.700000  88.501500  1.969292
38.800000  91.006500  0.060104
38.900000  89.491000  1.978485
39.000000  89.666500  0.286378
39.100000  89.492500  0.071418
39.200000  88.734000  0.609526
39.300000  89.972000  1.132785
39.400000  88.680500  0.168999
39.500000  89.826000  0.087681
39.600000  88.299500  1.638366
39.700000  87.990500  0.968029
39.800000  88.650500  0.481540
39.900000  89.047000  0.380423
40.000000  88.247500  1.492702
40.100000  88.799500  0.202940
40.200000  88.975000  2.774687
40.300000  89.326000  1.507552
40.400000  88.344500  0.282136
40.500000  88.462000  0.373352
40.600000  89.841500  1.139149
40.700000  89.490500  0.457498
40.800000  89.461500  0.094045
40.900000  88.155500  0.111016
41.000000  88.434500  0.676701
41.100000  88.098500  0.383959
41.200000  87.900500  2.267691
41.300000  88.441500  2.095157
41.400000  89.316000  0.176777
41.500000  89.523000  1.634831
41.600000  89.691000  1.557049
41.700000  89.625500  0.293449
41.800000  87.569500  0.133643
41.900000  89.101000  0.311127
42.000000  89.620000  0.524673
42.100000  88.624500  0.256680
42.200000  88.328000  0.791960
42.300000  88.160000  0.514774
42.400000  88.680000  0.813173
42.500000  89.463500  1.078338
42.600000  88.554500  1.636952
42.700000  88.365000  0.248902
42.800000  88.946500  0.638517
42.900000  88.365000  1.203496
43.000000  87.672000  0.998435
43.100000  88.502000  1.803122
43.200000  89.350500  1.450276
43.300000  88.236500  2.393556
43.400000  88.612500  1.178747
43.500000  87.770500  0.717713
43.600000  87.714000  0.028284
43.700000  88.065000  0.130108
43.800000  87.448000  0.391737
43.900000  86.429000  0.132936
44.000000  88.198500  1.037326
44.100000  88.096000  1.091773
44.200000  88.003500  0.424971
44.300000  87.395000  0.285671
44.400000  88.195500  0.293449
44.500000  87.739000  1.016820
44.600000  88.225000  0.066468
44.700000  87.184000  1.483510
44.800000  88.191000  0.629325
44.900000  88.338000  0.246073
45.000000  87.863500  0.132229
45.100000  88.599500  0.918532
45.200000  87.121500  1.351281
45.300000  88.611500  0.378302
45.400000  88.284000  0.940452
45.500000  88.790000  0.263044
45.600000  87.109500  0.389616
45.700000  88.923000  1.483510
45.800000  89.456500  1.549271
45.900000  87.895500  0.368403
46.000000  88.353500  1.303198
46.100000  88.177000  0.482247
46.200000  87.882000  1.511794
46.300000  87.798000  1.277035
46.400000  89.879500  0.542351
46.500000  88.598500  0.388202
46.600000  87.973500  0.678115
46.700000  89.565000  2.302340
46.800000  88.226500  1.071267
46.900000  88.350500  1.403607
47.000000  88.006000  0.773575
47.100000  87.685500  0.017678
47.200000  88.871500  0.188798
47.300000  87.728000  2.145362
47.400000  87.583500  0.352846
47.500000  88.387000  0.668923
47.600000  88.595500  1.677964
47.700000  86.900500  1.361181
47.800000  88.793500  0.917117
47.900000  88.846000  0.289914
48.000000  90.482500  0.013435
48.100000  88.674000  0.123037
48.200000  88.537000  0.978636
48.300000  88.811000  0.244659
48.400000  90.406500  0.470226
48.500000  90.021500  1.949493
48.600000  89.344500  0.808223
48.700000  89.029000  0.108894
48.800000  87.202500  1.566242
48.900000  88.113000  0.803273
49.000000  87.868500  0.556493
49.100000  89.180000  0.670337
49.200000  87.922000  0.674580
49.300000  88.586000  1.442498
49.400000  88.036000  0.391737
49.500000  88.155500  1.563413
49.600000  87.332500  0.985000
49.700000  90.222500  0.337290
49.800000  89.228000  1.862519
49.900000  89.594000  1.013991
50.000000  89.884500  0.828022
50.100000  88.459000  1.252993
50.200000  87.458000  1.503309
50.300000  89.058000  1.589576
50.400000  87.673000  1.073388
50.500000  88.129500  1.330068
50.600000  87.562500  0.389616
50.700000  87.426500  0.645588
50.800000  89.097500  0.176070
50.900000  87.874500  1.776959
51.000000  87.422500  0.364160
51.100000  88.052500  0.454670
51.200000  86.937000  1.940301
51.300000  87.900500  0.864792
51.400000  88.111000  1.756453
51.500000  87.900000  3.070258
51.600000  87.419000  0.531744
51.700000  86.925000  0.117380
51.800000  87.253500  0.874691
51.900000  87.908500  0.839336
52.000000  87.813500  2.789536
52.100000  87.748500  1.156120
52.200000  87.915500  3.308553
52.300000  88.036500  1.351281
52.400000  89.837500  0.864792
52.500000  90.103500  0.839336
52.600000  88.870000  0.811759
52.700000  89.576500  2.021618
52.800000  88.826500  1.175919
52.900000  88.552500  0.570635
53.000000  88.791000  1.575434
53.100000  87.848500  1.106622
53.200000  89.015500  0.260922
53.300000  88.263500  0.488611
53.400000  88.684500  1.137735
53.500000  87.834000  2.029396
53.600000  89.378000  0.195161
53.700000  87.809500  0.381131
53.800000  88.004000  0.995606
53.900000  89.152000  1.327947
54.000000  87.871000  0.625082
54.100000  90.326000  1.842720
54.200000  87.096000  0.695793
54.300000  87.863000  0.175362
54.400000  87.205000  0.405879
54.500000  88.015000  0.263044
54.600000  87.871500  2.930958
54.700000  88.338500  1.905653
54.800000  88.386500  0.931260
54.900000  87.930000  3.101370
55.000000  87.763500  1.405021
55.100000  89.009000  1.432598
55.200000  88.988000  2.921765
55.300000  88.580500  0.038891
55.400000  88.873500  2.085258
55.500000  88.565500  3.039852
55.600000  88.445000  1.531593
55.700000  89.033000  0.480833
55.800000  88.659500  2.106471
55.900000  87.310500  0.296278
56.000000  88.053500  0.999142
56.100000  88.601500  0.597505
56.200000  88.766500  0.304763
56.300000  89.635500  0.272236
56.400000  88.549000  2.293854
56.500000  88.641500  1.677964
56.600000  88.484500  2.324260
56.700000  88.552500  2.107885
56.800000  88.434500  0.341533
56.900000  88.495000  2.689834
57.000000  89.048500  0.605991
57.100000  88.699000  1.617860
57.200000  88.232500  1.618567
57.300000  87.990500  0.726199
57.400000  88.699500  2.385071
57.500000  87.381500  3.462702
57.600000  87.585000  1.632002
57.700000  87.885500  0.447599
57.800000  87.947000  0.173948
57.900000  86.185500  0.272236
58.000000  87.058500  0.680944
58.100000  87.825500  0.283550
58.200000  88.987500  3.072379
58.300000  87.903500  0.451841
58.400000  86.874500  1.683621
58.500000  88.828500  1.331482
58.600000  88.352000  1.231780
58.700000  88.720000  1.329361
58.800000  88.819500  2.206880
58.900000  88.960000  0.282843
59.000000  87.794000  2.497501
59.100000  89.568000  0.606698
59.200000  87.948500  0.805395
59.300000  89.049500  0.058690
59.400000  88.825500  0.755897
59.500000  88.529000  0.246073
59.600000  87.391000  0.844285
59.700000  87.450000  1.206324
59.800000  86.163000  2.299511
59.900000  86.250500  1.759989
60.000000  88.410000  2.245771
60.100000  88.674000  0.633568
60.200000  87.136000  2.371636
60.300000  87.675000  0.504874
60.400000  87.567500  1.214102
60.500000  87.062500  0.014849
60.600000  88.237000  0.313955
60.700000  86.760500  0.068589
60.800000  87.649000  0.692965
60.900000  86.782000  0.773575
61.000000  87.279500  1.437548
61.100000  87.147500  0.325976
61.200000  87.651000  0.476590
61.300000  86.579000  1.650387
61.400000  87.668000  0.499217
61.500000  87.602000  0.053740
61.600000  85.709000  1.363302
61.700000  87.421500  1.017527
61.800000  88.580500  0.877520
61.900000  87.007000  1.397243
62.000000  88.623500  0.115258
62.100000  87.641000  0.325269
62.200000  88.273500  0.788424
62.300000  87.082000  1.660287
62.400000  88.723500  0.301935
62.500000  88.399000  0.182434
62.600000  89.151500  0.088388
62.700000  89.094500  1.338553
62.800000  88.633500  0.850649
62.900000  88.550000  2.261327
63.000000  87.793500  0.529623
63.100000  89.938500  2.283248
63.200000  88.492000  2.018083
63.300000  87.030500  0.378302
63.400000  88.440500  1.513916
63.500000  87.440000  1.892218
63.600000  86.263500  2.307289
63.700000  87.387500  0.654074
63.800000  87.618000  1.647559
63.900000  87.225500  1.143392
64.000000  88.028500  0.286378
64.100000  88.181000  0.793374
64.200000  87.522500  1.395122
64.300000  88.709500  0.415072
64.400000  86.787500  0.706400
64.500000  87.575000  0.050912
64.600000  87.215500  0.901561
64.700000  88.994500  0.164756
64.800000  88.390500  0.812466
64.900000  88.841000  0.197990
65.000000  88.346500  0.225567
65.100000  89.081500  0.289207
65.200000  89.452000  0.634982
65.300000  88.733500  1.686450
65.400000  87.724500  0.033234
65.500000  88.072000  0.929138
65.600000  88.716500  0.040305
65.700000  88.802000  0.000000
65.800000  88.920500  1.132078
65.900000  88.522000  0.451134
66.000000  87.220000  0.893783
66.100000  88.519500  0.668216
66.200000  88.846000  0.572756
66.300000  88.223000  1.566949
66.400000  87.785500  2.093743
66.500000  88.285500  0.857721
66.600000  87.909000  1.176626
66.700000  88.924000  1.777666
66.800000  88.347000  1.142685
66.900000  87.780500  2.113542
67.000000  88.169500  1.463004
67.100000  88.261500  1.409264
67.200000  89.013500  0.342947
67.300000  87.883500  0.210011
67.400000  89.434500  0.976514
67.500000  89.399000  2.114249
67.600000  89.564500  0.905804
67.700000  89.250500  0.150614
67.800000  87.795000  0.704278
67.900000  87.200000  0.718420
68.000000  87.950500  0.871863
68.100000  87.783500  1.631295
68.200000  87.807500  0.106773
68.300000  88.742000  0.335169
68.400000  89.779500  0.102530
68.500000  88.465000  1.486338
68.600000  88.250000  0.586899
68.700000  88.215500  0.193040
68.800000  88.686000  1.943129
68.900000  88.461000  1.646145
69.000000  89.402500  0.123744
69.100000  88.741500  0.342947
69.200000  88.948000  1.231780
69.300000  89.902000  1.155412
69.400000  89.319000  0.954594
69.500000  88.386000  1.866762
69.600000  88.898000  0.492146
69.700000  88.125000  0.060811
69.800000  89.080000  1.333603
69.900000  89.533500  0.717713
70.000000  88.901000  1.162484
70.100000  89.940500  0.204354
70.200000  88.932500  0.521138
70.300000  87.926500  0.968029
70.400000  89.640500  1.501188
70.500000  88.381500  1.226830
70.600000  89.573000  1.571191
70.700000  88.899000  0.390323
70.800000  89.213000  1.183697
70.900000  88.994000  0.274357
71.000000  88.738500  0.228395
71.100000  88.306000  1.385929
71.200000  89.992000  1.148341
71.300000  88.057000  0.176777
71.400000  88.647500  1.202789
71.500000  88.823000  2.390021
71.600000  87.983500  2.051317
71.700000  89.357000  1.574020
71.800000  88.834000  1.685743
71.900000  88.122500  0.269408
72.000000  88.073000  2.862368
72.100000  89.524500  2.396385
72.200000  89.505000  0.912168
72.300000  88.451000  1.715441
72.400000  88.816500  1.482803
72.500000  87.792500  2.327088
72.600000  89.701500  1.356938
72.700000  89.536000  0.251730
72.800000  89.369500  0.366988
72.900000  89.835500  0.820951
73.000000  89.856500  0.108187
73.100000  88.783000  0.384666
73.200000  87.594500  0.439113
73.300000  88.334500  0.557907
73.400000  89.781500  0.654074
73.500000  88.127000  1.313804
73.600000  88.631000  2.231629
73.700000  89.213500  0.805395
73.800000  89.137000  2.596496
73.900000  89.008000  1.418456
74.000000  88.317000  1.142685
74.100000  88.943500  0.605991
74.200000  88.142500  1.026012
74.300000  88.194500  1.144806
74.400000  89.111000  0.800445
74.500000  88.669500  0.969443
74.600000  90.267000  0.265872
74.700000  89.251000  0.865499
74.800000  89.538000  0.052326
74.900000  89.709000  1.206324
75.000000  89.469500  0.166170
75.100000  90.068000  0.548715
75.200000  90.273500  3.556040
75.300000  91.004000  0.868327
75.400000  90.754000  1.897875
75.500000  88.893000  0.569928
75.600000  89.014000  2.009597
75.700000  89.968000  2.517300
75.800000  90.864500  1.228244
75.900000  89.369500  1.713320
76.000000  89.098500  0.236881
76.100000  87.200000  0.432749
76.200000  88.636000  1.342089
76.300000  89.251000  3.285218
76.400000  88.040000  2.713876
76.500000  89.001500  2.274763
76.600000  89.926000  0.905097
76.700000  87.749000  1.497652
76.800000  88.827000  2.077480
76.900000  89.841000  1.643316
77.000000  90.540000  2.326381
77.100000  90.928000  0.752362
77.200000  89.354000  1.800294
77.300000  89.141500  1.030255
77.400000  90.158000  0.535987
77.500000  89.646500  1.953736
77.600000  88.239500  0.294864
77.700000  88.282000  0.393151
77.800000  88.179500  0.890247
77.900000  88.599000  0.535987
78.000000  88.653500  0.695086
78.100000  90.155500  0.146371
78.200000  88.611000  2.951464
78.300000  88.999500  0.190212
78.400000  90.603000  1.613618
78.500000  89.198500  0.385373
78.600000  90.637000  2.667207
78.700000  90.179500  0.325976
78.800000  89.376500  0.528209
78.900000  90.017000  0.275772
79.000000  88.484000  1.838478
79.100000  88.587000  0.203647
79.200000  87.638000  1.381687
79.300000  88.922500  1.175919
79.400000  88.211500  1.444619
79.500000  90.137500  0.860549
79.600000  87.434500  2.081015
79.700000  89.351000  0.736805
79.800000  90.583500  0.381131
79.900000  90.487000  1.913431
80.000000  88.916000  0.291328
80.100000  89.024000  0.029698
80.200000  91.232500  0.999142
80.300000  88.946000  1.175211
80.400000  89.578000  0.974393
80.500000  89.447500  0.170413
80.600000  89.421000  0.234759
80.700000  88.873000  0.688722
80.800000  90.888000  0.903682
80.900000  90.317000  1.598061
81.000000  88.778000  0.794788
81.100000  88.131500  1.050054
81.200000  89.575500  0.267993
81.300000  88.831500  0.249609
81.400000  89.539000  0.371938
81.500000  88.750000  1.100258
81.600000  89.610000  0.196576
81.700000  88.271500  0.286378
81.800000  86.734500  0.453255
81.900000  88.908000  1.043690
82.000000  89.276500  0.074246
82.100000  87.876500  1.600183
82.200000  90.151000  0.387495
82.300000  89.083500  1.416335
82.400000  90.185000  2.760545
82.500000  88.654500  1.303198
82.600000  88.547000  0.123037
82.700000  88.953500  0.324562
82.800000  88.401500  0.446184
82.900000  88.775500  1.048639
83.000000  88.745000  0.370524
83.100000  88.739000  2.948635
83.200000  89.968500  1.761403
83.300000  89.432500  2.461439
83.400000  90.416500  1.140563
83.500000  89.205500  1.782616
83.600000  89.786000  0.404465
83.700000  90.795500  1.980606
83.800000  89.405500  0.102530
83.900000  89.453000  0.654781
84.000000  91.029500  0.341533
84.100000  89.906000  0.613769
84.200000  90.150500  0.914289
84.300000  90.236500  0.399515
84.400000  90.795500  0.225567
84.500000  88.536000  1.456640
84.600000  88.249500  0.058690
84.700000  87.757000  0.007071
84.800000  88.212500  0.202940
84.900000  89.139500  0.951059
85.000000  90.029000  0.595384
85.100000  90.048000  0.285671
85.200000  90.668500  3.686148
85.300000  90.939500  0.235467
85.400000  90.438000  0.237588
85.500000  91.410000  3.114098
85.600000  91.386500  1.386636
85.700000  90.935500  2.566091
85.800000  91.233000  1.482096
85.900000  91.719000  0.872570
86.000000  91.199500  0.529623
86.100000  90.814500  0.297692
86.200000  89.923500  2.216780
86.300000  91.327500  2.226679
86.400000  90.619500  0.341533
86.500000  90.449500  0.540937
86.600000  91.092500  0.473054
86.700000  92.373500  2.776808
86.800000  90.782000  1.036619
86.900000  89.959500  2.122027
87.000000  91.003500  1.389465
87.100000  90.931000  1.755039
87.200000  91.049000  0.374767
87.300000  89.476000  2.894895
87.400000  89.509000  1.504723
87.500000  89.264500  0.337290
87.600000  88.633000  0.974393
87.700000  90.051500  2.715997
87.800000  88.891500  1.204203
87.900000  89.005000  1.530179
88.000000  90.774000  1.598061
88.100000  90.148000  1.001263
88.200000  89.898000  2.145362
88.300000  89.401000  0.025456
88.400000  89.579000  1.199253
88.500000  88.875500  1.311683
88.600000  89.783500  0.779939
88.700000  89.493500  2.465681
88.800000  90.200500  1.668065
88.900000  89.215000  0.584070
89.000000  90.054000  0.487904
89.100000  89.096000  0.977222
89.200000  88.004000  0.456791
89.300000  87.690500  1.399364
89.400000  89.006500  0.166170
89.500000  87.584500  0.127986
89.600000  89.170500  0.924189
89.700000  89.175000  1.361888
89.800000  87.905500  2.079601
89.900000  87.796000  0.117380
90.000000  89.128000  1.376030
90.100000  88.624500  1.010456
90.200000  89.213000  0.072125
90.300000  89.050000  2.244357
90.400000  89.056500  1.491288
90.500000  88.732500  1.477146
90.600000  89.866000  0.913582
90.700000  89.363000  1.189354
90.800000  89.223500  0.490025
90.900000  90.057500  0.545179
91.000000  89.356500  3.363707
91.100000  89.143000  0.625082
91.200000  90.595000  0.572756
91.300000  89.402000  1.445326
91.400000  88.596500  1.530886
91.500000  87.392000  2.235872
91.600000  89.960000  0.994192
91.700000  88.437000  0.111723
91.800000  89.393000  2.255671
91.900000  88.734500  0.446184
92.000000  88.746500  0.847821
92.100000  88.925000  0.188090
92.200000  87.177000  2.842569
92.300000  89.586500  0.905804
92.400000  88.450500  0.375474
92.500000  88.943000  1.435427
92.600000  87.510500  0.202940
92.700000  90.615000  1.114400
92.800000  89.259500  0.140714
92.900000  88.917500  2.793779
93.000000  88.935500  0.436285
93.100000  89.081500  1.306026
93.200000  89.144000  0.956008
93.300000  89.330500  2.283248
93.400000  89.586000  2.496087
93.500000  89.723000  0.193747
93.600000  88.471000  0.291328
93.700000  88.192500  2.362444
93.800000  89.227000  0.458205
93.900000  89.774000  0.784889
94.000000  88.988500  1.356938
94.100000  89.584500  0.492853
94.200000  89.437500  1.083995
94.300000  89.519000  1.178040
94.400000  88.170000  0.876812
94.500000  87.705000  0.670337
94.600000  88.681000  0.091924
94.700000  89.823000  1.578262
94.800000  89.297000  1.294005
94.900000  89.198000  0.335169
95.000000  88.970000  0.985707
95.100000  86.231000  0.087681
95.200000  88.838500  0.738927
95.300000  88.091500  1.041568
95.400000  89.372500  0.818123
95.500000  89.353500  2.225265
95.600000  89.062000  1.480682
95.700000  89.848500  2.399213
95.800000  88.633500  1.052882
95.900000  88.983500  2.164454
96.000000  88.468000  0.950352
96.100000  87.185000  0.632153
96.200000  87.987000  0.517602
96.300000  88.191000  0.298399
96.400000  87.431500  1.132078
96.500000  89.344000  2.435276
96.600000  89.007000  2.088793
96.700000  88.469000  1.701299
96.800000  89.299000  0.595384
96.900000  88.459000  0.072125
97.000000  89.391000  0.545886
97.100000  89.658000  0.677408
97.200000  90.664500  0.303349
97.300000  90.732500  0.229810
97.400000  89.793500  1.959393
97.500000  89.563000  0.404465
97.600000  88.671500  0.861963
97.700000  87.945500  0.891662
97.800000  87.771500  1.498359
97.900000  88.839500  1.324411
98.000000  89.489500  0.210011
98.100000  89.773500  0.806809
98.200000  87.805500  0.368403
98.300000  88.143500  1.067024
98.400000  90.728500  0.364160
98.500000  89.330500  2.462853
98.600000  89.206500  0.867620
98.700000  89.171000  1.282692
98.800000  89.698000  0.445477
98.900000  88.297000  0.797616
99.000000  88.766000  0.485075
99.100000  90.287000  0.147078
99.200000  87.774000  1.773424
99.300000  90.172000  1.759282
99.400000  91.361000  2.063338
99.500000  90.031000  2.463560
99.600000  91.088500  1.156120
99.700000  90.188500  0.907218
99.800000  90.978500  3.093592
99.900000  89.211500  1.810900
100.000000  90.027500  1.190061
100.100000  89.321500  0.144957
100.200000  90.608500  0.398101
100.300000  89.185500  1.245215
100.400000  88.794000  1.653216
100.500000  90.413000  0.565685
100.600000  90.708500  1.057125
100.700000  90.227000  2.453661
100.800000  90.164000  1.712613
100.900000  89.514500  1.110865
101.000000  89.989000  0.909339
101.100000  89.755000  2.148190
101.200000  89.611500  0.266579
101.300000  89.383000  0.612354
101.400000  89.178500  0.927017
101.500000  90.385000  1.533008
101.600000  89.699000  0.534573
101.700000  88.815000  2.838327
101.800000  89.549500  1.263600
101.900000  90.716000  0.738219
102.000000  90.135000  0.967322
102.100000  87.938000  0.062225
102.200000  88.243000  1.691399
102.300000  88.380000  2.484773
102.400000  89.752000  1.104501
102.500000  90.038000  0.168291
102.600000  88.879500  0.922774
102.700000  88.581000  0.483661
102.800000  88.157500  1.359766
102.900000  88.839000  0.814587
103.000000  89.115500  0.955301
103.100000  88.283500  1.146220
103.200000  90.081500  1.619982
103.300000  89.713000  1.319461
103.400000  89.041000  1.093187
103.500000  88.049500  0.269408
103.600000  89.209500  0.241123
103.700000  89.117500  0.253851
103.800000  88.522500  0.873277
103.900000  88.254500  1.304612
104.000000  87.815000  1.093187
104.100000  89.466000  1.264307
104.200000  88.835500  0.682358
104.300000  89.419500  1.054296
104.400000  89.492500  0.669630
104.500000  89.266000  0.458205
104.600000  89.389500  0.316077
104.700000  89.976500  0.853478
104.800000  90.039000  0.185262
104.900000  88.818000  1.033790
105.000000  89.420500  0.340118
105.100000  90.656000  0.499217
105.200000  88.757000  2.481945
105.300000  87.267500  2.103643
105.400000  88.881500  0.662559
105.500000  89.822500  0.009192
105.600000  88.973500  2.540635
105.700000  89.029000  2.790243
105.800000  88.749500  0.703571
105.900000  87.782000  0.722663
106.000000  87.755000  3.736352
106.100000  89.339500  1.513916
106.200000  87.820500  0.118087
106.300000  88.245500  0.371231
106.400000  88.473500  0.050205
106.500000  89.730000  2.585182
106.600000  88.537500  2.481238
106.700000  88.718000  1.684328
106.800000  87.566500  1.529472
106.900000  88.543000  1.542907
107.000000  88.614500  2.236579
107.100000  89.092000  2.111421
107.200000  88.876000  3.836761
107.300000  86.635000  2.845398
107.400000  86.560500  0.113844
107.500000  86.419500  2.236579
107.600000  88.703000  1.648973
107.700000  89.592500  1.741604
107.800000  89.498000  1.578262
107.900000  90.033000  2.621952
108.000000  89.818000  2.653065
108.100000  89.074000  1.411385
108.200000  89.688500  1.215517
108.300000  89.369500  0.519723
108.400000  87.268500  0.383959
108.500000  87.198500  0.245366
108.600000  88.884000  0.943280
108.700000  88.200500  1.410678
108.800000  88.157500  0.028991
108.900000  87.966500  1.201374
109.000000  88.437500  0.357089
109.100000  87.399000  1.059246
109.200000  88.307500  1.321583
109.300000  88.790000  0.243245
109.400000  88.694000  0.079196
109.500000  88.351500  0.475883
109.600000  89.037000  0.482247
109.700000  87.937500  0.048790
109.800000  88.944000  1.226123
109.900000  87.817000  1.337846
110.000000  88.426000  1.367545
110.100000  88.164500  0.389616
110.200000  89.268500  0.846407
110.300000  89.281000  1.165312
110.400000  88.179500  1.774131
110.500000  89.387500  0.632861
110.600000  88.757000  0.487904
110.700000  89.127000  0.714178
110.800000  89.467000  1.501895
110.900000  87.700000  0.452548
111.000000  87.848500  3.413204
111.100000  89.751000  0.091924
111.200000  88.096000  0.991364
111.300000  89.692500  2.017376
111.400000  87.639000  1.697056
111.500000  88.256500  1.612911
111.600000  89.758000  2.138291
111.700000  89.089500  1.287641
111.800000  88.946000  2.033639
111.900000  90.895000  0.142836
112.000000  88.648500  0.972272
112.100000  88.658000  2.351837
112.200000  89.785500  1.791101
112.300000  87.086500  0.062933
112.400000  87.913000  0.243245
112.500000  86.638000  1.460883
112.600000  87.933500  0.075660
112.700000  88.411000  2.541342
112.800000  88.028500  1.894339
112.900000  88.344500  3.995860
113.000000  88.535500  0.591848
113.100000  87.740000  1.599476
113.200000  88.169000  1.818679
113.300000  87.392500  1.255115
113.400000  88.492000  1.664529
113.500000  89.282000  1.190768
113.600000  88.503500  2.747110
113.700000  88.371500  1.184404
113.800000  89.070500  0.027577
113.900000  87.898000  0.069296
114.000000  89.278500  1.998991
114.100000  89.289500  1.098137
114.200000  88.321500  0.084146
114.300000  88.000000  0.790545
114.400000  89.694500  1.249458
114.500000  88.356500  0.631446
114.600000  86.238500  0.299106
114.700000  87.886000  1.404314
114.800000  87.875000  0.304056
114.900000  87.547000  1.344917
115.000000  87.008500  1.143392
115.100000  87.074000  0.459619
115.200000  86.518000  0.971565
115.300000  86.428500  2.212537
115.400000  87.074500  0.036062
115.500000  88.499500  0.207182
115.600000  88.604000  1.288349
115.700000  88.806500  1.586041
115.800000  89.355500  1.161776
115.900000  88.387500  1.986263
116.000000  88.200000  0.657609
116.100000  89.970500  2.778223
116.200000  88.752500  2.563262
116.300000  87.310500  1.950908
116.400000  88.910000  2.029396
116.500000  89.233500  0.663973
116.600000  88.000000  1.149756
116.700000  88.707000  0.772161
116.800000  87.939500  1.470075
116.900000  87.957500  0.383959
117.000000  86.526500  0.229810
117.100000  88.472500  0.364160
117.200000  88.595500  0.453255
117.300000  88.260000  0.988535
117.400000  87.788500  2.100814
117.500000  87.254000  0.729734
117.600000  87.643500  1.133492
117.700000  88.832500  1.416335
117.800000  87.646500  0.522552
117.900000  88.514500  0.396687
118.000000  88.620500  2.366686
118.100000  88.187500  3.188344
118.200000  87.575000  1.981313
118.300000  88.166000  3.580789
118.400000  87.900500  1.704834
118.500000  88.676000  2.313653
118.600000  88.435500  1.586041
118.700000  89.237000  0.012728
118.800000  87.911500  1.943837
118.900000  88.319000  0.267286
119.000000  88.916500  2.476995
119.100000  88.544000  1.733826
119.200000  88.364500  2.482652
119.300000  87.605500  2.407699
119.400000  90.464000  3.544019
119.500000  88.420500  1.170262
119.600000  89.499500  0.598919
119.700000  89.614000  1.513209
119.800000  88.682500  1.412092
119.900000  88.458500  1.209860
120.000000  88.417500  1.130664
120.100000  88.078500  0.037477
120.200000  88.020500  1.933937
120.300000  87.985000  3.665642
120.400000  87.624000  2.750645
120.500000  88.745500  0.757311
120.600000  88.431500  1.539371
120.700000  88.389500  0.874691
120.800000  90.315000  1.452397
120.900000  88.181000  0.916410
121.000000  89.546000  3.518563
121.100000  88.545500  1.808072
121.200000  90.608000  0.616597
121.300000  88.078000  2.573869
121.400000  89.651500  2.592961
121.500000  89.184000  0.537401
121.600000  88.467000  2.129806
121.700000  89.032500  3.236428
121.800000  89.727500  1.972121
121.900000  90.353500  1.834942
122.000000  89.465000  1.879490
122.100000  88.690000  2.602153
122.200000  88.506500  2.006062
122.300000  89.644500  0.195869
122.400000  89.346000  0.667509
122.500000  88.250500  1.093894
122.600000  87.718500  0.808223
122.700000  88.909500  1.750089
122.800000  88.715000  1.706956
122.900000  88.223000  1.788980
123.000000  87.297500  0.755897
123.100000  87.453000  2.283955
123.200000  88.760500  1.139149
123.300000  89.475000  3.218750
123.400000  89.483500  1.520987
123.500000  88.747000  0.538815
123.600000  89.058500  0.639932
123.700000  88.751000  2.101521
123.800000  90.249000  0.048083
123.900000  88.572000  0.473762
124.000000  88.603500  1.386636
124.100000  89.283500  0.086974
124.200000  90.342500  2.123442
124.300000  89.984000  0.640639
124.400000  88.696500  0.550836
124.500000  89.557000  2.479116
124.600000  90.060000  1.568363
124.700000  88.464500  0.522552
124.800000  89.607000  0.841457
124.900000  89.312000  2.241528
125.000000  89.669500  0.185969
125.100000  89.678500  0.136472
125.200000  89.827000  3.010861
125.300000  89.246500  1.928280
125.400000  89.445000  2.418305
125.500000  89.665500  2.525078
125.600000  90.183000  0.640639
125.700000  90.294500  3.591395
125.800000  89.686000  1.804537
125.900000  88.222000  0.537401
126.000000  88.375000  1.722512
126.100000  88.525500  0.410829
126.200000  88.920000  0.434164
126.300000  89.628500  0.292035
126.400000  87.577000  0.956008
126.500000  87.115500  0.078489
126.600000  87.542000  0.193747
126.700000  88.035500  0.352846
126.800000  88.949000  0.470933
126.900000  89.510500  0.242538
127.000000  87.866500  0.409415
127.100000  89.074500  1.143392
127.200000  89.591500  1.499773
127.300000  89.829500  0.631446
127.400000  89.916000  0.214960
127.500000  90.441500  0.205768
127.600000  88.909500  0.956715
127.700000  89.392500  0.458912
127.800000  87.646000  2.054852
127.900000  90.754000  1.422699
128.000000  89.193500  4.570031
128.100000  89.817500  1.646852
128.200000  89.906000  2.299511
128.300000  89.638000  2.312239
128.400000  89.225500  0.805395
128.500000  88.981000  1.930402
128.600000  88.088000  0.995606
128.700000  89.667500  1.870297
128.800000  89.469000  1.107329
128.900000  89.570500  1.361181
129.000000  90.236000  0.670337
129.100000  89.630000  2.190617
129.200000  91.390000  0.650538
129.300000  89.552000  1.168140
129.400000  91.281000  1.344917
129.500000  89.589500  1.359766
129.600000  89.541500  1.984849
129.700000  87.846500  1.139149
129.800000  88.762500  0.553665
129.900000  88.306000  1.368959
130.000000  87.544500  0.163342
130.100000  88.582500  1.382394
130.200000  88.394000  0.199404
130.300000  88.519000  0.224860
130.400000  89.542500  0.064347
130.500000  88.966500  0.460327
130.600000  89.261500  2.008890
130.700000  89.766500  3.352393
130.800000  89.900000  0.855599
130.900000  89.754000  0.483661
131.000000  89.272500  0.883176
131.100000  87.705500  1.018941
131.200000  87.801500  1.550685
131.300000  88.089500  0.130815
131.400000  89.164500  0.194454
131.500000  89.313500  0.030406
131.600000  89.434000  2.723775
131.700000  87.244500  0.219910
131.800000  87.500500  0.399515
131.900000  89.635500  0.714885
132.000000  88.474000  0.807516
132.100000  89.283500  0.798324
132.200000  89.927500  1.134906
132.300000  87.147500  0.802566
132.400000  88.940000  2.985405
132.500000  89.018000  0.743876
132.600000  90.019500  0.914289
132.700000  89.152000  1.446740
132.800000  88.504000  0.772161
132.900000  89.644000  0.165463
133.000000  91.138500  0.475883
133.100000  89.839000  0.760847
133.200000  91.354500  0.477297
133.300000  90.795500  2.930958
133.400000  89.675000  1.310976
133.500000  88.844500  1.072681
133.600000  90.280500  1.819386
133.700000  89.962000  2.546999
133.800000  90.071500  1.941008
133.900000  89.308000  0.929138
134.000000  90.148500  3.107734
134.100000  89.541000  3.022174
134.200000  91.256500  0.663973
134.300000  90.747500  2.655186
134.400000  89.257500  3.302896
134.500000  89.786000  0.912168
134.600000  90.562500  3.416033
134.700000  90.407500  0.403758
134.800000  88.884000  2.807214
134.900000  88.937000  2.909037
135.000000  89.546000  1.076217
135.100000  90.964000  2.992476
135.200000  88.009000  3.329059
135.300000  89.882000  3.599174
135.400000  88.173500  2.071116
135.500000  88.987500  3.517856
135.600000  89.741500  2.134755
135.700000  90.107000  0.120208
135.800000  89.994500  0.744583
135.900000  88.723500  2.092329
136.000000  90.285000  2.450832
136.100000  88.740000  0.330926
136.200000  89.673000  0.280014
136.300000  89.455000  1.719684
136.400000  91.232000  0.103238
136.500000  91.471000  0.545886
136.600000  89.534500  1.105208
136.700000  89.900500  1.286227
136.800000  90.629000  0.345068
136.900000  91.289500  0.516895
137.000000  91.239000  0.950352
137.100000  92.075000  1.432598
137.200000  90.814000  0.680237
137.300000  90.366000  2.531442
137.400000  89.772000  0.702864
137.500000  89.840500  1.110865
137.600000  90.716000  0.188090
137.700000  89.368000  0.018385
137.800000  90.286500  1.368252
137.900000  90.722000  1.252993
138.000000  92.038500  1.561999
138.100000  89.934500  0.461741
138.200000  92.311000  1.808779
138.300000  90.965500  0.572049
138.400000  90.549000  0.151321
138.500000  91.109500  0.306177
138.600000  90.165500  1.474318
138.700000  90.133500  1.389465
138.800000  89.830500  0.321734
138.900000  89.664500  0.217082
139.000000  89.974000  2.298097
139.100000  88.879500  0.058690
139.200000  89.288500  1.557756
139.300000  89.607000  0.883883
139.400000  90.243000  1.598061
139.500000  90.051500  0.764382
139.600000  90.041000  1.018234
139.700000  89.029000  1.643316
139.800000  88.492500  1.017527
139.900000  88.985000  0.031113
140.000000  89.569000  2.582354
140.100000  89.613000  0.637810
140.200000  90.125000  1.077631
140.300000  90.613000  0.049497
140.400000  90.083000  1.036619
140.500000  88.304500  0.017678
140.600000  88.601500  1.011870
140.700000  88.906000  1.892218
140.800000  89.623000  1.948786
140.900000  89.074000  0.267286
141.000000  90.391500  0.754483
141.100000  89.493000  1.434013
141.200000  90.407000  1.098844
141.300000  90.649000  0.888126
141.400000  89.596500  2.566091
141.500000  90.419500  1.702006
141.600000  90.404500  0.092631
141.700000  90.330500  0.512652
141.800000  89.635500  0.023335
141.900000  89.687500  0.809637
142.000000  90.974000  0.063640
142.100000  90.245500  0.246780
142.200000  89.628500  0.054447
142.300000  92.229000  1.153998
142.400000  89.206000  0.015556
142.500000  89.805500  1.556342
142.600000  90.466000  0.997021
142.700000  88.647500  1.040154
142.800000  88.950000  2.145362
142.900000  89.439500  0.833679
143.000000  89.903500  0.236881
143.100000  87.993000  0.849942
143.200000  91.073500  0.577706
143.300000  90.963000  0.561443
143.400000  90.310000  0.151321
143.500000  89.270500  2.617002
143.600000  90.401000  0.446891
143.700000  90.051000  0.980050
143.800000  90.550000  0.296985
143.900000  91.302500  0.072832
144.000000  90.436000  0.011314
144.100000  89.662500  0.480126
144.200000  90.133500  0.366988
144.300000  90.729000  0.115966
144.400000  88.700000  1.046518
144.500000  89.525500  0.328805
144.600000  89.734500  0.849235
144.700000  88.835000  1.260064
144.800000  88.731500  2.368101
144.900000  90.570000  0.465276
145.000000  91.258000  1.094601
145.100000  90.961500  0.187383
145.200000  89.346500  1.185818
145.300000  89.768000  1.141270
145.400000  90.984500  1.569070
145.500000  89.879500  2.055559
145.600000  90.281500  0.055861
145.700000  90.565000  0.711349
145.800000  89.750000  1.121471
145.900000  89.008000  0.291328
146.000000  90.297500  1.997577
146.100000  90.316000  0.289914
146.200000  88.898000  0.386080
146.300000  88.358500  0.538108
146.400000  89.226000  0.882469
146.500000  89.834000  0.412950
146.600000  89.666500  1.310269
146.700000  89.990500  2.023033
146.800000  89.958000  0.231931
146.900000  90.214000  1.742311
147.000000  89.974000  0.766504
147.100000  89.607500  0.482954
147.200000  88.761500  1.594526
147.300000  88.852000  1.965757
147.400000  88.888500  1.982020
147.500000  88.821000  0.896611
147.600000  89.140000  1.818679
147.700000  87.991000  3.870703
147.800000  90.113000  1.800294
147.900000  90.430000  0.292742
148.000000  88.335000  1.745140
148.100000  89.550000  2.026568
148.200000  89.525000  1.152584
148.300000  89.246000  0.381838
148.400000  88.625000  0.288500
148.500000  88.691500  0.079903
148.600000  87.805500  1.344210
148.700000  87.636500  0.499924
148.800000  88.593500  3.759687
148.900000  87.128000  0.490732
149.000000  89.054000  1.023891
149.100000  89.506500  0.453255
149.200000  87.782500  2.383657
149.300000  89.135500  0.955301
149.400000  88.573000  0.623668
149.500000  88.332000  0.606698
149.600000  88.682000  0.469519
149.700000  89.512500  2.544877
149.800000  87.695000  1.080459
149.900000  88.965000  1.588162
150.000000  90.099500  0.426385
150.100000  90.722500  0.232638
150.200000  89.279000  0.690136
150.300000  91.095500  1.734533
150.400000  90.736000  1.149756
150.500000  91.147500  0.539522
150.600000  90.107500  0.026163
150.700000  91.284000  0.789131
150.800000  89.439000  0.462448
150.900000  89.224500  1.443205
151.000000  89.333000  0.459619
151.100000  90.673000  0.223446
151.200000  89.954000  0.190919
151.300000  89.210500  0.075660
151.400000  91.109000  1.822921
151.500000  89.579500  1.784030
151.600000  90.420000  0.516188
151.700000  89.832000  0.008485
151.800000  90.735000  0.485075
151.900000  91.369000  1.436841
152.000000  90.048500  2.015961
152.100000  89.326000  0.241831
152.200000  89.745000  0.357796
152.300000  90.165000  0.885298
152.400000  90.360500  1.598768
152.500000  88.910000  0.538815
152.600000  88.467000  1.370373
152.700000  87.436000  0.572756
152.800000  88.310500  0.803980
152.900000  87.733500  2.366686
153.000000  88.792000  0.313955
153.100000  88.660000  2.138291
153.200000  89.069000  0.640639
153.300000  88.583500  0.652660
153.400000  90.241000  1.791809
153.500000  90.309000  1.153998
153.600000  89.654500  0.085560
153.700000  87.757000  0.456791
153.800000  88.047500  0.564978
153.900000  87.984500  1.078338
154.000000  88.726000  1.415628
154.100000  90.157500  1.255115
154.200000  88.550500  0.062933
154.300000  89.799000  0.647710
154.400000  88.745000  1.195010
154.500000  88.442000  0.783474
154.600000  88.293500  0.106773
154.700000  89.132000  0.470933
154.800000  88.497500  0.012021
154.900000  87.594500  0.635689
155.000000  89.159000  2.380121
155.100000  87.678000  0.118794
155.200000  88.389000  0.203647
155.300000  88.476000  1.145513
155.400000  89.089500  1.830699
155.500000  89.525500  0.818123
155.600000  89.554000  0.097581
155.700000  88.136000  0.371938
155.800000  88.382500  1.931109
155.900000  88.444000  1.101672
156.000000  89.808000  0.872570
156.100000  87.859000  1.251579
156.200000  89.386000  0.401637
156.300000  88.582500  0.505581
156.400000  87.671000  1.353402
156.500000  88.504000  0.835800
156.600000  88.012500  0.232638
156.700000  88.907000  0.145664
156.800000  88.404000  0.586899
156.900000  88.657500  0.477297
157.000000  89.149500  1.068438
157.100000  90.255500  1.168848
157.200000  89.792500  1.161776
157.300000  88.539500  1.192889
157.400000  90.262500  0.574878
157.500000  89.103500  2.493966
157.600000  89.337000  0.318198
157.700000  88.956500  0.161927
157.800000  89.075000  1.654630
157.900000  89.856500  0.846407
158.000000  89.871000  0.111723
158.100000  88.868500  1.553514
158.200000  88.557000  0.394566
158.300000  89.034500  1.037326
158.400000  89.126500  0.788424
158.500000  90.082000  2.098693
158.600000  90.126500  1.139149
158.700000  89.139000  0.142836
158.800000  91.323000  1.675843
158.900000  89.033500  0.406586
159.000000  88.917000  0.178191
159.100000  89.007500  0.734684
159.200000  89.214000  0.742462
159.300000  88.313500  1.380980
159.400000  90.317000  2.225972
159.500000  90.294500  0.409415
159.600000  89.922500  3.871410
159.700000  88.334500  2.318603
159.800000  90.009000  2.599325
159.900000  88.339500  0.458912
160.000000  89.066500  0.300520
160.100000  88.994000  0.814587
160.200000  88.203500  3.240670
160.300000  87.979500  0.061518
160.400000  87.895000  0.042426
160.500000  87.687500  0.146371
160.600000  89.137500  1.219759
160.700000  88.270500  0.620133
160.800000  88.576000  0.692965
160.900000  87.686000  0.124451
161.000000  89.727000  0.866913
161.100000  89.443000  1.763524
161.200000  89.682500  0.737512
161.300000  89.786000  1.656044
161.400000  91.212000  2.872268
161.500000  89.304000  0.247487
161.600000  88.637000  1.811608
161.700000  88.478000  0.127279
161.800000  89.073500  0.560736
161.900000  88.729500  0.214253
162.000000  90.331000  0.963079
162.100000  88.407000  0.319612
162.200000  90.617000  1.200667
162.300000  90.173000  0.199404
162.400000  88.670500  0.127986
162.500000  90.000000  0.069296
162.600000  90.331500  0.924189
162.700000  89.854500  1.177333
162.800000  88.939500  0.966615
162.900000  89.212500  0.045962
163.000000  90.129500  0.762968
163.100000  89.448500  0.685186
163.200000  89.759500  0.034648
163.300000  87.897500  0.089803
163.400000  88.680500  0.941159
163.500000  90.295500  1.102379
163.600000  89.966000  0.121622
163.700000  90.232500  0.139300
163.800000  90.511500  0.699329
163.900000  90.772500  0.924189
164.000000  89.201000  0.312541
164.100000  89.720500  0.251023
164.200000  90.571500  0.627204
164.300000  88.451000  0.439820
164.400000  89.339000  2.620538
164.500000  89.294000  0.759433
164.600000  88.196000  0.808930
164.700000  89.794500  0.523966
164.800000  87.264500  2.482652
164.900000  89.689000  0.835800
165.000000  89.539500  0.137886
165.100000  87.975000  0.155563
165.200000  89.213500  2.219608
165.300000  89.232500  0.860549
165.400000  88.577000  2.071823
165.500000  88.668500  0.143543
165.600000  89.590000  0.052326
165.700000  88.749500  1.922623
165.800000  88.511000  1.873833
165.900000  88.760000  1.475025
166.000000  88.131000  1.460883
166.100000  89.098500  0.870448
166.200000  88.900000  0.889540
166.300000  88.447500  0.106773
166.400000  89.147500  0.383959
166.500000  89.897000  0.950352
166.600000  89.519000  3.548262
166.700000  88.517500  0.806809
166.800000  89.306500  1.475732
166.900000  88.221500  2.221022
167.000000  88.680000  1.323704
167.100000  89.502500  1.779788
167.200000  89.713500  0.396687
167.300000  87.514000  0.352139
167.400000  88.714000  0.615183
167.500000  88.616000  0.814587
167.600000  89.042500  0.040305
167.700000  89.543000  1.278449
167.800000  88.708000  0.510531
167.900000  87.907500  2.117785
168.000000  89.706000  0.861256
168.100000  88.822000  0.888126
168.200000  89.984000  0.920653
168.300000  89.088000  1.909188
168.400000  89.552000  1.139856
168.500000  89.927000  2.790243
168.600000  89.437500  2.204052
168.700000  89.533500  2.356787
168.800000  89.974500  1.984849
168.900000  89.152000  1.271378
169.000000  88.157500  1.031669
169.100000  89.118500  0.173241
169.200000  89.336000  2.312239
169.300000  90.231000  1.862519
169.400000  89.945500  0.064347
169.500000  88.514000  1.105915
169.600000  88.989000  0.550129
169.700000  89.944500  2.699027
169.800000  89.933000  1.298248
169.900000  89.479500  2.421841
170.000000  90.968500  0.420729
170.100000  89.372500  0.683772
170.200000  88.457000  0.575585
170.300000  90.015000  0.695793
170.400000  90.687000  0.140007
170.500000  88.909000  0.131522
170.600000  89.859000  0.362039
170.700000  89.812000  0.992778
170.800000  89.684000  0.712764
170.900000  90.115500  1.561999
171.000000  90.340500  0.235467
171.100000  89.746500  0.020506
171.200000  88.724000  0.492146
171.300000  90.082000  1.202082
171.400000  90.853500  0.977929
171.500000  89.347500  1.505430
171.600000  89.826500  0.869034
171.700000  90.676000  2.269813
171.800000  90.419000  0.312541
171.900000  91.242500  0.226981
172.000000  91.333000  0.680237
172.100000  91.239500  0.330219
172.200000  91.695500  1.537957
172.300000  90.914500  0.060104
172.400000  91.145000  0.412950
172.500000  90.395500  2.373757
172.600000  92.123000  0.650538
172.700000  90.199500  1.635538
172.800000  90.905500  1.487046
172.900000  90.356000  1.101672
173.000000  91.318000  0.377595
173.100000  89.694500  1.303198
173.200000  89.703500  1.570484
173.300000  90.754000  0.212132
173.400000  90.488000  0.284257
173.500000  90.439000  0.207889
173.600000  90.389500  2.259206
173.700000  90.307500  0.470226
173.800000  88.716500  0.770039
173.900000  90.496000  1.325118
174.000000  90.462500  1.744432
174.100000  90.655500  0.003536
174.200000  89.834000  0.094752
174.300000  89.219000  0.370524
174.400000  90.152000  0.229103
174.500000  89.926000  2.781758
174.600000  91.107500  0.497096
174.700000  89.688000  0.284257
174.800000  90.467500  1.526644
174.900000  90.480000  0.940452
175.000000  91.726500  1.851913
175.100000  90.139500  0.760140
175.200000  91.113500  1.096723
175.300000  89.549500  0.447599
175.400000  90.413000  0.101823
175.500000  91.040500  1.274914
175.600000  89.453000  0.223446
175.700000  90.285000  1.107329
175.800000  90.737500  0.221324
175.900000  90.834000  0.479418
176.000000  90.200000  0.427092
176.100000  91.105500  0.921360
176.200000  90.042500  0.731856
176.300000  90.784500  2.510936
176.400000  89.251000  1.928987
176.500000  89.993500  1.826457
176.600000  89.015000  0.162635
176.700000  89.705500  0.856306
176.800000  90.899500  0.328805
176.900000  89.783500  1.424820
177.000000  92.357000  0.033941
177.100000  89.758000  0.762261
177.200000  89.277000  1.835649
177.300000  89.490500  1.018941
177.400000  89.004000  1.313804
177.500000  88.583000  0.069296
177.600000  92.163000  0.354968
177.700000  90.287000  0.659024
177.800000  89.897000  0.677408
177.900000  90.199500  0.553665
178.000000  91.455500  0.243952
178.100000  90.457000  0.687308
178.200000  89.513000  0.698621
178.300000  90.008500  0.099702
178.400000  90.036500  1.634124
178.500000  91.087000  0.285671
178.600000  90.425000  1.752211
178.700000  89.879000  0.673166
178.800000  89.446500  0.044548
178.900000  90.645000  1.192182
179.000000  90.099000  0.589727
179.100000  90.300500  1.284813
179.200000  90.405500  2.641044
179.300000  89.664000  1.086116
179.400000  90.308000  0.158392
179.500000  89.154500  0.910046
179.600000  89.479500  0.440528
179.700000  89.649500  0.876105
179.800000  91.580500  1.298955
179.900000  89.207500  0.470226
180.000000  88.975500  0.006364
180.100000  89.336500  0.453255
180.200000  89.608000  2.703976
180.300000  89.953500  0.922774
180.400000  89.585500  0.488611
180.500000  88.524000  2.160918
180.600000  90.533000  2.094450
180.700000  90.945000  0.328098
180.800000  89.754500  0.737512
180.900000  89.437500  0.338704
181.000000  91.137500  2.666500
181.100000  90.968500  2.929543
181.200000  90.596000  1.141270
181.300000  89.751500  0.317491
181.400000  89.079000  0.438406
181.500000  87.863000  0.196576
181.600000  89.447000  1.005506
181.700000  89.814500  0.675287
181.800000  90.155000  0.132936
181.900000  90.376500  0.391030
182.000000  87.044500  0.956715
182.100000  87.930000  0.796202
182.200000  87.972500  2.295976
182.300000  89.832500  1.542200
182.400000  89.025500  3.519270
182.500000  88.797500  1.472903
182.600000  88.381000  1.489167
182.700000  88.233000  0.356382
182.800000  90.858500  0.355675
182.900000  89.040500  2.938029
183.000000  90.429500  0.567807
183.100000  89.961500  0.478711
183.200000  88.685000  1.196425
183.300000  89.077000  0.946109
183.400000  88.530500  1.051468
183.500000  89.204500  0.925603
183.600000  88.291500  0.959544
183.700000  88.446500  0.399515
183.800000  89.104500  0.260922
183.900000  89.538000  2.166575
184.000000  89.340000  0.117380
184.100000  88.352000  0.091924
184.200000  89.360500  0.277893
184.300000  91.159500  0.580535
184.400000  90.243500  0.446184
184.500000  89.852000  0.502046
184.600000  90.663000  0.246073
184.700000  89.384000  0.210718
184.800000  90.817000  1.981313
184.900000  89.277500  0.914289
185.000000  88.877000  0.461034
185.100000  89.342000  3.145211
185.200000  88.674000  0.667509
185.300000  91.295000  2.259913
185.400000  90.217000  0.749533
185.500000  89.958500  0.417900
185.600000  88.762000  1.153998
185.700000  89.281500  0.006364
185.800000  89.240000  0.333754
185.900000  88.267000  2.722361
186.000000  90.299000  2.508815
186.100000  88.413000  1.578262
186.200000  89.725000  0.062225
186.300000  89.349000  0.820244
186.400000  89.841000  2.360322
186.500000  89.214500  0.813880
186.600000  88.956500  1.542200
186.700000  89.262500  0.283550
186.800000  88.713500  1.356938
186.900000  89.272000  0.924896
187.000000  88.851500  0.535280
187.100000  90.465000  1.499066
187.200000  89.522500  0.573464
187.300000  89.623000  1.178040
187.400000  90.109000  2.201931
187.500000  89.367500  0.587606
187.600000  90.024500  1.095308
187.700000  90.320500  0.976514
187.800000  89.478500  0.692258
187.900000  89.438000  0.526087
188.000000  90.598000  0.787717
188.100000  89.536500  2.239407
188.200000  88.460000  0.294156
188.300000  89.689500  0.256680
188.400000  89.236000  2.392849
188.500000  88.142000  1.356231
188.600000  87.299500  2.710340
188.700000  90.013000  0.923481
188.800000  87.982500  1.378151
188.900000  89.113000  0.407294
189.000000  89.232500  0.475883
189.100000  88.805500  0.787010
189.200000  89.869500  1.157534
189.300000  88.267500  0.699329
189.400000  89.620500  0.440528
189.500000  88.862000  0.707107
189.600000  89.585500  0.843578
189.700000  88.251500  0.880348
189.800000  89.504000  1.144099
189.900000  88.107500  0.036062
190.000000  88.882000  0.816001
190.100000  87.785500  0.362746
190.200000  89.279000  1.476439
190.300000  88.724500  1.017527
190.400000  89.053000  1.129957
190.500000  90.058000  0.038184
190.600000  89.622500  1.535129
190.700000  89.388500  1.301784
190.800000  89.067500  0.741755
190.900000  89.513500  0.605991
191.000000  90.910000  2.104350
191.100000  90.292500  2.880046
191.200000  89.268500  0.439113
191.300000  90.381000  0.326683
191.400000  87.845000  0.142836
191.500000  89.332500  0.610233
191.600000  90.398000  0.548715
191.700000  90.773000  0.124451
191.800000  90.793000  1.294005
191.900000  88.661500  1.977778
192.000000  89.221000  0.156978
192.100000  89.069500  0.101116
192.200000  89.431500  1.103794
192.300000  90.237500  0.539522
192.400000  89.501500  1.576141
192.500000  89.759500  0.574878
192.600000  89.291500  0.740341
192.700000  90.760000  1.166726
192.800000  89.903500  0.224153
192.900000  90.022500  1.184404
193.000000  89.577500  0.467398
193.100000  89.952500  0.519723
193.200000  88.951500  0.163342
193.300000  88.765000  1.200667
193.400000  89.655500  2.701855
193.500000  90.086500  1.686450
193.600000  89.599000  0.831558
193.700000  89.171000  0.007071
193.800000  88.592500  1.089652
193.900000  88.014000  1.190768
194.000000  89.907000  0.651952
194.100000  89.786500  0.536694
194.200000  90.116000  0.230517
194.300000  89.485500  0.918532
194.400000  89.702500  0.837922
194.500000  89.603500  0.159099
194.600000  89.742500  1.495531
194.700000  89.785500  0.837922
194.800000  89.073000  0.016971
194.900000  89.752000  0.735391
195.000000  88.732500  1.328654
195.100000  88.723500  0.290621
195.200000  89.963000  1.238851
195.300000  88.721500  2.078187
195.400000  89.937000  0.217789
195.500000  89.794000  0.234759
195.600000  90.803500  2.891360
195.700000  90.103000  0.585484
195.800000  90.139500  1.888682
195.900000  88.748500  0.854892
196.000000  89.785000  0.311127
196.100000  90.338500  1.645437
196.200000  89.699000  0.041012
196.300000  91.234500  0.948230
196.400000  90.136000  0.582656
196.500000  90.455500  1.283399
196.600000  91.585000  1.518865
196.700000  90.572500  0.085560
196.800000  90.979000  1.354817
196.900000  90.151500  2.136170
197.000000  91.019000  0.359210
197.100000  89.967500  1.016112
197.200000  90.835000  1.387344
197.300000  91.486500  2.540635
197.400000  90.487500  0.263751
197.500000  89.476000  0.175362
197.600000  89.269000  2.654479
197.700000  90.141500  1.670893
197.800000  91.304000  1.156827
197.900000  90.277500  2.078187
198.000000  89.382000  0.401637
198.100000  90.531000  2.822770
198.200000  90.340500  2.254964
198.300000  88.230500  0.895904
198.400000  89.479500  1.133492
198.500000  90.668000  1.046518
198.600000  90.006500  1.755746
198.700000  90.280500  1.303198
198.800000  89.082000  0.015556
198.900000  88.734500  0.057276
199.000000  88.937500  1.918381
199.100000  90.875500  0.103945
199.200000  88.651000  1.750796
199.300000  88.512000  0.835800
199.400000  89.164000  3.224407
199.500000  89.901000  1.310976
199.600000  89.900500  1.426234
199.700000  90.246500  3.431589
199.800000  89.438000  0.988535
199.900000  90.729000  0.427092
200.000000  89.591000  0.872570
