# aggregated from 2 replicates
# x  mean  std
0.000000  69.000000  0.000000
0.100000  59.500000  7.778175
0.200000  61.500000  7.778175
0.300000  68.000000  4.242641
0.400000  68.500000  0.707107
0.500000  63.500000  7.778175
0.600000  67.000000  2.828427
0.700000  57.500000  3.535534
0.800000  64.500000  13.435029
0.900000  62.500000  7.778175
1.000000  72.500000  7.778175
1.100000  60.500000  0.707107
1.200000  67.000000  5.656854
1.300000  69.000000  15.556349
1.400000  73.500000  24.748737
1.500000  68.500000  16.263456
1.600000  61.000000  9.899495
1.700000  63.000000  2.828427
1.800000  65.500000  13.435029
1.900000  69.000000  2.828427
2.000000  64.000000  9.899495
2.100000  54.500000  3.535534
2.200000  64.500000  9.192388
2.300000  58.000000  15.556349
2.400000  60.500000  12.020815
2.500000  59.500000  24.748737
2.600000  59.000000  11.313708
2.700000  68.000000  18.384776
2.800000  58.500000  23.334524
2.900000  67.500000  7.778175
3.000000  65.000000  15.556349
3.100000  61.000000  18.384776
3.200000  55.000000  7.071068
3.300000  53.500000  6.363961
3.400000  50.000000  24.041631
3.500000  63.000000  12.727922
3.600000  60.000000  7.071068
3.700000  56.500000  17.677670
3.800000  58.500000  4.949747
3.900000  58.000000  9.899495
4.000000  59.000000  9.899495
4.100000  66.000000  4.242641
4.200000  65.500000  6.363961
4.300000  70.500000  2.121320
4.400000  68.500000  6.363961
4.500000  72.500000  4.949747
4.600000  65.000000  2.828427
4.700000  62.500000  3.535534
4.800000  64.000000  9.899495
4.900000  68.000000  2.828427
5.000000  54.500000  2.121320
5.100000  68.000000  2.828427
5.200000  66.500000  4.949747
5.300000  70.500000  2.121320
5.400000  64.000000  4.242641
5.500000  74.500000  9.192388
5.600000  69.500000  16.263456
5.700000  72.500000  10.606602
5.800000  60.000000  12.727922
5.900000  59.500000  6.363961
6.000000  58.500000  0.707107
6.100000  62.000000  1.414214
6.200000  62.000000  7.071068
6.300000  71.000000  14.142136
6.400000  69.000000  7.071068
6.500000  55.000000  8.485281
6.600000  74.000000  5.656854
6.700000  57.000000  11.313708
6.800000  55.500000  2.121320
6.900000  66.000000  16.970563
7.000000  58.000000  4.242641
7.100000  69.500000  2.121320
7.200000  68.500000  4.949747
7.300000  64.500000  7.778175
7.400000  60.000000  16.970563
7.500000  57.000000  19.798990
7.600000  62.000000  22.627417
7.700000  57.500000  26.162951
7.800000  62.000000  16.970563
7.900000  69.000000  8.485281
8.000000  62.500000  23.334524
8.100000  71.500000  19.091883
8.200000  60.000000  25.455844
8.300000  58.000000  14.142136
8.400000  60.500000  31.819805
8.500000  50.500000  23.334524
8.600000  53.000000  26.870058
8.700000  58.500000  33.234019
8.800000  56.500000  21.920310
8.900000  57.500000  10.606602
9.000000  56.000000  1.414214
9.100000  55.500000  9.192388
9.200000  59.000000  2.828427
9.300000  60.000000  5.656854
9.400000  56.000000  12.727922
9.500000  48.500000  10.606602
9.600000  61.000000  22.627417
9.700000  71.000000  21.213203
9.800000  77.000000  11.313708
9.900000  66.000000  14.142136
10.000000  71.500000  9.192388
10.100000  64.000000  4.242641
10.200000  72.500000  17.677670
10.300000  62.000000  8.485281
10.400000  77.000000  12.727922
10.500000  71.000000  19.798990
10.600000  69.000000  7.071068
10.700000  70.500000  0.707107
10.800000  68.000000  1.414214
10.900000  78.500000  3.535534
11.000000  74.000000  12.727922
11.100000  79.000000  5.656854
11.200000  81.000000  8.485281
11.300000  83.500000  13.435029
11.400000  69.500000  3.535534
11.500000  73.500000  3.535534
11.600000  72.500000  0.707107
11.700000  65.000000  4.242641
11.800000  61.000000  2.828427
11.900000  68.000000  7.071068
12.000000  64.000000  2.828427
12.100000  69.500000  3.535534
12.200000  69.500000  0.707107
12.300000  71.000000  2.828427
12.400000  73.000000  14.142136
12.500000  60.500000  0.707107
12.600000  67.000000  5.656854
12.700000  67.000000  9.899495
12.800000  73.500000  7.778175
12.900000  84.000000  16.970563
13.000000  67.500000  14.849242
13.100000  82.500000  17.677670
13.200000  65.500000  6.363961
13.300000  71.000000  1.414214
13.400000  72.000000  7.071068
13.500000  79.500000  0.707107
13.600000  64.500000  0.707107
13.700000  78.000000  9.899495
13.800000  86.500000  3.535534
13.900000  86.500000  12.020815
14.000000  75.000000  4.242641
14.100000  79.000000  7.071068
14.200000  72.500000  2.121320
14.300000  71.500000  17.677670
14.400000  77.000000  2.828427
14.500000  83.000000  0.000000
14.600000  79.500000  3.535534
14.700000  80.000000  4.242641
14.800000  78.000000  9.899495
14.900000  79.000000  4.242641
15.000000  71.000000  2.828427
15.100000  89.000000  9.899495
15.200000  78.500000  0.707107
15.300000  86.000000  1.414214
15.400000  74.500000  0.707107
15.500000  74.000000  5.656854
15.600000  87.000000  2.828427
15.700000  75.500000  3.535534
15.800000  84.500000  7.778175
15.900000  65.000000  4.242641
16.000000  72.000000  2.828427
16.100000  62.500000  3.535534
16.200000  71.500000  16.263456
16.300000  65.000000  12.727922
16.400000  66.000000  15.556349
16.500000  69.500000  7.778175
16.600000  69.500000  6.363961
16.700000  70.500000  3.535534
16.800000  66.500000  7.778175
16.900000  66.500000  10.606602
17.000000  67.500000  17.677670
17.100000  72.500000  4.949747
17.200000  78.500000  6.363961
17.300000  68.500000  4.949747
17.400000  75.500000  13.435029
17.500000  71.500000  0.707107
17.600000  77.000000  2.828427
17.700000  75.000000  14.142136
17.800000  77.000000  5.656854
17.900000  73.000000  7.071068
18.000000  81.500000  3.535534
18.100000  83.000000  11.313708
18.200000  75.000000  15.556349
18.300000  68.000000  21.213203
18.400000  73.500000  9.192388
18.500000  81.500000  6.363961
18.600000  83.500000  4.949747
18.700000  77.500000  3.535534
18.800000  75.000000  4.242641
18.900000  78.000000  4.242641
19.000000  68.000000  2.828427
19.100000  73.500000  2.121320
19.200000  74.500000  7.778175
19.300000  73.000000  2.828427
19.400000  75.500000  4.949747
19.500000  78.500000  2.121320
19.600000  71.500000  19.091883
19.700000  75.000000  2.828427
19.800000  63.000000  5.656854
19.900000  80.000000  1.414214
20.000000  79.500000  3.535534
20.100000  86.500000  17.677670
20.200000  78.500000  9.192388
20.300000  73.000000  2.828427
20.400000  85.500000  6.363961
20.500000  84.000000  2.828427
20.600000  76.500000  7.778175
20.700000  80.000000  8.485281
20.800000  69.000000  5.656854
20.900000  70.000000  7.071068
21.000000  54.000000  7.071068
21.100000  70.500000  13.435029
21.200000  67.500000  2.121320
21.300000  71.000000  1.414214
21.400000  76.000000  14.142136
21.500000  68.500000  0.707107
21.600000  82.500000  9.192388
21.700000  81.000000  4.242641
21.800000  90.000000  9.899495
21.900000  74.000000  9.899495
22.000000  76.500000  3.535534
22.100000  70.500000  2.121320
22.200000  79.500000  6.363961
22.300000  80.000000  7.071068
22.400000  73.500000  4.949747
22.500000  80.000000  2.828427
22.600000  64.500000  0.707107
22.700000  84.000000  16.970563
22.800000  78.000000  15.556349
22.900000  67.000000  2.828427
23.000000  70.000000  8.485281
23.100000  69.500000  2.121320
23.200000  80.000000  5.656854
23.300000  76.500000  7.778175
23.400000  76.000000  4.242641
23.500000  84.000000  7.071068
23.600000  70.000000  11.313708
23.700000  78.000000  7.071068
23.800000  85.000000  5.656854
23.900000  68.500000  9.192388
24.000000  76.000000  11.313708
24.100000  82.000000  9.899495
24.200000  75.000000  12.727922
24.300000  74.500000  10.606602
24.400000  70.000000  5.656854
24.500000  79.000000  14.142136
24.600000  79.000000  15.556349
24.700000  83.500000  12.020815
24.800000  80.500000  10.606602
24.900000  86.000000  8.485281
25.000000  87.000000  4.242641
25.100000  83.000000  11.313708
25.200000  72.000000  0.000000
25.300000  76.000000  5.656854
25.400000  76.500000  7.778175
25.500000  85.000000  5.656854
25.600000  76.500000  0.707107
25.700000  87.000000  18.384776
25.800000  70.500000  2.121320
25.900000  66.000000  24.041631
26.000000  74.000000  5.656854
26.100000  72.500000  23.334524
26.200000  67.500000  6.363961
26.300000  75.000000  1.414214
26.400000  74.500000  13.435029
26.500000  80.000000  0.000000
26.600000  76.000000  0.000000
26.700000  75.000000  4.242641
26.800000  71.500000  0.707107
26.900000  79.500000  7.778175
27.000000  70.500000  3.535534
27.100000  72.500000  10.606602
27.200000  79.500000  28.991378
27.300000  77.000000  21.213203
27.400000  78.500000  14.849242
27.500000  76.500000  19.091883
27.600000  71.000000  4.242641
27.700000  71.000000  14.142136
27.800000  66.000000  15.556349
27.900000  81.500000  20.506097
28.000000  79.500000  13.435029
28.100000  74.500000  9.192388
28.200000  76.000000  18.384776
28.300000  72.000000  11.313708
28.400000  69.500000  2.121320
28.500000  56.500000  10.606602
28.600000  59.500000  2.121320
28.700000  71.500000  20.506097
28.800000  55.500000  12.020815
28.900000  67.000000  24.041631
29.000000  64.500000  14.849242
29.100000  62.500000  20.506097
29.200000  63.000000  29.698485
29.300000  73.500000  28.991378
29.400000  67.000000  26.870058
29.500000  58.000000  16.970563
29.600000  64.500000  10.606602
29.700000  55.000000  2.828427
29.800000  63.500000  14.849242
29.900000  58.000000  15.556349
30.000000  60.500000  6.363961
30.100000  52.500000  20.506097
30.200000  55.000000  14.142136
30.300000  64.500000  21.920310
30.400000  59.000000  7.071068
30.500000  57.500000  17.677670
30.600000  51.500000  20.506097
30.700000  57.500000  20.506097
30.800000  55.000000  15.556349
30.900000  58.500000  20.506097
31.000000  60.500000  36.062446
31.100000  62.500000  38.890873
31.200000  50.500000  20.506097
31.300000  53.000000  21.213203
31.400000  56.000000  19.798990
31.500000  54.000000  18.384776
31.600000  50.000000  21.213203
31.700000  53.000000  32.526912
31.800000  58.500000  23.334524
31.900000  60.000000  28.284271
32.000000  58.000000  33.941125
32.100000  49.500000  3.535534
32.200000  53.500000  19.091883
32.300000  52.500000  19.091883
32.400000  58.500000  26.162951
32.500000  61.000000  28.284271
32.600000  59.000000  15.556349
32.700000  62.500000  19.091883
32.800000  53.500000  40.305087
32.900000  54.500000  12.020815
33.000000  58.500000  17.677670
33.100000  63.000000  28.284271
33.200000  57.000000  26.870058
33.300000  56.000000  26.870058
33.400000  57.000000  21.213203
33.500000  52.000000  16.970563
33.600000  55.500000  38.890873
33.700000  52.500000  23.334524
33.800000  54.000000  24.041631
33.900000  57.000000  26.870058
34.000000  56.500000  27.577164
34.100000  55.000000  24.041631
34.200000  60.500000  28.991378
34.300000  55.000000  15.556349
34.400000  60.000000  26.870058
34.500000  47.000000  14.142136
34.600000  53.500000  24.748737
34.700000  55.000000  22.627417
34.800000  48.500000  20.506097
34.900000  58.000000  22.627417
35.000000  52.500000  13.435029
35.100000  49.500000  16.263456
35.200000  54.500000  23.334524
35.300000  55.500000  36.062446
35.400000  52.500000  28.991378
35.500000  63.500000  33.234019
35.600000  62.000000  25.455844
35.700000  58.500000  20.506097
35.800000  50.000000  28.284271
35.900000  50.500000  12.020815
36.000000  53.500000  24.748737
36.100000  55.500000  23.334524
36.200000  58.500000  26.162951
36.300000  51.500000  31.819805
36.400000  59.500000  23.334524
36.500000  49.500000  9.192388
36.600000  48.000000  35.355339
36.700000  51.000000  42.426407
36.800000  59.500000  43.133514
36.900000  52.000000  35.355339
37.000000  46.000000  33.941125
37.100000  49.500000  38.890873
37.200000  55.500000  20.506097
37.300000  61.000000  33.941125
37.400000  54.500000  17.677670
37.500000  58.500000  3.535534
37.600000  56.500000  9.192388
37.700000  60.000000  19.798990
37.800000  51.500000  19.091883
37.900000  61.500000  0.707107
38.000000  57.000000  18.384776
38.100000  55.500000  28.991378
38.200000  58.500000  14.849242
38.300000  58.500000  17.677670
38.400000  59.500000  31.819805
38.500000  51.500000  27.577164
38.600000  54.500000  19.091883
38.700000  53.000000  19.798990
38.800000  60.500000  17.677670
38.900000  60.500000  19.091883
39.000000  54.500000  23.334524
39.100000  53.000000  33.941125
39.200000  54.000000  25.455844
39.300000  45.000000  26.870058
39.400000  54.000000  41.012193
39.500000  56.000000  29.698485
39.600000  52.500000  21.920310
39.700000  59.500000  30.405592
39.800000  56.000000  12.727922
39.900000  56.000000  29.698485
40.000000  55.500000  24.748737
40.100000  55.000000  11.313708
40.200000  60.000000  11.313708
40.300000  55.500000  16.263456
40.400000  57.500000  19.091883
40.500000  49.500000  3.535534
40.600000  60.500000  13.435029
40.700000  60.500000  14.849242
40.800000  61.500000  23.334524
40.900000  60.500000  12.020815
41.000000  60.000000  25.455844
41.100000  75.000000  26.870058
41.200000  67.000000  25.455844
41.300000  72.500000  21.920310
41.400000  71.000000  28.284271
41.500000  60.500000  23.334524
41.600000  65.000000  29.698485
41.700000  59.500000  16.263456
41.800000  70.000000  18.384776
41.900000  65.500000  26.162951
42.000000  63.500000  20.506097
42.100000  65.500000  26.162951
42.200000  59.500000  9.192388
42.300000  64.500000  23.334524
42.400000  62.000000  21.213203
42.500000  68.500000  28.991378
42.600000  62.500000  20.506097
42.700000  53.500000  16.263456
42.800000  59.000000  18.384776
42.900000  59.500000  43.133514
43.000000  62.500000  28.991378
43.100000  64.000000  24.041631
43.200000  61.500000  19.091883
43.300000  69.000000  24.041631
43.400000  84.000000  29.698485
43.500000  72.000000  26.870058
43.600000  72.500000  26.162951
43.700000  69.500000  14.849242
43.800000  75.000000  8.485281
43.900000  73.000000  18.384776
44.000000  66.000000  9.899495
44.100000  59.000000  24.041631
44.200000  75.500000  33.234019
44.300000  61.500000  23.334524
44.400000  76.000000  33.941125
44.500000  66.500000  24.748737
44.600000  66.000000  36.769553
44.700000  63.500000  13.435029
44.800000  65.500000  30.405592
44.900000  70.500000  26.162951
45.000000  67.000000  9.899495
45.100000  68.000000  26.870058
45.200000  66.000000  35.355339
45.300000  63.000000  29.698485
45.400000  62.500000  19.091883
45.500000  67.000000  21.213203
45.600000  63.500000  36.062446
45.700000  67.500000  30.405592
45.800000  64.500000  21.920310
45.900000  68.500000  30.405592
46.000000  79.000000  16.970563
46.100000  71.000000  19.798990
46.200000  73.000000  28.284271
46.300000  66.000000  21.213203
46.400000  63.500000  34.648232
46.500000  63.500000  37.476659
46.600000  71.000000  21.213203
46.700000  64.000000  18.384776
46.800000  65.500000  21.920310
46.900000  70.500000  17.677670
47.000000  73.000000  21.213203
47.100000  69.000000  5.656854
47.200000  73.500000  13.435029
47.300000  69.500000  6.363961
47.400000  66.000000  11.313708
47.500000  74.000000  14.142136
47.600000  65.000000  22.627417
47.700000  75.500000  17.677670
47.800000  72.000000  25.455844
47.900000  68.500000  17.677670
48.000000  58.500000  20.506097
48.100000  67.000000  29.698485
48.200000  73.000000  32.526912
48.300000  61.500000  34.648232
48.400000  67.000000  29.698485
48.500000  59.500000  16.263456
48.600000  58.000000  18.384776
48.700000  64.000000  14.142136
48.800000  70.000000  8.485281
48.900000  57.500000  12.020815
49.000000  75.500000  24.748737
49.100000  70.000000  19.798990
49.200000  73.500000  14.849242
49.300000  64.000000  28.284271
49.400000  67.500000  19.091883
49.500000  73.000000  35.355339
49.600000  65.000000  22.627417
49.700000  66.000000  28.284271
49.800000  65.000000  31.112698
49.900000  70.500000  30.405592
50.000000  65.000000  25.455844
50.100000  63.500000  33.234019
50.200000  69.500000  17.677670
50.300000  65.500000  17.677670
50.400000  69.500000  31.819805
50.500000  63.000000  31.112698
50.600000  68.500000  27.577164
50.700000  67.500000  27.577164
50.800000  64.500000  26.162951
50.900000  65.000000  41.012193
51.000000  74.000000  25.455844
51.100000  62.500000  36.062446
51.200000  65.500000  34.648232
51.300000  63.500000  33.234019
51.400000  67.500000  27.577164
51.500000  71.000000  29.698485
51.600000  76.000000  16.970563
51.700000  71.000000  28.284271
51.800000  68.000000  35.355339
51.900000  56.500000  24.748737
52.000000  71.500000  34.648232
52.100000  73.500000  33.234019
52.200000  65.000000  18.384776
52.300000  73.500000  21.920310
52.400000  63.000000  45.254834
52.500000  75.000000  18.384776
52.600000  62.000000  29.698485
52.700000  70.500000  36.062446
52.800000  68.500000  30.405592
52.900000  63.000000  43.840620
53.000000  71.500000  36.062446
53.100000  63.500000  23.334524
53.200000  70.000000  35.355339
53.300000  69.000000  32.526912
53.400000  71.500000  53.033009
53.500000  63.500000  37.476659
53.600000  59.000000  33.941125
53.700000  70.500000  40.305087
53.800000  68.000000  26.870058
53.900000  59.000000  36.769553
54.000000  70.500000  40.305087
54.100000  63.500000  23.334524
54.200000  66.000000  43.840620
54.300000  65.500000  23.334524
54.400000  68.000000  32.526912
54.500000  68.500000  31.819805
54.600000  67.000000  39.597980
54.700000  64.500000  36.062446
54.800000  62.500000  30.405592
54.900000  66.500000  36.062446
55.000000  63.500000  40.305087
55.100000  57.000000  25.455844
55.200000  57.000000  46.669048
55.300000  75.000000  39.597980
55.400000  62.500000  17.677670
55.500000  67.500000  33.234019
55.600000  66.500000  21.920310
55.700000  65.500000  13.435029
55.800000  64.000000  41.012193
55.900000  66.500000  40.305087
56.000000  72.000000  31.112698
56.100000  64.500000  36.062446
56.200000  64.500000  23.334524
56.300000  64.500000  31.819805
56.400000  68.500000  31.819805
56.500000  58.500000  27.577164
56.600000  63.000000  28.284271
56.700000  70.500000  38.890873
56.800000  61.000000  35.355339
56.900000  59.000000  19.798990
57.000000  67.500000  31.819805
57.100000  58.500000  26.162951
57.200000  56.000000  31.112698
57.300000  56.000000  36.769553
57.400000  62.500000  19.091883
57.500000  65.500000  34.648232
57.600000  71.000000  25.455844
57.700000  59.500000  26.162951
57.800000  72.000000  26.870058
57.900000  81.000000  41.012193
58.000000  63.500000  30.405592
58.100000  73.500000  19.091883
58.200000  59.500000  24.748737
58.300000  53.500000  20.506097
58.400000  63.500000  23.334524
58.500000  66.000000  24.041631
58.600000  59.000000  14.142136
58.700000  67.000000  31.112698
58.800000  53.500000  23.334524
58.900000  76.000000  24.041631
59.000000  67.000000  31.112698
59.100000  67.000000  41.012193
59.200000  76.500000  30.405592
59.300000  62.000000  22.627417
59.400000  61.500000  26.162951
59.500000  65.000000  18.384776
59.600000  68.500000  31.819805
59.700000  71.500000  38.890873
59.800000  55.500000  16.263456
59.900000  44.000000  19.798990
60.000000  61.500000  20.506097
60.100000  63.000000  28.284271
60.200000  63.000000  42.426407
60.300000  50.500000  10.606602
60.400000  67.000000  21.213203
60.500000  72.500000  13.435029
60.600000  66.000000  21.213203
60.700000  69.500000  20.506097
60.800000  71.000000  35.355339
60.900000  61.500000  30.405592
61.000000  51.000000  15.556349
61.100000  56.000000  29.698485
61.200000  46.000000  15.556349
61.300000  63.000000  41.012193
61.400000  59.500000  36.062446
61.500000  59.000000  25.455844
61.600000  60.000000  28.284271
61.700000  66.500000  33.234019
61.800000  69.000000  31.112698
61.900000  65.000000  35.355339
62.000000  63.500000  40.305087
62.100000  65.500000  6.363961
62.200000  59.000000  31.112698
62.300000  65.500000  36.062446
62.400000  64.500000  31.819805
62.500000  59.500000  45.961941
62.600000  63.000000  31.112698
62.700000  73.000000  26.870058
62.800000  59.000000  31.112698
62.900000  50.000000  35.355339
63.000000  64.000000  28.284271
63.100000  59.500000  27.577164
63.200000  68.500000  26.162951
63.300000  61.000000  36.769553
63.400000  56.500000  21.920310
63.500000  74.500000  41.719300
63.600000  67.500000  12.020815
63.700000  68.000000  19.798990
63.800000  68.500000  33.234019
63.900000  63.500000  13.435029
64.000000  54.500000  37.476659
64.100000  70.500000  33.234019
64.200000  69.000000  19.798990
64.300000  64.500000  30.405592
64.400000  67.500000  16.263456
64.500000  73.500000  23.334524
64.600000  62.500000  30.405592
64.700000  68.000000  32.526912
64.800000  73.000000  24.041631
64.900000  68.500000  19.091883
65.000000  70.000000  18.384776
65.100000  66.500000  13.435029
65.200000  75.000000  33.941125
65.300000  65.000000  28.284271
65.400000  75.000000  22.627417
65.500000  60.000000  24.041631
65.600000  59.500000  34.648232
65.700000  55.500000  24.748737
65.800000  71.000000  31.112698
65.900000  68.500000  21.920310
66.000000  74.500000  28.991378
66.100000  65.000000  33.941125
66.200000  64.000000  15.556349
66.300000  69.000000  46.669048
66.400000  68.500000  12.020815
66.500000  70.000000  32.526912
66.600000  63.500000  26.162951
66.700000  64.000000  31.112698
66.800000  53.000000  35.355339
66.900000  65.000000  31.112698
67.000000  64.500000  24.748737
67.100000  54.000000  19.798990
67.200000  60.500000  30.405592
67.300000  61.500000  28.991378
67.400000  60.500000  26.162951
67.500000  60.500000  20.506097
67.600000  66.000000  29.698485
67.700000  72.000000  25.455844
67.800000  56.000000  32.526912
67.900000  57.500000  31.819805
68.000000  51.000000  33.941125
68.100000  61.500000  19.091883
68.200000  68.500000  17.677670
68.300000  60.500000  12.020815
68.400000  61.000000  21.213203
68.500000  64.000000  19.798990
68.600000  57.500000  23.334524
68.700000  59.000000  25.455844
68.800000  67.000000  14.142136
68.900000  67.000000  14.142136
69.000000  70.000000  29.698485
69.100000  67.500000  33.234019
69.200000  69.500000  26.162951
69.300000  79.000000  32.526912
69.400000  70.500000  43.133514
69.500000  70.000000  31.112698
69.600000  65.500000  19.091883
69.700000  64.500000  21.920310
69.800000  63.500000  38.890873
69.900000  68.000000  35.355339
70.000000  53.000000  1.414214
70.100000  56.500000  10.606602
70.200000  62.500000  6.363961
70.300000  65.000000  31.112698
70.400000  66.500000  28.991378
70.500000  59.500000  28.991378
70.600000  71.500000  26.162951
70.700000  56.000000  25.455844
70.800000  67.500000  28.991378
70.900000  62.500000  10.606602
71.000000  69.000000  14.142136
71.100000  80.000000  9.899495
71.200000  60.000000  28.284271
71.300000  58.000000  33.941125
71.400000  55.500000  10.606602
71.500000  50.000000  11.313708
71.600000  51.500000  10.606602
71.700000  49.000000  15.556349
71.800000  57.000000  15.556349
71.900000  58.500000  12.020815
72.000000  54.000000  12.727922
72.100000  57.500000  30.405592
72.200000  53.000000  18.384776
72.300000  58.500000  13.435029
72.400000  55.000000  22.627417
72.500000  53.000000  15.556349
72.600000  60.000000  22.627417
72.700000  48.000000  18.384776
72.800000  67.500000  28.991378
72.900000  60.000000  14.142136
73.000000  53.500000  23.334524
73.100000  64.500000  24.748737
73.200000  62.500000  17.677670
73.300000  62.500000  33.234019
73.400000  65.000000  18.384776
73.500000  62.500000  37.476659
73.600000  64.000000  21.213203
73.700000  74.500000  30.405592
73.800000  74.500000  24.748737
73.900000  67.000000  31.112698
74.000000  60.500000  34.648232
74.100000  67.500000  20.506097
74.200000  60.500000  23.334524
74.300000  62.000000  25.455844
74.400000  62.000000  24.041631
74.500000  71.000000  14.142136
74.600000  72.500000  30.405592
74.700000  74.500000  33.234019
74.800000  70.000000  26.870058
74.900000  70.500000  17.677670
75.000000  67.000000  33.941125
75.100000  74.500000  17.677670
75.200000  69.500000  17.677670
75.300000  70.000000  22.627417
75.400000  69.000000  12.727922
75.500000  64.500000  24.748737
75.600000  73.000000  29.698485
75.700000  69.000000  26.870058
75.800000  72.000000  28.284271
75.900000  69.500000  31.819805
76.000000  73.500000  24.748737
76.100000  75.000000  15.556349
76.200000  53.500000  34.648232
76.300000  72.000000  2.828427
76.400000  75.000000  24.041631
76.500000  69.500000  31.819805
76.600000  61.000000  35.355339
76.700000  69.500000  31.819805
76.800000  72.500000  24.748737
76.900000  68.000000  25.455844
77.000000  68.000000  25.455844
77.100000  60.000000  31.112698
77.200000  72.500000  34.648232
77.300000  60.500000  28.991378
77.400000  63.500000  27.577164
77.500000  62.500000  28.991378
77.600000  63.000000  26.870058
77.700000  80.500000  21.920310
77.800000  68.500000  24.748737
77.900000  66.000000  29.698485
78.000000  71.000000  15.556349
78.100000  76.500000  21.920310
78.200000  64.000000  22.627417
78.300000  56.500000  9.192388
78.400000  67.500000  7.778175
78.500000  69.000000  24.041631
78.600000  68.500000  28.991378
78.700000  71.000000  32.526912
78.800000  73.000000  25.455844
78.900000  71.000000  21.213203
79.000000  63.500000  31.819805
79.100000  77.000000  26.870058
79.200000  66.500000  28.991378
79.300000  76.000000  8.485281
79.400000  66.000000  32.526912
79.500000  68.500000  12.020815
79.600000  74.000000  22.627417
79.700000  64.000000  32.526912
79.800000  61.000000  28.284271
79.900000  62.000000  39.597980
80.000000  61.000000  16.970563
80.100000  61.500000  26.162951
80.200000  52.500000  20.506097
80.300000  56.000000  18.384776
80.400000  66.000000  26.870058
80.500000  65.500000  21.920310
80.600000  58.500000  19.091883
80.700000  63.000000  31.112698
80.800000  59.000000  38.183766
80.900000  65.500000  30.405592
81.000000  60.000000  41.012193
81.100000  53.000000  35.355339
81.200000  53.500000  27.577164
81.300000  52.000000  26.870058
81.400000  62.000000  36.769553
81.500000  67.500000  27.577164
81.600000  60.500000  34.648232
81.700000  65.000000  25.455844
81.800000  60.500000  21.920310
81.900000  57.500000  24.748737
82.000000  57.000000  29.698485
82.100000  59.000000  38.183766
82.200000  56.000000  29.698485
82.300000  53.500000  24.748737
82.400000  63.000000  33.941125
82.500000  66.000000  25.455844
82.600000  64.500000  31.819805
82.700000  66.000000  29.698485
82.800000  52.000000  25.455844
82.900000  58.000000  43.840620
83.000000  64.000000  28.284271
83.100000  60.500000  31.819805
83.200000  67.500000  23.334524
83.300000  77.000000  26.870058
83.400000  68.000000  25.455844
83.500000  63.000000  25.455844
83.600000  61.000000  32.526912
83.700000  53.500000  40.305087
83.800000  64.000000  29.698485
83.900000  52.500000  20.506097
84.000000  56.000000  35.355339
84.100000  56.000000  21.213203
84.200000  68.000000  11.313708
84.300000  61.000000  29.698485
84.400000  61.000000  28.284271
84.500000  61.000000  41.012193
84.600000  59.500000  27.577164
84.700000  51.500000  30.405592
84.800000  64.000000  31.112698
84.900000  59.000000  35.355339
85.000000  63.000000  32.526912
85.100000  59.500000  37.476659
85.200000  65.500000  38.890873
85.300000  57.500000  16.263456
85.400000  62.500000  34.648232
85.500000  61.500000  26.162951
85.600000  60.000000  32.526912
85.700000  53.000000  24.041631
85.800000  62.000000  21.213203
85.900000  64.500000  10.606602
86.000000  65.000000  16.970563
86.100000  64.500000  28.991378
86.200000  58.500000  21.920310
86.300000  61.500000  26.162951
86.400000  65.500000  24.748737
86.500000  53.500000  19.091883
86.600000  68.500000  20.506097
86.700000  66.000000  31.112698
86.800000  69.500000  21.920310
86.900000  63.500000  34.648232
87.000000  54.500000  27.577164
87.100000  69.500000  36.062446
87.200000  64.000000  26.870058
87.300000  60.500000  20.506097
87.400000  66.500000  23.334524
87.500000  68.500000  21.920310
87.600000  65.000000  28.284271
87.700000  63.500000  43.133514
87.800000  58.000000  35.355339
87.900000  61.000000  26.870058
88.000000  61.000000  36.769553
88.100000  71.000000  28.284271
88.200000  66.500000  30.405592
88.300000  69.500000  47.376154
88.400000  58.000000  35.355339
88.500000  65.500000  28.991378
88.600000  62.000000  38.183766
88.700000  64.000000  38.183766
88.800000  57.500000  26.162951
88.900000  66.000000  46.669048
89.000000  72.500000  26.162951
89.100000  55.000000  32.526912
89.200000  53.500000  30.405592
89.300000  56.000000  43.840620
89.400000  52.000000  21.213203
89.500000  74.500000  24.748737
89.600000  60.500000  13.435029
89.700000  53.500000  21.920310
89.800000  66.000000  39.597980
89.900000  59.500000  19.091883
90.000000  57.000000  21.213203
90.100000  59.000000  21.213203
90.200000  42.000000  28.284271
90.300000  61.500000  12.020815
90.400000  65.000000  12.727922
90.500000  57.000000  18.384776
90.600000  61.000000  26.870058
90.700000  57.000000  32.526912
90.800000  64.000000  26.870058
90.900000  59.000000  16.970563
91.000000  54.000000  9.899495
91.100000  58.000000  25.455844
91.200000  56.500000  7.778175
91.300000  66.000000  19.798990
91.400000  57.000000  32.526912
91.500000  60.000000  22.627417
91.600000  47.000000  14.142136
91.700000  57.000000  25.455844
91.800000  51.000000  24.041631
91.900000  52.000000  19.798990
92.000000  56.500000  30.405592
92.100000  60.000000  18.384776
92.200000  54.500000  30.405592
92.300000  53.500000  21.920310
92.400000  60.000000  22.627417
92.500000  62.000000  29.698485
92.600000  42.500000  30.405592
92.700000  55.000000  26.870058
92.800000  61.000000  19.798990
92.900000  50.500000  21.920310
93.000000  56.500000  14.849242
93.100000  58.000000  14.142136
93.200000  62.500000  28.991378
93.300000  58.500000  24.748737
93.400000  58.000000  16.970563
93.500000  63.500000  26.162951
93.600000  67.000000  18.384776
93.700000  61.500000  9.192388
93.800000  61.500000  14.849242
93.900000  63.500000  7.778175
94.000000  64.500000  27.577164
94.100000  63.500000  36.062446
94.200000  60.500000  23.334524
94.300000  54.500000  26.162951
94.400000  61.500000  21.920310
94.500000  60.000000  15.556349
94.600000  54.000000  9.899495
94.700000  62.500000  34.648232
94.800000  57.500000  20.506097
94.900000  65.500000  13.435029
95.000000  53.500000  27.577164
95.100000  66.500000  19.091883
95.200000  60.000000  12.727922
95.300000  62.500000  17.677670
95.400000  47.000000  36.769553
95.500000  50.000000  38.183766
95.600000  53.500000  26.162951
95.700000  51.500000  10.606602
95.800000  62.000000  28.284271
95.900000  64.000000  15.556349
96.000000  66.500000  16.263456
96.100000  60.000000  29.698485
96.200000  60.500000  19.091883
96.300000  44.000000  31.112698
96.400000  51.000000  29.698485
96.500000  53.500000  27.577164
96.600000  59.000000  14.142136
96.700000  66.000000  25.455844
96.800000  57.000000  26.870058
96.900000  67.000000  26.870058
97.000000  61.000000  16.970563
97.100000  67.000000  19.798990
97.200000  52.000000  28.284271
97.300000  59.000000  22.627417
97.400000  66.500000  7.778175
97.500000  62.000000  12.727922
97.600000  55.000000  9.899495
97.700000  58.000000  14.142136
97.800000  59.000000  9.899495
97.900000  57.000000  24.041631
98.000000  66.000000  16.970563
98.100000  59.500000  23.334524
98.200000  66.000000  26.870058
98.300000  55.500000  27.577164
98.400000  50.000000  24.041631
98.500000  63.000000  18.384776
98.600000  64.500000  3.535534
98.700000  62.000000  4.242641
98.800000  62.500000  20.506097
98.900000  58.500000  17.677670
99.000000  60.000000  11.313708
99.100000  65.500000  10.606602
99.200000  71.000000  19.798990
99.300000  68.500000  12.020815
99.400000  64.500000  23.334524
99.500000  64.500000  40.305087
99.600000  61.500000  9.192388
99.700000  57.000000  32.526912
99.800000  72.000000  16.970563
99.900000  65.500000  13.435029
100.000000  69.000000  12.727922
100.100000  53.000000  14.142136
100.200000  64.000000  24.041631
100.300000  69.000000  9.899495
100.400000  71.000000  22.627417
100.500000  61.000000  16.970563
100.600000  60.500000  17.677670
100.700000  60.000000  2.828427
100.800000  74.000000  18.384776
100.900000  65.500000  23.334524
101.000000  62.500000  30.405592
101.100000  62.000000  18.384776
101.200000  63.500000  21.920310
101.300000  56.000000  21.213203
101.400000  65.000000  19.798990
101.500000  57.500000  6.363961
101.600000  61.000000  2.828427
101.700000  59.000000  5.656854
101.800000  57.500000  17.677670
101.900000  70.000000  19.798990
102.000000  63.500000  16.263456
102.100000  66.500000  2.121320
102.200000  63.500000  24.748737
102.300000  46.500000  27.577164
102.400000  55.500000  4.949747
102.500000  57.500000  14.849242
102.600000  61.000000  15.556349
102.700000  65.500000  17.677670
102.800000  61.000000  18.384776
102.900000  64.500000  12.020815
103.000000  62.000000  21.213203
103.100000  61.000000  24.041631
103.200000  61.500000  23.334524
103.300000  67.500000  7.778175
103.400000  51.500000  24.748737
103.500000  61.500000  13.435029
103.600000  59.000000  14.142136
103.700000  60.500000  16.263456
103.800000  51.500000  12.020815
103.900000  58.500000  28.991378
104.000000  58.000000  24.041631
104.100000  50.500000  10.606602
104.200000  53.000000  32.526912
104.300000  54.000000  33.941125
104.400000  51.000000  31.112698
104.500000  51.000000  28.284271
104.600000  57.500000  30.405592
104.700000  54.000000  28.284271
104.800000  53.000000  31.112698
104.900000  49.000000  29.698485
105.000000  55.500000  40.305087
105.100000  59.000000  21.213203
105.200000  59.000000  33.941125
105.300000  64.500000  21.920310
105.400000  60.000000  18.384776
105.500000  56.000000  19.798990
105.600000  64.000000  24.041631
105.700000  64.500000  17.677670
105.800000  60.500000  21.920310
105.900000  58.000000  32.526912
106.000000  62.500000  7.778175
106.100000  55.500000  17.677670
106.200000  56.500000  17.677670
106.300000  52.000000  18.384776
106.400000  53.500000  24.748737
106.500000  50.000000  19.798990
106.600000  53.000000  18.384776
106.700000  58.000000  19.798990
106.800000  54.000000  28.284271
106.900000  62.500000  28.991378
107.000000  52.000000  24.041631
107.100000  51.000000  22.627417
107.200000  49.500000  31.819805
107.300000  56.000000  26.870058
107.400000  46.000000  28.284271
107.500000  53.500000  30.405592
107.600000  66.000000  28.284271
107.700000  49.500000  30.405592
107.800000  59.000000  26.870058
107.900000  61.500000  28.991378
108.000000  54.500000  27.577164
108.100000  54.500000  27.577164
108.200000  55.500000  33.234019
108.300000  53.000000  41.012193
108.400000  66.500000  26.162951
108.500000  53.500000  20.506097
108.600000  51.000000  31.112698
108.700000  54.500000  24.748737
108.800000  50.500000  26.162951
108.900000  53.000000  25.455844
109.000000  53.000000  42.426407
109.100000  56.500000  34.648232
109.200000  48.500000  28.991378
109.300000  45.000000  29.698485
109.400000  53.500000  31.819805
109.500000  52.000000  32.526912
109.600000  49.500000  28.991378
109.700000  55.000000  29.698485
109.800000  54.000000  29.698485
109.900000  45.000000  31.112698
110.000000  50.500000  31.819805
110.100000  59.500000  40.305087
110.200000  53.500000  23.334524
110.300000  52.500000  20.506097
110.400000  50.000000  29.698485
110.500000  54.500000  27.577164
110.600000  53.500000  31.819805
110.700000  46.500000  24.748737
110.800000  57.500000  21.920310
110.900000  57.000000  21.213203
111.000000  58.000000  16.970563
111.100000  55.500000  26.162951
111.200000  53.500000  19.091883
111.300000  64.500000  12.020815
111.400000  55.000000  22.627417
111.500000  57.000000  19.798990
111.600000  45.500000  19.091883
111.700000  51.000000  22.627417
111.800000  57.500000  19.091883
111.900000  56.500000  12.020815
112.000000  60.000000  25.455844
112.100000  56.000000  25.455844
112.200000  60.000000  26.870058
112.300000  54.500000  23.334524
112.400000  53.500000  28.991378
112.500000  66.500000  33.234019
112.600000  66.500000  41.719300
112.700000  68.000000  32.526912
112.800000  52.500000  23.334524
112.900000  56.000000  29.698485
113.000000  59.500000  30.405592
113.100000  65.000000  21.213203
113.200000  58.500000  20.506097
113.300000  42.500000  14.849242
113.400000  61.500000  37.476659
113.500000  49.000000  41.012193
113.600000  52.000000  29.698485
113.700000  52.000000  36.769553
113.800000  50.500000  33.234019
113.900000  47.000000  35.355339
114.000000  57.500000  24.748737
114.100000  48.500000  36.062446
114.200000  49.000000  31.112698
114.300000  51.000000  36.769553
114.400000  49.000000  26.870058
114.500000  48.500000  33.234019
114.600000  51.000000  33.941125
114.700000  58.000000  22.627417
114.800000  61.500000  28.991378
114.900000  51.000000  26.870058
115.000000  57.500000  40.305087
115.100000  50.000000  25.455844
115.200000  56.000000  36.769553
115.300000  58.500000  36.062446
115.400000  45.000000  29.698485
115.500000  56.500000  28.991378
115.600000  51.500000  16.263456
115.700000  47.500000  27.577164
115.800000  45.500000  27.577164
115.900000  59.000000  33.941125
116.000000  51.500000  33.234019
116.100000  58.500000  26.162951
116.200000  53.000000  15.556349
116.300000  48.000000  36.769553
116.400000  51.000000  32.526912
116.500000  65.500000  7.778175
116.600000  66.000000  32.526912
116.700000  59.500000  21.920310
116.800000  57.000000  22.627417
116.900000  60.000000  19.798990
117.000000  54.500000  33.234019
117.100000  54.000000  25.455844
117.200000  61.500000  21.920310
117.300000  59.000000  14.142136
117.400000  57.500000  21.920310
117.500000  52.000000  26.870058
117.600000  65.500000  36.062446
117.700000  60.000000  15.556349
117.800000  60.000000  19.798990
117.900000  71.000000  15.556349
118.000000  64.000000  26.870058
118.100000  59.000000  31.112698
118.200000  52.500000  17.677670
118.300000  63.500000  30.405592
118.400000  61.500000  13.435029
118.500000  55.500000  24.748737
118.600000  52.000000  25.455844
118.700000  56.000000  22.627417
118.800000  56.500000  31.819805
118.900000  56.500000  26.162951
119.000000  55.000000  21.213203
119.100000  62.000000  8.485281
119.200000  61.500000  20.506097
119.300000  59.000000  29.698485
119.400000  56.500000  12.020815
119.500000  61.500000  26.162951
119.600000  61.500000  13.435029
119.700000  58.000000  19.798990
119.800000  66.500000  24.748737
119.900000  59.000000  8.485281
120.000000  58.000000  21.213203
120.100000  58.500000  16.263456
120.200000  68.000000  36.769553
120.300000  65.000000  32.526912
120.400000  64.000000  26.870058
120.500000  61.500000  13.435029
120.600000  60.000000  12.727922
120.700000  66.000000  15.556349
120.800000  67.000000  9.899495
120.900000  60.500000  20.506097
121.000000  56.000000  18.384776
121.100000  66.000000  31.112698
121.200000  66.000000  24.041631
121.300000  68.000000  21.213203
121.400000  51.500000  19.091883
121.500000  56.500000  17.677670
121.600000  62.500000  28.991378
121.700000  67.000000  24.041631
121.800000  59.500000  26.162951
121.900000  57.500000  17.677670
122.000000  57.000000  21.213203
122.100000  54.500000  26.162951
122.200000  64.500000  28.991378
122.300000  53.000000  16.970563
122.400000  53.500000  23.334524
122.500000  57.500000  19.091883
122.600000  54.500000  27.577164
122.700000  52.500000  21.920310
122.800000  61.500000  24.748737
122.900000  55.000000  16.970563
123.000000  51.500000  24.748737
123.100000  54.000000  35.355339
123.200000  63.000000  12.727922
123.300000  67.500000  33.234019
123.400000  54.000000  31.112698
123.500000  60.000000  42.426407
123.600000  53.000000  39.597980
123.700000  51.000000  33.941125
123.800000  46.500000  19.091883
123.900000  55.000000  28.284271
124.000000  57.500000  14.849242
124.100000  62.000000  12.727922
124.200000  61.000000  14.142136
124.300000  62.000000  33.941125
124.400000  57.500000  34.648232
124.500000  56.000000  18.384776
124.600000  55.000000  0.000000
124.700000  55.000000  4.242641
124.800000  64.500000  10.606602
124.900000  60.000000  25.455844
125.000000  55.500000  14.849242
125.100000  59.500000  10.606602
125.200000  56.000000  16.970563
125.300000  55.000000  7.071068
125.400000  63.000000  4.242641
125.500000  57.000000  18.384776
125.600000  62.500000  26.162951
125.700000  56.500000  10.606602
125.800000  65.000000  26.870058
125.900000  60.000000  4.242641
126.000000  67.500000  31.819805
126.100000  51.000000  28.284271
126.200000  60.500000  31.819805
126.300000  54.500000  26.162951
126.400000  61.000000  15.556349
126.500000  64.000000  15.556349
126.600000  58.500000  16.263456
126.700000  59.000000  18.384776
126.800000  60.500000  14.849242
126.900000  68.000000  8.485281
127.000000  66.500000  13.435029
127.100000  63.000000  7.071068
127.200000  68.000000  19.798990
127.300000  63.500000  28.991378
127.400000  66.000000  28.284271
127.500000  53.500000  6.363961
127.600000  60.000000  0.000000
127.700000  61.500000  3.535534
127.800000  58.500000  7.778175
127.900000  55.000000  15.556349
128.000000  73.000000  25.455844
128.100000  66.500000  28.991378
128.200000  73.500000  27.577164
128.300000  72.500000  27.577164
128.400000  65.000000  45.254834
128.500000  64.000000  32.526912
128.600000  64.500000  33.234019
128.700000  65.000000  25.455844
128.800000  73.500000  41.719300
128.900000  64.000000  35.355339
129.000000  59.000000  26.870058
129.100000  55.500000  24.748737
129.200000  71.500000  24.748737
129.300000  69.000000  38.183766
129.400000  62.000000  26.870058
129.500000  58.500000  19.091883
129.600000  63.500000  19.091883
129.700000  61.500000  14.849242
129.800000  68.500000  21.920310
129.900000  68.500000  16.263456
130.000000  72.500000  20.506097
130.100000  63.000000  26.870058
130.200000  71.000000  16.970563
130.300000  68.500000  33.234019
130.400000  67.500000  30.405592
130.500000  64.000000  33.941125
130.600000  66.500000  20.506097
130.700000  68.500000  38.890873
130.800000  67.500000  19.091883
130.900000  63.500000  31.819805
131.000000  68.500000  28.991378
131.100000  66.000000  18.384776
131.200000  72.000000  25.455844
131.300000  65.500000  43.133514
131.400000  71.000000  36.769553
131.500000  67.000000  22.627417
131.600000  69.500000  26.162951
131.700000  77.500000  33.234019
131.800000  75.000000  24.041631
131.900000  68.000000  19.798990
132.000000  75.000000  14.142136
132.100000  75.500000  31.819805
132.200000  66.500000  14.849242
132.300000  69.000000  28.284271
132.400000  71.000000  26.870058
132.500000  67.500000  19.091883
132.600000  70.500000  21.920310
132.700000  69.500000  26.162951
132.800000  73.000000  14.142136
132.900000  69.000000  18.384776
133.000000  72.000000  24.041631
133.100000  63.000000  21.213203
133.200000  78.000000  33.941125
133.300000  70.000000  31.112698
133.400000  69.500000  27.577164
133.500000  75.000000  26.870058
133.600000  65.000000  32.526912
133.700000  65.000000  16.970563
133.800000  75.500000  26.162951
133.900000  75.500000  26.162951
134.000000  68.500000  24.748737
134.100000  69.000000  25.455844
134.200000  74.500000  36.062446
134.300000  71.000000  18.384776
134.400000  67.500000  10.606602
134.500000  78.500000  36.062446
134.600000  65.000000  28.284271
134.700000  62.500000  21.920310
134.800000  63.500000  33.234019
134.900000  70.000000  33.941125
135.000000  80.000000  21.213203
135.100000  67.000000  36.769553
135.200000  67.500000  31.819805
135.300000  83.500000  21.920310
135.400000  73.500000  28.991378
135.500000  73.000000  12.727922
135.600000  65.500000  21.920310
135.700000  75.000000  35.355339
135.800000  56.500000  24.748737
135.900000  57.000000  18.384776
136.000000  62.500000  16.263456
136.100000  64.500000  19.091883
136.200000  76.500000  23.334524
136.300000  67.000000  28.284271
136.400000  67.500000  34.648232
136.500000  70.500000  20.506097
136.600000  61.500000  19.091883
136.700000  58.000000  21.213203
136.800000  65.000000  19.798990
136.900000  62.000000  28.284271
137.000000  62.500000  31.819805
137.100000  53.500000  21.920310
137.200000  57.000000  29.698485
137.300000  67.000000  21.213203
137.400000  69.000000  26.870058
137.500000  68.500000  24.748737
137.600000  60.500000  20.506097
137.700000  66.500000  30.405592
137.800000  65.000000  21.213203
137.900000  67.000000  18.384776
138.000000  66.500000  12.020815
138.100000  61.500000  21.920310
138.200000  70.500000  28.991378
138.300000  73.000000  28.284271
138.400000  66.500000  28.991378
138.500000  56.500000  30.405592
138.600000  68.000000  8.485281
138.700000  60.500000  21.920310
138.800000  76.500000  16.263456
138.900000  59.000000  22.627417
139.000000  69.000000  18.384776
139.100000  58.000000  16.970563
139.200000  72.000000  16.970563
139.300000  77.500000  27.577164
139.400000  74.000000  25.455844
139.500000  65.000000  21.213203
139.600000  65.500000  23.334524
139.700000  71.000000  14.142136
139.800000  73.500000  24.748737
139.900000  65.000000  18.384776
140.000000  62.500000  41.719300
140.100000  71.000000  26.870058
140.200000  69.500000  31.819805
140.300000  69.000000  24.041631
140.400000  73.500000  19.091883
140.500000  51.000000  15.556349
140.600000  63.500000  33.234019
140.700000  70.000000  7.071068
140.800000  64.500000  24.748737
140.900000  71.500000  24.748737
141.000000  65.500000  23.334524
141.100000  63.500000  34.648232
141.200000  63.500000  30.405592
141.300000  66.000000  26.870058
141.400000  52.500000  38.890873
141.500000  56.500000  31.819805
141.600000  58.500000  31.819805
141.700000  66.000000  22.627417
141.800000  66.500000  13.435029
141.900000  64.500000  26.162951
142.000000  58.500000  10.606602
142.100000  63.500000  38.890873
142.200000  57.000000  26.870058
142.300000  64.000000  29.698485
142.400000  65.000000  28.284271
142.500000  61.000000  21.213203
142.600000  69.500000  17.677670
142.700000  54.000000  31.112698
142.800000  55.500000  28.991378
142.900000  65.500000  31.819805
143.000000  64.500000  24.748737
143.100000  59.500000  20.506097
143.200000  62.500000  28.991378
143.300000  66.000000  28.284271
143.400000  60.500000  30.405592
143.500000  62.500000  23.334524
143.600000  65.000000  18.384776
143.700000  71.000000  7.071068
143.800000  60.500000  10.606602
143.900000  68.500000  36.062446
144.000000  59.500000  19.091883
144.100000  64.500000  12.020815
144.200000  57.500000  21.920310
144.300000  66.000000  36.769553
144.400000  60.500000  26.162951
144.500000  73.500000  31.819805
144.600000  72.500000  27.577164
144.700000  60.500000  20.506097
144.800000  52.500000  20.506097
144.900000  59.500000  27.577164
145.000000  68.000000  14.142136
145.100000  71.000000  25.455844
145.200000  60.000000  31.112698
145.300000  68.500000  41.719300
145.400000  60.500000  38.890873
145.500000  65.000000  29.698485
145.600000  62.500000  24.748737
145.700000  65.500000  23.334524
145.800000  72.500000  30.405592
145.900000  61.000000  25.455844
146.000000  57.000000  24.041631
146.100000  65.000000  26.870058
146.200000  64.500000  26.162951
146.300000  69.000000  21.213203
146.400000  69.000000  29.698485
146.500000  65.000000  35.355339
146.600000  66.000000  21.213203
146.700000  65.000000  28.284271
146.800000  64.000000  18.384776
146.900000  62.500000  28.991378
147.000000  72.500000  20.506097
147.100000  72.000000  25.455844
147.200000  68.000000  36.769553
147.300000  73.500000  27.577164
147.400000  66.500000  24.748737
147.500000  67.500000  21.920310
147.600000  56.000000  21.213203
147.700000  63.500000  27.577164
147.800000  65.000000  22.627417
147.900000  67.500000  20.506097
148.000000  60.000000  24.041631
148.100000  63.000000  31.112698
148.200000  67.000000  33.941125
148.300000  71.500000  36.062446
148.400000  53.000000  28.284271
148.500000  58.500000  34.648232
148.600000  66.000000  26.870058
148.700000  64.000000  25.455844
148.800000  72.500000  28.991378
148.900000  65.500000  31.819805
149.000000  56.500000  27.577164
149.100000  65.500000  31.819805
149.200000  69.000000  32.526912
149.300000  60.500000  38.890873
149.400000  66.000000  24.041631
149.500000  67.500000  36.062446
149.600000  64.000000  36.769553
149.700000  58.000000  22.627417
149.800000  64.000000  28.284271
149.900000  62.500000  21.920310
150.000000  62.000000  25.455844
150.100000  59.500000  21.920310
150.200000  59.000000  25.455844
150.300000  67.000000  19.798990
150.400000  69.500000  9.192388
150.500000  54.000000  19.798990
150.600000  60.000000  33.941125
150.700000  62.500000  21.920310
150.800000  63.000000  15.556349
150.900000  73.500000  21.920310
151.000000  62.500000  19.091883
151.100000  69.000000  28.284271
151.200000  64.500000  17.677670
151.300000  76.000000  28.284271
151.400000  66.500000  31.819805
151.500000  66.500000  10.606602
151.600000  66.500000  19.091883
151.700000  60.500000  19.091883
151.800000  63.500000  14.849242
151.900000  63.000000  7.071068
152.000000  65.000000  15.556349
152.100000  58.500000  13.435029
152.200000  72.500000  33.234019
152.300000  67.500000  20.506097
152.400000  71.000000  29.698485
152.500000  59.000000  24.041631
152.600000  65.500000  28.991378
152.700000  57.500000  10.606602
152.800000  62.000000  14.142136
152.900000  69.000000  14.142136
153.000000  73.500000  17.677670
153.100000  64.500000  2.121320
153.200000  77.000000  16.970563
153.300000  66.500000  16.263456
153.400000  62.000000  12.727922
153.500000  58.000000  15.556349
153.600000  68.500000  33.234019
153.700000  79.000000  32.526912
153.800000  61.000000  11.313708
153.900000  62.500000  19.091883
154.000000  61.500000  12.020815
154.100000  61.000000  16.970563
154.200000  60.000000  24.041631
154.300000  69.000000  15.556349
154.400000  69.500000  21.920310
154.500000  60.000000  21.213203
154.600000  69.500000  21.920310
154.700000  77.000000  25.455844
154.800000  68.500000  9.192388
154.900000  71.000000  26.870058
155.000000  63.500000  26.162951
155.100000  46.500000  37.476659
155.200000  62.000000  33.941125
155.300000  56.000000  25.455844
155.400000  73.000000  31.112698
155.500000  55.500000  30.405592
155.600000  58.000000  46.669048
155.700000  59.500000  28.991378
155.800000  49.000000  29.698485
155.900000  61.000000  29.698485
156.000000  57.000000  32.526912
156.100000  62.500000  30.405592
156.200000  53.000000  33.941125
156.300000  56.500000  36.062446
156.400000  63.500000  34.648232
156.500000  58.500000  19.091883
156.600000  55.000000  19.798990
156.700000  53.000000  24.041631
156.800000  55.500000  23.334524
156.900000  53.000000  31.112698
157.000000  61.000000  24.041631
157.100000  60.500000  20.506097
157.200000  57.500000  33.234019
157.300000  69.000000  19.798990
157.400000  61.000000  18.384776
157.500000  57.000000  24.041631
157.600000  65.000000  29.698485
157.700000  68.000000  15.556349
157.800000  63.000000  32.526912
157.900000  63.000000  16.970563
158.000000  60.500000  14.849242
158.100000  80.500000  9.192388
158.200000  72.500000  17.677670
158.300000  57.000000  33.941125
158.400000  60.000000  31.112698
158.500000  61.500000  27.577164
158.600000  56.500000  16.263456
158.700000  56.000000  21.213203
158.800000  52.000000  31.112698
158.900000  50.000000  38.183766
159.000000  58.500000  36.062446
159.100000  61.500000  27.577164
159.200000  53.500000  28.991378
159.300000  72.500000  10.606602
159.400000  58.500000  27.577164
159.500000  65.500000  33.234019
159.600000  71.500000  31.819805
159.700000  60.500000  20.506097
159.800000  64.000000  12.727922
159.900000  64.500000  24.748737
160.000000  68.000000  21.213203
160.100000  59.000000  5.656854
160.200000  72.000000  21.213203
160.300000  72.500000  26.162951
160.400000  59.000000  19.798990
160.500000  61.500000  19.091883
160.600000  62.500000  20.506097
160.700000  58.000000  22.627417
160.800000  67.000000  26.870058
160.900000  67.000000  26.870058
161.000000  72.000000  15.556349
161.100000  64.000000  21.213203
161.200000  61.000000  21.213203
161.300000  65.000000  39.597980
161.400000  62.500000  26.162951
161.500000  73.000000  16.970563
161.600000  63.000000  32.526912
161.700000  55.500000  34.648232
161.800000  67.000000  39.597980
161.900000  61.000000  16.970563
162.000000  65.500000  30.405592
162.100000  59.000000  26.870058
162.200000  76.000000  24.041631
162.300000  59.500000  38.890873
162.400000  71.500000  16.263456
162.500000  63.000000  29.698485
162.600000  65.500000  19.091883
162.700000  46.500000  20.506097
162.800000  57.500000  19.091883
162.900000  56.000000  29.698485
163.000000  63.500000  26.162951
163.100000  65.000000  25.455844
163.200000  60.500000  36.062446
163.300000  67.000000  19.798990
163.400000  66.000000  38.183766
163.500000  68.000000  24.041631
163.600000  68.500000  31.819805
163.700000  61.000000  19.798990
163.800000  59.000000  32.526912
163.900000  70.500000  37.476659
164.000000  57.500000  20.506097
164.100000  72.000000  22.627417
164.200000  65.000000  31.112698
164.300000  61.500000  27.577164
164.400000  58.000000  33.941125
164.500000  60.500000  19.091883
164.600000  68.000000  16.970563
164.700000  67.000000  29.698485
164.800000  58.500000  27.577164
164.900000  64.000000  19.798990
165.000000  70.500000  20.506097
165.100000  57.500000  13.435029
165.200000  64.500000  19.091883
165.300000  69.500000  40.305087
165.400000  65.500000  38.890873
165.500000  63.500000  26.162951
165.600000  63.000000  26.870058
165.700000  69.500000  30.405592
165.800000  70.000000  22.627417
165.900000  66.000000  31.112698
166.000000  68.500000  30.405592
166.100000  73.500000  26.162951
166.200000  69.500000  13.435029
166.300000  74.000000  28.284271
166.400000  64.500000  6.363961
166.500000  59.000000  35.355339
166.600000  58.500000  38.890873
166.700000  55.000000  29.698485
166.800000  63.500000  34.648232
166.900000  66.500000  16.263456
167.000000  74.000000  33.941125
167.100000  70.500000  26.162951
167.200000  57.500000  21.920310
167.300000  65.000000  38.183766
167.400000  71.000000  36.769553
167.500000  63.500000  21.920310
167.600000  70.500000  31.819805
167.700000  70.000000  36.769553
167.800000  63.500000  24.748737
167.900000  51.000000  39.597980
168.000000  77.000000  31.112698
168.100000  60.000000  21.213203
168.200000  62.500000  2.121320
168.300000  54.000000  32.526912
168.400000  68.000000  26.870058
168.500000  64.000000  25.455844
168.600000  62.500000  26.162951
168.700000  58.000000  25.455844
168.800000  66.000000  29.698485
168.900000  63.500000  26.162951
169.000000  62.000000  8.485281
169.100000  64.500000  20.506097
169.200000  67.000000  26.870058
169.300000  72.000000  29.698485
169.400000  71.000000  26.870058
169.500000  66.500000  40.305087
169.600000  69.500000  36.062446
169.700000  72.500000  36.062446
169.800000  75.500000  27.577164
169.900000  71.500000  27.577164
170.000000  68.500000  27.577164
170.100000  70.500000  28.991378
170.200000  63.500000  16.263456
170.300000  65.000000  39.597980
170.400000  66.000000  26.870058
170.500000  59.000000  32.526912
170.600000  67.000000  24.041631
170.700000  59.000000  15.556349
170.800000  63.000000  14.142136
170.900000  63.500000  31.819805
171.000000  68.000000  24.041631
171.100000  67.500000  44.547727
171.200000  61.000000  25.455844
171.300000  63.000000  21.213203
171.400000  63.000000  36.769553
171.500000  61.000000  19.798990
171.600000  68.500000  34.648232
171.700000  59.000000  35.355339
171.800000  61.500000  3.535534
171.900000  52.000000  12.727922
172.000000  61.000000  12.727922
172.100000  60.000000  36.769553
172.200000  66.000000  32.526912
172.300000  71.500000  12.020815
172.400000  56.000000  12.727922
172.500000  52.500000  36.062446
172.600000  61.000000  28.284271
172.700000  63.000000  19.798990
172.800000  47.000000  36.769553
172.900000  47.500000  28.991378
173.000000  69.000000  45.254834
173.100000  62.500000  17.677670
173.200000  62.500000  28.991378
173.300000  70.500000  37.476659
173.400000  69.500000  21.920310
173.500000  60.500000  21.920310
173.600000  59.000000  25.455844
173.700000  62.500000  38.890873
173.800000  57.500000  38.890873
173.900000  56.500000  24.748737
174.000000  65.500000  38.890873
174.100000  66.000000  19.798990
174.200000  65.000000  25.455844
174.300000  58.500000  23.334524
174.400000  73.500000  41.719300
174.500000  59.500000  13.435029
174.600000  67.000000  32.526912
174.700000  68.000000  38.183766
174.800000  71.500000  38.890873
174.900000  65.500000  31.819805
175.000000  65.000000  35.355339
175.100000  64.000000  38.183766
175.200000  66.500000  30.405592
175.300000  70.500000  34.648232
175.400000  61.500000  17.677670
175.500000  53.000000  25.455844
175.600000  69.000000  36.769553
175.700000  61.000000  14.142136
175.800000  63.000000  42.426407
175.900000  61.500000  37.476659
176.000000  67.500000  30.405592
176.100000  69.000000  26.870058
176.200000  60.500000  20.506097
176.300000  64.500000  28.991378
176.400000  61.500000  27.577164
176.500000  66.000000  29.698485
176.600000  55.000000  32.526912
176.700000  68.500000  41.719300
176.800000  62.500000  30.405592
176.900000  61.000000  24.041631
177.000000  58.500000  38.890873
177.100000  62.000000  25.455844
177.200000  71.500000  17.677670
177.300000  70.000000  22.627417
177.400000  69.500000  20.506097
177.500000  74.500000  31.819805
177.600000  79.500000  20.506097
177.700000  75.500000  34.648232
177.800000  66.500000  24.748737
177.900000  62.000000  24.041631
178.000000  66.500000  27.577164
178.100000  63.000000  15.556349
178.200000  63.000000  31.112698
178.300000  62.000000  25.455844
178.400000  55.500000  24.748737
178.500000  63.000000  42.426407
178.600000  61.500000  38.890873
178.700000  65.500000  36.062446
178.800000  65.500000  26.162951
178.900000  58.500000  30.405592
179.000000  61.500000  33.234019
179.100000  67.000000  31.112698
179.200000  59.500000  37.476659
179.300000  58.000000  21.213203
179.400000  59.000000  42.426407
179.500000  56.500000  28.991378
179.600000  52.000000  33.941125
179.700000  60.000000  29.698485
179.800000  56.000000  45.254834
179.900000  58.000000  38.183766
180.000000  55.000000  31.112698
180.100000  56.500000  38.890873
180.200000  55.500000  37.476659
180.300000  70.000000  33.941125
180.400000  58.000000  43.840620
180.500000  65.500000  36.062446
180.600000  57.500000  38.890873
180.700000  60.500000  41.719300
180.800000  56.000000  35.355339
180.900000  66.000000  45.254834
181.000000  63.500000  50.204581
181.100000  61.500000  41.719300
181.200000  62.500000  40.305087
181.300000  69.000000  19.798990
181.400000  73.000000  36.769553
181.500000  62.500000  41.719300
181.600000  55.000000  41.012193
181.700000  56.000000  26.870058
181.800000  53.000000  31.112698
181.900000  51.500000  27.577164
182.000000  59.000000  36.769553
182.100000  54.000000  36.769553
182.200000  60.500000  26.162951
182.300000  61.000000  43.840620
182.400000  63.500000  27.577164
182.500000  64.500000  20.506097
182.600000  56.000000  45.254834
182.700000  62.000000  32.526912
182.800000  55.000000  39.597980
182.900000  62.500000  36.062446
183.000000  58.500000  40.305087
183.100000  67.500000  43.133514
183.200000  65.500000  41.719300
183.300000  61.500000  41.719300
183.400000  62.500000  28.991378
183.500000  60.000000  39.597980
183.600000  53.000000  36.769553
183.700000  61.500000  41.719300
183.800000  58.500000  40.305087
183.900000  52.500000  31.819805
184.000000  64.500000  33.234019
184.100000  64.000000  48.083261
184.200000  74.000000  28.284271
184.300000  64.000000  22.627417
184.400000  70.000000  21.213203
184.500000  65.000000  29.698485
184.600000  68.500000  27.577164
184.700000  65.000000  28.284271
184.800000  71.000000  29.698485
184.900000  60.500000  24.748737
185.000000  62.500000  26.162951
185.100000  65.500000  17.677670
185.200000  70.500000  36.062446
185.300000  62.500000  37.476659
185.400000  72.000000  25.455844
185.500000  70.500000  30.405592
185.600000  64.500000  30.405592
185.700000  70.500000  33.234019
185.800000  71.500000  40.305087
185.900000  86.000000  49.497475
186.000000  71.500000  36.062446
186.100000  59.500000  23.334524
186.200000  64.000000  35.355339
186.300000  71.500000  31.819805
186.400000  81.500000  38.890873
186.500000  67.500000  23.334524
186.600000  67.000000  21.213203
186.700000  69.000000  29.698485
186.800000  67.000000  41.012193
186.900000  70.500000  40.305087
187.000000  68.000000  28.284271
187.100000  68.500000  34.648232
187.200000  67.500000  28.991378
187.300000  62.500000  33.234019
187.400000  68.500000  28.991378
187.500000  75.500000  28.991378
187.600000  68.000000  43.840620
187.700000  77.500000  44.547727
187.800000  62.000000  39.597980
187.900000  64.000000  32.526912
188.000000  69.000000  24.041631
188.100000  54.000000  31.112698
188.200000  61.500000  31.819805
188.300000  59.000000  36.769553
188.400000  62.500000  40.305087
188.500000  58.500000  33.234019
188.600000  66.500000  20.506097
188.700000  65.500000  19.091883
188.800000  70.000000  41.012193
188.900000  60.500000  26.162951
189.000000  55.000000  22.627417
189.100000  67.000000  22.627417
189.200000  58.000000  25.455844
189.300000  65.000000  26.870058
189.400000  72.000000  25.455844
189.500000  62.000000  31.112698
189.600000  59.500000  36.062446
189.700000  58.500000  23.334524
189.800000  74.500000  37.476659
189.900000  58.500000  23.334524
190.000000  60.000000  22.627417
190.100000  72.500000  44.547727
190.200000  66.000000  32.526912
190.300000  70.000000  24.041631
190.400000  64.500000  27.577164
190.500000  63.000000  36.769553
190.600000  67.000000  11.313708
190.700000  58.500000  21.920310
190.800000  61.000000  32.526912
190.900000  60.000000  15.556349
191.000000  57.000000  25.455844
191.100000  61.000000  26.870058
191.200000  63.000000  29.698485
191.300000  69.500000  33.234019
191.400000  62.500000  28.991378
191.500000  61.500000  37.476659
191.600000  61.000000  31.112698
191.700000  69.000000  38.183766
191.800000  65.000000  28.284271
191.900000  67.500000  21.920310
192.000000  59.000000  24.041631
192.100000  74.500000  30.405592
192.200000  63.500000  34.648232
192.300000  60.500000  26.162951
192.400000  71.000000  29.698485
192.500000  67.000000  33.941125
192.600000  66.000000  38.183766
192.700000  70.000000  32.526912
192.800000  55.000000  16.970563
192.900000  67.000000  43.840620
193.000000  66.500000  27.577164
193.100000  67.000000  29.698485
193.200000  60.500000  26.162951
193.300000  73.000000  39.597980
193.400000  65.000000  28.284271
193.500000  66.500000  44.547727
193.600000  65.500000  23.334524
193.700000  60.500000  37.476659
193.800000  64.000000  19.798990
193.900000  68.000000  36.769553
194.000000  69.500000  23.334524
194.100000  53.500000  14.849242
194.200000  65.500000  33.234019
194.300000  67.000000  41.012193
194.400000  61.000000  14.142136
194.500000  71.500000  20.506097
194.600000  58.000000  28.284271
194.700000  63.000000  22.627417
194.800000  65.500000  28.991378
194.900000  61.500000  14.849242
195.000000  62.500000  21.920310
195.100000  63.500000  30.405592
195.200000  59.000000  19.798990
195.300000  68.500000  36.062446
195.400000  69.000000  26.870058
195.500000  65.500000  19.091883
195.600000  61.500000  24.748737
195.700000  64.000000  26.870058
195.800000  71.500000  27.577164
195.900000  68.000000  26.870058
196.000000  65.500000  24.748737
196.100000  67.500000  23.334524
196.200000  61.000000  31.112698
196.300000  63.000000  35.355339
196.400000  50.000000  33.941125
196.500000  61.000000  22.627417
196.600000  61.500000  26.162951
196.700000  57.500000  41.719300
196.800000  63.500000  24.748737
196.900000  65.000000  19.798990
197.000000  67.500000  20.506097
197.100000  61.500000  19.091883
197.200000  57.000000  21.213203
197.300000  62.000000  15.556349
197.400000  62.000000  25.455844
197.500000  55.500000  23.334524
197.600000  59.000000  36.769553
197.700000  61.000000  36.769553
197.800000  60.500000  21.920310
197.900000  72.000000  31.112698
198.000000  59.000000  18.384776
198.100000  61.000000  33.941125
198.200000  61.500000  33.234019
198.300000  66.000000  16.970563
198.400000  61.500000  24.748737
198.500000  64.000000  32.526912
198.600000  46.500000  24.748737
198.700000  63.000000  33.941125
198.800000  64.000000  35.355339
198.900000  54.500000  24.748737
199.000000  64.000000  31.112698
199.100000  56.500000  31.819805
199.200000  64.000000  24.041631
199.300000  73.000000  41.012193
199.400000  69.500000  26.162951
199.500000  70.000000  29.698485
199.600000  62.000000  24.041631
199.700000  60.000000  35.355339
199.800000  71.500000  34.648232
199.900000  49.000000  28.284271
200.000000  61.500000  40.305087
