# aggregated from 2 replicates
# x  mean  std
0.000000  6.883100  0.000000
0.100000  6.891000  0.231931
0.200000  6.968850  0.087611
0.300000  7.145450  0.025809
0.400000  6.527350  0.025102
0.500000  6.714050  0.053387
0.600000  6.740350  0.327885
0.700000  7.071300  0.010607
0.800000  6.905800  0.170978
0.900000  7.098900  0.022627
1.000000  6.873300  0.531179
1.100000  7.010550  0.278671
1.200000  6.606350  0.146018
1.300000  6.802600  0.362322
1.400000  6.806450  0.792313
1.500000  6.982900  0.627769
1.600000  6.921900  0.630456
1.700000  6.863600  0.371372
1.800000  7.051700  0.286661
1.900000  6.786750  0.266933
2.000000  6.554100  0.236315
2.100000  6.798400  0.318905
2.200000  6.567100  0.382969
2.300000  6.708900  0.667792
2.400000  6.924550  0.797404
2.500000  6.980850  0.766150
2.600000  6.959100  0.617163
2.700000  6.872300  0.413375
2.800000  6.621500  0.310137
2.900000  6.800100  0.357937
3.000000  6.694700  0.141987
3.100000  7.035000  0.321451
3.200000  6.674350  0.439891
3.300000  7.079350  0.909834
3.400000  6.691150  0.219839
3.500000  6.811350  0.423486
3.600000  6.597850  0.341603
3.700000  6.970550  0.548927
3.800000  6.986800  0.349452
3.900000  6.591850  0.315299
4.000000  6.664850  0.056074
4.100000  6.531950  0.058053
4.200000  6.521800  0.099985
4.300000  6.651250  0.055225
4.400000  6.626100  0.165604
4.500000  6.818150  0.116743
4.600000  6.772700  0.483237
4.700000  6.407250  0.120137
4.800000  6.393950  0.313602
4.900000  6.665400  0.048790
5.000000  6.706750  0.504945
5.100000  6.702950  0.216587
5.200000  6.956900  0.007212
5.300000  6.603600  0.147785
5.400000  6.558400  0.168291
5.500000  6.690600  0.339836
5.600000  6.860350  0.240063
5.700000  6.603100  0.261630
5.800000  6.729550  0.459407
5.900000  6.708400  0.007071
6.000000  6.621600  0.351008
6.100000  6.621850  0.358150
6.200000  6.893350  0.077711
6.300000  6.648050  0.103733
6.400000  6.740500  0.151604
6.500000  6.816400  0.651387
6.600000  6.639100  0.011879
6.700000  6.865200  0.002828
6.800000  6.423350  0.150684
6.900000  6.638200  0.688156
7.000000  6.343200  0.469377
7.100000  6.662200  0.378302
7.200000  6.580050  0.333967
7.300000  6.556800  0.308016
7.400000  6.904450  0.760493
7.500000  6.741000  0.443356
7.600000  6.393650  0.389969
7.700000  6.701750  0.387000
7.800000  6.627100  0.334179
7.900000  6.547900  0.466549
8.000000  6.762150  0.373423
8.100000  6.550050  0.056215
8.200000  6.449800  0.414223
8.300000  6.560200  0.053882
8.400000  6.792000  0.323289
8.500000  7.185600  0.703854
8.600000  6.866150  0.262549
8.700000  6.446300  0.317208
8.800000  6.904300  0.559887
8.900000  6.752500  0.472630
9.000000  6.549650  0.192121
9.100000  6.756200  0.308157
9.200000  6.474350  0.421931
9.300000  6.551200  0.489318
9.400000  6.425300  0.535280
9.500000  6.234650  0.314168
9.600000  6.610800  0.434305
9.700000  6.211150  0.576363
9.800000  6.342250  0.435790
9.900000  6.246350  0.451629
10.000000  6.432950  0.149412
10.100000  6.712900  0.381413
10.200000  6.559900  0.740624
10.300000  6.268100  0.046103
10.400000  6.443100  0.556634
10.500000  6.223350  0.046598
10.600000  6.416300  0.485075
10.700000  6.447250  0.140644
10.800000  6.467600  0.127986
10.900000  6.390400  0.205768
11.000000  6.468850  0.463226
11.100000  6.494150  0.328734
11.200000  6.274800  0.259791
11.300000  6.418500  0.105500
11.400000  6.506750  0.222527
11.500000  6.509500  0.443215
11.600000  6.544700  0.100268
11.700000  6.454350  0.335946
11.800000  6.453950  0.207112
11.900000  6.580800  0.137603
12.000000  6.337300  0.404748
12.100000  6.461350  0.215738
12.200000  6.434450  0.259013
12.300000  6.118600  0.442932
12.400000  6.481200  0.060528
12.500000  6.324550  0.531249
12.600000  6.624550  0.157473
12.700000  6.604900  0.194879
12.800000  6.353700  0.335310
12.900000  6.493900  0.295712
13.000000  6.577600  0.172675
13.100000  6.495000  0.035355
13.200000  6.480450  0.285035
13.300000  6.051650  0.026941
13.400000  6.308050  0.155069
13.500000  6.126350  0.244447
13.600000  6.585200  0.064205
13.700000  6.387700  0.037194
13.800000  6.351950  0.181514
13.900000  6.352900  0.191909
14.000000  6.744550  0.004172
14.100000  6.576500  0.140431
14.200000  6.756050  0.172322
14.300000  6.573750  0.437063
14.400000  6.666400  0.008768
14.500000  6.300350  0.452053
14.600000  6.530250  0.142765
14.700000  6.648800  0.426103
14.800000  6.469600  0.368120
14.900000  6.372750  0.036557
15.000000  6.582500  0.272660
15.100000  6.453500  0.181868
15.200000  6.702900  0.171968
15.300000  6.698700  0.055296
15.400000  6.548300  0.209586
15.500000  6.537000  0.050346
15.600000  6.742200  0.469519
15.700000  6.859650  0.106985
15.800000  6.604950  0.261276
15.900000  7.145100  0.096449
16.000000  7.121250  0.242325
16.100000  6.665400  0.193606
16.200000  6.562350  0.087186
16.300000  6.781050  0.745927
16.400000  6.728200  0.265731
16.500000  6.652700  0.354685
16.600000  6.795600  0.119925
16.700000  6.899200  0.158109
16.800000  6.825550  0.196646
16.900000  6.843250  0.682994
17.000000  6.746600  0.670054
17.100000  6.744500  0.703854
17.200000  6.777650  0.221678
17.300000  6.665750  0.112218
17.400000  6.599150  0.305258
17.500000  6.728250  0.185757
17.600000  6.617550  0.372575
17.700000  6.703050  0.071488
17.800000  6.649600  0.265024
17.900000  6.526050  0.021991
18.000000  6.767900  0.141280
18.100000  6.542650  0.139512
18.200000  6.591700  0.352846
18.300000  6.721150  0.799243
18.400000  6.554950  0.110238
18.500000  6.461700  0.410263
18.600000  6.777150  0.343583
18.700000  6.617800  0.252154
18.800000  6.551200  0.106915
18.900000  6.822350  0.049144
19.000000  6.725550  0.082095
19.100000  6.754850  0.022981
19.200000  6.511850  0.036982
19.300000  6.501550  0.006152
19.400000  6.651500  0.061943
19.500000  6.598000  0.036770
19.600000  6.728700  0.426810
19.700000  6.690450  0.021991
19.800000  6.761300  0.233628
19.900000  6.665850  0.073468
20.000000  6.480400  0.333047
20.100000  6.409700  0.251589
20.200000  6.403100  0.315370
20.300000  6.619050  0.199192
20.400000  6.571200  0.152169
20.500000  6.736000  0.037760
20.600000  6.797300  0.124309
20.700000  6.742350  0.144462
20.800000  7.047000  0.316218
20.900000  6.874800  0.466408
21.000000  6.805700  0.495823
21.100000  6.832300  0.035921
21.200000  6.983500  0.219769
21.300000  6.776450  0.115895
21.400000  6.912400  0.023759
21.500000  6.662950  0.036416
21.600000  6.596800  0.013859
21.700000  6.821900  0.028991
21.800000  6.525200  0.168433
21.900000  6.673700  0.260640
22.000000  6.573650  0.346836
22.100000  6.874600  0.234759
22.200000  6.741500  0.102106
22.300000  6.462250  0.132300
22.400000  6.535100  0.262619
22.500000  6.521850  0.122400
22.600000  6.610750  0.208667
22.700000  6.281050  0.174726
22.800000  6.412000  0.316360
22.900000  6.822000  0.033375
23.000000  6.479050  0.096520
23.100000  6.665100  0.344502
23.200000  6.794550  0.258730
23.300000  6.780150  0.282772
23.400000  6.689000  0.532310
23.500000  6.655050  0.041790
23.600000  6.670300  0.313955
23.700000  6.626150  0.541573
23.800000  6.519700  0.315228
23.900000  6.592350  0.274145
24.000000  6.700400  0.540371
24.100000  6.567050  0.225214
24.200000  6.493150  0.607334
24.300000  6.768150  0.081954
24.400000  6.763900  0.413233
24.500000  6.780800  0.327532
24.600000  6.676850  0.203152
24.700000  6.762750  0.172039
24.800000  6.540250  0.526300
24.900000  6.625800  0.084570
25.000000  6.614700  0.141139
25.100000  6.482900  0.056144
25.200000  6.828800  0.020930
25.300000  6.494100  0.161362
25.400000  6.895500  0.018809
25.500000  6.670950  0.072620
25.600000  6.667950  0.030052
25.700000  6.650400  0.152169
25.800000  6.599900  0.120774
25.900000  6.598450  0.304975
26.000000  6.716000  0.047942
26.100000  6.511450  0.338068
26.200000  6.914050  0.160160
26.300000  6.940350  0.054659
26.400000  6.657850  0.082378
26.500000  6.304750  0.060458
26.600000  6.646850  0.061165
26.700000  6.667350  0.201596
26.800000  6.872200  0.247912
26.900000  6.786650  0.086338
27.000000  6.930100  0.135906
27.100000  6.516800  0.303490
27.200000  6.285550  0.287015
27.300000  6.689800  0.035214
27.400000  6.508600  0.266862
27.500000  6.685700  0.166877
27.600000  6.875950  0.225496
27.700000  6.767650  0.367766
27.800000  6.688000  0.402344
27.900000  6.546650  0.617658
28.000000  6.947350  0.632224
28.100000  6.772800  0.481823
28.200000  6.728150  0.407364
28.300000  6.765750  0.397889
28.400000  6.857600  0.058407
28.500000  7.010550  0.491934
28.600000  7.321450  0.587111
28.700000  7.116000  0.695086
28.800000  7.102250  1.092834
28.900000  7.438450  1.064125
29.000000  7.609950  1.334098
29.100000  7.225150  1.340179
29.200000  6.979700  1.036477
29.300000  6.952950  1.247831
29.400000  6.900800  1.054013
29.500000  7.214600  0.812890
29.600000  7.409600  0.962514
29.700000  7.392650  1.159302
29.800000  7.404450  1.402971
29.900000  7.427100  1.308996
30.000000  7.236500  0.877378
30.100000  7.282900  1.333179
30.200000  7.414250  1.241467
30.300000  7.052300  0.945685
30.400000  7.184350  1.153362
30.500000  7.172600  1.191616
30.600000  7.373250  1.239205
30.700000  7.090500  1.569777
30.800000  7.092400  1.304753
30.900000  7.030500  1.144523
31.000000  7.081750  1.245286
31.100000  7.356600  1.449569
31.200000  7.382650  0.905309
31.300000  7.388250  1.223224
31.400000  7.412050  1.441437
31.500000  7.501600  1.307865
31.600000  7.355950  1.146008
31.700000  7.393700  1.086257
31.800000  7.488500  1.363585
31.900000  7.556300  1.090217
32.000000  7.488700  1.245922
32.100000  7.422350  1.036831
32.200000  7.451900  1.344069
32.300000  7.378200  1.258933
32.400000  7.153800  1.379282
32.500000  7.333550  1.382182
32.600000  7.322700  0.940028
32.700000  7.400550  1.105279
32.800000  7.573700  1.205617
32.900000  7.305800  0.916269
33.000000  7.278000  1.182141
33.100000  7.043900  1.436275
33.200000  7.119950  1.418951
33.300000  7.174800  1.146644
33.400000  7.362150  1.449498
33.500000  7.357800  1.240972
33.600000  7.435250  1.579182
33.700000  7.420650  1.892430
33.800000  7.437450  1.330563
33.900000  7.322100  1.382394
34.000000  7.297600  1.377161
34.100000  7.556900  1.241397
34.200000  7.280600  0.984010
34.300000  7.274550  1.643528
34.400000  7.542600  1.331765
34.500000  7.501750  1.381475
34.600000  7.530800  1.403748
34.700000  7.487600  0.875257
34.800000  7.417250  1.470711
34.900000  7.443950  1.331270
35.000000  7.504100  1.408698
35.100000  7.421950  0.968383
35.200000  7.191400  1.231356
35.300000  7.105700  1.401627
35.400000  7.369200  0.993344
35.500000  7.217250  1.416406
35.600000  7.057500  1.308713
35.700000  7.260850  1.158877
35.800000  7.318650  1.211910
35.900000  7.428650  0.943775
36.000000  7.389850  1.222517
36.100000  7.328800  1.283116
36.200000  7.298900  0.990374
36.300000  7.160000  1.065751
36.400000  7.439150  0.830780
36.500000  7.146200  1.167292
36.600000  7.256600  1.373484
36.700000  7.496400  1.304046
36.800000  7.260350  1.418527
36.900000  7.524550  1.408769
37.000000  7.390800  1.300652
37.100000  7.318100  0.675711
37.200000  7.299250  0.540300
37.300000  7.270600  0.873418
37.400000  7.374150  1.227891
37.500000  7.539200  1.322148
37.600000  7.355850  0.843649
37.700000  7.495800  1.210425
37.800000  7.258750  1.020002
37.900000  7.165050  1.117441
38.000000  7.271850  1.030891
38.100000  7.410750  1.205829
38.200000  7.192800  1.165312
38.300000  7.312550  1.209082
38.400000  7.567000  1.344634
38.500000  7.203300  1.283540
38.600000  7.407250  1.432245
38.700000  7.235850  1.227184
38.800000  7.450600  1.040861
38.900000  7.269700  1.042700
39.000000  7.273750  0.962160
39.100000  7.287150  1.459115
39.200000  7.514850  1.424325
39.300000  7.365400  0.981606
39.400000  7.606000  1.463994
39.500000  7.406350  1.259711
39.600000  7.458350  1.192394
39.700000  7.456300  0.861397
39.800000  7.423550  0.990303
39.900000  7.361200  1.291601
40.000000  7.673350  1.037821
40.100000  7.376250  0.933876
40.200000  7.493350  1.101319
40.300000  7.409800  0.701874
40.400000  7.283950  0.996101
40.500000  7.127500  1.221032
40.600000  7.332300  1.035204
40.700000  7.165250  1.106551
40.800000  7.207200  1.382252
40.900000  7.388000  1.157251
41.000000  7.453650  1.414284
41.100000  7.314500  1.148341
41.200000  7.303700  1.126704
41.300000  7.021850  1.068792
41.400000  7.238700  0.952473
41.500000  7.163600  1.121330
41.600000  7.307450  1.136533
41.700000  7.490650  1.227467
41.800000  7.272600  1.152018
41.900000  7.302200  0.819820
42.000000  7.501800  1.073671
42.100000  7.351150  1.026365
42.200000  7.211450  0.812678
42.300000  7.357150  0.969938
42.400000  7.480050  1.298884
42.500000  7.391850  1.316138
42.600000  7.479950  1.199182
42.700000  7.543000  1.759706
42.800000  7.502950  1.208516
42.900000  7.520600  1.231356
43.000000  7.575800  1.589576
43.100000  7.375500  1.335442
43.200000  7.552600  1.062781
43.300000  7.539600  1.515754
43.400000  7.506400  1.359625
43.500000  7.583700  1.318613
43.600000  7.482550  1.188010
43.700000  7.456800  1.458054
43.800000  7.425800  1.131512
43.900000  7.570500  1.534846
44.000000  7.398550  1.076853
44.100000  7.394350  1.220396
44.200000  7.670500  1.637094
44.300000  7.467950  1.595586
44.400000  7.536050  1.498289
44.500000  7.246450  1.262539
44.600000  7.601850  1.305531
44.700000  7.108550  1.238780
44.800000  7.542450  1.400284
44.900000  7.502700  1.744998
45.000000  7.491800  1.064761
45.100000  7.356850  1.374969
45.200000  7.743300  2.048488
45.300000  7.290300  1.483793
45.400000  7.338500  1.765504
45.500000  7.290100  1.699319
45.600000  7.392150  1.709006
45.700000  7.267000  1.179313
45.800000  6.873100  1.026436
45.900000  7.104750  0.869953
46.000000  7.186850  0.959332
46.100000  6.869350  1.146715
46.200000  6.951500  1.095733
46.300000  7.131400  0.832830
46.400000  6.982300  0.696500
46.500000  6.990900  0.824487
46.600000  7.067950  0.714249
46.700000  7.100950  1.009961
46.800000  6.960400  0.718138
46.900000  6.965500  0.680661
47.000000  6.796150  0.644811
47.100000  6.962050  0.332977
47.200000  7.042550  0.838134
47.300000  6.820600  0.592414
47.400000  6.928250  0.741543
47.500000  6.959300  0.704985
47.600000  6.962350  0.687803
47.700000  7.067450  1.201445
47.800000  7.038850  1.469014
47.900000  7.064100  0.862387
48.000000  7.126200  1.106622
48.100000  7.270750  0.986626
48.200000  7.212150  0.757382
48.300000  7.053000  0.534997
48.400000  6.821050  0.598283
48.500000  6.829550  0.497591
48.600000  6.783800  0.459195
48.700000  6.917050  0.530542
48.800000  7.340850  0.722451
48.900000  7.340350  1.014486
49.000000  7.069350  0.687661
49.100000  6.998600  0.744725
49.200000  6.965950  1.114612
49.300000  6.860700  0.759150
49.400000  6.992200  0.708238
49.500000  6.927200  0.970151
49.600000  7.198300  0.746422
49.700000  7.659200  1.645720
49.800000  7.453900  1.392576
49.900000  7.378650  1.539725
50.000000  7.508450  1.466469
50.100000  7.353800  1.306733
50.200000  7.402350  1.324482
50.300000  7.358400  0.977222
50.400000  7.532650  1.359271
50.500000  7.670000  1.451549
50.600000  7.454700  1.388616
50.700000  7.440150  1.548635
50.800000  7.505750  1.609729
50.900000  7.385900  1.256104
51.000000  7.321900  1.029406
51.100000  7.196750  0.976585
51.200000  7.303950  1.476793
51.300000  7.383950  1.140493
51.400000  7.405350  1.846044
51.500000  7.243950  1.544250
51.600000  7.632500  1.812315
51.700000  7.162850  1.104572
51.800000  7.443200  1.595374
51.900000  7.639050  1.047862
52.000000  7.335700  1.163191
52.100000  7.508750  1.095803
52.200000  7.419350  0.781565
52.300000  7.334050  0.843225
52.400000  7.374000  0.967888
52.500000  6.978850  0.891732
52.600000  7.460100  1.288066
52.700000  7.379650  0.947170
52.800000  7.196700  1.082722
52.900000  7.157550  1.177969
53.000000  7.347250  1.152230
53.100000  7.058700  0.880772
53.200000  7.490150  1.601809
53.300000  7.319150  0.872923
53.400000  7.390900  1.335866
53.500000  7.509400  1.382959
53.600000  7.578250  1.572959
53.700000  7.580750  1.605345
53.800000  7.436100  1.364999
53.900000  7.521100  1.632851
54.000000  7.410550  1.309915
54.100000  7.532850  1.116168
54.200000  7.398200  1.336573
54.300000  7.349550  1.379212
54.400000  7.495250  1.252923
54.500000  7.240400  1.192748
54.600000  7.634900  1.827447
54.700000  7.577100  1.445468
54.800000  7.606600  1.338412
54.900000  7.679800  1.564262
55.000000  7.828600  1.837063
55.100000  7.565750  1.383454
55.200000  8.071050  2.140483
55.300000  7.828250  2.044316
55.400000  7.562100  1.845832
55.500000  7.574650  1.400142
55.600000  7.332000  1.439669
55.700000  7.273200  1.300935
55.800000  7.431250  1.443841
55.900000  7.633300  1.582505
56.000000  7.381350  1.486833
56.100000  7.585850  1.417678
56.200000  7.520450  1.248963
56.300000  7.453650  1.448791
56.400000  7.640700  1.771161
56.500000  7.665850  1.335937
56.600000  7.471250  1.376666
56.700000  7.567150  1.559524
56.800000  7.681500  1.588445
56.900000  7.730750  1.569989
57.000000  7.656950  1.586253
57.100000  7.503850  1.534634
57.200000  7.531100  1.286651
57.300000  7.359800  1.257377
57.400000  7.347500  1.046659
57.500000  7.253750  1.288561
57.600000  7.355450  1.511724
57.700000  7.153250  0.918320
57.800000  6.830200  0.819820
57.900000  7.277150  1.343149
58.000000  7.328400  1.263317
58.100000  7.285050  1.313027
58.200000  7.317400  1.479409
58.300000  7.528950  1.277954
58.400000  7.338100  1.031669
58.500000  7.405750  1.502814
58.600000  7.499250  1.603082
58.700000  7.534600  1.316633
58.800000  7.424950  1.508471
58.900000  7.132350  1.423194
59.000000  7.427800  1.637659
59.100000  7.541800  1.578545
59.200000  7.620700  1.636528
59.300000  7.427250  1.481035
59.400000  7.422650  1.249246
59.500000  7.389450  1.179808
59.600000  7.537700  1.195435
59.700000  7.635600  1.508400
59.800000  7.645600  1.394980
59.900000  7.565700  0.950069
60.000000  7.549200  1.536260
60.100000  7.641650  1.312461
60.200000  7.392250  1.155483
60.300000  7.014200  0.940593
60.400000  7.201350  0.677055
60.500000  7.118750  0.607193
60.600000  7.458850  1.294076
60.700000  7.249450  0.990586
60.800000  7.142350  0.876035
60.900000  7.172150  1.171464
61.000000  7.049350  0.778312
61.100000  7.618950  1.223648
61.200000  7.464750  0.978989
61.300000  7.031400  0.951907
61.400000  7.263250  1.051538
61.500000  7.210850  0.935714
61.600000  7.249200  1.146786
61.700000  6.904800  0.584919
61.800000  7.107000  0.879782
61.900000  7.146000  0.831275
62.000000  7.194850  0.703783
62.100000  7.495850  1.019436
62.200000  7.093600  1.007910
62.300000  7.066800  1.036901
62.400000  6.975200  0.821234
62.500000  7.092050  0.803061
62.600000  7.220000  0.878792
62.700000  7.274350  1.166231
62.800000  7.129750  0.824981
62.900000  7.142750  0.681297
63.000000  7.212050  0.796556
63.100000  6.972200  0.633426
63.200000  7.200100  1.119633
63.300000  7.055650  0.978565
63.400000  6.910850  0.908562
63.500000  6.901700  0.914148
63.600000  6.892450  0.800516
63.700000  7.195800  0.824345
63.800000  6.923150  0.519936
63.900000  7.075250  1.081096
64.000000  6.967000  1.237861
64.100000  7.270850  1.198192
64.200000  7.342000  1.291460
64.300000  7.137250  0.693035
64.400000  6.923700  0.841033
64.500000  7.202950  1.100895
64.600000  7.295850  1.132856
64.700000  7.582000  1.322855
64.800000  7.284900  1.303763
64.900000  7.598100  1.225699
65.000000  7.305400  1.282126
65.100000  7.259150  1.044185
65.200000  6.851750  0.578484
65.300000  7.247700  0.592131
65.400000  7.088950  0.896399
65.500000  7.370050  1.045175
65.600000  7.114000  1.097430
65.700000  7.134300  0.691126
65.800000  6.872200  0.675287
65.900000  7.180750  0.865852
66.000000  7.093850  0.680732
66.100000  7.367100  1.159797
66.200000  7.080800  0.501622
66.300000  7.287050  0.977151
66.400000  7.147350  1.009536
66.500000  7.174700  1.152867
66.600000  7.086500  0.861115
66.700000  7.018250  1.016607
66.800000  7.106400  1.224850
66.900000  7.348200  1.331058
67.000000  7.100450  1.357857
67.100000  7.161150  1.157887
67.200000  7.281000  0.934088
67.300000  7.198400  0.895621
67.400000  7.167700  0.643043
67.500000  6.950400  0.714885
67.600000  6.976300  0.867761
67.700000  7.126100  0.824628
67.800000  6.810700  1.106764
67.900000  6.978000  1.173373
68.000000  6.994300  0.727189
68.100000  7.185050  0.751584
68.200000  7.060250  1.258579
68.300000  7.181400  1.697905
68.400000  7.097000  0.809213
68.500000  7.298150  1.020709
68.600000  7.490100  1.129815
68.700000  7.415350  1.262963
68.800000  7.275950  1.164110
68.900000  6.993700  0.628335
69.000000  7.220450  0.842093
69.100000  7.157500  0.574454
69.200000  7.081050  0.771948
69.300000  6.905250  0.711420
69.400000  7.190050  1.043195
69.500000  7.282600  0.564554
69.600000  7.121900  0.378161
69.700000  7.265600  0.808082
69.800000  7.035500  0.509683
69.900000  7.093300  0.768342
70.000000  7.695800  0.919097
70.100000  7.440950  1.257024
70.200000  7.308950  0.625012
70.300000  7.210650  0.934159
70.400000  7.078900  0.540512
70.500000  7.297500  0.981747
70.600000  7.453600  1.181717
70.700000  7.311200  0.933664
70.800000  7.357150  1.021699
70.900000  7.422700  0.696642
71.000000  7.442000  0.569787
71.100000  7.363550  0.733623
71.200000  7.208100  0.786586
71.300000  7.256050  0.898096
71.400000  7.539550  0.813668
71.500000  7.385050  0.764029
71.600000  7.406400  0.766079
71.700000  7.335100  0.838629
71.800000  7.533300  1.131654
71.900000  7.421800  0.853054
72.000000  7.194500  0.778242
72.100000  7.352100  0.894914
72.200000  7.660950  1.386283
72.300000  7.640250  0.944483
72.400000  7.497950  0.996384
72.500000  7.249200  0.770746
72.600000  7.366500  1.021628
72.700000  7.557950  1.006425
72.800000  7.451300  1.049629
72.900000  7.207500  0.942149
73.000000  7.195500  0.802990
73.100000  7.146450  0.844780
73.200000  7.115700  0.623527
73.300000  7.256300  1.472762
73.400000  7.194250  1.098915
73.500000  7.145000  1.030537
73.600000  7.459000  1.416759
73.700000  7.322300  1.392576
73.800000  6.944150  1.255044
73.900000  7.210650  0.946462
74.000000  7.030350  0.757241
74.100000  6.929800  0.657751
74.200000  6.972400  0.407294
74.300000  6.884650  0.801788
74.400000  7.248600  1.209577
74.500000  7.213300  0.617728
74.600000  6.962200  0.566110
74.700000  6.954350  0.807304
74.800000  7.089000  1.037043
74.900000  7.009150  0.797404
75.000000  7.247900  1.209860
75.100000  7.115550  0.733058
75.200000  7.317550  1.240336
75.300000  7.393900  1.189495
75.400000  7.229300  0.944129
75.500000  7.316600  0.967039
75.600000  7.174950  1.330421
75.700000  7.199100  1.205476
75.800000  7.495000  1.542907
75.900000  7.472600  1.328229
76.000000  7.328450  1.041356
76.100000  7.437400  1.117794
76.200000  7.271100  0.991081
76.300000  7.117300  1.080318
76.400000  7.265950  1.170474
76.500000  7.206300  1.046518
76.600000  7.214750  1.249953
76.700000  7.186600  1.063489
76.800000  7.554300  1.458903
76.900000  7.029200  0.735108
77.000000  7.278350  1.101460
77.100000  6.921900  0.676843
77.200000  7.036050  1.208940
77.300000  6.964800  1.231780
77.400000  7.264850  1.115037
77.500000  6.873700  0.850932
77.600000  7.100500  0.890389
77.700000  7.222300  1.233901
77.800000  7.154250  1.410324
77.900000  7.013700  1.081166
78.000000  6.955850  1.180373
78.100000  6.774950  0.982383
78.200000  7.183050  1.182212
78.300000  7.341200  1.232487
78.400000  7.184400  0.943422
78.500000  6.956000  0.840043
78.600000  6.968250  1.080106
78.700000  7.029650  1.221527
78.800000  7.087650  1.370868
78.900000  7.027000  0.553806
79.000000  7.053150  1.015193
79.100000  6.929600  0.796061
79.200000  7.263900  1.000273
79.300000  7.179900  0.727330
79.400000  6.917850  0.793303
79.500000  7.011400  0.699753
79.600000  6.962600  0.796909
79.700000  7.065750  0.826254
79.800000  7.362900  0.861963
79.900000  7.048500  0.612213
80.000000  7.215850  0.573110
80.100000  7.163900  0.911885
80.200000  7.300750  0.568443
80.300000  6.957450  0.414577
80.400000  7.092900  0.616597
80.500000  7.327700  0.903117
80.600000  7.083150  0.794293
80.700000  7.259400  0.931260
80.800000  6.975800  0.622537
80.900000  7.156050  0.557412
81.000000  6.966250  0.756109
81.100000  7.129000  1.089086
81.200000  7.717350  1.499561
81.300000  7.693900  1.104925
81.400000  7.672550  1.561645
81.500000  7.324600  0.798182
81.600000  7.365100  1.144947
81.700000  7.438700  1.425669
81.800000  7.493700  1.135472
81.900000  7.440650  1.159160
82.000000  7.739900  1.280429
82.100000  7.481100  0.782626
82.200000  7.619000  1.043124
82.300000  7.500850  0.813385
82.400000  7.650750  1.757514
82.500000  7.642450  1.536755
82.600000  7.377600  1.238851
82.700000  7.637050  1.255751
82.800000  7.660300  1.687864
82.900000  7.395600  1.138583
83.000000  7.703600  1.612203
83.100000  7.640550  1.550473
83.200000  7.382750  1.359130
83.300000  7.764050  2.055489
83.400000  7.500550  1.604213
83.500000  7.403500  1.709643
83.600000  7.332600  1.734250
83.700000  7.418700  1.270671
83.800000  7.855450  1.952817
83.900000  7.582250  1.612557
84.000000  7.616800  1.327522
84.100000  7.624800  1.305178
84.200000  7.337150  1.264802
84.300000  7.581300  1.580101
84.400000  7.558600  1.656751
84.500000  7.440050  1.337210
84.600000  7.541800  1.422982
84.700000  7.679200  1.688147
84.800000  7.859650  1.699955
84.900000  7.700250  1.648054
85.000000  7.524150  1.631083
85.100000  7.677650  1.467317
85.200000  7.376900  1.296127
85.300000  7.314050  1.733048
85.400000  7.823150  1.642538
85.500000  7.930200  1.774131
85.600000  7.750600  1.674287
85.700000  7.469150  1.712118
85.800000  7.282000  1.050478
85.900000  6.941000  0.899016
86.000000  7.039900  0.629466
86.100000  7.278700  1.053589
86.200000  7.403750  0.976727
86.300000  7.044250  0.934442
86.400000  7.307550  1.043902
86.500000  7.197050  1.112350
86.600000  7.023650  1.090429
86.700000  7.109600  0.851498
86.800000  7.400000  0.890813
86.900000  7.231300  0.919239
87.000000  7.224150  0.863307
87.100000  7.422850  0.788919
87.200000  7.164400  0.682782
87.300000  7.102500  0.778666
87.400000  7.011200  0.636255
87.500000  6.621850  0.555857
87.600000  7.113200  0.570069
87.700000  6.935250  0.517390
87.800000  7.349350  1.035841
87.900000  7.090900  0.940876
88.000000  7.325900  0.904814
88.100000  6.938400  0.762968
88.200000  7.697450  1.563484
88.300000  7.979500  2.239549
88.400000  7.786800  1.825325
88.500000  7.898000  1.601880
88.600000  7.703750  1.631507
88.700000  7.544700  1.696066
88.800000  7.555200  2.055277
88.900000  7.569550  1.955645
89.000000  7.636000  1.643175
89.100000  7.184050  1.327593
89.200000  7.603800  1.552524
89.300000  7.867100  2.043963
89.400000  7.650100  1.754615
89.500000  6.937300  1.296551
89.600000  7.434050  1.353897
89.700000  7.742600  1.822356
89.800000  7.780400  1.801708
89.900000  7.645300  1.551109
90.000000  7.581950  1.903461
90.100000  7.443300  1.537957
90.200000  7.453800  1.012011
90.300000  7.708050  1.608314
90.400000  7.583250  1.590778
90.500000  7.453350  1.326744
90.600000  7.749500  1.430618
90.700000  7.460650  1.508471
90.800000  7.551550  1.424042
90.900000  7.456150  1.510451
91.000000  7.517750  1.195788
91.100000  7.192750  0.813809
91.200000  7.342300  1.270812
91.300000  7.273000  1.422557
91.400000  7.764550  1.607042
91.500000  7.757450  1.381475
91.600000  7.751500  1.677823
91.700000  7.482150  1.426871
91.800000  7.351600  1.026436
91.900000  7.937100  1.845973
92.000000  7.911150  2.053792
92.100000  7.666650  1.489520
92.200000  7.927900  1.393283
92.300000  7.609250  1.735311
92.400000  7.809800  1.648266
92.500000  7.527600  1.236871
92.600000  7.918800  1.856438
92.700000  7.848150  1.607749
92.800000  7.599550  1.387838
92.900000  7.867800  1.841306
93.000000  7.798900  1.551392
93.100000  7.899300  2.083278
93.200000  8.020900  2.009456
93.300000  7.565550  1.555423
93.400000  7.804650  1.620194
93.500000  7.434600  1.558322
93.600000  7.698650  1.764161
93.700000  7.557300  1.507835
93.800000  7.798450  1.428851
93.900000  7.549200  0.996313
94.000000  7.728850  1.691046
94.100000  7.529900  1.662974
94.200000  7.490850  1.499279
94.300000  7.671450  1.596294
94.400000  7.733550  1.468590
94.500000  7.460900  1.299521
94.600000  7.758450  1.475520
94.700000  7.587450  1.412446
94.800000  7.752600  1.764656
94.900000  7.679500  1.622951
95.000000  7.820950  1.485702
95.100000  7.718050  2.061711
95.200000  7.628200  1.597354
95.300000  7.648600  2.046933
95.400000  7.700200  1.977778
95.500000  7.489550  1.487116
95.600000  7.239050  1.155200
95.700000  7.154750  1.050831
95.800000  7.423950  0.893429
95.900000  7.265600  0.858993
96.000000  7.419650  1.441154
96.100000  7.329900  1.356372
96.200000  7.048750  0.843366
96.300000  7.858750  1.619204
96.400000  7.555100  0.865074
96.500000  7.629500  1.297400
96.600000  7.696250  1.350503
96.700000  7.132050  0.852983
96.800000  7.259400  1.015971
96.900000  7.015450  0.975737
97.000000  7.462850  1.226052
97.100000  7.360150  1.041073
97.200000  7.576850  1.277530
97.300000  7.373400  1.322148
97.400000  7.401200  1.167433
97.500000  7.533000  1.337846
97.600000  7.390100  1.253417
97.700000  7.365900  1.443771
97.800000  7.467950  0.744371
97.900000  7.607050  0.937694
98.000000  7.282300  1.207314
98.100000  7.693500  1.082863
98.200000  7.298950  0.522340
98.300000  7.059750  1.085197
98.400000  7.418000  1.411951
98.500000  7.303050  1.001617
98.600000  6.800350  0.687237
98.700000  7.229600  1.294571
98.800000  7.169050  1.196071
98.900000  6.856850  0.804900
99.000000  7.184850  0.716087
99.100000  7.095750  0.635477
99.200000  6.987400  0.589161
99.300000  7.135350  1.231568
99.400000  6.991900  0.679388
99.500000  6.811700  0.718420
99.600000  7.132000  0.629466
99.700000  6.941100  0.841316
99.800000  7.310550  1.569706
99.900000  7.491300  1.398799
100.000000  7.587850  1.587950
100.100000  7.658900  1.860257
100.200000  7.410900  1.695076
100.300000  7.631500  1.552382
100.400000  7.223200  1.746554
100.500000  7.449000  1.254832
100.600000  7.653600  1.534987
100.700000  7.540800  1.557191
100.800000  7.644900  1.401486
100.900000  7.438950  1.242033
101.000000  7.798900  1.299945
101.100000  8.018200  1.847811
101.200000  7.546300  1.414072
101.300000  7.888100  1.376171
101.400000  7.638800  1.405445
101.500000  7.538250  1.510592
101.600000  7.572650  1.070630
101.700000  7.675950  1.459539
101.800000  7.453250  1.120269
101.900000  7.412050  1.056064
102.000000  7.477400  1.197697
102.100000  7.816700  1.469651
102.200000  7.400050  1.279934
102.300000  7.821550  1.247266
102.400000  7.674450  1.229588
102.500000  7.383200  0.909905
102.600000  7.672250  1.463075
102.700000  7.648550  0.879570
102.800000  7.483400  1.259640
102.900000  7.405650  1.190556
103.000000  7.410050  1.342018
103.100000  7.450000  1.419022
103.200000  7.246200  1.065893
103.300000  7.652050  1.832609
103.400000  7.722250  1.427295
103.500000  7.652650  1.742806
103.600000  7.725400  1.551109
103.700000  7.427450  1.439599
103.800000  7.765300  1.845407
103.900000  7.464100  1.480540
104.000000  7.557200  1.158099
104.100000  7.497450  1.113481
104.200000  7.665300  1.234467
104.300000  7.634450  1.422628
104.400000  7.470150  1.241326
104.500000  7.641400  1.271802
104.600000  7.698250  1.827800
104.700000  7.775150  1.822002
104.800000  7.564800  1.415769
104.900000  7.673400  1.422133
105.000000  7.722450  1.411314
105.100000  7.774950  1.511299
105.200000  7.539050  1.351917
105.300000  7.672450  1.558675
105.400000  7.492100  0.989242
105.500000  7.544100  1.117794
105.600000  7.298400  0.959402
105.700000  7.425950  1.431962
105.800000  7.107750  0.727542
105.900000  7.314400  1.232770
106.000000  7.356150  0.759645
106.100000  7.132050  0.867691
106.200000  7.272300  0.901420
106.300000  7.401050  0.995253
106.400000  7.173250  0.355463
106.500000  7.507550  0.936422
106.600000  7.430950  1.096652
106.700000  7.480050  1.460388
106.800000  7.445150  1.578050
106.900000  7.709050  1.193950
107.000000  8.394150  2.370575
107.100000  8.184250  2.280066
107.200000  8.328900  2.442347
107.300000  8.197550  2.167636
107.400000  7.718700  1.726472
107.500000  7.903050  1.891581
107.600000  8.120500  2.261045
107.700000  7.971300  1.986546
107.800000  7.707850  1.972333
107.900000  7.707550  1.873621
108.000000  7.579300  1.661135
108.100000  7.782400  1.631437
108.200000  7.662500  1.732270
108.300000  7.873650  1.791031
108.400000  7.544750  1.943342
108.500000  7.727300  1.825467
108.600000  7.762050  1.714663
108.700000  7.396650  1.204698
108.800000  7.343600  1.281560
108.900000  7.698500  1.162201
109.000000  7.391850  1.375111
109.100000  7.536050  1.793435
109.200000  7.368250  1.413011
109.300000  7.669800  1.397102
109.400000  7.651350  1.453599
109.500000  7.618600  1.595799
109.600000  7.853050  1.872489
109.700000  7.676600  2.242801
109.800000  7.872050  1.967949
109.900000  8.262650  2.128604
110.000000  7.746100  1.599334
110.100000  8.166650  1.747614
110.200000  7.830500  1.402617
110.300000  7.659750  1.730078
110.400000  7.980800  2.172515
110.500000  7.545150  1.662479
110.600000  7.575650  1.781414
110.700000  7.839750  1.633063
110.800000  7.564500  1.591697
110.900000  7.607500  1.655478
111.000000  7.657350  1.162271
111.100000  7.462250  1.316986
111.200000  7.782450  1.398728
111.300000  7.458250  1.303834
111.400000  7.668150  1.365352
111.500000  7.744300  1.643458
111.600000  7.833300  2.031518
111.700000  7.479250  1.338624
111.800000  7.300650  1.077984
111.900000  7.706650  1.369878
112.000000  7.440050  1.536048
112.100000  7.297900  1.235316
112.200000  7.717650  1.403112
112.300000  7.214050  1.162696
112.400000  7.863050  1.502107
112.500000  7.306350  1.072186
112.600000  7.664050  1.546230
112.700000  7.568350  1.458832
112.800000  7.527250  1.435073
112.900000  7.529650  1.384444
113.000000  7.662450  1.406223
113.100000  7.610950  1.579040
113.200000  7.670050  1.383030
113.300000  7.625250  1.517805
113.400000  7.609400  1.652791
113.500000  7.917800  1.906784
113.600000  7.564550  1.647912
113.700000  7.667150  1.488389
113.800000  7.219550  1.137806
113.900000  7.821900  1.611214
114.000000  7.484700  1.186242
114.100000  7.190150  1.142190
114.200000  7.407500  1.195859
114.300000  7.445550  1.924815
114.400000  7.801700  1.579535
114.500000  7.772500  1.916684
114.600000  7.611750  1.808143
114.700000  7.073000  1.186949
114.800000  7.203850  1.189849
114.900000  7.683600  1.473752
115.000000  7.394600  1.488318
115.100000  7.779500  1.611496
115.200000  7.297550  1.129603
115.300000  7.120850  0.954523
115.400000  7.751950  1.567726
115.500000  7.640400  1.447448
115.600000  7.136600  0.768625
115.700000  7.654500  1.003385
115.800000  7.651100  1.552241
115.900000  7.410700  1.216365
116.000000  7.821900  1.458478
116.100000  7.235550  0.943210
116.200000  7.442600  1.482379
116.300000  8.095400  2.184960
116.400000  7.492050  1.620477
116.500000  7.574500  1.187091
116.600000  7.555500  1.585192
116.700000  7.697000  1.613335
116.800000  7.430300  1.181293
116.900000  7.925900  1.915411
117.000000  7.550550  1.539725
117.100000  7.698450  1.846468
117.200000  7.244200  1.191616
117.300000  7.456000  1.001122
117.400000  7.337550  1.274701
117.500000  7.523600  1.392293
117.600000  7.556850  1.605627
117.700000  7.727650  1.590920
117.800000  7.779500  1.879773
117.900000  7.849600  1.765080
118.000000  7.187050  1.074590
118.100000  7.823300  1.388616
118.200000  7.725650  1.700663
118.300000  7.530200  1.459468
118.400000  7.254900  0.883742
118.500000  7.398850  0.435790
118.600000  7.117450  0.986485
118.700000  7.245600  0.968453
118.800000  7.259750  1.196354
118.900000  7.267100  0.803698
119.000000  7.220000  0.856023
119.100000  7.170000  1.221739
119.200000  7.339950  1.161423
119.300000  7.282450  1.155907
119.400000  7.466400  1.585192
119.500000  7.298850  1.709855
119.600000  7.419050  1.095238
119.700000  7.310600  0.784747
119.800000  7.333900  1.201657
119.900000  7.236900  1.007910
120.000000  7.215050  1.325472
120.100000  7.312850  0.960039
120.200000  7.725050  1.485136
120.300000  7.599550  1.112633
120.400000  7.150450  1.121825
120.500000  7.079800  0.929280
120.600000  7.166400  1.151877
120.700000  7.495900  0.863377
120.800000  7.213950  0.786373
120.900000  7.167200  1.081732
121.000000  7.235800  1.312532
121.100000  7.223500  1.046942
121.200000  7.495000  1.042417
121.300000  7.428650  1.109238
121.400000  7.570900  1.317623
121.500000  7.079900  0.684621
121.600000  6.878000  0.569787
121.700000  6.819250  0.609880
121.800000  7.334300  1.247478
121.900000  7.228800  0.726340
122.000000  7.269350  0.911249
122.100000  7.365500  0.768201
122.200000  7.041350  0.733058
122.300000  6.966600  0.328380
122.400000  7.408100  1.129250
122.500000  7.936250  1.749029
122.600000  8.198450  1.669267
122.700000  7.408650  1.021981
122.800000  7.818400  1.351564
122.900000  7.841450  1.586818
123.000000  8.044350  1.540856
123.100000  7.797700  1.656327
123.200000  8.036550  1.848872
123.300000  7.844850  1.775333
123.400000  7.688700  1.916684
123.500000  7.565350  1.422911
123.600000  7.868400  1.668206
123.700000  7.802250  1.541139
123.800000  7.886450  1.665873
123.900000  7.801500  1.656893
124.000000  7.875550  1.589788
124.100000  7.776250  1.158170
124.200000  7.735000  1.084702
124.300000  7.509050  1.246276
124.400000  7.864350  1.525441
124.500000  7.744350  1.563484
124.600000  7.619100  0.937624
124.700000  7.672150  1.446953
124.800000  7.380150  1.083075
124.900000  7.741150  1.420365
125.000000  7.442100  0.707107
125.100000  7.601500  1.083005
125.200000  7.571150  1.037255
125.300000  7.580650  1.266075
125.400000  7.709250  1.186737
125.500000  7.595750  1.407496
125.600000  7.579950  1.270459
125.700000  7.484400  1.319178
125.800000  7.521300  1.437124
125.900000  7.532800  1.095874
126.000000  7.567100  1.625356
126.100000  7.471400  1.317057
126.200000  7.524150  1.545099
126.300000  7.603500  0.847680
126.400000  7.377750  0.576363
126.500000  7.681700  1.681641
126.600000  7.173300  0.559180
126.700000  7.145750  1.097925
126.800000  7.000300  0.589868
126.900000  7.175650  0.852276
127.000000  7.556900  1.250023
127.100000  7.308850  1.090712
127.200000  7.360450  0.837285
127.300000  7.304650  0.971918
127.400000  7.502550  0.776333
127.500000  7.465200  0.629891
127.600000  7.200900  0.578838
127.700000  7.303800  0.551826
127.800000  7.483850  0.739987
127.900000  7.572950  0.756816
128.000000  7.175350  0.862317
128.100000  7.746200  1.367827
128.200000  7.460600  1.194728
128.300000  7.801050  1.270742
128.400000  7.642750  1.252498
128.500000  7.368100  0.928290
128.600000  7.180800  0.813031
128.700000  7.450200  0.691268
128.800000  7.379650  1.186879
128.900000  7.315500  0.848528
129.000000  7.372500  0.575443
129.100000  7.220450  0.559958
129.200000  7.134200  0.581949
129.300000  7.292500  1.139290
129.400000  7.216650  0.576646
129.500000  7.419950  0.529552
129.600000  7.249800  0.919663
129.700000  7.143150  0.899793
129.800000  7.260100  0.683489
129.900000  7.312850  0.640851
130.000000  7.403850  0.984222
130.100000  7.332100  0.628052
130.200000  7.280500  0.788283
130.300000  7.139000  0.534007
130.400000  7.292750  1.041780
130.500000  7.654950  1.438467
130.600000  7.501400  0.938614
130.700000  7.598650  1.197061
130.800000  7.539900  0.897601
130.900000  7.680700  1.142685
131.000000  7.653550  0.978565
131.100000  7.783600  0.848387
131.200000  7.731250  1.330987
131.300000  7.348950  0.768413
131.400000  7.622600  0.774848
131.500000  7.407800  0.790263
131.600000  7.240750  0.819183
131.700000  7.343100  0.506713
131.800000  7.275750  0.764453
131.900000  7.353200  0.685894
132.000000  7.375750  0.726128
132.100000  7.394400  1.103511
132.200000  7.331200  0.748260
132.300000  7.300950  0.909834
132.400000  7.328850  1.159443
132.500000  7.479700  1.358776
132.600000  7.264600  1.069570
132.700000  7.257550  1.031032
132.800000  7.121700  0.724077
132.900000  7.121350  0.772373
133.000000  7.475250  0.890601
133.100000  7.337000  0.881904
133.200000  7.269950  1.090429
133.300000  7.597400  1.402051
133.400000  7.467550  1.071196
133.500000  7.282100  1.096016
133.600000  7.373500  1.064761
133.700000  7.177000  0.624800
133.800000  7.319600  0.999990
133.900000  7.257100  0.710077
134.000000  7.330150  0.678469
134.100000  7.207550  0.839831
134.200000  7.120950  0.722592
134.300000  7.150350  0.789343
134.400000  7.261850  0.971353
134.500000  7.335350  0.748190
134.600000  7.431050  0.935997
134.700000  7.552000  0.622395
134.800000  7.376300  0.693247
134.900000  7.354150  1.185465
135.000000  7.129750  0.447952
135.100000  7.282950  1.239912
135.200000  7.193050  0.958059
135.300000  6.984200  0.507986
135.400000  7.235300  0.720400
135.500000  7.176150  0.571837
135.600000  7.303950  0.707460
135.700000  7.549450  1.230719
135.800000  7.589400  1.382252
135.900000  7.872100  1.242528
136.000000  7.758700  1.003950
136.100000  7.532650  0.986060
136.200000  7.713050  1.010809
136.300000  7.437450  0.831770
136.400000  7.331650  0.877873
136.500000  7.304300  0.561867
136.600000  7.598300  1.154140
136.700000  7.479850  1.215163
136.800000  7.509850  1.052528
136.900000  7.631350  0.810132
137.000000  7.441650  0.738856
137.100000  7.577500  0.924471
137.200000  7.560950  1.047296
137.300000  7.371650  0.661923
137.400000  7.517950  1.202435
137.500000  7.307950  1.127482
137.600000  7.553550  1.170898
137.700000  7.564000  1.103369
137.800000  7.480050  0.626426
137.900000  7.359050  0.784535
138.000000  7.428800  0.896753
138.100000  7.490350  0.979696
138.200000  7.267600  0.779939
138.300000  7.226550  1.107824
138.400000  7.504000  0.831840
138.500000  7.260200  1.356938
138.600000  7.418750  0.852559
138.700000  7.558950  1.392930
138.800000  7.387500  0.763251
138.900000  7.532800  0.984293
139.000000  6.996250  1.044185
139.100000  7.342650  1.034568
139.200000  7.088700  0.724784
139.300000  6.908200  0.773716
139.400000  7.667050  0.847043
139.500000  7.302400  1.065327
139.600000  7.404750  1.007698
139.700000  7.109300  0.699753
139.800000  7.233050  1.027073
139.900000  7.267600  0.696783
140.000000  7.396550  0.751867
140.100000  7.723200  1.039588
140.200000  7.445450  0.555008
140.300000  7.531700  0.835517
140.400000  7.597600  0.667226
140.500000  7.373250  0.515127
140.600000  7.402800  0.714602
140.700000  7.386550  0.382050
140.800000  7.365150  0.476519
140.900000  7.215900  0.666660
141.000000  7.430150  0.820597
141.100000  7.368750  1.039801
141.200000  7.353250  0.602950
141.300000  7.397200  0.543341
141.400000  7.289800  0.865782
141.500000  7.488800  0.637952
141.600000  7.479750  0.620203
141.700000  7.485400  0.790970
141.800000  7.059100  0.628052
141.900000  7.302500  0.865499
142.000000  7.500750  1.146291
142.100000  7.365900  0.791677
142.200000  7.526450  1.123805
142.300000  7.491300  1.195435
142.400000  7.433950  1.111643
142.500000  7.292050  1.203284
142.600000  7.362950  1.145442
142.700000  7.497500  1.505147
142.800000  7.631600  1.354109
142.900000  7.369950  1.261408
143.000000  7.072700  0.514774
143.100000  7.218300  0.784323
143.200000  7.257400  1.071974
143.300000  7.084950  1.013072
143.400000  7.466900  1.118502
143.500000  7.540450  1.367615
143.600000  7.243650  0.783686
143.700000  7.145750  0.504945
143.800000  7.134150  0.814233
143.900000  7.236550  1.112491
144.000000  7.396050  0.951412
144.100000  7.193700  0.993202
144.200000  7.513500  0.891237
144.300000  7.249700  1.341099
144.400000  7.505650  1.333957
144.500000  7.015700  0.729027
144.600000  6.868800  0.845558
144.700000  7.103050  0.549351
144.800000  7.305800  1.315077
144.900000  7.202600  1.164039
145.000000  7.543750  1.283894
145.100000  7.094500  1.017527
145.200000  7.096350  0.990162
145.300000  7.216650  1.123946
145.400000  7.130250  1.080106
145.500000  7.469600  1.181293
145.600000  7.814900  1.515754
145.700000  7.434950  1.334240
145.800000  7.147000  0.787151
145.900000  7.273650  1.058468
146.000000  7.148450  0.557978
146.100000  7.317100  0.979060
146.200000  7.376850  0.927936
146.300000  7.175050  0.613698
146.400000  7.593500  1.291177
146.500000  7.629150  1.492349
146.600000  7.440850  1.082651
146.700000  7.296400  0.923623
146.800000  7.271650  0.868398
146.900000  7.383000  0.859276
147.000000  6.941950  0.463226
147.100000  7.340050  1.218699
147.200000  7.435750  1.185182
147.300000  7.349700  0.860690
147.400000  7.640450  1.185182
147.500000  7.573450  1.382040
147.600000  7.599400  1.555211
147.700000  7.549150  1.438184
147.800000  7.559500  1.041993
147.900000  7.779750  1.099339
148.000000  7.349750  0.942785
148.100000  7.540500  1.194303
148.200000  7.422750  1.057620
148.300000  7.122000  0.616597
148.400000  7.518750  1.169484
148.500000  7.245300  0.316642
148.600000  7.147450  1.143180
148.700000  6.966400  0.561301
148.800000  6.953600  0.273650
148.900000  7.023150  0.465488
149.000000  7.137850  0.785808
149.100000  7.472900  0.961241
149.200000  7.406350  1.037255
149.300000  7.088750  0.559392
149.400000  7.126650  0.370170
149.500000  6.971350  0.442295
149.600000  7.016050  0.373140
149.700000  7.374750  0.684126
149.800000  7.236950  0.882399
149.900000  7.168600  0.382828
150.000000  7.685950  1.528836
150.100000  7.144250  0.804617
150.200000  7.106850  0.685116
150.300000  7.178600  0.598071
150.400000  7.060150  0.628971
150.500000  7.116000  0.613203
150.600000  7.076950  0.658246
150.700000  7.466450  0.693601
150.800000  7.336850  0.938967
150.900000  7.129950  0.516542
151.000000  7.093500  0.895339
151.100000  7.235150  0.878297
151.200000  7.209450  0.653437
151.300000  7.117300  0.419597
151.400000  7.279250  1.169767
151.500000  7.377900  0.635972
151.600000  7.518400  1.118360
151.700000  7.737500  1.167858
151.800000  7.327050  0.753988
151.900000  7.612550  0.913087
152.000000  7.395100  0.946675
152.100000  7.507400  0.785737
152.200000  7.529100  0.724784
152.300000  7.110050  0.840962
152.400000  7.625700  1.224426
152.500000  7.341250  0.389828
152.600000  7.339050  1.153079
152.700000  7.625200  0.967322
152.800000  7.116550  0.554301
152.900000  7.267200  0.993626
153.000000  7.423050  0.609455
153.100000  7.242450  0.774353
153.200000  7.302300  1.139856
153.300000  7.355750  0.742816
153.400000  7.454350  0.909551
153.500000  7.750100  1.096581
153.600000  7.514750  1.195505
153.700000  7.485350  1.097783
153.800000  7.616600  0.957423
153.900000  7.327400  0.686601
154.000000  7.143100  0.811617
154.100000  7.122550  0.550341
154.200000  7.303450  0.568585
154.300000  7.178600  0.397394
154.400000  7.188500  0.998435
154.500000  6.899750  0.635194
154.600000  7.251550  0.518804
154.700000  7.301600  1.230649
154.800000  7.506400  0.934088
154.900000  7.327200  0.699753
155.000000  7.520000  0.722522
155.100000  7.509950  0.823709
155.200000  7.481400  0.566817
155.300000  7.614100  1.304188
155.400000  8.058350  1.720037
155.500000  8.247350  2.157312
155.600000  8.056700  2.060792
155.700000  7.435550  1.177262
155.800000  7.912000  1.322714
155.900000  7.719800  1.376737
156.000000  7.676000  1.490581
156.100000  7.436950  0.927088
156.200000  7.812100  1.148907
156.300000  7.589850  1.331411
156.400000  7.784450  1.404102
156.500000  7.569250  1.002748
156.600000  7.035450  0.898379
156.700000  7.248050  1.176979
156.800000  7.168500  0.430911
156.900000  7.258500  0.810769
157.000000  7.176400  0.522976
157.100000  7.177800  0.860125
157.200000  7.328650  0.794576
157.300000  7.303900  0.906369
157.400000  7.239250  0.635194
157.500000  7.256000  0.422708
157.600000  7.139800  0.444204
157.700000  7.118150  0.784676
157.800000  7.289250  0.799384
157.900000  7.188800  0.914713
158.000000  7.118700  0.781494
158.100000  7.216800  0.647993
158.200000  7.245950  0.888055
158.300000  7.139500  1.222729
158.400000  7.134500  0.536553
158.500000  6.996350  0.469024
158.600000  7.181950  0.271317
158.700000  7.054750  0.806314
158.800000  7.116050  0.710854
158.900000  7.254850  1.126916
159.000000  7.289250  1.201728
159.100000  6.976650  0.566605
159.200000  7.158050  1.033295
159.300000  6.947750  1.045740
159.400000  7.045800  0.827315
159.500000  7.204600  0.954736
159.600000  7.093500  0.520855
159.700000  6.971350  0.590081
159.800000  7.215550  0.704066
159.900000  7.380450  1.026790
160.000000  7.227750  0.750877
160.100000  7.083250  0.763463
160.200000  7.145950  1.019577
160.300000  7.194450  1.119986
160.400000  6.926000  0.646437
160.500000  7.490850  1.162413
160.600000  7.296150  0.885368
160.700000  7.173450  0.484439
160.800000  6.970700  0.892793
160.900000  6.930350  1.346119
161.000000  7.072500  0.836932
161.100000  7.192850  0.982808
161.200000  7.122100  0.925603
161.300000  7.067350  0.723865
161.400000  7.307950  1.035134
161.500000  6.961350  0.723582
161.600000  7.043450  0.797121
161.700000  7.340200  0.854892
161.800000  6.985150  0.673236
161.900000  7.278750  0.905167
162.000000  7.291850  1.057902
162.100000  7.111300  0.713895
162.200000  7.174850  0.950705
162.300000  7.320250  1.100329
162.400000  7.332200  1.223012
162.500000  7.356500  0.863660
162.600000  7.194700  0.842588
162.700000  7.132550  0.842235
162.800000  7.350100  0.913582
162.900000  7.068300  0.995041
163.000000  7.335250  1.159160
163.100000  6.913950  0.541573
163.200000  7.103550  0.784676
163.300000  7.378850  1.481177
163.400000  7.422350  0.822719
163.500000  7.525900  0.920512
163.600000  7.444500  1.233618
163.700000  6.972000  0.666660
163.800000  7.061700  1.080459
163.900000  7.144800  1.092197
164.000000  7.396700  0.987262
164.100000  7.276800  0.858710
164.200000  7.396000  1.098137
164.300000  7.568450  1.189141
164.400000  7.435700  1.571474
164.500000  7.454850  1.308925
164.600000  6.930700  0.773433
164.700000  7.657250  0.949149
164.800000  7.227350  1.061297
164.900000  7.441250  0.870661
165.000000  7.337150  1.118855
165.100000  7.633600  1.173232
165.200000  7.582600  1.002112
165.300000  7.534150  0.856801
165.400000  7.362550  1.550332
165.500000  7.536850  1.444973
165.600000  7.373950  1.061862
165.700000  7.565850  1.308360
165.800000  7.279950  1.030467
165.900000  7.408300  1.217355
166.000000  7.320000  1.279580
166.100000  7.121600  0.897884
166.200000  7.209850  0.911673
166.300000  7.182700  0.583929
166.400000  7.562050  1.179242
166.500000  7.535950  1.183343
166.600000  7.358550  1.193101
166.700000  7.303500  1.004657
166.800000  7.619200  1.251579
166.900000  7.312950  0.840396
167.000000  7.497200  0.975242
167.100000  7.519450  1.138230
167.200000  7.474500  1.058680
167.300000  7.542450  1.308360
167.400000  7.494650  1.408769
167.500000  7.674200  1.575858
167.600000  7.605300  1.063913
167.700000  7.592800  1.005789
167.800000  7.412750  1.077560
167.900000  7.301150  1.086187
168.000000  7.489650  1.397738
168.100000  7.565150  1.618497
168.200000  7.607150  1.503238
168.300000  7.209800  1.125714
168.400000  7.458700  0.789980
168.500000  7.602900  1.329361
168.600000  7.589200  1.006496
168.700000  7.373400  1.128967
168.800000  7.297500  1.114825
168.900000  7.239150  0.911249
169.000000  8.175600  1.515896
169.100000  7.827500  1.487046
169.200000  7.500950  1.271307
169.300000  7.690100  1.598768
169.400000  7.506550  1.375959
169.500000  7.391050  0.898096
169.600000  7.581800  1.052033
169.700000  7.487900  0.954736
169.800000  7.714650  1.397314
169.900000  7.553200  0.935361
170.000000  7.500300  0.914006
170.100000  7.090000  0.552816
170.200000  7.601550  0.849872
170.300000  7.030750  0.773080
170.400000  7.516100  1.080035
170.500000  7.402150  0.655559
170.600000  6.952400  0.831840
170.700000  7.271000  0.481964
170.800000  7.069750  0.597576
170.900000  7.178250  0.743664
171.000000  7.336500  0.904672
171.100000  7.274950  0.864297
171.200000  7.165600  0.640497
171.300000  7.321450  0.513147
171.400000  7.458200  1.127270
171.500000  7.467950  0.893712
171.600000  7.169200  0.864650
171.700000  7.215600  0.545745
171.800000  7.637250  0.734189
171.900000  7.929750  1.477217
172.000000  7.043800  0.652660
172.100000  7.375900  1.004940
172.200000  7.389550  0.732209
172.300000  7.104000  0.311410
172.400000  7.175250  0.340472
172.500000  7.014550  0.590788
172.600000  6.892950  0.298611
172.700000  6.959950  0.012657
172.800000  7.250900  0.719269
172.900000  7.996250  1.875742
173.000000  6.972700  0.775413
173.100000  6.927550  0.782979
173.200000  7.085250  0.512016
173.300000  6.898500  0.236032
173.400000  7.015800  0.799314
173.500000  7.016950  0.598283
173.600000  7.071100  0.557624
173.700000  7.135600  0.511238
173.800000  7.099150  0.707319
173.900000  6.787950  0.700672
174.000000  6.918950  1.038528
174.100000  7.191100  0.736098
174.200000  6.793800  0.472772
174.300000  7.488250  0.184767
174.400000  7.056750  0.394495
174.500000  6.934500  0.409698
174.600000  7.003050  0.397606
174.700000  6.967000  0.445336
174.800000  7.271000  0.044831
174.900000  6.940500  0.688581
175.000000  6.992350  0.471711
175.100000  7.210600  0.770605
175.200000  7.056900  0.411253
175.300000  6.838050  0.613698
175.400000  7.263500  0.583929
175.500000  7.115850  0.264953
175.600000  7.055750  0.677762
175.700000  6.902050  0.619355
175.800000  7.066150  0.825971
175.900000  7.190100  0.788424
176.000000  6.947600  0.312824
176.100000  7.038100  0.112571
176.200000  6.957100  0.522410
176.300000  7.170650  0.399727
176.400000  7.155600  0.084570
176.500000  7.061900  0.739917
176.600000  7.340850  0.729239
176.700000  7.233350  0.460963
176.800000  7.031900  0.523542
176.900000  7.003600  0.050346
177.000000  6.864900  0.338704
177.100000  7.211550  0.438618
177.200000  7.069500  0.286378
177.300000  7.427350  0.818759
177.400000  7.244800  0.433174
177.500000  7.226450  0.930765
177.600000  6.936600  0.556776
177.700000  7.080050  0.697419
177.800000  7.197550  0.611859
177.900000  7.119400  0.779232
178.000000  7.280800  0.686176
178.100000  6.988900  0.314804
178.200000  6.915000  0.218213
178.300000  6.942250  0.020294
178.400000  7.080200  0.857155
178.500000  6.823050  0.491651
178.600000  6.955900  0.313531
178.700000  7.006250  0.533936
178.800000  6.881700  0.713895
178.900000  6.918550  0.422072
179.000000  7.494750  0.981959
179.100000  7.208050  0.540159
179.200000  7.305200  0.484227
179.300000  7.390500  0.480974
179.400000  7.639300  1.264590
179.500000  7.659300  0.788707
179.600000  6.765150  0.274570
179.700000  6.588450  0.195374
179.800000  7.475750  1.096793
179.900000  7.480200  0.868469
180.000000  8.001900  1.420295
180.100000  7.799450  1.366767
180.200000  8.008900  1.607819
180.300000  7.787850  1.025658
180.400000  7.769200  1.068438
180.500000  7.763700  0.939886
180.600000  7.821650  1.323916
180.700000  7.612000  1.815850
180.800000  7.749950  1.313734
180.900000  7.472300  1.080176
181.000000  7.912950  1.512572
181.100000  7.681900  1.402051
181.200000  7.402200  0.920936
181.300000  7.485100  1.113835
181.400000  8.096150  1.675207
181.500000  7.982100  1.779222
181.600000  8.453100  2.275187
181.700000  7.911950  1.649751
181.800000  7.810700  1.838760
181.900000  8.025600  1.656468
182.000000  7.483400  1.029830
182.100000  7.853800  1.366413
182.200000  7.436000  0.707814
182.300000  7.278300  0.752503
182.400000  7.729300  1.112562
182.500000  7.738050  1.221951
182.600000  7.599550  1.022406
182.700000  7.546900  0.855316
182.800000  7.314800  0.971423
182.900000  7.506050  1.095238
183.000000  8.011450  1.189566
183.100000  8.172450  1.683833
183.200000  7.780800  1.322573
183.300000  8.032050  1.271732
183.400000  7.930350  1.173161
183.500000  7.889150  0.715097
183.600000  7.685950  1.039659
183.700000  7.937350  1.615103
183.800000  8.153800  1.841306
183.900000  8.511350  1.899501
184.000000  7.735550  1.048710
184.100000  7.672050  0.766999
184.200000  7.347450  0.671822
184.300000  7.085200  0.213829
184.400000  6.935800  0.316077
184.500000  7.393000  0.615749
184.600000  7.192050  0.115188
184.700000  7.181550  0.395485
184.800000  6.967450  0.078842
184.900000  7.374200  0.460892
185.000000  7.097350  0.278105
185.100000  7.105950  0.011950
185.200000  7.177400  0.341957
185.300000  7.402450  0.020294
185.400000  7.219150  0.127633
185.500000  7.154700  0.225850
185.600000  7.365700  0.210718
185.700000  7.091400  0.156978
185.800000  7.068550  0.299460
185.900000  7.177650  0.327885
186.000000  7.017800  0.037335
186.100000  7.220850  0.250952
186.200000  7.228050  0.188727
186.300000  7.155050  0.051690
186.400000  7.175150  0.195939
186.500000  7.333750  0.123107
186.600000  7.063900  0.108329
186.700000  7.166800  0.116673
186.800000  7.263400  0.043275
186.900000  7.414100  0.284681
187.000000  7.237250  0.124804
187.100000  7.275050  0.080257
187.200000  7.042550  0.022274
187.300000  7.075300  0.350442
187.400000  7.120600  0.001838
187.500000  7.097400  0.173807
187.600000  7.103650  0.401283
187.700000  7.191250  0.336936
187.800000  7.092550  1.073176
187.900000  7.029550  0.713259
188.000000  6.695350  0.369605
188.100000  7.134550  0.561372
188.200000  7.270850  0.902056
188.300000  7.229950  1.157463
188.400000  6.984300  0.344220
188.500000  7.027900  0.436851
188.600000  7.056050  0.521067
188.700000  7.093300  0.791252
188.800000  6.999950  1.012930
188.900000  7.022400  1.018234
189.000000  7.305500  0.897884
189.100000  7.076400  0.567665
189.200000  7.257950  0.962160
189.300000  7.108350  0.797121
189.400000  7.116750  0.655983
189.500000  7.039750  0.854680
189.600000  7.001550  0.654993
189.700000  6.821050  0.563635
189.800000  6.900000  1.155412
189.900000  6.915700  1.023184
190.000000  6.943450  0.879570
190.100000  7.335650  1.442851
190.200000  6.862800  0.953180
190.300000  6.794100  0.614900
190.400000  6.711050  0.350937
190.500000  6.635350  0.230870
190.600000  7.236700  0.763958
190.700000  7.044800  0.239568
190.800000  7.102900  0.677267
190.900000  6.929600  0.600899
191.000000  7.210250  0.748331
191.100000  7.022100  0.601748
191.200000  6.668100  0.995465
191.300000  6.840800  1.058115
191.400000  7.071300  0.982454
191.500000  7.235550  1.265085
191.600000  6.661600  0.684621
191.700000  6.723050  0.401000
191.800000  6.712900  0.506430
191.900000  6.870900  0.384808
192.000000  7.009950  0.462519
192.100000  6.903050  0.813809
192.200000  7.016350  0.979555
192.300000  6.898950  1.019436
192.400000  6.913850  0.795566
192.500000  6.941550  0.723582
192.600000  6.972750  1.370444
192.700000  6.918150  1.101743
192.800000  6.814950  0.693742
192.900000  7.004900  0.957140
193.000000  6.976600  0.967605
193.100000  7.266550  1.019577
193.200000  6.851250  0.929916
193.300000  7.010950  1.020567
193.400000  7.213900  1.089369
193.500000  6.885300  1.317906
193.600000  6.626650  0.810415
193.700000  7.003100  0.488469
193.800000  6.854500  0.684621
193.900000  6.950400  1.063913
194.000000  6.789450  0.552604
194.100000  6.837700  0.421577
194.200000  7.045700  1.212122
194.300000  7.144900  1.027709
194.400000  7.265100  1.028840
194.500000  6.911300  0.930128
194.600000  7.016750  0.865428
194.700000  6.614700  0.823638
194.800000  7.036300  1.293864
194.900000  6.993150  1.005152
195.000000  6.954700  0.911319
195.100000  6.945250  0.674792
195.200000  7.131150  1.163968
195.300000  7.014950  0.881550
195.400000  7.120800  0.998152
195.500000  7.048750  1.229871
195.600000  7.123900  0.697632
195.700000  6.837600  0.606980
195.800000  6.917900  0.941159
195.900000  6.932100  0.866064
196.000000  6.899950  1.047154
196.100000  7.116350  1.001334
196.200000  7.112450  1.279085
196.300000  7.186250  1.388546
196.400000  7.047000  1.085833
196.500000  7.110150  0.884803
196.600000  6.894550  0.671964
196.700000  7.016800  0.926168
196.800000  7.151150  1.042912
196.900000  6.918500  0.942856
197.000000  7.036600  0.769474
197.100000  6.842050  0.822294
197.200000  7.040650  1.060872
197.300000  6.898250  1.129462
197.400000  7.244300  1.434154
197.500000  7.099900  1.430477
197.600000  7.145350  1.046306
197.700000  7.067550  1.232982
197.800000  7.682900  1.002819
197.900000  6.881750  1.234113
198.000000  7.337850  1.565039
198.100000  7.330650  1.746342
198.200000  7.068000  1.010314
198.300000  7.006100  0.683065
198.400000  6.914850  0.817062
198.500000  6.915400  0.898874
198.600000  7.526050  1.057620
198.700000  7.360850  1.230861
198.800000  7.454550  1.738139
198.900000  7.214150  1.034851
199.000000  7.280500  1.257519
199.100000  7.442200  1.196142
199.200000  6.820800  0.649973
199.300000  6.719050  0.588525
199.400000  7.005050  0.393929
199.500000  6.800750  0.718633
199.600000  6.972400  0.538533
199.700000  6.558050  0.385444
199.800000  6.926750  1.062711
199.900000  7.351400  1.302066
200.000000  7.098300  0.970716
