# aggregated from 2 replicates
# x  mean  std
0.000000  24.853200  0.102248
1.000000  64.563050  9.786570
2.000000  15.492700  2.355373
4.000000  25.235800  3.076763
6.000000  40.910650  19.155876
7.000000  17.733050  14.001209
11.000000  9.956350  0.040941
12.000000  33.961350  22.285814
13.000000  13.002850  7.039036
14.000000  38.096650  0.332552
15.000000  95.354500  3.444741
16.000000  52.174600  5.423933
17.000000  18.055200  3.176607
18.000000  66.815100  13.058565
19.000000  68.189800  5.493513
20.000000  8.459250  0.401566
21.000000  27.610200  3.093592
22.000000  8.663100  0.752079
24.000000  6.721550  0.001344
25.000000  27.237550  18.007393
26.000000  42.699400  1.136038
27.000000  13.887700  4.090613
29.000000  72.986400  2.335432
30.000000  48.941500  8.638441
31.000000  55.496650  16.003736
32.000000  48.672350  17.327864
33.000000  12.141500  3.462702
34.000000  53.722150  12.097395
35.000000  12.272650  3.587365
36.000000  40.989050  1.246276
37.000000  52.183000  7.255198
39.000000  9.993900  1.885571
40.000000  21.662950  4.561899
41.000000  8.674500  0.521421
42.000000  49.579950  0.189292
43.000000  76.937350  8.432460
44.000000  24.078700  2.658721
45.000000  36.111250  1.558675
46.000000  25.216750  11.921891
47.000000  12.588650  3.060005
48.000000  9.186000  2.266843
49.000000  15.999650  6.671906
52.000000  7.670300  0.059397
53.000000  22.950400  2.835215
54.000000  16.637400  4.611892
55.000000  75.084250  9.308990
56.000000  18.347100  3.622084
57.000000  67.062300  3.546282
58.000000  8.153000  0.544189
59.000000  91.387300  46.613752
60.000000  11.323400  1.501188
63.000000  25.647300  15.139580
64.000000  11.552900  0.799879
65.000000  11.827900  0.591141
66.000000  66.596650  12.546266
68.000000  30.694500  15.785735
69.000000  53.594550  5.268016
70.000000  22.998100  4.955263
71.000000  34.112700  9.437047
72.000000  21.294000  6.725434
74.000000  56.441250  38.569634
76.000000  22.285150  11.905628
77.000000  49.074500  0.520431
78.000000  67.790400  9.315708
81.000000  12.717100  0.546594
82.000000  70.915350  1.622315
83.000000  25.992200  3.077612
84.000000  7.324500  0.681227
85.000000  54.190850  1.419800
86.000000  22.591450  10.549397
87.000000  19.934250  0.619496
88.000000  7.259800  0.433456
90.000000  37.377600  11.765833
92.000000  42.446900  18.645557
93.000000  19.122300  3.551797
94.000000  8.917950  0.516400
95.000000  27.622700  5.608205
96.000000  8.011050  0.088318
98.000000  8.355200  0.248053
100.000000  8.246400  1.201516
101.000000  13.324550  0.140502
102.000000  60.640150  3.622013
103.000000  8.645800  0.621264
104.000000  41.218100  2.946514
105.000000  17.210550  12.216755
106.000000  10.039850  1.414709
107.000000  25.995400  26.020822
109.000000  14.305150  0.586262
110.000000  21.720400  0.024466
111.000000  14.661500  6.661229
112.000000  39.626350  3.401820
113.000000  16.636950  4.476198
114.000000  14.607200  1.577697
115.000000  48.596150  6.599074
116.000000  53.621200  9.485413
120.000000  92.339300  7.102888
121.000000  10.264500  0.782060
122.000000  18.486900  0.993485
123.000000  10.484350  2.615942
124.000000  23.485200  0.356806
125.000000  12.563450  2.967232
126.000000  41.016900  10.406349
127.000000  23.152200  10.441139
128.000000  25.534950  1.756241
129.000000  7.894450  0.015203
130.000000  9.114650  0.484863
131.000000  59.125100  1.115956
132.000000  24.976150  0.209374
133.000000  29.454550  6.296857
134.000000  19.323500  0.642901
135.000000  76.721600  4.769860
136.000000  18.674850  1.879702
138.000000  19.961450  3.426993
139.000000  47.242500  14.802856
