# aggregated from 2 replicates
# x  mean  std
0.000000  6.317500  0.000000
0.100000  6.279800  0.099278
0.200000  6.681850  0.435507
0.300000  6.608950  0.163271
0.400000  6.596950  0.325057
0.500000  6.581000  0.330643
0.600000  6.360950  0.307096
0.700000  6.463600  0.084994
0.800000  6.525550  0.053669
0.900000  6.540650  0.078277
1.000000  6.501000  0.113703
1.100000  6.733100  0.421718
1.200000  6.434600  0.009617
1.300000  6.510500  0.173524
1.400000  6.877000  0.445477
1.500000  6.765050  0.106844
1.600000  6.917450  0.634204
1.700000  7.094950  0.223234
1.800000  7.293700  0.563706
1.900000  7.288050  0.626850
2.000000  7.282150  0.370029
2.100000  7.418100  0.552533
2.200000  7.757050  0.603233
2.300000  7.523400  0.823921
2.400000  7.363750  0.987475
2.500000  7.349950  1.014062
2.600000  7.614100  1.155130
2.700000  7.005250  0.080539
2.800000  7.168700  0.035355
2.900000  7.632400  0.417617
3.000000  7.476400  0.574312
3.100000  7.534750  0.422072
3.200000  7.719850  0.536765
3.300000  7.707950  0.547513
3.400000  7.444650  0.424335
3.500000  7.571200  0.846124
3.600000  7.812950  0.707602
3.700000  7.419100  0.618011
3.800000  7.478300  0.301369
3.900000  7.668100  0.013011
4.000000  7.512800  0.635548
4.100000  7.546550  0.875469
4.200000  7.820000  0.998859
4.300000  7.662000  0.679105
4.400000  8.142400  0.914855
4.500000  7.591900  0.796485
4.600000  7.428750  1.047013
4.700000  7.185850  0.704773
4.800000  7.298450  0.145169
4.900000  7.425800  0.079903
5.000000  7.173650  0.247558
5.100000  7.152000  0.048790
5.200000  7.257650  0.409486
5.300000  7.019350  0.026658
5.400000  6.893450  0.209657
5.500000  6.918050  0.667438
5.600000  6.909050  0.688227
5.700000  7.001400  0.168291
5.800000  6.857500  0.201384
5.900000  6.777000  0.472772
6.000000  6.789650  0.136967
6.100000  7.051250  0.183494
6.200000  6.884100  0.003394
6.300000  6.676500  0.425961
6.400000  6.882950  0.268630
6.500000  6.651550  0.039669
6.600000  6.897700  0.087823
6.700000  6.555650  0.034295
6.800000  7.006400  0.080044
6.900000  6.981850  0.146583
7.000000  6.935600  0.523400
7.100000  6.895000  0.336866
7.200000  6.884150  0.610445
7.300000  7.530050  0.214041
7.400000  6.862700  0.560311
7.500000  7.115850  0.314450
7.600000  7.320900  0.413799
7.700000  7.499100  0.235325
7.800000  7.343600  0.404607
7.900000  6.915800  0.400081
8.000000  7.146300  0.015132
8.100000  7.166000  0.398808
8.200000  7.037550  0.370453
8.300000  6.885700  0.539522
8.400000  7.217300  0.354968
8.500000  7.188250  0.065690
8.600000  7.255100  0.083297
8.700000  7.222450  0.182929
8.800000  7.358900  0.615183
8.900000  7.115400  0.182858
9.000000  7.097850  0.658387
9.100000  7.160250  0.281923
9.200000  7.198300  0.310844
9.300000  7.183500  0.247346
9.400000  7.187350  0.038962
9.500000  7.614700  0.335734
9.600000  7.582200  0.253568
9.700000  7.056550  0.247700
9.800000  7.082950  0.401566
9.900000  6.989850  0.483025
10.000000  7.248800  0.411819
10.100000  7.428700  0.692540
10.200000  7.225500  0.276620
10.300000  7.516000  0.604011
10.400000  7.798550  0.608607
10.500000  7.721250  0.574100
10.600000  7.170500  0.133219
10.700000  7.725100  0.289914
10.800000  7.658550  0.556281
10.900000  7.281400  0.277044
11.000000  7.368950  0.162564
11.100000  7.843650  0.328875
11.200000  7.677150  0.303844
11.300000  7.532350  0.057629
11.400000  7.394250  0.473267
11.500000  7.657700  0.099136
11.600000  7.519900  0.456508
11.700000  7.380200  0.507986
11.800000  7.284450  0.382757
11.900000  7.619450  0.520926
12.000000  7.412200  0.626072
12.100000  7.648500  0.457781
12.200000  7.815900  0.522835
12.300000  7.826100  1.061933
12.400000  7.756650  0.961736
12.500000  8.032300  1.623517
12.600000  7.644100  1.359483
12.700000  7.855600  0.602738
12.800000  7.920000  1.119491
12.900000  7.600400  0.516754
13.000000  7.803850  0.825123
13.100000  7.862600  0.814163
13.200000  7.883550  0.938119
13.300000  7.841550  0.808011
13.400000  7.676400  0.895763
13.500000  7.890000  0.921784
13.600000  7.787800  0.863943
13.700000  7.891250  1.217284
13.800000  7.891700  0.879641
13.900000  7.803200  1.010880
14.000000  7.594800  0.839053
14.100000  7.377100  0.972413
14.200000  7.446050  0.557695
14.300000  7.746300  0.586050
14.400000  7.418600  0.777535
14.500000  7.579200  0.705551
14.600000  7.415150  0.751725
14.700000  7.592700  0.956574
14.800000  7.863400  0.752503
14.900000  7.763200  1.116097
15.000000  7.501400  0.656478
15.100000  7.431850  0.781141
15.200000  7.714700  0.358220
15.300000  7.765250  0.400576
15.400000  7.720850  0.679317
15.500000  7.460150  0.676772
15.600000  7.728400  0.624941
15.700000  7.675200  1.090641
15.800000  8.037500  1.079186
15.900000  7.509900  0.907784
16.000000  8.024800  1.209577
16.100000  7.779100  0.907359
16.200000  8.142500  2.086389
16.300000  8.500650  1.788909
16.400000  8.837150  2.582990
16.500000  8.794700  2.290036
16.600000  8.457800  2.002102
16.700000  8.466350  1.997082
16.800000  8.518600  1.530320
16.900000  8.346100  1.286651
17.000000  8.133500  1.726613
17.100000  8.401750  1.537462
17.200000  8.613300  1.823204
17.300000  8.369950  1.425315
17.400000  8.586950  2.291945
17.500000  8.727400  1.638366
17.600000  8.850250  2.029609
17.700000  8.337150  2.012214
17.800000  8.449750  2.143736
17.900000  8.374700  1.736089
18.000000  8.649150  1.650599
18.100000  8.754650  2.285723
18.200000  8.260350  2.012214
18.300000  8.203550  1.489520
18.400000  8.235300  1.457488
18.500000  7.984150  1.366201
18.600000  8.382100  1.357645
18.700000  8.366700  1.055286
18.800000  8.587500  1.701299
18.900000  8.628500  1.726189
19.000000  8.414050  1.448933
19.100000  8.720600  1.898865
19.200000  9.460200  2.920351
19.300000  9.094950  2.257721
19.400000  8.623300  1.911451
19.500000  8.674500  2.135887
19.600000  9.235900  2.613325
19.700000  9.165500  2.816689
19.800000  8.649800  1.888399
19.900000  8.535600  2.307289
20.000000  8.611500  2.224417
20.100000  8.617500  1.995314
20.200000  9.019000  2.256943
20.300000  8.824250  2.514967
20.400000  8.416550  2.103996
20.500000  8.848000  2.923179
20.600000  8.882700  1.990364
20.700000  8.844650  1.965120
20.800000  9.216350  2.698956
20.900000  9.493000  3.141393
21.000000  9.651600  2.888531
21.100000  9.174350  3.013053
21.200000  9.249250  2.849711
21.300000  9.006650  2.956343
21.400000  8.610900  2.377576
21.500000  9.456450  3.023942
21.600000  9.281300  2.939301
21.700000  8.769150  1.643528
21.800000  9.121200  2.105198
21.900000  8.540250  1.410183
22.000000  8.383850  1.155342
22.100000  8.606000  1.542907
22.200000  8.506400  1.743442
22.300000  8.820900  2.026851
22.400000  9.150350  1.840811
22.500000  8.608250  2.068075
22.600000  9.403900  2.883016
22.700000  9.564300  3.000395
22.800000  9.498400  2.766485
22.900000  9.127500  2.430185
23.000000  8.716850  1.669833
23.100000  8.559700  1.694935
23.200000  9.180300  2.405294
23.300000  9.435650  2.859186
23.400000  9.559850  2.861449
23.500000  9.504850  3.005840
23.600000  9.450050  2.839670
23.700000  9.617550  2.826801
23.800000  9.483600  3.074217
23.900000  9.257300  2.913987
24.000000  8.537450  1.975727
24.100000  8.716050  1.503380
24.200000  8.199250  1.210213
24.300000  8.361250  1.521482
24.400000  8.839000  1.688712
24.500000  9.300050  2.353039
24.600000  8.749400  2.145645
24.700000  9.210500  2.064893
24.800000  8.685700  1.900844
24.900000  9.064050  2.188283
25.000000  9.295850  2.543958
25.100000  9.064850  2.820720
25.200000  8.844050  2.631074
25.300000  8.961650  2.259843
25.400000  8.677950  2.361666
25.500000  8.569400  1.903390
25.600000  8.470000  1.780353
25.700000  8.871850  2.519634
25.800000  8.323300  1.739058
25.900000  8.531600  1.862944
26.000000  8.185300  2.330624
26.100000  8.319450  1.793294
26.200000  8.781800  2.497643
26.300000  8.654400  2.395254
26.400000  8.555700  2.265004
26.500000  8.484050  2.064115
26.600000  8.426050  2.387829
26.700000  8.891500  2.046367
26.800000  8.856150  2.588364
26.900000  8.975400  2.751352
27.000000  9.278600  2.951747
27.100000  9.201050  2.674773
27.200000  9.061200  2.612052
27.300000  9.152850  2.469712
27.400000  9.449750  2.559373
27.500000  9.211550  2.937534
27.600000  8.851000  2.535261
27.700000  8.852800  1.686450
27.800000  8.558500  1.682773
27.900000  8.722600  2.230922
28.000000  9.180400  2.780627
28.100000  8.631400  2.169969
28.200000  8.678150  2.156039
28.300000  7.979100  0.905804
28.400000  8.792150  1.935988
28.500000  8.716600  2.393132
28.600000  9.274450  2.801769
28.700000  9.526500  2.943261
28.800000  9.032200  2.587587
28.900000  9.226600  2.312239
29.000000  9.069250  2.346534
29.100000  9.355300  2.696198
29.200000  9.305350  2.160423
29.300000  9.119000  2.401476
29.400000  9.397450  2.475510
29.500000  9.192800  2.597062
29.600000  9.465600  2.950615
29.700000  8.769850  2.227881
29.800000  9.366650  2.241458
29.900000  9.626200  3.061490
30.000000  9.319600  2.848226
30.100000  9.079450  2.733604
30.200000  9.379800  2.336988
30.300000  8.961300  2.224982
30.400000  9.277500  3.276874
30.500000  9.519700  2.909462
30.600000  9.644200  2.951464
30.700000  9.438450  3.437175
30.800000  9.198350  2.658651
30.900000  9.368050  2.856641
31.000000  9.340000  2.906492
31.100000  9.351750  3.041054
31.200000  9.523800  3.347161
31.300000  9.302500  2.568495
31.400000  9.583450  2.991840
31.500000  9.609350  3.012204
31.600000  9.428500  2.655327
31.700000  9.406900  2.970131
31.800000  9.774350  3.475076
31.900000  9.702650  3.277511
32.000000  9.369950  2.535756
32.100000  9.893750  3.562899
32.200000  9.243500  2.888955
32.300000  9.524100  3.132766
32.400000  8.795200  2.882026
32.500000  9.799500  3.817104
32.600000  9.740100  2.841721
32.700000  9.764850  3.625690
32.800000  9.503850  2.883511
32.900000  9.890500  3.437246
33.000000  9.488600  3.275884
33.100000  9.194800  3.116078
33.200000  9.409800  2.844691
33.300000  9.141450  2.989435
33.400000  9.328100  2.771717
33.500000  8.618800  2.338968
33.600000  9.930200  3.272066
33.700000  9.838900  3.316189
33.800000  9.698100  3.368091
33.900000  9.679200  3.026276
34.000000  9.723000  3.535958
34.100000  9.715850  3.160979
34.200000  9.188600  2.575283
34.300000  8.977000  2.445882
34.400000  8.777250  2.068782
34.500000  9.619900  3.126826
34.600000  9.191750  3.145140
34.700000  9.347400  2.696198
34.800000  9.009000  2.816548
34.900000  8.715550  1.908835
35.000000  8.725450  1.807153
35.100000  9.086900  2.292864
35.200000  9.600850  3.280480
35.300000  9.391450  2.747322
35.400000  9.797800  3.440499
35.500000  9.109050  3.544514
35.600000  9.846900  3.680915
35.700000  9.181850  3.243570
35.800000  9.269900  3.004497
35.900000  9.477900  3.719523
36.000000  9.725200  3.574142
36.100000  9.403050  3.286279
36.200000  9.547800  3.436822
36.300000  9.339950  2.908684
36.400000  9.225700  3.423811
36.500000  9.431450  3.260540
36.600000  9.103850  2.791021
36.700000  8.971500  2.882450
36.800000  8.854450  2.329988
36.900000  9.168250  2.213174
37.000000  9.307500  2.792789
37.100000  9.386400  3.273339
37.200000  9.245700  3.003082
37.300000  9.307100  2.909744
37.400000  9.341150  3.038509
37.500000  9.052600  3.153413
37.600000  9.159550  3.057883
37.700000  9.179450  3.069338
37.800000  9.381550  3.190112
37.900000  9.187550  3.257994
38.000000  9.071800  3.244630
38.100000  8.999550  2.847307
38.200000  9.212900  3.128382
38.300000  9.030150  2.552868
38.400000  8.663700  1.943695
38.500000  8.469450  1.883803
38.600000  8.536600  1.819103
38.700000  8.815800  2.223709
38.800000  8.565950  2.622730
38.900000  8.951150  2.422477
39.000000  8.912850  3.094653
39.100000  9.002850  2.473813
39.200000  9.066350  2.357565
39.300000  9.208700  3.095713
39.400000  9.169900  3.413204
39.500000  9.444550  3.416952
39.600000  9.207750  3.295471
39.700000  9.591100  2.962353
39.800000  9.193000  2.763373
39.900000  9.583100  3.187355
40.000000  9.280800  3.177596
40.100000  9.246400  3.211113
40.200000  9.017900  2.799860
40.300000  9.339350  2.989435
40.400000  9.198750  2.725967
40.500000  8.935350  3.220659
40.600000  8.778400  2.859257
40.700000  9.125450  3.374243
40.800000  8.991850  2.668126
40.900000  9.276050  3.552999
41.000000  8.817800  2.897724
41.100000  8.269250  2.141049
41.200000  8.342700  1.931816
41.300000  8.703950  2.471975
41.400000  8.416900  2.233043
41.500000  9.406600  3.221578
41.600000  9.304900  2.561282
41.700000  9.047400  2.525785
41.800000  9.213850  2.921553
41.900000  9.160850  2.565878
42.000000  9.438850  2.872904
42.100000  9.156350  2.249519
42.200000  9.443700  3.389446
42.300000  9.376000  3.534403
42.400000  9.307100  3.097835
42.500000  9.283050  3.198598
42.600000  9.227900  3.124705
42.700000  9.331350  3.068773
42.800000  9.523500  3.564667
42.900000  9.515150  3.833862
43.000000  9.259750  2.888178
43.100000  9.250850  2.950686
43.200000  9.078950  2.539150
43.300000  9.365650  3.291794
43.400000  9.101400  2.887824
43.500000  9.403800  3.035044
43.600000  9.130650  3.243711
43.700000  9.248400  2.888814
43.800000  9.075850  3.020831
43.900000  8.819300  2.908047
44.000000  9.038150  2.949130
44.100000  9.016650  2.729220
44.200000  9.021150  2.753969
44.300000  9.467050  2.943332
44.400000  8.890800  2.639347
44.500000  8.820300  2.724200
44.600000  9.017050  3.124210
44.700000  8.733900  2.719533
44.800000  8.831400  2.349292
44.900000  9.129650  2.941635
45.000000  8.388900  2.129947
45.100000  8.819400  2.919220
45.200000  8.403700  2.190051
45.300000  8.508500  2.229932
45.400000  8.491350  1.973889
45.500000  8.741300  2.524654
45.600000  8.462350  2.181495
45.700000  8.831450  2.559090
45.800000  8.636000  2.273631
45.900000  8.622750  2.489794
46.000000  8.605150  2.544948
46.100000  8.331750  1.911663
46.200000  8.119750  1.412304
46.300000  8.160000  1.663257
46.400000  7.988100  1.464701
46.500000  8.232350  1.847175
46.600000  8.141850  1.851559
46.700000  8.246050  1.505784
46.800000  8.604300  2.405719
46.900000  8.594850  2.426861
47.000000  8.426750  2.310896
47.100000  8.144800  2.268116
47.200000  8.527650  2.324614
47.300000  8.348150  2.471126
47.400000  8.548200  2.119058
47.500000  8.323750  1.905016
47.600000  8.735700  2.830831
47.700000  8.445950  2.003728
47.800000  8.993300  2.402466
47.900000  9.087100  3.203901
48.000000  8.956200  2.966879
48.100000  8.591250  2.567858
48.200000  8.954250  2.636589
48.300000  8.869250  2.977980
48.400000  8.909350  2.838397
48.500000  8.762450  2.849428
48.600000  9.231100  3.154403
48.700000  8.830200  2.454509
48.800000  9.122550  3.133402
48.900000  9.280900  3.252833
49.000000  9.030400  2.887683
49.100000  8.923700  3.473874
49.200000  9.158350  3.174556
49.300000  9.005700  2.750787
49.400000  8.916000  2.739615
49.500000  8.700900  2.225265
49.600000  8.841600  2.558312
49.700000  8.760950  2.762313
49.800000  9.156950  2.617356
49.900000  9.001250  2.511997
50.000000  8.610900  2.246478
50.100000  9.085500  2.389172
50.200000  8.695250  2.127755
50.300000  8.197550  1.832467
50.400000  8.067650  1.905299
50.500000  7.989950  1.500834
50.600000  8.055800  1.046659
50.700000  8.229400  1.501753
50.800000  8.128900  1.436841
50.900000  8.151150  1.367332
51.000000  8.336150  1.892854
51.100000  8.548850  2.045731
51.200000  8.396950  1.967666
51.300000  8.678100  2.457620
51.400000  8.300500  1.980040
51.500000  8.393500  1.845549
51.600000  8.702100  2.086248
51.700000  8.560950  2.124219
51.800000  8.527000  1.816699
51.900000  8.824950  2.104845
52.000000  8.485300  2.188071
52.100000  8.285650  2.208648
52.200000  8.447150  1.928775
52.300000  8.523650  1.869095
52.400000  8.321800  1.299804
52.500000  8.582300  1.208304
52.600000  8.394350  1.501541
52.700000  8.423250  1.606334
52.800000  8.452800  1.455791
52.900000  8.500650  1.708582
53.000000  8.533650  1.521340
53.100000  8.628000  1.880904
53.200000  8.725950  1.877581
53.300000  8.497550  1.799233
53.400000  8.860200  1.888399
53.500000  8.512500  1.332331
53.600000  8.473400  1.776252
53.700000  8.836850  2.246973
53.800000  8.620700  2.033215
53.900000  8.406600  1.393566
54.000000  8.437500  1.317340
54.100000  8.573500  1.893773
54.200000  8.941250  2.128604
54.300000  9.296900  2.594799
54.400000  9.101850  2.391364
54.500000  9.264950  2.684248
54.600000  9.554700  3.028397
54.700000  9.785400  3.101795
54.800000  9.168950  2.426013
54.900000  9.381850  2.685521
55.000000  9.412750  2.903734
55.100000  9.160550  2.654691
55.200000  9.303500  2.612760
55.300000  9.123200  2.094450
55.400000  8.992350  2.595435
55.500000  9.122200  2.748524
55.600000  8.764000  2.323553
55.700000  9.148000  2.163464
55.800000  9.099450  3.158292
55.900000  9.141000  2.653206
56.000000  8.881200  2.473460
56.100000  9.138750  2.936685
56.200000  9.233450  3.138352
56.300000  9.138550  3.320786
56.400000  8.975450  3.285572
56.500000  9.065100  2.905502
56.600000  9.157950  2.881107
56.700000  8.709600  2.744847
56.800000  9.034400  2.494956
56.900000  9.123350  2.715785
57.000000  9.447850  3.200860
57.100000  8.891000  2.861095
57.200000  9.154100  3.180425
57.300000  9.237550  2.750150
57.400000  9.328550  3.077824
57.500000  9.110500  2.615305
57.600000  9.373650  3.011638
57.700000  9.329450  2.987738
57.800000  9.193300  2.861803
57.900000  9.226500  2.827013
58.000000  9.395650  3.721998
58.100000  9.210550  3.427417
58.200000  9.127400  2.990779
58.300000  9.050700  2.323411
58.400000  9.320350  2.583132
58.500000  8.833100  2.844691
58.600000  9.181650  2.633902
58.700000  8.667200  2.441781
58.800000  8.585350  2.783667
58.900000  8.929800  2.964192
59.000000  8.575800  2.421982
59.100000  8.617050  1.959888
59.200000  9.188200  3.324533
59.300000  9.305950  3.130291
59.400000  9.492150  3.477056
59.500000  9.647750  3.358828
59.600000  9.491200  3.601295
59.700000  9.268350  3.255307
59.800000  9.305350  3.546070
59.900000  9.357650  3.542110
60.000000  9.184600  3.116502
60.100000  9.320300  3.617417
60.200000  9.307950  3.553424
60.300000  8.903950  2.666288
60.400000  8.937900  2.915260
60.500000  8.932350  3.166636
60.600000  8.692750  2.103572
60.700000  9.249650  3.085602
60.800000  8.939350  2.402678
60.900000  8.989550  2.713805
61.000000  9.026900  3.038014
61.100000  8.436100  2.845256
61.200000  8.765500  2.590132
61.300000  9.060250  2.505067
61.400000  9.084150  3.181627
61.500000  9.180500  3.225821
61.600000  9.213300  3.202628
61.700000  9.170000  2.757716
61.800000  8.953250  2.398011
61.900000  8.734100  1.926442
62.000000  8.990400  3.070682
62.100000  9.211450  3.044731
62.200000  8.721900  2.873541
62.300000  9.462450  3.460793
62.400000  9.329250  3.509583
62.500000  8.965100  3.066156
62.600000  9.126300  3.031367
62.700000  9.738500  3.593234
62.800000  9.601750  4.004841
62.900000  9.733800  3.915250
63.000000  9.412650  2.987597
63.100000  9.657900  3.387466
63.200000  9.273300  3.366394
63.300000  9.476000  3.631559
63.400000  9.466900  2.936897
63.500000  9.640050  3.498269
63.600000  9.539700  3.348999
63.700000  9.467150  3.386264
63.800000  8.988950  2.750858
63.900000  8.850700  2.900693
64.000000  9.089650  2.703481
64.100000  8.900000  2.754039
64.200000  9.044450  2.630367
64.300000  9.039350  2.899774
64.400000  8.811200  2.925866
64.500000  9.519000  3.372051
64.600000  9.234150  2.899916
64.700000  9.232850  2.854944
64.800000  9.123050  2.610850
64.900000  8.740250  2.784516
65.000000  8.870950  3.315694
65.100000  9.000300  3.200224
65.200000  8.973200  3.450540
65.300000  9.385400  3.692370
65.400000  9.224100  3.536241
65.500000  9.280650  3.062126
65.600000  8.890700  2.907340
65.700000  8.999600  2.928836
65.800000  8.769300  2.287632
65.900000  8.405600  1.955999
66.000000  8.260000  1.811325
66.100000  8.863000  2.833801
66.200000  9.087850  2.961717
66.300000  9.170400  2.826447
66.400000  9.133300  3.015386
66.500000  9.403250  3.741373
66.600000  9.365200  3.780617
66.700000  9.240500  3.045085
66.800000  9.343650  3.225185
66.900000  8.810400  2.603850
67.000000  9.544050  3.196618
67.100000  9.413650  3.119684
67.200000  9.543900  3.040701
67.300000  9.182350  2.954787
67.400000  9.473950  2.668833
67.500000  9.542250  2.748029
67.600000  9.596450  3.183041
67.700000  9.885350  3.619609
67.800000  9.728600  3.595497
67.900000  9.139550  3.495017
68.000000  9.182350  2.824397
68.100000  9.421850  3.039781
68.200000  9.011950  3.127321
68.300000  9.421500  3.094724
68.400000  9.270000  2.698885
68.500000  9.393100  3.033488
68.600000  9.436250  2.977839
68.700000  9.133150  2.460661
68.800000  9.196750  2.682834
68.900000  9.496550  3.509442
69.000000  9.276300  2.953585
69.100000  8.836100  2.526068
69.200000  9.146900  2.880894
69.300000  10.033000  3.626609
69.400000  9.107900  2.720240
69.500000  9.589400  2.913704
69.600000  9.151600  2.749797
69.700000  9.948000  3.159919
69.800000  9.788300  2.245488
69.900000  9.612500  2.640902
70.000000  9.538400  2.329068
70.100000  9.747100  3.183678
70.200000  9.257000  2.386061
70.300000  9.416150  2.689481
70.400000  9.274000  2.394264
70.500000  9.411100  2.298804
70.600000  9.375450  2.788051
70.700000  9.276900  2.473460
70.800000  9.316700  2.840872
70.900000  9.004200  1.690551
71.000000  9.078950  1.996375
71.100000  9.387450  2.292228
71.200000  9.078450  1.771232
71.300000  9.351500  2.161767
71.400000  9.203450  2.498986
71.500000  9.114300  1.909754
71.600000  9.450950  2.672086
71.700000  9.019100  1.908905
71.800000  9.256400  2.429336
71.900000  9.316150  1.981950
72.000000  10.027700  2.594233
72.100000  9.746850  2.455853
72.200000  9.117750  2.626690
72.300000  9.162350  2.221376
72.400000  9.046200  1.950059
72.500000  9.212250  2.260833
72.600000  9.702500  3.032215
72.700000  9.737950  2.707865
72.800000  9.268500  2.444044
72.900000  9.159700  2.588718
73.000000  9.137800  2.126270
73.100000  8.899200  1.995172
73.200000  9.059600  2.358201
73.300000  9.009500  2.479823
73.400000  8.985450  2.482440
73.500000  9.172900  2.237144
73.600000  9.155450  2.199738
73.700000  9.448000  2.232760
73.800000  9.124500  1.703844
73.900000  9.319750  2.186586
74.000000  8.842600  2.377717
74.100000  9.197400  1.993758
74.200000  9.262400  2.303612
74.300000  9.592050  2.682692
74.400000  9.364650  2.490077
74.500000  9.161100  2.214941
74.600000  9.240150  2.648044
74.700000  9.732050  2.643943
74.800000  9.472550  2.807709
74.900000  9.362800  2.456913
75.000000  9.102700  2.708219
75.100000  9.327050  2.280490
75.200000  8.828000  2.642599
75.300000  8.616650  1.554574
75.400000  8.959350  2.143170
75.500000  8.782750  1.431396
75.600000  8.659450  2.033286
75.700000  9.034750  2.502097
75.800000  8.812850  1.375959
75.900000  8.629500  1.522825
76.000000  9.117150  1.562211
76.100000  8.600750  1.611708
76.200000  8.963700  2.306441
76.300000  8.854750  2.469288
76.400000  8.551500  1.703562
76.500000  8.841400  1.566100
76.600000  9.389350  2.312310
76.700000  9.103600  2.094309
76.800000  9.317100  2.494814
76.900000  8.842800  2.004931
77.000000  8.670850  1.907562
77.100000  8.619800  1.604425
77.200000  8.765800  1.983717
77.300000  8.913350  1.835013
77.400000  8.697600  2.131078
77.500000  9.008550  1.843215
77.600000  8.995200  2.129523
77.700000  9.561150  2.920563
77.800000  9.356800  2.957828
77.900000  9.159400  2.861944
78.000000  9.391950  2.753969
78.100000  8.775550  2.222790
78.200000  8.576450  2.249660
78.300000  8.691700  2.323836
78.400000  8.953750  2.259560
78.500000  8.881300  2.347029
78.600000  9.393200  2.790243
78.700000  9.093800  2.714159
78.800000  9.576550  2.784092
78.900000  9.438650  2.851550
79.000000  9.108450  2.982647
79.100000  9.372500  2.580091
79.200000  9.142850  2.505350
79.300000  9.066600  2.135038
79.400000  8.777450  2.277662
79.500000  8.865750  1.712542
79.600000  8.659500  2.065883
79.700000  8.845150  2.091127
79.800000  9.174450  1.993688
79.900000  9.043300  2.442488
80.000000  9.236300  2.370363
80.100000  9.077450  1.812951
80.200000  9.010300  1.896460
80.300000  9.059800  2.243084
80.400000  9.024450  2.115734
80.500000  9.106300  1.778798
80.600000  9.175850  2.230851
80.700000  9.216800  2.639488
80.800000  9.411950  2.692026
80.900000  9.260550  2.347665
81.000000  9.038650  1.588091
81.100000  9.066400  1.861105
81.200000  9.031300  2.105481
81.300000  9.041000  2.087238
81.400000  9.325050  2.113047
81.500000  9.244800  2.792506
81.600000  9.629950  2.553716
81.700000  9.341150  2.801911
81.800000  9.298200  2.095016
81.900000  9.343000  2.143806
82.000000  9.349650  2.442842
82.100000  9.765500  2.433154
82.200000  9.576950  2.140907
82.300000  9.287050  1.923967
82.400000  9.923200  2.291309
82.500000  9.477850  2.026922
82.600000  9.753200  3.097269
82.700000  9.591500  2.294986
82.800000  9.688650  1.502814
82.900000  9.395550  2.263095
83.000000  9.550900  2.758565
83.100000  8.651950  1.554716
83.200000  9.203700  1.998142
83.300000  9.032500  1.600183
83.400000  9.759550  1.695713
83.500000  9.354650  1.803052
83.600000  9.689100  2.105481
83.700000  9.764550  2.774899
83.800000  9.331450  2.148261
83.900000  9.591250  2.237639
84.000000  9.596750  1.685530
84.100000  9.442350  2.670530
84.200000  9.500550  2.597274
84.300000  9.710350  2.869369
84.400000  9.108700  2.313088
84.500000  9.574700  2.060368
84.600000  9.710300  2.266419
84.700000  9.531900  2.202496
84.800000  10.096750  2.439306
84.900000  8.995850  1.362807
85.000000  9.730000  2.300218
85.100000  9.460450  1.474247
85.200000  9.666150  1.825679
85.300000  9.156400  2.419295
85.400000  9.634150  1.886914
85.500000  9.488500  2.494673
85.600000  10.072600  2.427639
85.700000  9.396850  2.416962
85.800000  9.570550  1.709572
85.900000  9.601950  2.443973
86.000000  9.310400  2.043963
86.100000  8.873400  0.980474
86.200000  9.328450  2.080096
86.300000  9.462150  2.122240
86.400000  8.795550  1.508471
86.500000  9.522850  2.395890
86.600000  9.913000  2.512350
86.700000  9.583700  2.215790
86.800000  9.372300  1.825325
86.900000  9.915350  2.490218
87.000000  9.911250  2.451186
87.100000  9.295900  2.203062
87.200000  9.333700  2.236579
87.300000  8.858450  1.215022
87.400000  8.803850  1.046023
87.500000  9.099150  1.389677
87.600000  9.004300  1.987960
87.700000  9.014550  1.421921
87.800000  8.720000  1.615456
87.900000  8.975200  1.643458
88.000000  9.382200  2.006203
88.100000  9.238750  2.074863
88.200000  9.328400  1.340392
88.300000  8.933100  1.285662
88.400000  9.598950  1.759494
88.500000  9.148050  1.482732
88.600000  9.693150  1.959039
88.700000  9.499300  2.457337
88.800000  9.830150  2.566727
88.900000  9.813700  2.149463
89.000000  9.674650  2.179374
89.100000  10.138850  2.200870
89.200000  9.663050  2.196627
89.300000  9.030500  1.299521
89.400000  9.506400  2.058529
89.500000  9.143750  1.751716
89.600000  9.282950  1.400001
89.700000  9.565850  1.727533
89.800000  9.844850  2.497148
89.900000  9.696250  2.299582
90.000000  9.827450  2.569980
90.100000  9.636850  1.895258
90.200000  9.255350  1.911380
90.300000  9.021250  1.446245
90.400000  9.236100  1.886561
90.500000  8.796950  1.105844
90.600000  9.284750  1.582151
90.700000  9.201300  1.722795
90.800000  9.144650  1.929199
90.900000  9.235200  2.077763
91.000000  9.287100  2.121603
91.100000  9.234200  2.039579
91.200000  9.217000  1.728593
91.300000  8.915050  1.718482
91.400000  9.245800  1.889248
91.500000  9.349400  1.800718
91.600000  9.942300  2.035760
91.700000  9.764750  2.501532
91.800000  9.749350  2.490642
91.900000  9.803450  2.457408
92.000000  9.797950  2.313017
92.100000  9.541600  2.025578
92.200000  9.634150  2.540705
92.300000  9.857600  2.986960
92.400000  9.835500  2.871561
92.500000  9.808900  2.304178
92.600000  9.305200  2.406850
92.700000  9.629550  2.799365
92.800000  9.357800  2.190758
92.900000  9.746950  2.193516
93.000000  9.091450  1.862024
93.100000  9.653450  2.154766
93.200000  9.369700  1.969010
93.300000  9.239100  1.493127
93.400000  9.388500  2.310259
93.500000  9.049050  1.686662
93.600000  9.208150  1.826528
93.700000  9.410600  1.875106
93.800000  9.297100  1.777525
93.900000  9.213100  2.035336
94.000000  9.891500  2.624073
94.100000  9.497650  2.470702
94.200000  9.682700  2.222012
94.300000  9.347000  2.160070
94.400000  9.659350  2.436054
94.500000  9.711800  1.984566
94.600000  9.619600  2.081440
94.700000  9.689100  2.382950
94.800000  9.589150  1.951685
94.900000  9.304150  1.416688
95.000000  9.199850  1.613547
95.100000  9.501550  1.677045
95.200000  8.895100  1.493551
95.300000  9.220600  1.686591
95.400000  9.454850  1.908128
95.500000  9.727250  2.213032
95.600000  9.704450  1.517946
95.700000  9.579750  2.069207
95.800000  9.744800  1.957837
95.900000  10.031050  2.402112
96.000000  9.716950  2.138644
96.100000  9.209750  1.980535
96.200000  9.751600  2.096006
96.300000  9.464450  2.803608
96.400000  9.113700  2.323129
96.500000  9.683300  2.655610
96.600000  9.525050  2.618063
96.700000  9.078950  2.217416
96.800000  9.141250  1.802627
96.900000  9.363850  2.359403
97.000000  9.409950  2.261822
97.100000  9.719100  2.747958
97.200000  9.671750  2.161130
97.300000  9.848550  2.402820
97.400000  9.865250  2.743786
97.500000  10.013100  2.372909
97.600000  9.625350  2.718755
97.700000  9.425450  2.627397
97.800000  9.795650  2.871773
97.900000  9.347200  2.253832
98.000000  9.688800  2.825033
98.100000  9.564700  2.579950
98.200000  9.270800  2.652216
98.300000  9.560200  2.538655
98.400000  9.445650  2.583132
98.500000  9.840950  2.334089
98.600000  9.730500  2.616437
98.700000  9.788950  2.563474
98.800000  9.823250  2.561494
98.900000  9.733950  2.960444
99.000000  9.888600  3.107310
99.100000  9.741950  2.244710
99.200000  9.574600  2.850489
99.300000  9.671200  3.101087
99.400000  9.866300  2.781334
99.500000  9.622750  2.617356
99.600000  9.788800  2.809760
99.700000  9.689300  2.771293
99.800000  9.666350  2.786920
99.900000  9.872550  2.577334
100.000000  9.555750  2.512704
100.100000  9.469050  2.323058
100.200000  9.820050  3.147827
100.300000  9.473100  2.674419
100.400000  9.578600  2.885844
100.500000  9.489450  2.683117
100.600000  9.463300  2.881177
100.700000  9.491450  2.614527
100.800000  9.634100  3.339382
100.900000  9.225400  2.855721
101.000000  9.611600  3.084117
101.100000  9.209650  2.595435
101.200000  9.719250  2.216992
101.300000  9.465800  2.388748
101.400000  9.302500  1.878500
101.500000  9.652450  2.673076
101.600000  9.444300  2.224417
101.700000  9.521550  2.413002
101.800000  9.431550  2.830902
101.900000  9.757400  3.013406
102.000000  9.849500  2.992759
102.100000  9.255200  2.808062
102.200000  9.381900  2.659287
102.300000  9.391350  2.643519
102.400000  9.857100  2.914553
102.500000  9.780800  2.542332
102.600000  9.422700  2.948211
102.700000  9.227000  2.720098
102.800000  9.289250  2.552868
102.900000  9.410150  2.599254
103.000000  9.226950  2.326593
103.100000  9.232700  2.472328
103.200000  9.157600  2.040993
103.300000  9.466150  2.275823
103.400000  9.266850  2.326452
103.500000  9.650600  2.261610
103.600000  9.921500  2.697188
103.700000  9.693900  2.417881
103.800000  9.721450  2.430962
103.900000  9.749900  2.515886
104.000000  9.805400  2.632559
104.100000  9.619250  2.406214
104.200000  9.434550  2.243296
104.300000  10.068950  3.014750
104.400000  9.785300  2.721230
104.500000  9.809100  2.301491
104.600000  10.099800  2.829841
104.700000  9.835700  2.871278
104.800000  10.160300  2.708219
104.900000  9.903850  2.922826
105.000000  9.497950  2.562343
105.100000  9.792300  3.093026
105.200000  9.593550  2.739544
105.300000  9.478850  2.534766
105.400000  9.112450  2.109229
105.500000  9.708000  2.218901
105.600000  9.733550  2.372131
105.700000  9.999950  2.076985
105.800000  10.034650  1.561504
105.900000  9.770650  2.510158
106.000000  9.567200  1.875954
106.100000  9.850200  2.264439
106.200000  9.910200  2.293430
106.300000  9.777300  2.336846
106.400000  10.011850  2.452883
106.500000  9.825950  2.806860
106.600000  9.699300  2.519704
106.700000  9.653150  2.569697
106.800000  9.675600  2.222295
106.900000  9.399750  1.931038
107.000000  9.887800  2.309976
107.100000  10.044100  2.645286
107.200000  9.938550  1.753271
107.300000  10.169900  2.855014
107.400000  9.816400  2.639205
107.500000  10.102750  2.321644
107.600000  10.075550  2.497855
107.700000  9.737100  2.160494
107.800000  10.127800  2.460307
107.900000  10.074000  2.313088
108.000000  9.970350  2.529675
108.100000  10.215800  2.652499
108.200000  9.780550  1.954090
108.300000  10.320600  2.272924
108.400000  10.351300  2.587869
108.500000  10.379800  2.601587
108.600000  9.995350  2.569131
108.700000  10.542350  2.634185
108.800000  10.041500  3.196830
108.900000  9.685850  2.868520
109.000000  9.952400  3.036458
109.100000  10.001700  2.818245
109.200000  9.946800  3.252408
109.300000  10.077850  2.626548
109.400000  9.787700  1.824194
109.500000  10.098850  2.271156
109.600000  9.375600  2.379556
109.700000  9.926050  2.442559
109.800000  9.704300  2.737635
109.900000  9.439100  2.257651
110.000000  9.637150  2.607456
110.100000  9.775950  2.273702
110.200000  10.009800  2.525785
110.300000  10.045450  2.481733
110.400000  10.166050  2.741099
110.500000  10.066450  2.679864
110.600000  9.840450  2.429265
110.700000  10.172550  2.334796
110.800000  10.046950  2.864702
110.900000  9.907300  2.250155
111.000000  9.607250  1.804890
111.100000  9.907200  2.645569
111.200000  9.685100  1.939877
111.300000  9.864850  2.029467
111.400000  10.044200  2.359898
111.500000  9.944550  2.462782
111.600000  9.800200  2.358625
111.700000  10.164000  1.995031
111.800000  10.299950  2.745908
111.900000  9.401850  1.644660
112.000000  10.221750  1.822143
112.100000  10.098500  1.984566
112.200000  10.254050  2.174424
112.300000  9.842900  1.976929
112.400000  10.023100  2.253408
112.500000  9.773400  2.477702
112.600000  9.731050  2.058600
112.700000  9.504000  2.259348
112.800000  9.406150  2.605194
112.900000  9.406000  1.823063
113.000000  9.494100  2.411658
113.100000  8.945850  2.274268
113.200000  8.698650  2.796395
113.300000  9.051450  3.162677
113.400000  9.245150  3.757212
113.500000  9.468150  3.781819
113.600000  8.971050  3.147120
113.700000  8.897950  3.412992
113.800000  8.875650  3.440569
113.900000  8.928900  3.358192
114.000000  8.926350  3.166212
114.100000  8.922850  3.627953
114.200000  8.873850  3.574637
114.300000  8.860750  3.285572
114.400000  9.054050  3.566010
114.500000  8.831500  3.543736
114.600000  9.082400  3.342777
114.700000  8.917550  3.251065
114.800000  9.112150  4.085451
114.900000  8.877200  3.469066
115.000000  8.696200  3.679784
115.100000  8.939250  3.407335
115.200000  9.097350  3.397860
115.300000  8.556500  3.393830
115.400000  8.459700  3.670167
115.500000  8.719550  3.370283
115.600000  9.136450  3.995507
115.700000  8.934850  4.082198
115.800000  9.060300  3.404295
115.900000  8.897300  3.727867
116.000000  8.978950  3.992254
116.100000  9.177500  3.754171
116.200000  9.213050  3.913624
116.300000  8.842450  3.227872
116.400000  9.140050  3.983769
116.500000  8.919350  3.013336
116.600000  9.068700  3.300350
116.700000  9.023300  3.360737
116.800000  9.381650  3.889441
116.900000  9.202400  3.693643
117.000000  8.565450  3.771920
117.100000  9.047700  3.492825
117.200000  8.694300  2.993890
117.300000  8.970900  3.247176
117.400000  8.274450  2.443973
117.500000  9.042550  3.090834
117.600000  9.166850  3.478329
117.700000  8.740300  2.617144
117.800000  8.606650  3.016023
117.900000  8.644300  3.146484
118.000000  8.400500  2.760262
118.100000  8.784100  2.949342
118.200000  8.139900  2.590415
118.300000  8.540950  2.669823
118.400000  8.589150  2.475934
118.500000  8.865900  3.398921
118.600000  8.920200  3.193860
118.700000  8.834800  2.986253
118.800000  9.243550  4.243560
118.900000  9.055750  3.731897
119.000000  9.197450  3.186718
119.100000  8.880450  2.954646
119.200000  9.090500  3.256368
119.300000  8.867650  2.959878
119.400000  9.018250  3.095077
119.500000  8.732000  2.847519
119.600000  8.778750  2.526280
119.700000  8.440350  1.809133
119.800000  8.792100  2.338402
119.900000  8.639400  2.284521
120.000000  7.882300  1.653923
120.100000  7.979600  1.760979
120.200000  8.201550  2.006133
120.300000  8.469250  2.434074
120.400000  8.088400  2.168696
120.500000  8.263300  2.138008
120.600000  7.741150  2.110077
120.700000  7.707850  1.677752
120.800000  7.736100  2.127260
120.900000  8.321000  2.309269
121.000000  7.999000  2.400910
121.100000  8.132500  2.278581
121.200000  7.993500  2.223427
121.300000  8.436550  2.490077
121.400000  8.595050  3.226316
121.500000  8.567150  2.922402
121.600000  8.071450  2.389385
121.700000  8.558950  2.503653
121.800000  8.698750  2.923109
121.900000  8.845650  2.540847
122.000000  8.434850  2.298026
122.100000  8.072350  1.856085
122.200000  8.086400  2.268257
122.300000  8.729250  2.421487
122.400000  8.655000  2.739473
122.500000  8.750950  2.474520
122.600000  8.917750  3.178374
122.700000  9.028000  3.124139
122.800000  8.891800  3.070258
122.900000  9.021550  3.034407
123.000000  8.599400  2.856994
123.100000  9.008900  3.032498
123.200000  9.175950  3.133402
123.300000  8.998600  3.392840
123.400000  9.165400  3.141110
123.500000  9.240000  3.428761
123.600000  8.598750  2.838963
123.700000  8.123750  2.344271
123.800000  8.316150  2.956201
123.900000  8.057750  2.587940
124.000000  8.701850  3.106391
124.100000  8.234500  2.657590
124.200000  8.634400  2.228235
124.300000  8.543750  2.962707
124.400000  8.687250  3.100875
124.500000  9.146700  3.158505
124.600000  8.812400  3.270935
124.700000  8.763950  3.472955
124.800000  8.292650  2.783243
124.900000  8.839300  3.370778
125.000000  8.196500  2.315350
125.100000  8.821600  2.956696
125.200000  8.693750  2.953514
125.300000  8.832300  3.115088
125.400000  8.813350  3.318381
125.500000  8.605800  2.956838
125.600000  8.357100  2.642882
125.700000  8.610900  2.499198
125.800000  8.934750  3.075561
125.900000  8.901100  3.222568
126.000000  9.012950  3.461783
126.100000  8.991300  3.343342
126.200000  9.090400  3.731685
126.300000  8.753000  2.921058
126.400000  8.327550  2.654974
126.500000  8.465500  2.722220
126.600000  8.240600  2.161484
126.700000  7.949850  1.894551
126.800000  8.346400  2.579950
126.900000  8.578450  2.265358
127.000000  8.126100  2.095723
127.100000  8.301300  2.595082
127.200000  8.456750  2.632912
127.300000  8.346750  1.988031
127.400000  8.441150  1.621749
127.500000  8.280300  2.377576
127.600000  7.987800  2.297390
127.700000  7.661650  1.743513
127.800000  7.850300  1.211840
127.900000  7.883850  1.861317
128.000000  8.322250  2.488379
128.100000  7.968200  2.385213
128.200000  8.476300  2.909037
128.300000  8.240300  2.631286
128.400000  8.274550  2.361666
128.500000  8.364650  2.347382
128.600000  8.742900  2.867884
128.700000  8.530250  3.063964
128.800000  8.234000  2.173222
128.900000  8.084450  2.252347
129.000000  8.147500  2.235589
129.100000  7.914350  2.425730
129.200000  8.224300  2.335857
129.300000  8.115650  2.330695
129.400000  8.674250  3.655389
129.500000  8.919500  3.018922
129.600000  9.010400  3.683743
129.700000  9.209600  3.630569
129.800000  9.169150  2.949837
129.900000  9.403250  2.376798
130.000000  9.489900  3.222993
130.100000  9.341850  3.018710
130.200000  9.474050  3.229852
130.300000  9.476100  3.177031
130.400000  9.299550  3.039074
130.500000  9.568650  3.518210
130.600000  9.854250  2.924240
130.700000  9.374900  2.833660
130.800000  9.697450  3.090834
130.900000  9.579950  2.787768
131.000000  9.605500  3.303037
131.100000  9.105000  2.391011
131.200000  9.037700  2.311391
131.300000  9.073450  2.239761
131.400000  8.912300  2.408123
131.500000  8.688300  2.100956
131.600000  9.180450  2.918442
131.700000  8.787350  2.293077
131.800000  8.496900  1.512643
131.900000  8.381300  1.622810
132.000000  8.630600  2.112835
132.100000  8.358050  1.522330
132.200000  8.566900  1.913431
132.300000  8.620600  1.679803
132.400000  8.675500  1.253135
132.500000  8.604300  1.934220
132.600000  8.434800  1.586041
132.700000  8.446200  1.383667
132.800000  8.376550  1.117017
132.900000  8.329500  1.243094
133.000000  7.942450  1.172737
133.100000  7.978250  1.046306
133.200000  8.134200  0.998718
133.300000  8.087250  1.444548
133.400000  7.981850  1.421072
133.500000  8.100500  1.222729
133.600000  8.234000  0.894066
133.700000  7.789050  0.776757
133.800000  8.155300  1.149473
133.900000  7.959050  1.016183
134.000000  8.254750  1.052811
134.100000  8.224850  1.107541
134.200000  8.731500  1.285662
134.300000  8.380650  1.459963
134.400000  8.506350  1.774343
134.500000  8.391900  1.941150
134.600000  8.387850  1.833316
134.700000  8.250100  1.482096
134.800000  8.656150  1.714946
134.900000  8.951650  2.381606
135.000000  8.509800  2.219467
135.100000  8.885900  2.197688
135.200000  8.828350  2.006840
135.300000  9.003250  2.553292
135.400000  8.726500  2.258923
135.500000  8.600150  2.435771
135.600000  8.379650  2.197759
135.700000  8.549500  2.249590
135.800000  8.451400  1.838478
135.900000  8.569200  2.190193
136.000000  8.894900  2.112976
136.100000  8.662550  2.416962
136.200000  8.702850  2.389526
136.300000  8.433600  2.178879
136.400000  8.543450  2.095794
136.500000  8.354300  1.494682
136.600000  7.963900  1.024881
136.700000  8.197500  1.335159
136.800000  8.087350  1.324340
136.900000  8.084000  1.141977
137.000000  8.027950  1.026224
137.100000  8.096700  1.261903
137.200000  8.286650  1.590071
137.300000  8.577100  2.329634
137.400000  8.397200  1.759565
137.500000  8.756800  2.379131
137.600000  9.157300  2.720240
137.700000  9.090550  2.922260
137.800000  8.859350  2.497996
137.900000  9.477300  2.670177
138.000000  8.575000  2.059095
138.100000  9.059200  2.471904
138.200000  9.244250  2.829064
138.300000  9.425250  2.870359
138.400000  9.018850  2.367040
138.500000  9.577100  3.311381
138.600000  9.417150  2.582142
138.700000  8.835950  1.678035
138.800000  8.825750  1.897521
138.900000  8.595300  2.453095
139.000000  9.002000  2.675833
139.100000  8.489100  2.382101
139.200000  9.012800  2.173788
139.300000  9.059100  2.438104
139.400000  8.660750  1.958332
139.500000  8.883850  2.394193
139.600000  9.093800  2.843135
139.700000  8.862350  2.683682
139.800000  9.230950  3.021821
139.900000  9.191000  2.981869
140.000000  9.542300  3.265561
140.100000  9.080050  3.203406
140.200000  9.219100  3.040276
140.300000  9.421500  3.626326
140.400000  9.537700  3.851893
140.500000  9.207400  3.054418
140.600000  9.451400  3.828276
140.700000  9.527800  3.489006
140.800000  9.227100  3.267258
140.900000  9.206350  3.455702
141.000000  9.226900  2.818528
141.100000  9.315150  3.143160
141.200000  9.412900  3.345322
141.300000  9.041550  2.611275
141.400000  9.104650  2.688208
141.500000  9.318850  3.068773
141.600000  9.368550  2.952383
141.700000  9.427100  2.980314
141.800000  9.145950  2.793850
141.900000  9.043700  3.114805
142.000000  9.372950  2.693723
142.100000  8.836650  1.855095
142.200000  8.797900  1.766211
142.300000  8.342150  1.457701
142.400000  8.394350  1.355453
142.500000  8.855050  1.870368
142.600000  8.873800  1.752352
142.700000  8.837850  2.373970
142.800000  8.684900  2.498633
142.900000  8.648750  1.516815
143.000000  8.392350  2.033568
143.100000  8.906550  2.095087
143.200000  9.099400  2.952312
143.300000  9.267850  3.327432
143.400000  9.520200  2.769737
143.500000  9.137650  2.305522
143.600000  9.464500  2.844266
143.700000  9.127600  2.470631
143.800000  9.428950  2.823124
143.900000  9.318900  2.842994
144.000000  9.597750  3.165505
144.100000  9.314450  2.708714
144.200000  8.917300  2.436690
144.300000  9.059100  2.483500
144.400000  9.215300  2.708360
144.500000  9.333250  2.786779
144.600000  9.245700  2.218618
144.700000  9.335550  2.266772
144.800000  9.284450  2.172020
144.900000  9.537800  2.399072
145.000000  9.949650  1.616658
145.100000  10.399050  1.791031
145.200000  10.199200  1.356938
145.300000  10.171150  1.901339
145.400000  10.659050  1.366484
145.500000  10.105700  2.090208
145.600000  9.627600  1.768615
145.700000  10.010950  1.815921
145.800000  10.171950  2.440862
145.900000  10.025850  2.361525
146.000000  9.950100  2.626195
146.100000  9.642400  2.041559
146.200000  9.525800  2.892632
146.300000  10.149750  2.487107
146.400000  10.058200  2.522957
146.500000  9.865050  2.374394
146.600000  10.212100  2.293572
146.700000  10.158500  2.565242
146.800000  9.940150  1.949847
146.900000  10.046100  2.428488
147.000000  10.127650  1.818184
147.100000  9.652250  1.736584
147.200000  9.508500  1.595799
147.300000  9.690900  1.824053
147.400000  9.572250  1.768121
147.500000  10.106000  2.283389
147.600000  9.711550  1.789617
147.700000  10.076000  1.973818
147.800000  10.084850  1.875884
147.900000  10.159000  2.503441
148.000000  10.035200  2.325533
148.100000  9.828250  2.029750
148.200000  9.551400  1.720108
148.300000  9.525350  1.619911
148.400000  9.918650  1.983929
148.500000  9.521750  2.073025
148.600000  9.355750  1.260135
148.700000  9.472950  1.763736
148.800000  9.489650  1.492915
148.900000  9.184750  1.205829
149.000000  9.104650  1.391798
149.100000  9.004150  1.150816
149.200000  9.582450  1.521906
149.300000  9.493450  1.204698
149.400000  10.105550  2.037387
149.500000  9.949600  1.703986
149.600000  9.887700  1.723785
149.700000  9.602000  1.788414
149.800000  9.687750  1.734745
149.900000  9.994600  2.169404
150.000000  10.219950  2.541978
150.100000  10.137500  2.278439
150.200000  9.604300  1.914704
150.300000  9.410600  1.290470
150.400000  9.666900  1.330068
150.500000  9.464600  1.626487
150.600000  9.230150  1.401132
150.700000  9.436500  1.050902
150.800000  9.192350  1.622739
150.900000  8.721400  0.685894
151.000000  8.782000  0.424830
151.100000  8.700250  0.562221
151.200000  8.836400  0.381272
151.300000  8.632000  0.810062
151.400000  8.914800  0.433739
151.500000  8.832500  0.271105
151.600000  8.631400  0.205061
151.700000  8.932700  0.338704
151.800000  9.085850  0.759503
151.900000  9.130050  0.808577
152.000000  9.166700  0.648841
152.100000  8.702400  0.316077
152.200000  8.589550  0.460680
152.300000  8.796000  0.734684
152.400000  9.154550  0.730936
152.500000  8.826900  0.644599
152.600000  8.621700  0.139583
152.700000  8.710550  0.311339
152.800000  8.525400  0.328098
152.900000  8.353950  0.237234
153.000000  8.613300  0.603162
153.100000  8.515000  0.063074
153.200000  8.768550  0.885510
153.300000  8.898300  0.391454
153.400000  8.832100  0.969302
153.500000  8.573300  0.418324
153.600000  9.055950  0.560524
153.700000  8.968900  0.744583
153.800000  8.209850  0.249397
153.900000  8.681450  0.340896
154.000000  8.532900  0.587606
154.100000  8.751800  0.592555
154.200000  8.335750  0.700814
154.300000  8.678850  0.257882
154.400000  8.474300  0.258943
154.500000  8.559750  0.041649
154.600000  8.475700  0.279590
154.700000  8.828450  0.446114
154.800000  8.850900  0.656054
154.900000  9.100450  0.414435
155.000000  8.814850  0.559816
155.100000  8.502200  0.255973
155.200000  8.280700  0.492005
155.300000  8.828400  0.483944
155.400000  8.431600  0.563847
155.500000  8.609800  0.534573
155.600000  8.752750  0.277115
155.700000  8.959550  0.269337
155.800000  8.627100  0.052892
155.900000  8.552100  0.724502
156.000000  8.917500  0.628194
156.100000  8.947750  0.830638
156.200000  8.812250  0.754129
156.300000  8.898650  0.197071
156.400000  9.089200  0.499924
156.500000  9.177900  1.031669
156.600000  8.981350  0.570564
156.700000  8.880600  0.701591
156.800000  8.791150  0.502682
156.900000  9.239700  1.415062
157.000000  9.225050  0.891874
157.100000  8.835500  0.283408
157.200000  8.519900  0.587889
157.300000  8.917350  0.640285
157.400000  9.248050  0.033870
157.500000  9.413500  0.346907
157.600000  9.326050  0.364796
157.700000  9.383700  0.742604
157.800000  9.038900  0.672034
157.900000  9.327500  0.714461
158.000000  8.782900  0.991505
158.100000  8.768200  1.325684
158.200000  9.157600  1.436982
158.300000  9.338050  0.879570
158.400000  9.610700  1.530038
158.500000  9.375550  1.644660
158.600000  9.536650  1.408627
158.700000  10.251200  1.477570
158.800000  10.582200  1.466681
158.900000  10.100000  1.345200
159.000000  9.876150  1.511441
159.100000  10.217250  2.239902
159.200000  9.733500  2.318320
159.300000  9.653200  1.393707
159.400000  9.153050  1.547362
159.500000  9.805850  1.461802
159.600000  9.267400  1.611072
159.700000  9.578200  1.844842
159.800000  10.109850  2.273702
159.900000  9.843100  2.040569
160.000000  10.098950  1.552877
160.100000  10.012300  1.854175
160.200000  9.701800  2.123442
160.300000  10.076850  1.587525
160.400000  10.240250  2.907977
160.500000  10.047750  2.126765
160.600000  9.847800  2.639064
160.700000  9.578450  2.732473
160.800000  9.511900  2.464550
160.900000  9.801650  2.756232
161.000000  9.783100  2.515745
161.100000  10.228500  2.732402
161.200000  9.144900  1.464277
161.300000  9.886250  2.750433
161.400000  9.604400  2.176616
161.500000  9.438600  1.864499
161.600000  9.390750  2.140624
161.700000  9.449650  2.650166
161.800000  9.674900  2.290602
161.900000  9.973550  2.278510
162.000000  9.680850  2.727099
162.100000  9.411250  2.249802
162.200000  9.785900  2.328361
162.300000  9.779500  2.392991
162.400000  10.102700  3.042822
162.500000  10.042150  2.392920
162.600000  9.661100  2.572313
162.700000  9.888750  2.060438
162.800000  10.175000  1.885430
162.900000  9.937600  2.344200
163.000000  9.691650  2.238771
163.100000  9.792700  2.439943
163.200000  9.813200  1.680651
163.300000  10.011450  2.841084
163.400000  10.393650  2.928766
163.500000  10.248600  3.549393
163.600000  9.980450  2.973879
163.700000  10.143250  1.988455
163.800000  10.408000  2.219467
163.900000  10.422150  2.824821
164.000000  10.176950  2.841650
164.100000  10.195050  2.314855
164.200000  9.697800  2.081015
164.300000  9.404050  1.952534
164.400000  9.972900  1.909613
164.500000  10.005400  2.081157
164.600000  9.830050  2.276672
164.700000  9.753650  2.549756
164.800000  10.212000  2.441923
164.900000  9.954200  2.191890
165.000000  9.870150  2.699380
165.100000  9.914850  2.739968
165.200000  10.607700  3.255802
165.300000  10.660600  3.777364
165.400000  10.837600  3.609497
165.500000  9.841500  2.779071
165.600000  10.092300  2.628316
165.700000  10.136500  3.509512
165.800000  10.064000  3.254105
165.900000  10.162850  2.796395
166.000000  9.997300  3.487733
166.100000  10.394750  3.300279
166.200000  10.342100  3.083268
166.300000  10.182100  2.327230
166.400000  10.256900  2.488733
166.500000  10.179850  2.099046
166.600000  10.301150  2.604628
166.700000  10.734700  3.119614
166.800000  10.011550  2.844054
166.900000  10.148900  2.258216
167.000000  9.719550  3.364626
167.100000  10.022100  2.663813
167.200000  10.486300  3.468924
167.300000  9.866450  2.652711
167.400000  9.796500  2.200092
167.500000  10.150950  2.487531
167.600000  10.244350  2.896663
167.700000  9.956050  2.535190
167.800000  9.497850  2.161413
167.900000  9.751650  2.719179
168.000000  10.004800  2.623083
168.100000  9.932850  2.409608
168.200000  9.715500  2.764222
168.300000  9.838100  2.870571
168.400000  10.216050  2.843347
168.500000  10.093550  3.123786
168.600000  10.241650  2.693723
168.700000  10.086150  2.350918
168.800000  10.052400  1.462580
168.900000  9.634800  2.224558
169.000000  9.648050  2.741524
169.100000  9.840350  2.864702
169.200000  9.663850  1.835296
169.300000  9.604550  2.371000
169.400000  9.153000  2.235730
169.500000  9.114850  2.260550
169.600000  9.321400  2.750221
169.700000  9.506050  2.353322
169.800000  9.181600  2.310966
169.900000  9.106050  2.391082
170.000000  9.461150  1.673368
170.100000  9.542500  1.380414
170.200000  9.281900  2.338968
170.300000  9.642750  2.659782
170.400000  9.555200  2.550393
170.500000  9.230850  2.139069
170.600000  9.118100  2.270378
170.700000  9.182150  2.466883
170.800000  9.430900  2.716563
170.900000  9.751400  3.052580
171.000000  10.082200  2.581364
171.100000  9.895350  2.359120
171.200000  9.632750  2.314714
171.300000  9.775300  2.143523
171.400000  9.372800  2.073944
171.500000  10.167400  2.709492
171.600000  9.908600  2.697047
171.700000  9.894150  2.610002
171.800000  10.213000  2.949342
171.900000  10.199850  2.713664
172.000000  9.564550  2.542402
172.100000  10.007150  2.273843
172.200000  9.852350  1.947443
172.300000  9.818850  2.171171
172.400000  9.927500  2.254539
172.500000  9.710350  2.113613
172.600000  9.586350  2.336210
172.700000  9.827800  2.222861
172.800000  10.161700  2.668762
172.900000  9.934500  1.979616
173.000000  10.094400  2.341372
173.100000  9.227600  1.139998
173.200000  9.991700  2.110855
173.300000  9.515500  1.965898
173.400000  10.099000  2.173788
173.500000  9.391750  1.579747
173.600000  9.347500  2.198536
173.700000  9.929350  2.130159
173.800000  10.163600  1.738776
173.900000  9.632750  2.429548
174.000000  10.393300  3.123856
174.100000  9.577800  2.178030
174.200000  9.764800  2.708502
174.300000  9.640450  2.587233
174.400000  9.395650  1.931462
174.500000  9.400250  2.324189
174.600000  9.980800  2.798870
174.700000  9.511150  2.588223
174.800000  9.649800  1.992203
174.900000  9.838500  2.851196
175.000000  9.363950  1.684399
175.100000  9.145450  1.703350
175.200000  8.922800  1.257094
175.300000  8.903750  1.340462
175.400000  9.002550  1.320946
175.500000  8.876700  1.167009
175.600000  8.243350  0.614971
175.700000  7.898400  0.733411
175.800000  8.431000  0.133926
175.900000  8.531750  0.031749
176.000000  8.405900  0.011738
176.100000  8.333900  0.787293
176.200000  8.343400  0.520572
176.300000  8.391050  0.155917
176.400000  8.200400  0.529340
176.500000  8.173000  0.690419
176.600000  8.063100  0.577989
176.700000  8.352850  0.400717
176.800000  8.330600  0.444204
176.900000  8.250650  0.440033
177.000000  8.243800  0.488045
177.100000  8.268900  0.021072
177.200000  7.707350  0.430840
177.300000  7.788900  0.525239
177.400000  8.187900  1.268832
177.500000  7.962550  0.451205
177.600000  7.981000  0.995465
177.700000  7.698950  1.120128
177.800000  7.901250  1.098208
177.900000  8.046350  1.044750
178.000000  7.880750  1.022406
178.100000  7.932450  0.790758
178.200000  7.741900  1.414072
178.300000  7.852650  1.226194
178.400000  7.923050  0.873772
178.500000  7.863550  0.915067
178.600000  8.165250  0.514844
178.700000  7.683350  0.862317
178.800000  7.920650  0.662347
178.900000  7.975100  1.181717
179.000000  7.812400  0.864084
179.100000  8.083550  0.919168
179.200000  7.980100  1.087106
179.300000  8.061500  1.380555
179.400000  7.759150  1.320663
179.500000  8.229600  1.298389
179.600000  7.832300  1.327522
179.700000  7.726900  0.614759
179.800000  7.867400  1.471631
179.900000  7.871500  0.640356
180.000000  8.142300  0.610799
180.100000  7.876850  0.687520
180.200000  7.799900  1.021628
180.300000  7.841550  0.666024
180.400000  7.578100  0.752644
180.500000  7.863500  0.638235
180.600000  7.665000  0.805960
180.700000  7.731950  0.688793
180.800000  7.961650  0.319117
180.900000  7.937250  0.846902
181.000000  7.842750  1.073600
181.100000  8.080900  1.011728
181.200000  7.959200  1.388899
181.300000  8.233900  1.178464
181.400000  8.038500  0.775979
181.500000  8.259300  1.305602
181.600000  7.871050  1.339331
181.700000  7.564100  1.788273
181.800000  7.916700  1.536260
181.900000  8.004450  0.749462
182.000000  7.779350  1.154635
182.100000  7.971400  0.655064
182.200000  8.058850  1.023254
182.300000  7.795150  0.995818
182.400000  7.962050  1.008264
182.500000  7.862350  0.493066
182.600000  8.422050  0.752857
182.700000  8.264150  0.841104
182.800000  8.246500  0.757170
182.900000  8.073550  0.749038
183.000000  8.197300  1.101814
183.100000  8.307150  0.935714
183.200000  8.385300  0.842447
183.300000  8.314800  0.607122
183.400000  8.062700  0.882186
183.500000  8.017100  0.984717
183.600000  7.995550  0.655983
183.700000  8.053350  1.082651
183.800000  8.139850  1.030750
183.900000  8.143150  0.668852
184.000000  7.954400  0.983303
184.100000  8.199550  0.686247
184.200000  8.441350  0.550200
184.300000  8.609700  1.244791
184.400000  8.015100  1.060660
184.500000  8.442450  0.910259
184.600000  8.210250  0.983373
184.700000  8.033650  1.061014
184.800000  8.790850  1.262115
184.900000  8.534250  1.358564
185.000000  8.415300  1.280712
185.100000  8.194650  1.533361
185.200000  8.582250  1.052811
185.300000  8.188100  0.978494
185.400000  8.493350  1.155342
185.500000  8.334400  0.926027
185.600000  8.420300  0.929845
185.700000  8.567050  1.258438
185.800000  8.411000  1.295137
185.900000  8.430450  1.473540
186.000000  8.498050  1.574656
186.100000  8.606200  1.602587
186.200000  8.535250  1.790041
186.300000  8.382550  1.582576
186.400000  8.164250  1.155766
186.500000  8.237250  1.227750
186.600000  8.518700  2.006910
186.700000  8.755050  1.103016
186.800000  8.570100  1.202082
186.900000  8.491700  1.037184
187.000000  8.195050  1.216436
187.100000  8.340700  1.044680
187.200000  8.059050  1.148271
187.300000  8.487600  1.204061
187.400000  7.945050  1.019294
187.500000  8.041150  0.991152
187.600000  8.315200  1.253135
187.700000  8.328200  1.492985
187.800000  8.656200  1.703279
187.900000  8.455850  1.611708
188.000000  8.822250  1.470429
188.100000  8.808000  1.859408
188.200000  8.681750  2.192385
188.300000  9.254300  2.898289
188.400000  8.356200  1.767343
188.500000  9.365750  2.061853
188.600000  9.375450  2.541412
188.700000  9.168200  2.537382
188.800000  9.020600  2.365272
188.900000  9.225200  2.693087
189.000000  8.639650  1.931745
189.100000  8.493100  1.552099
189.200000  8.779650  1.763454
189.300000  8.330200  2.104491
189.400000  8.367050  2.099188
189.500000  8.677450  1.395899
189.600000  8.018300  0.656902
189.700000  8.127700  0.631022
189.800000  8.244850  0.989030
189.900000  7.910300  0.775696
190.000000  7.860100  0.804122
190.100000  7.896000  1.087672
190.200000  7.776200  1.384374
190.300000  7.778350  0.442720
190.400000  7.979550  0.979555
190.500000  8.289400  0.493136
190.600000  8.049950  1.162837
190.700000  7.798550  0.953251
190.800000  7.925700  0.811334
190.900000  7.797050  1.332401
191.000000  8.146900  0.975383
191.100000  8.084900  0.917825
191.200000  8.483150  1.038811
191.300000  7.973850  1.056064
191.400000  7.665850  0.884378
191.500000  7.871750  1.009961
191.600000  7.946050  1.006991
191.700000  7.977650  0.969373
191.800000  8.018050  0.627699
191.900000  8.205450  0.786091
192.000000  8.068600  0.679671
192.100000  8.240000  0.999566
192.200000  8.144200  0.603869
192.300000  8.172750  0.815365
192.400000  7.915350  0.832335
192.500000  8.253550  0.859771
192.600000  8.104050  0.739422
192.700000  8.241250  0.920441
192.800000  8.120900  1.323845
192.900000  7.868550  0.919592
193.000000  8.168200  1.034497
193.100000  8.036300  0.973262
193.200000  8.068950  0.891167
193.300000  8.096700  0.720118
193.400000  8.094600  0.743876
193.500000  7.871250  0.885934
193.600000  7.976150  0.236103
193.700000  8.178300  0.921784
193.800000  7.961100  0.724360
193.900000  7.849250  1.197202
194.000000  7.893500  0.673731
194.100000  8.055850  0.733906
194.200000  8.547950  1.405375
194.300000  8.504050  1.544109
194.400000  8.552750  1.363514
194.500000  8.455850  1.292662
194.600000  8.298950  1.215446
194.700000  8.097700  1.118502
194.800000  8.013700  0.780080
194.900000  8.079600  0.606839
195.000000  8.443700  1.000980
195.100000  8.921350  1.325330
195.200000  8.351350  0.896541
195.300000  8.438000  1.214668
195.400000  8.519300  1.164322
195.500000  8.270550  1.455014
195.600000  8.634150  1.105137
195.700000  8.413550  0.962726
195.800000  8.459050  1.476651
195.900000  8.402450  0.726128
196.000000  8.254950  1.402263
196.100000  8.399150  1.177686
196.200000  8.191800  1.014981
196.300000  8.336250  1.554999
196.400000  8.633450  1.446811
196.500000  7.767550  1.141907
196.600000  7.983600  0.956715
196.700000  7.770450  0.738573
196.800000  7.984650  1.226052
196.900000  7.907200  1.033224
197.000000  8.413100  1.401768
197.100000  8.000800  1.600890
197.200000  8.238100  0.509683
197.300000  7.904450  0.772373
197.400000  7.961850  0.328593
197.500000  7.695650  0.811688
197.600000  7.825650  0.598566
197.700000  8.055050  0.767140
197.800000  8.135250  0.628547
197.900000  7.745800  0.481964
198.000000  8.013900  0.672883
198.100000  7.875000  0.669489
198.200000  7.871100  0.831133
198.300000  7.823200  0.652377
198.400000  7.880250  0.532098
198.500000  7.945800  0.720966
198.600000  8.062350  0.480055
198.700000  7.865800  0.966049
198.800000  7.613400  0.808930
198.900000  7.974750  0.926663
199.000000  8.118850  0.670691
199.100000  7.587250  0.969656
199.200000  8.023300  0.615607
199.300000  7.862500  1.307016
199.400000  7.931200  0.916269
199.500000  8.424500  1.415345
199.600000  8.350400  1.490581
199.700000  7.876750  1.398162
199.800000  7.962800  1.433023
199.900000  7.822300  1.346048
200.000000  7.948150  0.528845
