# aggregated from 2 replicates
# x  mean  std
0.000000  73.890000  0.000000
0.100000  76.105500  0.259508
0.200000  75.800000  0.493561
0.300000  77.127000  0.022627
0.400000  76.456000  1.797465
0.500000  77.592500  0.440528
0.600000  74.951500  1.215517
0.700000  76.859000  1.715441
0.800000  75.567000  0.978636
0.900000  76.037000  3.262591
1.000000  75.125000  2.429619
1.100000  76.021500  1.071267
1.200000  76.784000  1.708370
1.300000  77.434500  2.284662
1.400000  76.608500  1.604425
1.500000  77.253500  0.613062
1.600000  77.924000  1.712613
1.700000  78.133000  1.446740
1.800000  76.608500  1.610082
1.900000  75.810500  0.350018
2.000000  75.584000  1.697056
2.100000  75.901500  2.078187
2.200000  75.612000  1.501895
2.300000  76.009500  2.382243
2.400000  75.465000  0.070711
2.500000  75.485000  0.596798
2.600000  75.985000  0.275772
2.700000  75.452000  2.059095
2.800000  76.096500  0.502753
2.900000  74.721000  0.383252
3.000000  77.024000  1.936058
3.100000  77.085500  1.420578
3.200000  75.155000  0.589727
3.300000  75.697000  2.056267
3.400000  76.396000  1.084702
3.500000  76.687500  1.283399
3.600000  74.694000  0.241831
3.700000  75.058000  2.719533
3.800000  76.389500  0.417900
3.900000  76.857500  0.637103
4.000000  75.640500  1.021769
4.100000  75.430000  0.192333
4.200000  76.207500  0.583363
4.300000  74.722500  2.636801
4.400000  74.845500  0.344361
4.500000  74.089500  1.545028
4.600000  74.677000  0.729734
4.700000  74.189000  0.386080
4.800000  73.282000  1.118643
4.900000  74.377500  1.238144
5.000000  72.708500  0.290621
5.100000  73.374000  0.978636
5.200000  74.630500  0.504167
5.300000  74.348000  4.303452
5.400000  74.084000  3.143797
5.500000  73.636000  1.705542
5.600000  75.235500  1.495531
5.700000  73.442000  3.411083
5.800000  75.021000  2.074651
5.900000  73.877500  2.471338
6.000000  74.757000  3.488865
6.100000  74.203000  3.932928
6.200000  73.622000  4.658419
6.300000  74.988500  2.201223
6.400000  75.196500  3.606952
6.500000  75.453500  1.970707
6.600000  76.284500  1.690692
6.700000  76.281500  0.644174
6.800000  76.279000  0.089095
6.900000  74.908000  1.117229
7.000000  76.840500  2.229508
7.100000  77.142000  0.171120
7.200000  75.965000  1.093187
7.300000  74.517000  0.065054
7.400000  76.282000  1.402900
7.500000  74.077000  1.684328
7.600000  75.818000  2.245771
7.700000  76.517000  2.357494
7.800000  75.525000  2.317896
7.900000  76.324000  0.917825
8.000000  75.199500  1.710491
8.100000  75.773000  2.201931
8.200000  74.680500  3.203901
8.300000  75.076000  0.436992
8.400000  74.538000  1.656044
8.500000  75.496000  2.637508
8.600000  75.108000  3.016518
8.700000  76.142000  1.278449
8.800000  75.820500  3.295825
8.900000  75.488000  3.692512
9.000000  75.685000  0.893783
9.100000  76.440000  1.475025
9.200000  75.645500  2.341231
9.300000  76.060000  1.237437
9.400000  76.328500  2.628316
9.500000  76.904000  2.470631
9.600000  75.961500  2.653772
9.700000  76.322000  3.350272
9.800000  76.000000  1.409971
9.900000  75.573500  2.260620
10.000000  75.668500  0.135057
10.100000  77.045500  1.465832
10.200000  76.140500  0.342947
10.300000  76.268000  0.404465
10.400000  74.920500  0.921360
10.500000  76.821500  1.812315
10.600000  75.470000  0.503460
10.700000  76.166500  1.928280
10.800000  75.037000  0.015556
10.900000  75.827500  0.661145
11.000000  76.146000  1.067731
11.100000  76.516000  1.469368
11.200000  76.261000  2.641751
11.300000  75.415000  2.760545
11.400000  74.859500  0.745998
11.500000  75.807000  1.738068
11.600000  77.069000  1.617860
11.700000  75.286500  1.144806
11.800000  75.327500  0.929845
11.900000  75.592500  1.669479
12.000000  75.344000  1.699885
12.100000  75.105000  0.188090
12.200000  75.887500  2.348302
12.300000  77.360000  0.844285
12.400000  75.585000  1.145513
12.500000  75.222500  0.956715
12.600000  75.308000  0.241831
12.700000  75.938500  0.649831
12.800000  75.991500  0.924189
12.900000  77.412500  0.358503
13.000000  76.518500  0.017678
13.100000  75.518500  2.751352
13.200000  74.874000  0.350725
13.300000  76.938000  1.698470
13.400000  77.012500  0.365574
13.500000  74.720500  1.478560
13.600000  75.505000  0.155563
13.700000  76.559500  1.412092
13.800000  75.376000  1.224709
13.900000  74.374000  0.340825
14.000000  75.191000  1.793223
14.100000  75.848500  0.491439
14.200000  74.661500  1.081166
14.300000  74.469500  1.694935
14.400000  76.499000  0.601041
14.500000  75.927500  0.147785
14.600000  75.845500  0.098288
14.700000  75.308000  0.089095
14.800000  74.638000  2.607810
14.900000  76.303500  1.383808
15.000000  73.805500  1.696349
15.100000  74.480500  3.498057
15.200000  73.639000  2.303754
15.300000  73.688500  2.100814
15.400000  73.859500  3.253398
15.500000  74.951500  2.495380
15.600000  73.702500  0.676701
15.700000  75.044000  1.460883
15.800000  74.183500  1.038740
15.900000  74.857000  2.490430
16.000000  74.408500  1.089652
16.100000  74.048500  0.976514
16.200000  75.552000  3.659985
16.300000  75.192000  3.341787
16.400000  74.354500  1.676550
16.500000  74.698500  0.709228
16.600000  75.436500  2.844691
16.700000  76.048000  1.289763
16.800000  75.665500  1.962221
16.900000  74.356500  2.030104
17.000000  75.325500  0.057276
17.100000  75.125000  0.039598
17.200000  76.266500  0.012021
17.300000  75.833500  2.889945
17.400000  76.166000  0.172534
17.500000  75.069500  1.895753
17.600000  75.127000  0.694379
17.700000  75.957500  0.140714
17.800000  77.156000  1.121471
17.900000  75.068500  0.673873
18.000000  74.381000  1.643316
18.100000  74.388000  2.312239
18.200000  75.409000  1.718269
18.300000  75.139000  0.255973
18.400000  75.092000  2.033639
18.500000  75.923000  2.527200
18.600000  75.474500  0.689429
18.700000  75.613000  2.709633
18.800000  74.646500  0.491439
18.900000  75.916500  1.567656
19.000000  74.539000  0.992778
19.100000  74.771500  0.012021
19.200000  75.392000  1.094601
19.300000  75.593500  1.324411
19.400000  75.543000  0.803273
19.500000  74.690500  1.545028
19.600000  74.258000  1.132785
19.700000  75.638000  2.644579
19.800000  75.278500  3.540484
19.900000  74.983500  3.235014
20.000000  74.932500  2.228093
20.100000  75.230000  2.636094
20.200000  75.217000  1.981313
20.300000  75.334000  3.500179
20.400000  75.970000  1.186525
20.500000  75.383000  2.289612
20.600000  75.711500  3.847368
20.700000  75.778000  2.015254
20.800000  75.960500  2.540635
20.900000  74.350500  2.735796
21.000000  74.553000  3.470480
21.100000  75.152500  4.239105
21.200000  76.028500  4.357899
21.300000  74.215500  3.498057
21.400000  74.570000  0.739634
21.500000  73.640500  1.718977
21.600000  75.064000  2.473460
21.700000  74.425000  2.435276
21.800000  74.867000  1.957272
21.900000  75.949500  1.361181
22.000000  75.063500  4.463965
22.100000  73.404000  3.371485
22.200000  75.376000  3.747666
22.300000  74.294500  3.672006
22.400000  75.815000  0.808930
22.500000  74.200000  2.965606
22.600000  75.049000  3.082986
22.700000  74.990500  5.246025
22.800000  74.390000  2.883581
22.900000  73.976500  2.945100
23.000000  73.732500  4.199507
23.100000  74.443500  3.300067
23.200000  74.423500  5.254510
23.300000  75.047500  2.611345
23.400000  74.792000  3.379970
23.500000  74.399500  3.481087
23.600000  75.124500  3.237842
23.700000  75.108000  3.949898
23.800000  74.309500  2.527907
23.900000  74.569000  3.722210
24.000000  74.562500  2.416184
24.100000  74.759000  1.680086
24.200000  74.165500  1.133492
24.300000  74.779000  2.449418
24.400000  74.951000  2.474874
24.500000  74.769000  2.781758
24.600000  74.343500  1.470075
24.700000  75.445000  2.507401
24.800000  75.870000  2.607810
24.900000  74.521500  2.363858
25.000000  74.934500  3.242085
25.100000  74.092500  3.476844
25.200000  75.253000  3.512906
25.300000  75.618500  2.850347
25.400000  75.074000  3.142383
25.500000  75.269500  4.100512
25.600000  75.338500  3.044095
25.700000  74.147000  4.121018
25.800000  75.366000  2.216073
25.900000  73.914500  2.980455
26.000000  75.387500  3.284511
26.100000  75.271000  2.397092
26.200000  73.998000  2.146776
26.300000  75.313500  3.117634
26.400000  74.793500  3.882723
26.500000  74.785000  2.627609
26.600000  74.637000  2.316482
26.700000  73.855000  2.002526
26.800000  75.399000  1.844134
26.900000  75.565000  2.682763
27.000000  75.297500  1.785445
27.100000  74.709500  3.465530
27.200000  74.236500  2.090915
27.300000  74.058500  2.280419
27.400000  74.657000  4.074349
27.500000  73.802500  3.628165
27.600000  74.473500  3.410376
27.700000  74.986500  1.977778
27.800000  75.494500  3.517856
27.900000  75.503000  3.244206
28.000000  74.706500  3.471187
28.100000  74.936000  2.641751
28.200000  73.968500  2.597203
28.300000  74.884500  2.697612
28.400000  74.683500  1.808072
28.500000  75.162000  3.132483
28.600000  75.011500  3.739888
28.700000  76.368000  2.926008
28.800000  74.321500  2.813578
28.900000  76.157000  2.985405
29.000000  74.857000  2.554070
29.100000  74.725500  4.080713
29.200000  74.923500  0.004950
29.300000  75.329000  2.070409
29.400000  74.549000  2.911866
29.500000  74.638500  4.141524
29.600000  74.312500  4.042529
29.700000  74.932500  4.212235
29.800000  74.969000  2.411234
29.900000  74.974000  4.780042
30.000000  73.863500  2.707512
30.100000  73.851500  3.841711
30.200000  75.358000  3.508664
30.300000  76.078000  2.787415
30.400000  75.989500  3.717260
30.500000  74.816000  3.197537
30.600000  75.817000  3.941413
30.700000  75.093000  3.816962
30.800000  75.873500  0.712057
30.900000  74.899500  2.822063
31.000000  74.673500  3.749787
31.100000  74.791500  4.571445
31.200000  74.470000  3.698168
31.300000  73.758000  2.136877
31.400000  73.853500  1.866055
31.500000  75.558000  5.815246
31.600000  76.737500  4.171223
31.700000  75.971000  3.901815
31.800000  75.376000  3.136726
31.900000  75.539000  3.931514
32.000000  74.609500  2.284662
32.100000  75.637500  4.282946
32.200000  74.750500  2.754181
32.300000  74.959500  1.317340
32.400000  76.075000  4.092734
32.500000  75.933500  4.741151
32.600000  75.562000  4.208700
32.700000  74.510500  2.865904
32.800000  74.184000  2.456489
32.900000  74.753500  2.889945
33.000000  74.894000  2.227386
33.100000  73.925000  3.593517
33.200000  74.462000  3.258348
33.300000  74.388000  4.433560
33.400000  74.885000  3.577960
33.500000  74.059500  4.101926
33.600000  76.301500  2.288905
33.700000  75.641000  1.947372
33.800000  74.581500  1.772717
33.900000  73.565000  2.009597
34.000000  72.828000  2.562555
34.100000  74.049000  2.200516
34.200000  74.757000  1.435427
34.300000  74.402500  3.335423
34.400000  73.700000  4.128089
34.500000  74.262500  1.943837
34.600000  76.194000  3.430882
34.700000  74.594500  2.766909
34.800000  73.696500  1.658165
34.900000  74.365500  4.031216
35.000000  75.198000  3.544019
35.100000  74.865000  3.016518
35.200000  75.131000  0.859842
35.300000  75.465000  0.330926
35.400000  74.306000  2.694077
35.500000  75.989500  1.636952
35.600000  74.973000  3.344615
35.700000  74.914000  2.439518
35.800000  75.611500  1.883025
35.900000  73.936000  1.647559
36.000000  74.790000  2.303754
36.100000  74.102000  2.999547
36.200000  75.116500  1.356938
36.300000  74.541500  0.383959
36.400000  72.868000  0.907925
36.500000  75.671000  0.212132
36.600000  74.710500  0.876105
36.700000  75.972500  2.475581
36.800000  75.157500  3.263298
36.900000  74.756000  2.780344
37.000000  73.359000  2.269813
37.100000  73.981500  0.809637
37.200000  75.348000  2.299511
37.300000  74.306500  1.764231
37.400000  74.718500  0.101116
37.500000  74.001500  0.204354
37.600000  73.439000  0.063640
37.700000  74.881500  2.277591
37.800000  74.562500  1.167433
37.900000  74.645500  0.207182
38.000000  75.233500  0.755897
38.100000  73.822000  0.288500
38.200000  74.805500  0.917117
38.300000  73.841500  0.061518
38.400000  75.869500  0.290621
38.500000  74.766500  1.105208
38.600000  76.050000  0.374767
38.700000  74.648500  0.187383
38.800000  73.973000  2.060509
38.900000  72.701500  0.359917
39.000000  74.229000  2.935907
39.100000  72.712000  0.226274
39.200000  73.136500  2.741453
39.300000  73.881500  1.286227
39.400000  73.252000  0.824487
39.500000  74.187500  1.359766
39.600000  74.017000  0.718420
39.700000  73.503500  0.891662
39.800000  74.548000  0.582656
39.900000  72.969500  2.396385
40.000000  72.242500  1.113693
40.100000  73.507500  1.407850
40.200000  73.108500  1.120764
40.300000  73.673500  0.925603
40.400000  73.603000  0.444063
40.500000  75.438500  0.888833
40.600000  73.642000  1.691399
40.700000  73.207000  1.040861
40.800000  74.845500  2.195567
40.900000  74.415500  2.085258
41.000000  74.593500  1.556342
41.100000  74.139000  1.178040
41.200000  73.560500  2.334159
41.300000  74.443000  0.824487
41.400000  74.198000  3.416740
41.500000  74.463000  0.784889
41.600000  73.211500  3.721503
41.700000  73.006500  2.930958
41.800000  74.173000  2.750645
41.900000  73.545500  0.999142
42.000000  73.296000  0.698621
42.100000  74.677000  1.989798
42.200000  73.195000  1.356231
42.300000  73.428000  2.380121
42.400000  71.917500  1.561999
42.500000  72.684500  2.645286
42.600000  75.142500  1.192889
42.700000  73.321500  2.020204
42.800000  72.558500  0.600334
42.900000  73.594000  1.284106
43.000000  73.795500  3.599881
43.100000  74.293500  1.069853
43.200000  72.960500  2.454368
43.300000  74.013000  4.063036
43.400000  74.197500  2.185667
43.500000  74.461000  1.052175
43.600000  73.278000  2.703976
43.700000  74.052500  3.533413
43.800000  74.435500  2.946514
43.900000  74.918500  1.330068
44.000000  72.211000  2.541342
44.100000  73.161500  1.785445
44.200000  73.722000  3.343201
44.300000  74.396000  2.658721
44.400000  74.575000  0.719835
44.500000  73.610000  2.783172
44.600000  74.728000  2.597910
44.700000  74.829500  3.219457
44.800000  74.519500  3.657863
44.900000  75.417500  3.437246
45.000000  74.480000  2.457903
45.100000  75.466500  2.402042
45.200000  74.950000  1.796051
45.300000  74.404000  0.779232
45.400000  73.583500  0.473054
45.500000  73.850500  1.451690
45.600000  74.033500  1.511087
45.700000  73.782000  0.591141
45.800000  73.221000  0.267286
45.900000  74.533500  1.912724
46.000000  74.592500  1.188646
46.100000  74.837500  1.922623
46.200000  74.890500  1.431891
46.300000  74.996000  1.170969
46.400000  74.767500  2.433154
46.500000  74.892000  0.380423
46.600000  74.733500  1.054296
46.700000  75.604000  0.742462
46.800000  74.325500  0.422143
46.900000  74.239500  0.293449
47.000000  75.748500  2.329917
47.100000  74.229500  3.169960
47.200000  74.661500  0.620133
47.300000  76.140000  1.835649
47.400000  74.482000  3.409669
47.500000  75.393000  0.500632
47.600000  74.742000  1.965757
47.700000  74.333500  0.021920
47.800000  74.889500  0.402344
47.900000  74.253500  2.178596
48.000000  73.804500  0.915703
48.100000  73.226500  0.928431
48.200000  74.280500  1.546443
48.300000  72.718000  0.719835
48.400000  74.607500  0.707814
48.500000  74.563500  0.451841
48.600000  73.778500  0.446184
48.700000  73.154000  0.213546
48.800000  74.081500  0.992071
48.900000  73.774000  1.593819
49.000000  74.789000  0.643467
49.100000  73.840500  2.533564
49.200000  74.244500  1.455933
49.300000  73.299500  1.789687
49.400000  73.633500  1.846256
49.500000  74.115000  1.209153
49.600000  75.549500  1.352695
49.700000  75.421000  0.428507
49.800000  72.807500  2.096572
49.900000  73.154000  2.027982
50.000000  72.691500  2.587304
50.100000  72.507500  2.693370
50.200000  73.417000  2.754888
50.300000  73.902000  0.627911
50.400000  73.273000  0.963079
50.500000  75.212500  0.119501
50.600000  73.523500  1.505430
50.700000  72.738000  0.666095
50.800000  74.423500  1.064196
50.900000  73.044000  0.992778
51.000000  72.810000  1.660287
51.100000  73.638500  3.136019
51.200000  73.640000  2.520129
51.300000  72.332000  1.763524
51.400000  73.652000  0.801859
51.500000  73.403500  2.127684
51.600000  75.077500  2.188495
51.700000  74.106000  1.733826
51.800000  73.723500  2.485480
51.900000  73.618500  2.185667
52.000000  73.511500  2.796607
52.100000  72.972500  2.672157
52.200000  72.766500  0.603162
52.300000  73.642500  2.342645
52.400000  74.022000  1.985556
52.500000  74.003000  2.651650
52.600000  73.218000  1.385929
52.700000  73.929500  1.499773
52.800000  74.869000  1.153998
52.900000  74.531500  1.000556
53.000000  74.661000  1.039447
53.100000  74.110500  1.955150
53.200000  74.636500  2.891360
53.300000  74.455500  2.376586
53.400000  74.168500  4.032630
53.500000  75.145000  1.919088
53.600000  75.305500  1.748675
53.700000  75.019500  2.378000
53.800000  73.517000  0.661852
53.900000  75.613000  3.023589
54.000000  73.485500  2.718826
54.100000  74.011500  1.335725
54.200000  74.538500  1.759989
54.300000  73.882500  0.905804
54.400000  73.959000  0.728320
54.500000  74.393000  1.762110
54.600000  75.329500  1.847670
54.700000  74.665500  0.215668
54.800000  74.434500  1.018941
54.900000  74.610000  0.026870
55.000000  73.414000  0.613769
55.100000  73.788500  0.680944
55.200000  73.841500  1.248043
55.300000  74.531000  0.735391
55.400000  74.844000  1.640488
55.500000  74.986500  0.850649
55.600000  75.821000  0.210718
55.700000  73.707000  0.937624
55.800000  74.757000  0.497803
55.900000  74.262000  0.461034
56.000000  75.361000  3.309260
56.100000  75.034500  1.003385
56.200000  74.556500  1.854741
56.300000  75.236000  0.738219
56.400000  74.730000  0.636396
56.500000  75.637500  2.239407
56.600000  77.006000  2.747817
56.700000  75.207000  0.554372
56.800000  74.912000  0.882469
56.900000  74.415000  0.255973
57.000000  74.534000  2.047781
57.100000  75.954000  1.629174
57.200000  75.118500  1.427649
57.300000  75.322000  0.811759
57.400000  73.951500  0.577706
57.500000  75.971000  1.176626
57.600000  75.937000  1.393000
57.700000  74.549000  0.248902
57.800000  74.872000  0.318198
57.900000  75.971500  0.194454
58.000000  75.274000  1.165312
58.100000  75.514000  0.602455
58.200000  75.002500  1.840599
58.300000  74.990500  1.055710
58.400000  73.669000  1.391586
58.500000  74.628500  1.256529
58.600000  75.478000  1.415628
58.700000  75.367000  1.603718
58.800000  74.259500  1.984849
58.900000  74.064000  1.721098
59.000000  75.245500  0.976514
59.100000  76.515000  2.059095
59.200000  75.033000  0.367696
59.300000  74.919000  0.601041
59.400000  74.350500  0.569221
59.500000  74.729500  1.957979
59.600000  74.965000  1.863933
59.700000  75.799500  1.561999
59.800000  74.446500  0.673873
59.900000  74.616000  0.520431
60.000000  73.852000  0.940452
60.100000  75.352000  1.431184
60.200000  74.102500  0.874691
60.300000  74.441000  0.149907
60.400000  74.485000  0.567100
60.500000  75.592000  0.558614
60.600000  74.052000  1.632002
60.700000  74.204000  1.549978
60.800000  75.216500  0.031820
60.900000  74.486000  0.543058
61.000000  74.025500  0.514067
61.100000  74.238500  0.119501
61.200000  75.547000  0.903682
61.300000  74.101000  0.420021
61.400000  74.896500  0.125158
61.500000  76.088000  0.678823
61.600000  72.412500  0.754483
61.700000  74.766000  1.893632
61.800000  74.197500  0.376888
61.900000  74.319500  0.453255
62.000000  74.780000  1.063489
62.100000  74.905000  0.517602
62.200000  74.889500  1.454519
62.300000  74.135000  0.980050
62.400000  75.001500  1.546443
62.500000  72.696500  0.317491
62.600000  74.970000  2.450832
62.700000  74.481000  0.231931
62.800000  75.477000  1.801708
62.900000  74.162000  1.508966
63.000000  74.774000  0.854185
63.100000  76.213000  1.385929
63.200000  74.550500  0.383959
63.300000  74.919000  0.237588
63.400000  74.726000  0.233345
63.500000  74.848500  1.239558
63.600000  74.310500  1.359766
63.700000  74.377000  2.143948
63.800000  74.515000  0.794788
63.900000  74.916000  1.274206
64.000000  75.185500  1.860398
64.100000  75.611000  0.449720
64.200000  73.922500  0.051619
64.300000  74.953500  0.849235
64.400000  74.680500  2.672157
64.500000  73.715000  2.192031
64.600000  74.818500  1.429063
64.700000  72.858000  1.032376
64.800000  74.257000  1.763524
64.900000  73.686500  0.553665
65.000000  75.318000  3.183395
65.100000  76.342000  2.685592
65.200000  74.829000  1.764939
65.300000  73.639000  4.200214
65.400000  75.140000  0.441235
65.500000  74.254500  1.566242
65.600000  74.105500  3.505128
65.700000  75.311500  0.532451
65.800000  75.830500  0.221324
65.900000  74.966500  1.371080
66.000000  73.759500  1.334310
66.100000  76.677500  0.309006
66.200000  75.977000  0.668923
66.300000  75.460000  1.282692
66.400000  76.240500  1.726048
66.500000  75.030000  2.064752
66.600000  74.512500  0.840750
66.700000  75.761500  1.267842
66.800000  75.127500  2.030104
66.900000  74.012500  0.440528
67.000000  75.220500  0.572049
67.100000  74.616500  2.013133
67.200000  74.111000  2.357494
67.300000  74.423500  0.208597
67.400000  74.728500  2.146069
67.500000  73.284000  0.205061
67.600000  74.315000  1.521694
67.700000  73.071000  0.295571
67.800000  74.356000  2.378707
67.900000  74.965000  0.104652
68.000000  74.856500  0.040305
68.100000  76.514500  0.600334
68.200000  75.506000  1.169555
68.300000  73.579500  0.147785
68.400000  74.778000  0.019799
68.500000  74.458500  1.050054
68.600000  72.860000  1.988384
68.700000  74.447500  0.765797
68.800000  74.597500  0.207182
68.900000  74.973500  1.356938
69.000000  72.980500  0.047376
69.100000  74.062500  1.897167
69.200000  73.906000  0.466690
69.300000  74.481000  1.487753
69.400000  75.233000  2.377293
69.500000  75.021000  3.565232
69.600000  74.776500  3.038438
69.700000  74.614500  0.474469
69.800000  74.285500  0.521138
69.900000  74.380000  1.746554
70.000000  74.385000  1.954443
70.100000  74.932000  1.913431
70.200000  72.869500  1.055710
70.300000  73.428500  1.921209
70.400000  74.483500  0.789838
70.500000  74.456000  2.002526
70.600000  73.169000  1.060660
70.700000  73.667500  0.958130
70.800000  73.004000  2.153847
70.900000  72.728000  1.725341
71.000000  73.190000  1.665944
71.100000  74.059000  1.844134
71.200000  74.011000  3.044802
71.300000  73.180500  2.157383
71.400000  73.960000  3.119755
71.500000  75.039500  2.779637
71.600000  74.512500  4.629428
71.700000  73.495500  1.584626
71.800000  74.150000  1.322290
71.900000  74.409500  0.470226
72.000000  75.494500  1.993334
72.100000  73.956500  2.918230
72.200000  74.314500  1.914138
72.300000  74.498000  2.703976
72.400000  76.013000  1.185111
72.500000  73.592000  2.753474
72.600000  74.111500  1.371080
72.700000  74.416000  2.440933
72.800000  75.345500  2.505279
72.900000  74.762500  4.827418
73.000000  74.965500  3.137433
73.100000  75.089000  3.928685
73.200000  75.337500  2.501037
73.300000  74.363500  3.474016
73.400000  74.189000  1.779081
73.500000  74.841500  1.587455
73.600000  74.575000  1.486338
73.700000  74.087000  2.250014
73.800000  75.253500  1.813729
73.900000  74.778000  3.206022
74.000000  75.514000  3.685441
74.100000  74.546500  2.206880
74.200000  75.422000  1.650387
74.300000  76.104000  1.135613
74.400000  73.325500  0.652660
74.500000  74.952500  3.543312
74.600000  75.005000  1.786152
74.700000  75.113500  0.907218
74.800000  76.308500  1.083995
74.900000  73.898000  1.953029
75.000000  73.595000  2.460732
75.100000  75.102000  1.600890
75.200000  74.658000  3.026417
75.300000  75.250500  3.379263
75.400000  74.766000  0.012728
75.500000  75.059500  0.618718
75.600000  74.051500  2.076773
75.700000  74.881500  0.966615
75.800000  74.111000  0.428507
75.900000  74.184500  0.044548
76.000000  73.958500  0.898733
76.100000  74.394000  1.899289
76.200000  75.402000  0.507703
76.300000  74.185000  0.752362
76.400000  74.404000  0.828729
76.500000  74.190500  0.239709
76.600000  73.349000  1.715441
76.700000  74.108500  0.365574
76.800000  75.301500  0.508410
76.900000  75.376500  0.762968
77.000000  74.170500  0.597505
77.100000  74.580500  0.382545
77.200000  74.803500  0.689429
77.300000  75.329500  0.127986
77.400000  74.957500  0.376888
77.500000  75.219000  0.002828
77.600000  74.966500  1.042983
77.700000  74.978000  0.079196
77.800000  73.218000  1.363302
77.900000  74.182500  0.341533
78.000000  74.504000  0.736805
78.100000  73.842000  0.707107
78.200000  75.381000  1.036619
78.300000  74.838500  0.133643
78.400000  74.496500  0.886005
78.500000  73.801500  0.084146
78.600000  75.364000  1.023891
78.700000  74.682500  0.639932
78.800000  75.738500  1.759989
78.900000  75.431500  1.724633
79.000000  75.358500  2.542049
79.100000  75.338000  2.836912
79.200000  73.885000  3.355929
79.300000  74.852500  1.733119
79.400000  74.916500  1.734533
79.500000  72.265000  1.169555
79.600000  74.515500  0.012021
79.700000  74.194500  2.047074
79.800000  74.518500  1.532300
79.900000  74.423500  3.267540
80.000000  74.105000  1.213395
80.100000  75.364000  0.428507
80.200000  75.608500  2.471338
80.300000  74.178500  2.641044
80.400000  75.122000  1.820093
80.500000  74.495000  2.221730
80.600000  74.847500  1.047225
80.700000  74.358000  1.139856
80.800000  75.216500  0.171827
80.900000  74.654000  1.643316
81.000000  76.344500  2.513765
81.100000  75.310000  0.750947
81.200000  75.403000  0.975807
81.300000  76.175000  1.224709
81.400000  75.972000  0.282843
81.500000  76.570000  1.187939
81.600000  75.981000  2.039296
81.700000  75.206000  1.762110
81.800000  74.450000  0.360624
81.900000  75.873500  0.874691
82.000000  75.967500  0.391030
82.100000  74.476500  0.330219
82.200000  74.678000  0.248902
82.300000  73.523500  0.231224
82.400000  74.229500  0.884591
82.500000  74.837000  3.647257
82.600000  74.492000  2.654479
82.700000  75.486000  0.421436
82.800000  75.231000  1.777666
82.900000  75.264000  1.657458
83.000000  75.149000  0.277186
83.100000  75.112000  1.101672
83.200000  75.310500  2.113542
83.300000  76.096000  2.623366
83.400000  75.198000  1.784738
83.500000  75.421500  0.102530
83.600000  74.890000  0.296985
83.700000  75.412500  1.963636
83.800000  76.107500  0.454670
83.900000  75.635000  2.224558
84.000000  75.529500  0.700743
84.100000  75.571500  2.175768
84.200000  74.844500  0.434871
84.300000  76.325500  0.770039
84.400000  75.416000  1.435427
84.500000  74.790500  2.486895
84.600000  77.104000  1.127128
84.700000  76.667500  1.938180
84.800000  76.035000  0.773575
84.900000  75.653000  2.658721
85.000000  75.629000  2.851055
85.100000  75.234000  2.197688
85.200000  76.210000  2.621952
85.300000  74.702500  1.297541
85.400000  74.587000  3.665642
85.500000  75.041000  2.019497
85.600000  75.132500  4.121725
85.700000  76.011000  2.102936
85.800000  75.297500  3.581496
85.900000  75.885000  2.111421
86.000000  76.764500  2.308704
86.100000  76.478000  4.904493
86.200000  75.404000  4.630135
86.300000  76.766500  2.805093
86.400000  76.746500  2.730139
86.500000  76.174000  2.715290
86.600000  76.309000  3.413912
86.700000  75.717500  2.977627
86.800000  75.198500  0.819537
86.900000  74.346000  1.564120
87.000000  74.472500  0.536694
87.100000  74.939000  0.804688
87.200000  75.178000  0.458205
87.300000  76.009500  0.366988
87.400000  76.590500  1.504016
87.500000  75.267000  2.283955
87.600000  76.055500  1.364009
87.700000  75.538500  0.697914
87.800000  76.964000  2.197688
87.900000  75.096500  1.239558
88.000000  75.070500  0.490025
88.100000  75.477500  0.925603
88.200000  74.510500  1.757160
88.300000  73.938000  0.140007
88.400000  74.948000  0.893783
88.500000  74.907000  0.166877
88.600000  75.272000  1.634831
88.700000  75.097500  0.208597
88.800000  75.993000  0.410122
88.900000  75.476500  0.924189
89.000000  74.952000  0.149907
89.100000  75.532500  0.137886
89.200000  74.873000  0.640639
89.300000  75.187000  0.575585
89.400000  74.741500  0.465983
89.500000  74.473500  0.313248
89.600000  76.460500  0.115258
89.700000  76.468500  0.057276
89.800000  75.896500  0.074246
89.900000  74.858500  0.221324
90.000000  75.180500  0.163342
90.100000  76.223000  1.428356
90.200000  76.809000  2.760545
90.300000  74.762000  2.568212
90.400000  75.100500  1.228244
90.500000  75.492000  4.316180
90.600000  76.471500  2.362444
90.700000  75.218000  2.425376
90.800000  73.988500  1.479974
90.900000  74.280500  3.215215
91.000000  74.502000  2.527200
91.100000  76.410000  1.828578
91.200000  75.844000  1.633417
91.300000  76.520500  0.379716
91.400000  74.639500  2.257792
91.500000  76.240500  2.025861
91.600000  76.509500  0.921360
91.700000  75.635000  1.131371
91.800000  75.410000  1.129957
91.900000  74.888000  2.448004
92.000000  74.353500  0.454670
92.100000  76.141500  1.417749
92.200000  74.726500  0.405172
92.300000  75.296500  1.933937
92.400000  75.479500  0.477297
92.500000  75.075500  1.332896
92.600000  74.141500  0.177484
92.700000  74.160000  0.349311
92.800000  74.379500  0.314663
92.900000  74.219000  0.957423
93.000000  75.360000  1.762110
93.100000  75.717000  1.994041
93.200000  74.630500  2.049903
93.300000  75.359500  0.409415
93.400000  74.400000  1.279863
93.500000  73.734000  0.965908
93.600000  74.107000  1.491995
93.700000  74.555500  0.464569
93.800000  74.427000  0.004243
93.900000  74.246000  1.422699
94.000000  73.960500  1.506845
94.100000  74.434000  1.555635
94.200000  72.917000  2.968434
94.300000  76.015500  3.179859
94.400000  73.972000  0.432749
94.500000  73.364500  1.389465
94.600000  75.936500  2.819235
94.700000  74.195500  1.365423
94.800000  73.990000  2.139705
94.900000  73.478000  0.948937
95.000000  73.608500  0.430628
95.100000  73.883000  1.371787
95.200000  74.982500  2.078187
95.300000  74.935000  1.173797
95.400000  75.062000  0.574171
95.500000  73.750500  0.692258
95.600000  74.848000  2.456489
95.700000  74.043000  2.754888
95.800000  72.614500  1.089652
95.900000  73.489500  0.323148
96.000000  76.272500  1.938180
96.100000  76.342000  1.274206
96.200000  76.568500  0.416486
96.300000  74.819000  0.429921
96.400000  74.136500  0.051619
96.500000  74.989000  0.881055
96.600000  75.553000  0.130108
96.700000  73.850500  0.499924
96.800000  74.834500  0.051619
96.900000  75.050000  0.052326
97.000000  73.566500  1.050054
97.100000  74.981500  0.989242
97.200000  75.173500  2.954999
97.300000  74.646000  1.124300
97.400000  73.132000  0.264458
97.500000  75.204000  0.804688
97.600000  73.643500  0.825194
97.700000  74.901500  0.311834
97.800000  74.458500  1.187232
97.900000  74.101000  0.517602
98.000000  74.749500  0.225567
98.100000  74.985500  1.072681
98.200000  74.959000  0.575585
98.300000  74.783500  1.373908
98.400000  74.359000  0.824487
98.500000  73.439500  0.434871
98.600000  73.172000  0.632153
98.700000  74.492000  0.097581
98.800000  73.312500  1.263600
98.900000  74.846000  0.339411
99.000000  72.828000  0.694379
99.100000  73.642500  0.785596
99.200000  73.446500  0.859135
99.300000  73.994500  0.563564
99.400000  73.231000  0.541644
99.500000  72.010000  0.117380
99.600000  72.762000  0.984293
99.700000  73.276500  0.323148
99.800000  73.942500  0.239709
99.900000  73.588000  0.675994
100.000000  74.140500  1.875954
100.100000  75.073500  0.477297
100.200000  73.264000  0.370524
100.300000  74.250000  0.516188
100.400000  74.072500  1.817972
100.500000  74.369500  0.241123
100.600000  73.662000  0.190919
100.700000  72.911500  1.426234
100.800000  74.489000  0.927724
100.900000  73.439000  0.465276
101.000000  72.586000  1.186525
101.100000  73.557000  1.832821
101.200000  73.359000  0.093338
101.300000  74.149500  3.242085
101.400000  74.672500  0.251023
101.500000  73.955500  0.877520
101.600000  74.700000  0.917825
101.700000  75.385500  0.787010
101.800000  74.749500  0.470226
101.900000  74.851000  0.349311
102.000000  76.186000  1.376030
102.100000  74.842500  0.028991
102.200000  74.885000  2.101521
102.300000  74.503500  0.647003
102.400000  74.988500  1.105208
102.500000  75.867500  1.659580
102.600000  75.911500  2.605688
102.700000  74.394500  0.942573
102.800000  74.627000  1.887975
102.900000  75.221500  1.303198
103.000000  74.438500  1.939594
103.100000  73.678000  0.980050
103.200000  74.707000  1.214809
103.300000  77.115000  1.562706
103.400000  75.735000  0.206475
103.500000  74.714500  1.489874
103.600000  75.719500  1.274914
103.700000  74.925000  0.685894
103.800000  73.365500  1.048639
103.900000  74.465500  0.013435
104.000000  74.360000  0.790545
104.100000  74.486000  0.584070
104.200000  74.669500  2.632559
104.300000  75.109500  2.426083
104.400000  73.978000  0.743876
104.500000  74.247500  0.170413
104.600000  75.421500  1.328654
104.700000  75.384500  0.566393
104.800000  74.194500  1.953736
104.900000  72.925000  0.313955
105.000000  74.041500  0.212839
105.100000  74.231500  2.134755
105.200000  73.129500  1.912724
105.300000  75.087500  2.054145
105.400000  73.374000  1.627760
105.500000  74.514000  0.770746
105.600000  74.020000  0.995606
105.700000  75.400500  0.632861
105.800000  75.543000  0.766504
105.900000  76.161500  0.432042
106.000000  76.244000  1.260064
106.100000  76.130000  0.059397
106.200000  74.843000  0.016971
106.300000  75.155500  0.204354
106.400000  74.892500  2.491137
106.500000  73.706500  3.659278
106.600000  74.973000  1.603718
106.700000  73.936500  0.651245
106.800000  74.694000  1.709784
106.900000  74.482000  2.602153
107.000000  73.471000  3.000961
107.100000  74.069000  1.866762
107.200000  74.827000  0.739634
107.300000  72.619500  0.634275
107.400000  74.720000  1.657458
107.500000  74.915500  1.851913
107.600000  74.364000  0.418607
107.700000  74.831000  0.939038
107.800000  75.283500  0.893076
107.900000  74.626000  0.978636
108.000000  75.152500  0.133643
108.100000  74.902000  1.008334
108.200000  74.714500  1.245215
108.300000  73.675500  0.731856
108.400000  74.194000  0.480833
108.500000  74.460500  0.570635
108.600000  73.556000  0.533159
108.700000  73.097000  0.581242
108.800000  74.482500  1.860398
108.900000  74.043500  1.441791
109.000000  74.302500  1.697763
109.100000  76.675000  1.994041
109.200000  75.471000  0.312541
109.300000  74.819500  0.258094
109.400000  73.458500  0.798324
109.500000  74.559500  0.842164
109.600000  75.073500  1.426234
109.700000  73.895000  1.128542
109.800000  75.397500  2.493966
109.900000  73.421500  1.520987
110.000000  75.455000  2.162333
110.100000  75.713000  0.632153
110.200000  74.922500  1.250872
110.300000  75.166000  1.432598
110.400000  73.144500  1.298955
110.500000  75.686000  2.124149
110.600000  75.182500  2.196981
110.700000  74.134500  0.491439
110.800000  73.942000  0.632153
110.900000  73.791000  0.408708
111.000000  74.411000  0.984293
111.100000  74.143000  1.829992
111.200000  73.592000  1.856862
111.300000  73.191500  1.372494
111.400000  73.987500  1.808072
111.500000  74.867000  2.220315
111.600000  74.218000  0.031113
111.700000  73.301500  1.239558
111.800000  74.303500  1.501188
111.900000  72.958500  0.246780
112.000000  73.646500  0.887419
112.100000  74.433000  0.446891
112.200000  73.187000  2.009597
112.300000  72.827000  0.673166
112.400000  74.872000  0.189505
112.500000  74.274000  0.041012
112.600000  74.597000  1.305319
112.700000  74.125000  0.029698
112.800000  73.144000  1.398657
112.900000  75.553000  0.142836
113.000000  72.682000  0.420021
113.100000  73.666500  0.040305
113.200000  74.729500  1.791101
113.300000  74.103500  2.614174
113.400000  74.410000  2.415477
113.500000  73.669500  2.228093
113.600000  74.543500  0.809637
113.700000  74.616500  1.784030
113.800000  75.298500  0.662559
113.900000  74.791500  0.802566
114.000000  73.898500  0.596091
114.100000  72.882000  0.169706
114.200000  73.517000  0.773575
114.300000  72.297500  0.323148
114.400000  74.777000  0.478004
114.500000  74.282000  0.342240
114.600000  75.715000  0.496389
114.700000  73.896000  0.791960
114.800000  73.731000  1.138442
114.900000  74.096000  0.004243
115.000000  75.137500  0.055861
115.100000  73.687000  1.220466
115.200000  74.574000  0.197990
115.300000  73.081000  1.363302
115.400000  75.700000  1.013991
115.500000  73.769500  0.265165
115.600000  74.582000  1.336432
115.700000  74.353500  1.414921
115.800000  74.649000  0.213546
115.900000  74.725500  0.731856
116.000000  75.342000  1.927573
116.100000  75.584000  0.015556
116.200000  74.492500  0.432042
116.300000  74.228000  0.029698
116.400000  74.949000  0.032527
116.500000  73.970000  0.818830
116.600000  74.134500  0.900147
116.700000  73.488500  1.571898
116.800000  74.849000  1.838478
116.900000  74.600000  1.182283
117.000000  74.914500  0.577706
117.100000  75.014500  0.161927
117.200000  74.017500  0.242538
117.300000  73.443000  0.428507
117.400000  74.509500  0.621547
117.500000  74.649000  0.434164
117.600000  75.060000  0.434164
117.700000  75.625500  2.305875
117.800000  74.972500  1.239558
117.900000  73.010000  0.330926
118.000000  75.001000  0.623668
118.100000  74.785500  0.819537
118.200000  74.964000  0.291328
118.300000  74.374500  1.421992
118.400000  73.835500  0.426385
118.500000  75.065500  0.809637
118.600000  76.327500  0.252437
118.700000  75.553000  1.482096
118.800000  73.998000  0.101823
118.900000  75.289500  0.184555
119.000000  75.565500  2.048488
119.100000  75.049500  0.127986
119.200000  75.237000  1.779081
119.300000  75.069000  1.069145
119.400000  74.233000  0.026870
119.500000  73.889500  1.199960
119.600000  73.774500  1.587455
119.700000  73.723500  1.086823
119.800000  73.663500  0.449013
119.900000  74.635000  1.998284
120.000000  73.649500  1.014698
120.100000  74.270500  1.519572
120.200000  74.542500  1.506845
120.300000  74.826500  0.352846
120.400000  74.037000  0.842871
120.500000  75.675500  0.734684
120.600000  74.118000  0.335169
120.700000  73.667000  0.779232
120.800000  74.333000  0.561443
120.900000  73.731000  1.261478
121.000000  74.355500  0.160513
121.100000  74.248000  0.650538
121.200000  74.707000  0.466690
121.300000  73.129000  1.803122
121.400000  72.800500  0.325976
121.500000  73.177000  1.278449
121.600000  73.496000  0.352139
121.700000  73.401500  1.037326
121.800000  74.480000  0.362039
121.900000  73.973500  0.506996
122.000000  75.508000  0.123037
122.100000  74.478500  0.557907
122.200000  74.307500  1.265014
122.300000  73.857000  1.623517
122.400000  75.085000  0.267286
122.500000  73.800500  0.289207
122.600000  74.204500  0.173241
122.700000  75.226500  0.095459
122.800000  75.157500  2.963485
122.900000  74.268500  0.383959
123.000000  74.918500  0.152028
123.100000  75.692000  0.900854
123.200000  75.341500  2.195567
123.300000  74.301000  1.706956
123.400000  74.687000  2.633266
123.500000  75.508500  0.075660
123.600000  74.983500  0.805395
123.700000  74.794000  1.811608
123.800000  74.718000  0.913582
123.900000  74.240000  0.337997
124.000000  75.040500  0.115258
124.100000  73.476000  0.347897
124.200000  74.111000  0.977222
124.300000  75.064000  0.923481
124.400000  73.802000  1.588162
124.500000  74.633000  2.349009
124.600000  74.367000  2.027982
124.700000  75.664500  2.061216
124.800000  75.118000  1.216224
124.900000  74.288500  0.847821
125.000000  75.637000  0.543058
125.100000  74.438000  0.507703
125.200000  74.250000  0.980050
125.300000  74.189000  1.105915
125.400000  75.815000  3.235721
125.500000  73.998000  2.432447
125.600000  74.813000  1.351988
125.700000  75.620500  1.064196
125.800000  74.701500  0.092631
125.900000  75.500500  0.279307
126.000000  76.378000  0.588313
126.100000  75.160500  0.850649
126.200000  74.734500  1.529472
126.300000  74.815500  1.289056
126.400000  74.550500  2.447297
126.500000  74.849000  0.780646
126.600000  73.733000  0.760847
126.700000  75.001500  1.666651
126.800000  74.689000  0.873984
126.900000  73.974000  0.721249
127.000000  73.831500  0.299106
127.100000  73.233500  0.460327
127.200000  73.891000  0.272943
127.300000  72.740000  1.228952
127.400000  73.992000  0.767918
127.500000  73.886500  0.126572
127.600000  74.970500  0.470226
127.700000  76.335500  0.987828
127.800000  76.207000  0.379009
127.900000  76.722000  0.694379
128.000000  74.954000  0.352139
128.100000  75.301500  1.347038
128.200000  75.478500  0.381131
128.300000  74.308500  1.796758
128.400000  75.140000  1.294005
128.500000  75.674500  1.781202
128.600000  75.707500  2.884289
128.700000  74.776000  0.106066
128.800000  75.329500  1.762817
128.900000  74.952000  1.516037
129.000000  75.454000  0.780646
129.100000  73.682000  0.523259
129.200000  75.751000  2.175060
129.300000  74.782000  2.309411
129.400000  75.391000  0.500632
129.500000  75.284500  2.867318
129.600000  75.670000  0.313955
129.700000  74.998000  0.070711
129.800000  75.707000  0.448306
129.900000  74.930000  0.584070
130.000000  76.462000  0.729734
130.100000  76.227000  1.544321
130.200000  76.233000  1.968585
130.300000  75.220500  0.702157
130.400000  75.774000  0.016971
130.500000  76.990000  1.746554
130.600000  76.351500  1.607254
130.700000  75.429000  1.282692
130.800000  76.476500  0.550836
130.900000  76.046000  0.179605
131.000000  77.001000  3.026417
131.100000  76.940000  3.288047
131.200000  76.648500  0.184555
131.300000  76.071000  0.868327
131.400000  76.283000  1.446740
131.500000  77.195500  0.159099
131.600000  75.192000  0.640639
131.700000  76.908500  3.927978
131.800000  75.472000  1.381687
131.900000  76.673000  1.883732
132.000000  77.069500  2.650943
132.100000  77.774000  0.164049
132.200000  75.829500  2.035760
132.300000  76.292500  1.522401
132.400000  76.244000  0.876812
132.500000  76.163000  1.746554
132.600000  76.739000  2.876510
132.700000  75.104000  0.429921
132.800000  75.661000  2.365979
132.900000  76.216500  4.851460
133.000000  74.449500  2.137584
133.100000  74.868000  2.152433
133.200000  74.860000  0.673166
133.300000  74.514500  0.372645
133.400000  74.002000  4.081420
133.500000  76.576000  3.401184
133.600000  76.937500  3.059651
133.700000  76.199500  1.948079
133.800000  76.229000  1.131371
133.900000  75.745500  2.492551
134.000000  75.343500  4.292845
134.100000  75.073000  1.059246
134.200000  75.375500  4.548818
134.300000  75.418000  2.073237
134.400000  75.637000  2.629023
134.500000  75.145000  2.531442
134.600000  76.076500  2.888531
134.700000  74.780000  2.610638
134.800000  74.934500  2.884289
134.900000  74.820000  2.643165
135.000000  74.507500  1.761403
135.100000  74.689000  2.259913
135.200000  73.906500  1.058539
135.300000  75.123000  1.103087
135.400000  75.841500  1.024598
135.500000  75.387000  0.453963
135.600000  76.735000  0.415779
135.700000  76.443000  1.353402
135.800000  74.874000  0.680237
135.900000  74.987000  0.076368
136.000000  74.594000  0.917825
136.100000  75.542000  2.094450
136.200000  73.635000  0.943280
136.300000  74.225500  0.289207
136.400000  74.101500  0.615890
136.500000  74.737500  1.120764
136.600000  74.456500  1.233901
136.700000  74.241500  1.139149
136.800000  74.515000  1.508966
136.900000  74.904500  1.809486
137.000000  75.734000  0.165463
137.100000  75.345000  1.538664
137.200000  75.055000  0.561443
137.300000  73.556500  1.453104
137.400000  75.462500  0.068589
137.500000  74.774500  0.432042
137.600000  75.400500  0.031820
137.700000  76.370000  0.148492
137.800000  75.186500  1.293298
137.900000  73.638500  2.143241
138.000000  75.164000  1.381687
138.100000  75.971000  1.598061
138.200000  75.852500  2.663671
138.300000  75.622500  1.224002
138.400000  75.257000  1.124300
138.500000  74.978500  1.108036
138.600000  75.741000  0.168291
138.700000  74.915500  1.457347
138.800000  75.522000  0.509117
138.900000  74.938000  0.188090
139.000000  74.139500  1.453104
139.100000  74.422000  0.799031
139.200000  74.505500  1.243801
139.300000  74.759000  0.138593
139.400000  75.408500  1.365423
139.500000  73.947000  1.439669
139.600000  76.516000  2.431033
139.700000  76.846000  0.039598
139.800000  74.909500  0.444770
139.900000  74.749000  1.001263
140.000000  75.085500  2.844691
140.100000  75.929500  1.646852
140.200000  74.965500  2.334159
140.300000  74.788000  2.841155
140.400000  74.745000  2.474874
140.500000  74.026500  2.499622
140.600000  75.285000  0.480833
140.700000  74.834000  0.076368
140.800000  75.692000  3.774536
140.900000  74.061000  1.292591
141.000000  74.601500  1.161776
141.100000  74.844000  1.139856
141.200000  74.329000  1.541493
141.300000  74.056000  1.192182
141.400000  74.776000  2.124149
141.500000  74.018500  1.591697
141.600000  74.668000  1.257236
141.700000  74.196500  2.105057
141.800000  74.583500  0.980757
141.900000  74.728000  1.376030
142.000000  74.625000  0.666095
142.100000  74.683500  1.675136
142.200000  73.734500  2.013133
142.300000  75.316500  1.948079
142.400000  74.635500  1.481389
142.500000  74.703500  1.693521
142.600000  74.133500  3.390577
142.700000  74.382000  0.379009
142.800000  75.187000  0.337997
142.900000  74.107500  1.532300
143.000000  75.764500  0.649831
143.100000  75.964000  3.036317
143.200000  74.530000  2.203345
143.300000  74.523500  1.313097
143.400000  75.979500  1.895753
143.500000  77.234000  4.850753
143.600000  76.252500  2.273348
143.700000  75.420000  2.167989
143.800000  75.156500  2.365272
143.900000  75.807000  3.812720
144.000000  74.773000  2.361737
144.100000  76.396000  4.031923
144.200000  76.891000  5.064299
144.300000  76.524500  2.170111
144.400000  75.301500  4.806205
144.500000  76.802000  1.960100
144.600000  76.905500  1.153291
144.700000  75.742000  1.820093
144.800000  75.970500  3.048337
144.900000  75.266000  2.201931
145.000000  75.792000  0.828729
145.100000  76.424500  0.478711
145.200000  75.667500  0.874691
145.300000  75.528500  0.615890
145.400000  75.110500  0.853478
145.500000  75.936000  0.018385
145.600000  76.168000  0.709935
145.700000  76.454500  0.617304
145.800000  75.673500  0.832265
145.900000  75.471500  1.371080
146.000000  75.518500  0.621547
146.100000  75.881500  1.416335
146.200000  74.747500  2.544877
146.300000  75.785500  2.509522
146.400000  75.667500  3.145918
146.500000  76.455500  0.825194
146.600000  75.730000  2.889238
146.700000  75.264000  2.561141
146.800000  75.210000  2.568212
146.900000  73.857500  3.946363
147.000000  74.197000  2.702562
147.100000  75.318000  2.166575
147.200000  75.225500  3.403305
147.300000  76.396500  3.754030
147.400000  75.624000  2.937322
147.500000  75.562000  4.665491
147.600000  74.750000  2.266984
147.700000  75.003500  2.485480
147.800000  74.892000  3.442196
147.900000  75.344000  3.799992
148.000000  74.219500  2.650943
148.100000  74.492500  2.378000
148.200000  74.938000  2.817113
148.300000  76.250500  1.942422
148.400000  75.328000  1.749382
148.500000  75.370500  2.393556
148.600000  73.869500  1.709077
148.700000  75.327500  3.210972
148.800000  74.551000  1.544321
148.900000  75.476500  1.062781
149.000000  74.014000  2.394264
149.100000  74.582000  0.878227
149.200000  73.093000  3.157939
149.300000  74.595000  2.245771
149.400000  74.654000  1.936058
149.500000  75.385000  3.665642
149.600000  74.640000  4.194557
149.700000  74.930500  3.260469
149.800000  75.210500  1.755746
149.900000  74.570500  2.093743
150.000000  75.701500  0.925603
150.100000  72.974000  0.352139
150.200000  73.505000  2.589425
150.300000  74.288000  2.786001
150.400000  74.772500  4.244762
150.500000  74.782500  2.542049
150.600000  74.079500  3.102077
150.700000  73.752000  3.266833
150.800000  74.788000  0.951766
150.900000  73.569000  1.982727
151.000000  73.864000  1.475025
151.100000  74.728000  1.760696
151.200000  73.969000  2.175060
151.300000  74.230000  2.295269
151.400000  73.662500  4.053843
151.500000  73.489500  0.668216
151.600000  73.927000  2.169404
151.700000  75.071500  0.890247
151.800000  75.328500  1.390879
151.900000  74.291000  1.937473
152.000000  74.884500  2.981869
152.100000  74.092500  2.622659
152.200000  75.317000  1.289763
152.300000  73.770000  2.537099
152.400000  73.920500  1.018941
152.500000  75.695000  1.730997
152.600000  74.406500  2.495380
152.700000  75.002500  1.143392
152.800000  73.261500  0.055861
152.900000  73.395000  1.961514
153.000000  74.134500  1.465832
153.100000  74.727500  1.061367
153.200000  74.022000  1.049346
153.300000  73.699000  0.946109
153.400000  74.058500  1.884440
153.500000  75.806500  0.979343
153.600000  75.193500  0.273650
153.700000  73.765500  0.867620
153.800000  75.156500  0.620133
153.900000  74.286000  0.687308
154.000000  74.595000  1.192182
154.100000  74.435000  1.274206
154.200000  73.903500  0.522552
154.300000  74.703500  0.791252
154.400000  75.434500  2.239407
154.500000  73.917000  1.844134
154.600000  76.100500  0.422143
154.700000  75.379500  0.286378
154.800000  74.715500  2.184253
154.900000  73.880500  0.050205
155.000000  74.429500  1.296127
155.100000  74.982500  0.222739
155.200000  76.106500  1.898582
155.300000  75.677000  0.339411
155.400000  75.532500  0.051619
155.500000  74.756500  0.642760
155.600000  75.439000  1.255822
155.700000  75.537000  0.183848
155.800000  76.085000  1.100258
155.900000  74.397500  0.719128
156.000000  74.098000  0.260215
156.100000  76.656500  0.306177
156.200000  76.760500  2.078187
156.300000  75.072000  0.705693
156.400000  75.659000  1.114400
156.500000  75.179000  1.145513
156.600000  75.089500  2.633973
156.700000  74.040000  0.210718
156.800000  74.793000  0.415779
156.900000  75.783000  1.982727
157.000000  75.674000  1.178040
157.100000  74.134000  1.248751
157.200000  73.895500  0.395273
157.300000  73.608500  0.075660
157.400000  74.533500  0.747412
157.500000  74.929500  1.522401
157.600000  76.497500  0.420729
157.700000  75.833000  0.270115
157.800000  75.965500  0.147785
157.900000  75.583000  1.354817
158.000000  74.314500  0.798324
158.100000  75.364000  0.200818
158.200000  75.646500  0.525380
158.300000  75.725000  0.558614
158.400000  75.578500  1.273499
158.500000  74.459500  0.197283
158.600000  76.349000  1.179454
158.700000  74.768500  0.574878
158.800000  75.591000  1.050761
158.900000  76.028500  0.123744
159.000000  76.245000  1.832821
159.100000  74.705500  0.147785
159.200000  76.417500  3.673420
159.300000  75.024500  0.849235
159.400000  75.706500  2.554777
159.500000  75.766000  3.272490
159.600000  76.520500  2.847519
159.700000  74.936000  3.249863
159.800000  75.777000  0.982878
159.900000  76.510000  0.753776
160.000000  76.671500  3.589981
160.100000  76.176000  0.005657
160.200000  75.172000  0.899440
160.300000  76.047000  0.055154
160.400000  76.169000  0.593970
160.500000  75.653500  2.854590
160.600000  75.199000  0.561443
160.700000  75.182000  0.946109
160.800000  76.253000  0.947523
160.900000  74.902000  0.544472
161.000000  76.305500  1.627053
161.100000  76.469500  1.399364
161.200000  74.605500  1.147634
161.300000  74.532000  1.001263
161.400000  75.745000  2.469217
161.500000  75.406000  0.070711
161.600000  76.298000  0.387495
161.700000  74.835000  1.368959
161.800000  77.313500  0.106773
161.900000  75.970500  0.618718
162.000000  76.000000  0.012728
162.100000  75.086500  0.966615
162.200000  74.865000  1.079045
162.300000  76.132000  0.387495
162.400000  75.881000  0.261630
162.500000  75.557000  0.632153
162.600000  75.567500  0.263751
162.700000  75.391500  0.516895
162.800000  75.251500  0.202940
162.900000  75.157000  0.195161
163.000000  74.375000  0.691550
163.100000  75.071500  2.138998
163.200000  75.523500  1.065610
163.300000  74.122000  0.742462
163.400000  75.832000  0.967322
163.500000  75.562000  0.469519
163.600000  76.212000  0.790545
163.700000  75.575500  0.713471
163.800000  74.108000  1.531593
163.900000  74.446500  1.259357
164.000000  75.519500  0.160513
164.100000  75.510500  1.822214
164.200000  73.821500  0.478711
164.300000  75.252000  0.148492
164.400000  74.829500  3.356636
164.500000  74.639500  2.204052
164.600000  75.620500  0.467398
164.700000  74.586500  1.566242
164.800000  75.123500  1.455933
164.900000  74.419000  1.798880
165.000000  75.048000  2.186374
165.100000  74.509500  0.102530
165.200000  74.160500  0.122329
165.300000  73.587000  0.012728
165.400000  74.038500  1.021769
165.500000  74.435500  1.775545
165.600000  74.872000  1.271378
165.700000  75.809500  0.887419
165.800000  75.198000  0.591141
165.900000  75.471500  1.601597
166.000000  76.186000  0.077782
166.100000  75.120500  0.400930
166.200000  74.880000  1.774838
166.300000  73.761500  2.851762
166.400000  76.166000  0.657609
166.500000  75.647500  0.135057
166.600000  75.892500  2.834791
166.700000  75.740000  0.213546
166.800000  76.386500  2.082429
166.900000  76.484500  0.832265
167.000000  75.794500  2.435983
167.100000  75.474000  1.470782
167.200000  75.479500  2.263449
167.300000  74.789500  0.983586
167.400000  75.114000  0.461034
167.500000  75.017500  0.283550
167.600000  75.054000  1.316633
167.700000  73.883000  0.162635
167.800000  74.647500  0.987828
167.900000  74.577500  0.802566
168.000000  74.190000  0.410122
168.100000  75.714000  0.502046
168.200000  76.176000  1.063489
168.300000  75.096000  0.886712
168.400000  75.214000  1.409971
168.500000  75.315000  0.421436
168.600000  74.207500  0.579120
168.700000  74.819000  1.557049
168.800000  74.291000  2.371636
168.900000  74.241000  0.770746
169.000000  75.500000  1.063489
169.100000  74.769000  3.006618
169.200000  75.321500  0.837922
169.300000  75.238500  1.621396
169.400000  74.870000  1.340674
169.500000  73.326000  1.572605
169.600000  74.848500  1.983435
169.700000  74.768500  0.361332
169.800000  75.165000  1.170969
169.900000  75.177000  0.074953
170.000000  75.292500  1.021769
170.100000  75.726000  2.818528
170.200000  75.801000  1.135613
170.300000  74.408000  0.831558
170.400000  73.818500  0.993485
170.500000  73.811000  0.188090
170.600000  75.236000  0.110309
170.700000  74.795500  0.357089
170.800000  75.478000  0.357796
170.900000  74.006500  0.696500
171.000000  73.887000  1.294005
171.100000  73.549500  0.624375
171.200000  75.864500  1.058539
171.300000  76.049500  1.952322
171.400000  76.465000  0.212132
171.500000  74.887000  0.052326
171.600000  74.542000  0.325269
171.700000  75.331500  0.811051
171.800000  76.029000  0.793374
171.900000  75.872500  2.699027
172.000000  74.385000  2.360322
172.100000  74.018000  0.145664
172.200000  75.745500  1.079752
172.300000  74.356500  1.054296
172.400000  73.903000  0.801859
172.500000  73.980000  0.192333
172.600000  76.103000  0.253144
172.700000  75.197000  0.111723
172.800000  75.001000  0.131522
172.900000  74.235000  0.124451
173.000000  74.228000  0.453963
173.100000  74.325500  0.365574
173.200000  74.782000  1.450983
173.300000  75.633000  0.159806
173.400000  74.759000  0.069296
173.500000  74.952000  0.176777
173.600000  73.813500  2.882874
173.700000  73.563000  0.601041
173.800000  73.951500  1.512501
173.900000  75.886000  1.351988
174.000000  74.839000  0.627911
174.100000  76.292500  2.290319
174.200000  74.525500  0.413657
174.300000  76.604500  0.159099
174.400000  75.477500  0.040305
174.500000  75.717500  1.212688
174.600000  76.358500  0.788424
174.700000  76.026000  1.554221
174.800000  74.268500  1.441791
174.900000  76.954500  0.347189
175.000000  75.393000  0.223446
175.100000  75.685500  0.133643
175.200000  74.790500  0.328805
175.300000  75.272000  0.478004
175.400000  75.051500  0.327390
175.500000  75.483000  0.581242
175.600000  75.863500  1.182990
175.700000  77.684500  2.164454
175.800000  76.846500  0.127986
175.900000  76.354500  1.644023
176.000000  76.414000  1.108743
176.100000  77.170500  1.253700
176.200000  75.137000  0.277186
176.300000  75.688500  1.699178
176.400000  74.832500  0.614476
176.500000  75.666500  0.811051
176.600000  75.182500  0.273650
176.700000  74.472000  1.278449
176.800000  75.417500  0.837922
176.900000  77.381000  0.004243
177.000000  76.825500  1.198546
177.100000  76.181500  0.774282
177.200000  76.239500  0.081317
177.300000  76.269000  0.155563
177.400000  75.398000  0.695793
177.500000  75.349500  0.925603
177.600000  76.804000  1.675843
177.700000  75.745000  0.613769
177.800000  74.892500  0.562150
177.900000  76.901000  0.435578
178.000000  76.011500  0.152028
178.100000  75.440000  0.845700
178.200000  75.429500  0.318905
178.300000  75.710500  1.099551
178.400000  74.628500  1.438962
178.500000  75.536000  1.955857
178.600000  75.832500  2.120613
178.700000  75.468000  0.527502
178.800000  73.946500  0.156271
178.900000  76.041500  1.308855
179.000000  75.818500  1.949493
179.100000  76.703500  1.120764
179.200000  75.413500  1.190061
179.300000  76.302500  1.246629
179.400000  74.196500  1.788273
179.500000  75.177000  0.827315
179.600000  76.582000  0.417193
179.700000  76.772500  2.844691
179.800000  74.892000  0.663266
179.900000  75.869500  2.983284
180.000000  73.977000  2.609224
180.100000  76.087000  0.756604
180.200000  74.804000  1.538664
180.300000  74.862500  1.757160
180.400000  76.335000  0.478004
180.500000  75.040500  0.959544
180.600000  75.155500  1.686450
180.700000  75.708500  2.383657
180.800000  75.802000  0.644881
180.900000  77.334500  0.402344
181.000000  75.537000  0.847114
181.100000  76.473000  0.963079
181.200000  75.976500  0.048790
181.300000  77.538000  1.692814
181.400000  75.865500  0.067175
181.500000  76.092500  0.890247
181.600000  75.709000  1.107329
181.700000  74.908500  1.140563
181.800000  75.263500  0.437699
181.900000  73.571500  1.864641
182.000000  74.583500  1.915552
182.100000  74.864000  1.337846
182.200000  74.732500  1.093894
182.300000  75.576000  1.927573
182.400000  75.016500  0.398101
182.500000  75.555000  0.432749
182.600000  76.323000  1.381687
182.700000  75.498000  0.743876
182.800000  75.759500  0.214253
182.900000  75.467500  0.730441
183.000000  75.760500  0.328805
183.100000  75.986500  2.303047
183.200000  75.633500  1.769888
183.300000  76.141500  0.096874
183.400000  74.933000  1.705542
183.500000  74.612500  0.294864
183.600000  75.749500  0.857721
183.700000  75.758500  2.506694
183.800000  76.822500  2.703269
183.900000  76.545500  0.166170
184.000000  74.556000  1.747968
184.100000  75.581500  1.559170
184.200000  77.687500  0.334462
184.300000  76.025000  1.115815
184.400000  75.920000  0.097581
184.500000  76.217500  1.410678
184.600000  77.498000  0.755190
184.700000  76.279500  0.157685
184.800000  76.359000  1.367545
184.900000  75.563000  1.053589
185.000000  75.982000  0.841457
185.100000  76.701500  1.259357
185.200000  75.869500  0.154856
185.300000  75.184000  0.278600
185.400000  75.745000  0.181019
185.500000  75.054000  0.069296
185.600000  76.167500  0.031820
185.700000  74.964500  0.054447
185.800000  75.319500  1.638366
185.900000  76.388500  1.709077
186.000000  75.954000  1.648973
186.100000  75.580500  1.769888
186.200000  76.141500  0.506996
186.300000  73.875000  1.508966
186.400000  75.373500  1.578969
186.500000  75.394000  0.149907
186.600000  75.384500  0.740341
186.700000  73.843500  0.927017
186.800000  75.463500  0.040305
186.900000  75.787000  0.739634
187.000000  75.076500  1.342796
187.100000  75.767500  1.059953
187.200000  74.733500  1.738776
187.300000  76.587000  1.999698
187.400000  76.197000  0.558614
187.500000  75.785000  0.241831
187.600000  75.738500  1.184404
187.700000  75.610500  0.509824
187.800000  74.080500  1.955150
187.900000  75.312500  2.648115
188.000000  76.051000  0.024042
188.100000  75.837500  1.311683
188.200000  74.632000  1.381687
188.300000  74.884500  0.002121
188.400000  75.545500  0.475883
188.500000  74.397500  0.795495
188.600000  74.293000  1.558463
188.700000  76.190500  2.208294
188.800000  75.967500  0.898733
188.900000  74.857500  2.420427
189.000000  74.370500  0.723370
189.100000  75.013000  3.288047
189.200000  73.976500  3.756858
189.300000  74.313000  0.702864
189.400000  74.377500  0.297692
189.500000  74.909000  0.106066
189.600000  74.628000  1.674429
189.700000  73.947000  2.404163
189.800000  75.242500  2.204052
189.900000  74.594000  0.316784
190.000000  75.048000  0.541644
190.100000  75.194000  1.537250
190.200000  75.733500  0.509824
190.300000  74.726000  0.845700
190.400000  75.342500  0.820951
190.500000  75.864000  1.200667
190.600000  75.924500  1.762817
190.700000  74.556000  0.394566
190.800000  74.664000  1.415628
190.900000  75.451000  0.333754
191.000000  74.318500  0.584777
191.100000  75.464000  0.634982
191.200000  74.381500  0.675287
191.300000  77.215000  2.159504
191.400000  75.777000  0.439820
191.500000  76.382500  0.577706
191.600000  76.382500  0.038891
191.700000  76.719500  0.702157
191.800000  76.310500  0.072832
191.900000  74.913000  1.361888
192.000000  76.285000  0.548715
192.100000  76.389500  0.861963
192.200000  74.897000  0.367696
192.300000  75.415500  0.620133
192.400000  76.008500  0.795495
192.500000  75.498500  1.450276
192.600000  74.819500  1.593112
192.700000  75.292500  1.300369
192.800000  75.579500  0.020506
192.900000  76.137000  0.432749
193.000000  75.587000  0.352139
193.100000  74.708000  1.310976
193.200000  75.469000  1.053589
193.300000  73.516000  0.636396
193.400000  74.567000  0.493561
193.500000  73.981000  0.852771
193.600000  74.517500  1.059953
193.700000  76.332000  0.637810
193.800000  76.295000  0.623668
193.900000  77.025000  1.197839
194.000000  77.066500  2.362444
194.100000  76.599500  1.624224
194.200000  75.373000  1.739483
194.300000  76.261000  1.818679
194.400000  76.596500  0.580535
194.500000  76.491000  0.302642
194.600000  75.079000  1.673015
194.700000  75.569500  1.494117
194.800000  76.896500  1.634124
194.900000  76.847000  0.466690
195.000000  75.602500  1.560585
195.100000  75.718500  1.436134
195.200000  75.374500  0.101116
195.300000  76.261500  0.043134
195.400000  76.938000  0.103238
195.500000  77.587500  1.994748
195.600000  76.358000  0.096167
195.700000  76.682000  0.940452
195.800000  76.038000  0.586899
195.900000  76.305000  0.408708
196.000000  76.529500  0.077075
196.100000  76.163500  0.891662
196.200000  76.571500  1.543614
196.300000  76.001000  2.555484
196.400000  76.480000  0.596798
196.500000  75.658500  0.289207
196.600000  76.686500  2.533564
196.700000  75.571500  0.392444
196.800000  76.453500  0.096874
196.900000  77.011000  0.801859
197.000000  75.090000  0.765090
197.100000  76.963500  1.731705
197.200000  77.311500  1.716148
197.300000  76.273500  0.275065
197.400000  77.036500  0.837922
197.500000  75.189000  1.953029
197.600000  76.388500  2.307289
197.700000  75.961500  1.901410
197.800000  76.008000  1.719684
197.900000  76.164000  0.688722
198.000000  75.821500  0.874691
198.100000  76.216000  1.298248
198.200000  75.971000  0.049497
198.300000  77.142000  2.071823
198.400000  75.801000  1.214809
198.500000  75.243000  2.388607
198.600000  75.105500  1.437548
198.700000  75.791500  0.965201
198.800000  75.059000  3.865046
198.900000  76.510500  2.775394
199.000000  75.688500  1.846256
199.100000  77.025500  1.683621
199.200000  76.396000  0.927724
199.300000  76.812500  0.935502
199.400000  77.319500  2.351130
199.500000  77.442000  2.317896
199.600000  75.394500  2.577404
199.700000  78.621500  1.564827
199.800000  75.674500  1.883025
199.900000  76.752000  1.723926
200.000000  75.868500  1.902824
