# aggregated from 2 replicates
# x  mean  std
0.000000  44.000000  0.000000
0.100000  40.500000  4.949747
0.200000  41.500000  3.535534
0.300000  39.000000  4.242641
0.400000  32.500000  3.535534
0.500000  39.500000  7.778175
0.600000  45.000000  12.727922
0.700000  44.500000  12.020815
0.800000  45.500000  2.121320
0.900000  42.500000  3.535534
1.000000  40.500000  2.121320
1.100000  42.500000  0.707107
1.200000  50.000000  7.071068
1.300000  40.500000  13.435029
1.400000  40.000000  8.485281
1.500000  33.000000  0.000000
1.600000  35.000000  18.384776
1.700000  27.500000  3.535534
1.800000  31.500000  6.363961
1.900000  39.000000  18.384776
2.000000  29.500000  2.121320
2.100000  37.500000  19.091883
2.200000  32.500000  14.849242
2.300000  30.500000  16.263456
2.400000  42.500000  26.162951
2.500000  31.000000  19.798990
2.600000  23.500000  20.506097
2.700000  27.500000  17.677670
2.800000  31.500000  3.535534
2.900000  29.500000  14.849242
3.000000  23.000000  11.313708
3.100000  30.500000  2.121320
3.200000  31.500000  10.606602
3.300000  25.000000  8.485281
3.400000  29.000000  1.414214
3.500000  34.000000  7.071068
3.600000  31.000000  2.828427
3.700000  32.500000  12.020815
3.800000  32.500000  0.707107
3.900000  24.500000  3.535534
4.000000  32.000000  2.828427
4.100000  34.000000  8.485281
4.200000  34.000000  7.071068
4.300000  24.500000  12.020815
4.400000  23.000000  12.727922
4.500000  29.500000  6.363961
4.600000  35.500000  6.363961
4.700000  32.500000  12.020815
4.800000  27.500000  3.535534
4.900000  29.000000  2.828427
5.000000  29.500000  9.192388
5.100000  29.000000  2.828427
5.200000  29.000000  0.000000
5.300000  30.000000  2.828427
5.400000  38.000000  9.899495
5.500000  32.000000  5.656854
5.600000  35.000000  7.071068
5.700000  35.500000  4.949747
5.800000  32.000000  1.414214
5.900000  35.000000  15.556349
6.000000  39.000000  1.414214
6.100000  30.500000  0.707107
6.200000  37.000000  2.828427
6.300000  35.500000  3.535534
6.400000  35.000000  7.071068
6.500000  37.000000  8.485281
6.600000  34.000000  5.656854
6.700000  33.500000  7.778175
6.800000  24.500000  2.121320
6.900000  31.500000  6.363961
7.000000  37.000000  5.656854
7.100000  35.500000  7.778175
7.200000  35.500000  9.192388
7.300000  26.000000  2.828427
7.400000  34.500000  6.363961
7.500000  32.000000  4.242641
7.600000  29.500000  0.707107
7.700000  27.000000  5.656854
7.800000  30.000000  2.828427
7.900000  28.500000  2.121320
8.000000  34.500000  2.121320
8.100000  31.500000  2.121320
8.200000  40.500000  4.949747
8.300000  27.500000  7.778175
8.400000  29.500000  4.949747
8.500000  34.000000  9.899495
8.600000  33.000000  4.242641
8.700000  40.000000  2.828427
8.800000  31.000000  2.828427
8.900000  36.000000  4.242641
9.000000  27.500000  0.707107
9.100000  29.500000  10.606602
9.200000  26.500000  7.778175
9.300000  31.500000  0.707107
9.400000  37.000000  5.656854
9.500000  25.500000  7.778175
9.600000  27.000000  4.242641
9.700000  35.500000  10.606602
9.800000  30.500000  12.020815
9.900000  35.000000  12.727922
10.000000  38.000000  4.242641
10.100000  33.500000  0.707107
10.200000  33.500000  7.778175
10.300000  32.000000  8.485281
10.400000  23.500000  12.020815
10.500000  29.500000  14.849242
10.600000  39.000000  0.000000
10.700000  35.000000  5.656854
10.800000  26.500000  12.020815
10.900000  34.000000  7.071068
11.000000  34.000000  7.071068
11.100000  31.000000  12.727922
11.200000  29.000000  1.414214
11.300000  26.500000  0.707107
11.400000  33.000000  11.313708
11.500000  30.000000  5.656854
11.600000  35.500000  10.606602
11.700000  33.000000  5.656854
11.800000  36.500000  2.121320
11.900000  30.000000  9.899495
12.000000  27.500000  7.778175
12.100000  23.500000  12.020815
12.200000  28.500000  19.091883
12.300000  26.000000  14.142136
12.400000  35.500000  13.435029
12.500000  22.500000  14.849242
12.600000  22.000000  11.313708
12.700000  22.500000  7.778175
12.800000  23.000000  19.798990
12.900000  27.000000  21.213203
13.000000  22.000000  12.727922
13.100000  21.500000  12.020815
13.200000  24.500000  23.334524
13.300000  23.500000  10.606602
13.400000  27.000000  15.556349
13.500000  21.000000  15.556349
13.600000  30.000000  25.455844
13.700000  28.000000  18.384776
13.800000  22.500000  14.849242
13.900000  26.500000  14.849242
14.000000  31.000000  12.727922
14.100000  28.500000  6.363961
14.200000  29.500000  12.020815
14.300000  27.000000  8.485281
14.400000  29.500000  7.778175
14.500000  30.000000  9.899495
14.600000  29.500000  0.707107
14.700000  34.000000  16.970563
14.800000  28.000000  9.899495
14.900000  25.500000  16.263456
15.000000  32.000000  11.313708
15.100000  31.000000  11.313708
15.200000  30.000000  8.485281
15.300000  29.000000  16.970563
15.400000  30.000000  15.556349
15.500000  39.000000  16.970563
15.600000  28.000000  12.727922
15.700000  32.500000  16.263456
15.800000  27.500000  17.677670
15.900000  30.000000  9.899495
16.000000  27.500000  23.334524
16.100000  29.500000  12.020815
16.200000  35.500000  16.263456
16.300000  22.500000  10.606602
16.400000  31.000000  22.627417
16.500000  28.000000  8.485281
16.600000  23.500000  4.949747
16.700000  27.000000  15.556349
16.800000  20.500000  7.778175
16.900000  29.000000  18.384776
17.000000  28.000000  16.970563
17.100000  27.500000  10.606602
17.200000  22.500000  14.849242
17.300000  29.000000  7.071068
17.400000  30.000000  18.384776
17.500000  28.000000  16.970563
17.600000  24.500000  12.020815
17.700000  24.000000  12.727922
17.800000  26.500000  14.849242
17.900000  20.000000  12.727922
18.000000  19.000000  11.313708
18.100000  29.000000  14.142136
18.200000  28.500000  20.506097
18.300000  28.500000  6.363961
18.400000  19.500000  13.435029
18.500000  22.000000  11.313708
18.600000  27.000000  11.313708
18.700000  28.000000  16.970563
18.800000  24.000000  14.142136
18.900000  21.500000  13.435029
19.000000  21.500000  14.849242
19.100000  22.000000  15.556349
19.200000  21.000000  15.556349
19.300000  22.000000  14.142136
19.400000  30.000000  15.556349
19.500000  29.500000  17.677670
19.600000  28.500000  19.091883
19.700000  21.500000  12.020815
19.800000  25.500000  6.363961
19.900000  26.000000  14.142136
20.000000  21.000000  11.313708
20.100000  27.000000  9.899495
20.200000  27.000000  15.556349
20.300000  27.500000  16.263456
20.400000  28.000000  9.899495
20.500000  25.500000  12.020815
20.600000  27.000000  11.313708
20.700000  25.000000  4.242641
20.800000  26.500000  13.435029
20.900000  29.500000  19.091883
21.000000  25.000000  11.313708
21.100000  25.000000  14.142136
21.200000  27.500000  10.606602
21.300000  30.000000  16.970563
21.400000  27.000000  16.970563
21.500000  25.000000  21.213203
21.600000  22.500000  14.849242
21.700000  24.000000  14.142136
21.800000  22.500000  13.435029
21.900000  30.000000  15.556349
22.000000  24.500000  7.778175
22.100000  24.000000  14.142136
22.200000  27.000000  14.142136
22.300000  21.500000  12.020815
22.400000  25.500000  10.606602
22.500000  26.000000  14.142136
22.600000  18.500000  13.435029
22.700000  20.500000  12.020815
22.800000  24.500000  14.849242
22.900000  22.500000  10.606602
23.000000  26.500000  19.091883
23.100000  24.000000  14.142136
23.200000  24.500000  17.677670
23.300000  31.000000  26.870058
23.400000  24.500000  17.677670
23.500000  25.000000  19.798990
23.600000  23.500000  14.849242
23.700000  25.500000  7.778175
23.800000  27.500000  16.263456
23.900000  27.000000  7.071068
24.000000  31.000000  11.313708
24.100000  29.500000  16.263456
24.200000  31.000000  8.485281
24.300000  27.000000  19.798990
24.400000  27.500000  14.849242
24.500000  24.500000  14.849242
24.600000  31.000000  26.870058
24.700000  24.500000  12.020815
24.800000  30.500000  20.506097
24.900000  24.500000  13.435029
25.000000  26.000000  22.627417
25.100000  30.000000  19.798990
25.200000  29.000000  19.798990
25.300000  29.000000  21.213203
25.400000  24.500000  14.849242
25.500000  31.500000  20.506097
25.600000  27.000000  19.798990
25.700000  30.500000  17.677670
25.800000  27.000000  12.727922
25.900000  22.500000  10.606602
26.000000  25.500000  21.920310
26.100000  22.500000  3.535534
26.200000  22.500000  20.506097
26.300000  32.000000  19.798990
26.400000  22.000000  16.970563
26.500000  26.500000  13.435029
26.600000  30.000000  18.384776
26.700000  25.500000  14.849242
26.800000  26.000000  16.970563
26.900000  27.000000  18.384776
27.000000  19.000000  12.727922
27.100000  23.000000  15.556349
27.200000  37.000000  25.455844
27.300000  32.500000  13.435029
27.400000  28.500000  17.677670
27.500000  22.000000  12.727922
27.600000  23.000000  8.485281
27.700000  24.000000  7.071068
27.800000  29.000000  14.142136
27.900000  26.000000  19.798990
28.000000  24.500000  13.435029
28.100000  24.500000  20.506097
28.200000  25.000000  16.970563
28.300000  28.000000  2.828427
28.400000  25.500000  16.263456
28.500000  22.500000  17.677670
28.600000  28.500000  10.606602
28.700000  23.500000  13.435029
28.800000  27.500000  14.849242
28.900000  22.000000  16.970563
29.000000  24.500000  17.677670
29.100000  34.500000  24.748737
29.200000  22.000000  12.727922
29.300000  24.500000  16.263456
29.400000  25.000000  14.142136
29.500000  25.500000  12.020815
29.600000  31.000000  24.041631
29.700000  25.500000  17.677670
29.800000  26.000000  18.384776
29.900000  20.500000  16.263456
30.000000  28.500000  27.577164
30.100000  26.000000  21.213203
30.200000  31.500000  24.748737
30.300000  22.000000  12.727922
30.400000  30.000000  26.870058
30.500000  21.500000  14.849242
30.600000  29.000000  22.627417
30.700000  27.500000  19.091883
30.800000  27.500000  19.091883
30.900000  20.500000  13.435029
31.000000  22.000000  14.142136
31.100000  26.500000  17.677670
31.200000  26.000000  16.970563
31.300000  26.500000  13.435029
31.400000  23.500000  14.849242
31.500000  23.500000  16.263456
31.600000  24.500000  20.506097
31.700000  28.500000  21.920310
31.800000  25.500000  21.920310
31.900000  25.000000  9.899495
32.000000  34.000000  18.384776
32.100000  25.500000  12.020815
32.200000  26.500000  16.263456
32.300000  26.000000  15.556349
32.400000  26.500000  14.849242
32.500000  28.000000  15.556349
32.600000  22.500000  13.435029
32.700000  23.500000  12.020815
32.800000  24.000000  14.142136
32.900000  27.500000  9.192388
33.000000  28.500000  20.506097
33.100000  27.000000  15.556349
33.200000  25.500000  12.020815
33.300000  31.000000  16.970563
33.400000  33.000000  19.798990
33.500000  31.500000  24.748737
33.600000  27.500000  23.334524
33.700000  20.000000  12.727922
33.800000  24.500000  16.263456
33.900000  24.000000  22.627417
34.000000  27.000000  16.970563
34.100000  25.500000  19.091883
34.200000  25.000000  18.384776
34.300000  25.500000  24.748737
34.400000  21.000000  18.384776
34.500000  26.000000  15.556349
34.600000  26.500000  26.162951
34.700000  19.000000  16.970563
34.800000  24.500000  23.334524
34.900000  24.500000  20.506097
35.000000  19.500000  13.435029
35.100000  23.000000  5.656854
35.200000  26.000000  25.455844
35.300000  18.000000  16.970563
35.400000  22.500000  10.606602
35.500000  26.000000  15.556349
35.600000  15.500000  10.606602
35.700000  21.000000  12.727922
35.800000  21.000000  12.727922
35.900000  24.000000  14.142136
36.000000  25.500000  16.263456
36.100000  27.000000  21.213203
36.200000  22.500000  10.606602
36.300000  30.500000  19.091883
36.400000  25.000000  16.970563
36.500000  21.000000  9.899495
36.600000  27.500000  14.849242
36.700000  23.000000  15.556349
36.800000  26.000000  14.142136
36.900000  18.500000  9.192388
37.000000  21.500000  12.020815
37.100000  24.500000  3.535534
37.200000  28.500000  20.506097
37.300000  28.500000  14.849242
37.400000  21.000000  12.727922
37.500000  19.500000  10.606602
37.600000  23.500000  9.192388
37.700000  22.000000  12.727922
37.800000  25.500000  19.091883
37.900000  26.500000  20.506097
38.000000  21.000000  11.313708
38.100000  18.500000  9.192388
38.200000  26.000000  16.970563
38.300000  25.500000  14.849242
38.400000  26.000000  12.727922
38.500000  26.500000  6.363961
38.600000  22.000000  2.828427
38.700000  26.500000  12.020815
38.800000  28.000000  18.384776
38.900000  21.500000  9.192388
39.000000  25.000000  12.727922
39.100000  27.500000  16.263456
39.200000  24.000000  12.727922
39.300000  29.000000  19.798990
39.400000  25.500000  16.263456
39.500000  20.500000  10.606602
39.600000  26.500000  23.334524
39.700000  24.000000  14.142136
39.800000  22.500000  14.849242
39.900000  22.500000  16.263456
40.000000  25.000000  9.899495
40.100000  23.000000  9.899495
40.200000  29.000000  12.727922
40.300000  27.000000  16.970563
40.400000  22.500000  16.263456
40.500000  24.500000  12.020815
40.600000  29.000000  15.556349
40.700000  22.000000  18.384776
40.800000  23.000000  14.142136
40.900000  24.500000  23.334524
41.000000  26.500000  16.263456
41.100000  31.000000  12.727922
41.200000  26.000000  9.899495
41.300000  27.000000  9.899495
41.400000  30.000000  12.727922
41.500000  26.500000  17.677670
41.600000  25.500000  14.849242
41.700000  22.500000  12.020815
41.800000  25.000000  15.556349
41.900000  29.000000  14.142136
42.000000  24.500000  16.263456
42.100000  20.000000  8.485281
42.200000  23.500000  20.506097
42.300000  18.000000  11.313708
42.400000  26.000000  18.384776
42.500000  25.500000  17.677670
42.600000  24.500000  17.677670
42.700000  19.000000  14.142136
42.800000  24.000000  21.213203
42.900000  21.000000  12.727922
43.000000  27.500000  17.677670
43.100000  24.500000  12.020815
43.200000  25.000000  14.142136
43.300000  22.000000  7.071068
43.400000  26.500000  16.263456
43.500000  30.500000  17.677670
43.600000  25.000000  16.970563
43.700000  26.000000  12.727922
43.800000  28.000000  9.899495
43.900000  29.000000  16.970563
44.000000  22.500000  10.606602
44.100000  24.000000  11.313708
44.200000  23.000000  9.899495
44.300000  23.000000  9.899495
44.400000  26.000000  12.727922
44.500000  27.000000  18.384776
44.600000  27.000000  19.798990
44.700000  29.000000  16.970563
44.800000  31.500000  12.020815
44.900000  27.000000  12.727922
45.000000  30.000000  19.798990
45.100000  30.000000  19.798990
45.200000  32.500000  21.920310
45.300000  30.500000  16.263456
45.400000  24.000000  15.556349
45.500000  25.000000  21.213203
45.600000  20.500000  14.849242
45.700000  23.000000  12.727922
45.800000  22.000000  12.727922
45.900000  20.000000  16.970563
46.000000  27.500000  20.506097
46.100000  25.000000  15.556349
46.200000  23.500000  9.192388
46.300000  26.500000  16.263456
46.400000  29.000000  24.041631
46.500000  23.500000  19.091883
46.600000  26.000000  25.455844
46.700000  30.500000  16.263456
46.800000  27.000000  22.627417
46.900000  22.500000  20.506097
47.000000  22.000000  11.313708
47.100000  31.000000  19.798990
47.200000  26.500000  9.192388
47.300000  24.500000  12.020815
47.400000  28.500000  9.192388
47.500000  27.500000  10.606602
47.600000  22.500000  16.263456
47.700000  17.500000  10.606602
47.800000  19.500000  19.091883
47.900000  28.000000  18.384776
48.000000  25.000000  24.041631
48.100000  25.500000  20.506097
48.200000  23.500000  17.677670
48.300000  24.500000  17.677670
48.400000  26.000000  14.142136
48.500000  25.000000  16.970563
48.600000  24.500000  21.920310
48.700000  29.000000  22.627417
48.800000  27.000000  25.455844
48.900000  21.500000  19.091883
49.000000  28.500000  17.677670
49.100000  28.000000  16.970563
49.200000  30.500000  16.263456
49.300000  27.000000  16.970563
49.400000  22.500000  12.020815
49.500000  21.000000  8.485281
49.600000  27.500000  24.748737
49.700000  23.000000  18.384776
49.800000  26.000000  21.213203
49.900000  25.000000  18.384776
50.000000  26.000000  18.384776
50.100000  22.000000  14.142136
50.200000  27.500000  21.920310
50.300000  24.500000  13.435029
50.400000  22.000000  8.485281
50.500000  25.000000  19.798990
50.600000  22.500000  7.778175
50.700000  24.500000  9.192388
50.800000  27.500000  14.849242
50.900000  26.000000  16.970563
51.000000  18.500000  9.192388
51.100000  24.000000  19.798990
51.200000  25.000000  21.213203
51.300000  20.500000  14.849242
51.400000  24.500000  14.849242
51.500000  19.000000  11.313708
51.600000  25.500000  23.334524
51.700000  23.000000  18.384776
51.800000  25.500000  19.091883
51.900000  21.000000  18.384776
52.000000  24.000000  18.384776
52.100000  26.000000  21.213203
52.200000  21.000000  16.970563
52.300000  27.500000  24.748737
52.400000  26.500000  21.920310
52.500000  26.000000  19.798990
52.600000  30.500000  16.263456
52.700000  28.000000  12.727922
52.800000  33.000000  16.970563
52.900000  26.500000  16.263456
53.000000  20.500000  14.849242
53.100000  23.500000  16.263456
53.200000  34.000000  32.526912
53.300000  28.500000  21.920310
53.400000  35.500000  34.648232
53.500000  22.000000  15.556349
53.600000  26.000000  21.213203
53.700000  21.000000  14.142136
53.800000  27.000000  19.798990
53.900000  27.000000  16.970563
54.000000  23.000000  18.384776
54.100000  26.000000  16.970563
54.200000  21.500000  19.091883
54.300000  18.500000  14.849242
54.400000  22.500000  17.677670
54.500000  25.000000  19.798990
54.600000  26.000000  14.142136
54.700000  24.500000  19.091883
54.800000  27.500000  20.506097
54.900000  31.000000  26.870058
55.000000  27.000000  22.627417
55.100000  29.000000  22.627417
55.200000  26.500000  16.263456
55.300000  20.000000  14.142136
55.400000  25.000000  15.556349
55.500000  31.500000  26.162951
55.600000  29.000000  15.556349
55.700000  20.500000  12.020815
55.800000  27.500000  26.162951
55.900000  22.500000  19.091883
56.000000  24.500000  20.506097
56.100000  25.000000  19.798990
56.200000  33.500000  24.748737
56.300000  27.500000  26.162951
56.400000  24.000000  12.727922
56.500000  30.000000  25.455844
56.600000  23.500000  12.020815
56.700000  28.500000  16.263456
56.800000  29.000000  21.213203
56.900000  24.500000  16.263456
57.000000  28.500000  13.435029
57.100000  36.000000  26.870058
57.200000  30.500000  20.506097
57.300000  30.500000  17.677670
57.400000  23.000000  15.556349
57.500000  26.500000  12.020815
57.600000  22.000000  9.899495
57.700000  28.000000  15.556349
57.800000  35.000000  21.213203
57.900000  34.000000  26.870058
58.000000  28.500000  31.819805
58.100000  30.500000  26.162951
58.200000  29.000000  15.556349
58.300000  25.500000  16.263456
58.400000  36.000000  24.041631
58.500000  30.500000  14.849242
58.600000  31.000000  24.041631
58.700000  30.000000  18.384776
58.800000  32.500000  26.162951
58.900000  31.500000  28.991378
59.000000  34.000000  28.284271
59.100000  22.000000  8.485281
59.200000  26.500000  19.091883
59.300000  23.500000  14.849242
59.400000  23.500000  13.435029
59.500000  23.500000  14.849242
59.600000  25.000000  21.213203
59.700000  31.000000  21.213203
59.800000  25.000000  21.213203
59.900000  26.500000  19.091883
60.000000  22.000000  9.899495
60.100000  27.500000  17.677670
60.200000  21.000000  12.727922
60.300000  24.500000  13.435029
60.400000  23.500000  16.263456
60.500000  31.000000  24.041631
60.600000  29.500000  17.677670
60.700000  27.000000  18.384776
60.800000  25.000000  11.313708
60.900000  24.500000  16.263456
61.000000  23.500000  17.677670
61.100000  23.500000  21.920310
61.200000  26.000000  16.970563
61.300000  22.000000  9.899495
61.400000  24.000000  14.142136
61.500000  31.500000  28.991378
61.600000  32.000000  22.627417
61.700000  31.000000  24.041631
61.800000  25.500000  20.506097
61.900000  27.500000  9.192388
62.000000  26.500000  19.091883
62.100000  25.500000  20.506097
62.200000  25.500000  4.949747
62.300000  27.000000  16.970563
62.400000  28.500000  13.435029
62.500000  29.000000  15.556349
62.600000  28.000000  0.000000
62.700000  24.000000  21.213203
62.800000  27.000000  21.213203
62.900000  27.000000  18.384776
63.000000  31.000000  14.142136
63.100000  25.000000  7.071068
63.200000  31.500000  13.435029
63.300000  22.000000  8.485281
63.400000  25.000000  8.485281
63.500000  25.000000  18.384776
63.600000  22.500000  17.677670
63.700000  28.500000  14.849242
63.800000  24.500000  12.020815
63.900000  23.000000  22.627417
64.000000  22.500000  14.849242
64.100000  27.000000  18.384776
64.200000  23.500000  14.849242
64.300000  22.000000  12.727922
64.400000  29.500000  20.506097
64.500000  29.500000  16.263456
64.600000  27.500000  3.535534
64.700000  25.000000  18.384776
64.800000  24.500000  9.192388
64.900000  29.000000  22.627417
65.000000  29.500000  19.091883
65.100000  26.000000  18.384776
65.200000  22.000000  8.485281
65.300000  25.500000  20.506097
65.400000  30.000000  24.041631
65.500000  23.500000  26.162951
65.600000  27.500000  28.991378
65.700000  20.000000  12.727922
65.800000  26.500000  14.849242
65.900000  27.000000  21.213203
66.000000  26.000000  11.313708
66.100000  27.500000  16.263456
66.200000  18.000000  5.656854
66.300000  25.000000  11.313708
66.400000  28.500000  28.991378
66.500000  24.500000  16.263456
66.600000  20.000000  14.142136
66.700000  25.500000  14.849242
66.800000  22.000000  22.627417
66.900000  24.500000  17.677670
67.000000  24.000000  18.384776
67.100000  23.500000  19.091883
67.200000  20.500000  10.606602
67.300000  21.500000  10.606602
67.400000  24.500000  16.263456
67.500000  17.500000  7.778175
67.600000  28.000000  19.798990
67.700000  23.000000  15.556349
67.800000  28.500000  20.506097
67.900000  24.500000  16.263456
68.000000  27.500000  20.506097
68.100000  28.500000  17.677670
68.200000  28.500000  24.748737
68.300000  26.500000  20.506097
68.400000  27.000000  19.798990
68.500000  26.500000  17.677670
68.600000  23.000000  12.727922
68.700000  22.500000  12.020815
68.800000  27.500000  17.677670
68.900000  29.500000  21.920310
69.000000  28.500000  24.748737
69.100000  28.000000  21.213203
69.200000  25.500000  19.091883
69.300000  28.500000  24.748737
69.400000  31.000000  24.041631
69.500000  29.500000  21.920310
69.600000  26.000000  16.970563
69.700000  21.500000  12.020815
69.800000  18.000000  1.414214
69.900000  21.000000  7.071068
70.000000  19.500000  9.192388
70.100000  18.000000  14.142136
70.200000  21.500000  10.606602
70.300000  16.000000  11.313708
70.400000  18.000000  7.071068
70.500000  20.000000  11.313708
70.600000  20.000000  12.727922
70.700000  14.000000  5.656854
70.800000  19.000000  14.142136
70.900000  22.000000  4.242641
71.000000  17.000000  5.656854
71.100000  21.000000  5.656854
71.200000  21.000000  11.313708
71.300000  20.500000  0.707107
71.400000  23.500000  2.121320
71.500000  23.500000  6.363961
71.600000  22.000000  5.656854
71.700000  19.000000  5.656854
71.800000  21.000000  14.142136
71.900000  19.500000  12.020815
72.000000  19.000000  7.071068
72.100000  24.000000  14.142136
72.200000  24.000000  16.970563
72.300000  26.500000  4.949747
72.400000  31.500000  14.849242
72.500000  28.000000  18.384776
72.600000  25.000000  15.556349
72.700000  19.500000  12.020815
72.800000  26.000000  18.384776
72.900000  33.500000  14.849242
73.000000  27.500000  12.020815
73.100000  30.000000  18.384776
73.200000  31.500000  20.506097
73.300000  26.500000  12.020815
73.400000  23.000000  16.970563
73.500000  26.500000  16.263456
73.600000  24.000000  15.556349
73.700000  17.500000  13.435029
73.800000  26.000000  19.798990
73.900000  24.500000  13.435029
74.000000  29.500000  21.920310
74.100000  21.500000  7.778175
74.200000  22.000000  11.313708
74.300000  24.500000  14.849242
74.400000  29.500000  24.748737
74.500000  21.500000  16.263456
74.600000  27.500000  17.677670
74.700000  25.500000  12.020815
74.800000  30.000000  19.798990
74.900000  29.500000  23.334524
75.000000  23.000000  16.970563
75.100000  22.000000  11.313708
75.200000  24.000000  18.384776
75.300000  33.500000  23.334524
75.400000  25.000000  15.556349
75.500000  22.000000  8.485281
75.600000  24.500000  20.506097
75.700000  24.000000  16.970563
75.800000  24.000000  11.313708
75.900000  32.500000  21.920310
76.000000  25.000000  19.798990
76.100000  22.500000  14.849242
76.200000  21.500000  16.263456
76.300000  32.000000  24.041631
76.400000  26.500000  9.192388
76.500000  28.000000  12.727922
76.600000  18.500000  7.778175
76.700000  24.500000  17.677670
76.800000  30.500000  13.435029
76.900000  27.500000  17.677670
77.000000  22.500000  13.435029
77.100000  29.000000  22.627417
77.200000  21.500000  17.677670
77.300000  26.500000  21.920310
77.400000  25.000000  21.213203
77.500000  23.000000  19.798990
77.600000  24.500000  16.263456
77.700000  26.000000  21.213203
77.800000  21.000000  15.556349
77.900000  19.500000  12.020815
78.000000  22.500000  16.263456
78.100000  23.000000  16.970563
78.200000  30.500000  17.677670
78.300000  24.500000  21.920310
78.400000  27.500000  19.091883
78.500000  21.500000  13.435029
78.600000  26.500000  14.849242
78.700000  26.000000  19.798990
78.800000  21.000000  14.142136
78.900000  21.500000  14.849242
79.000000  24.000000  21.213203
79.100000  23.000000  11.313708
79.200000  24.500000  7.778175
79.300000  24.000000  15.556349
79.400000  26.500000  13.435029
79.500000  26.500000  12.020815
79.600000  28.000000  18.384776
79.700000  25.000000  16.970563
79.800000  27.000000  14.142136
79.900000  24.000000  16.970563
80.000000  29.000000  18.384776
80.100000  28.500000  17.677670
80.200000  28.000000  15.556349
80.300000  25.500000  14.849242
80.400000  23.500000  12.020815
80.500000  26.000000  14.142136
80.600000  24.500000  9.192388
80.700000  26.500000  17.677670
80.800000  25.500000  13.435029
80.900000  27.500000  14.849242
81.000000  27.000000  15.556349
81.100000  26.000000  16.970563
81.200000  27.500000  20.506097
81.300000  32.000000  28.284271
81.400000  27.000000  15.556349
81.500000  23.000000  14.142136
81.600000  23.500000  16.263456
81.700000  20.000000  5.656854
81.800000  33.000000  14.142136
81.900000  31.000000  18.384776
82.000000  29.500000  10.606602
82.100000  23.500000  16.263456
82.200000  31.500000  19.091883
82.300000  27.000000  14.142136
82.400000  22.000000  11.313708
82.500000  20.000000  8.485281
82.600000  22.000000  14.142136
82.700000  25.000000  9.899495
82.800000  22.500000  10.606602
82.900000  28.500000  9.192388
83.000000  32.000000  21.213203
83.100000  33.000000  22.627417
83.200000  23.000000  15.556349
83.300000  23.500000  19.091883
83.400000  17.500000  7.778175
83.500000  28.000000  12.727922
83.600000  22.500000  10.606602
83.700000  21.500000  12.020815
83.800000  26.000000  15.556349
83.900000  27.000000  7.071068
84.000000  24.500000  2.121320
84.100000  30.000000  12.727922
84.200000  26.000000  18.384776
84.300000  29.500000  16.263456
84.400000  32.000000  11.313708
84.500000  24.500000  2.121320
84.600000  23.500000  4.949747
84.700000  19.000000  4.242641
84.800000  18.000000  7.071068
84.900000  21.000000  12.727922
85.000000  19.500000  9.192388
85.100000  23.500000  7.778175
85.200000  26.500000  9.192388
85.300000  28.500000  13.435029
85.400000  22.000000  8.485281
85.500000  22.000000  7.071068
85.600000  25.500000  7.778175
85.700000  30.500000  14.849242
85.800000  24.500000  4.949747
85.900000  35.000000  15.556349
86.000000  24.500000  7.778175
86.100000  19.000000  12.727922
86.200000  32.000000  25.455844
86.300000  28.500000  16.263456
86.400000  25.000000  11.313708
86.500000  27.500000  14.849242
86.600000  25.500000  12.020815
86.700000  22.500000  9.192388
86.800000  25.000000  12.727922
86.900000  23.000000  16.970563
87.000000  25.500000  17.677670
87.100000  24.000000  18.384776
87.200000  27.000000  14.142136
87.300000  26.500000  13.435029
87.400000  22.000000  8.485281
87.500000  23.500000  14.849242
87.600000  24.500000  23.334524
87.700000  27.000000  16.970563
87.800000  29.500000  21.920310
87.900000  31.500000  16.263456
88.000000  30.000000  19.798990
88.100000  26.500000  20.506097
88.200000  16.500000  9.192388
88.300000  23.000000  5.656854
88.400000  19.500000  4.949747
88.500000  22.500000  13.435029
88.600000  18.500000  10.606602
88.700000  21.000000  21.213203
88.800000  23.000000  8.485281
88.900000  22.500000  9.192388
89.000000  23.000000  5.656854
89.100000  16.500000  4.949747
89.200000  22.500000  10.606602
89.300000  25.000000  11.313708
89.400000  22.000000  15.556349
89.500000  26.500000  23.334524
89.600000  25.500000  16.263456
89.700000  26.000000  15.556349
89.800000  23.000000  18.384776
89.900000  25.000000  21.213203
90.000000  26.000000  12.727922
90.100000  24.500000  16.263456
90.200000  28.000000  18.384776
90.300000  26.000000  22.627417
90.400000  20.500000  17.677670
90.500000  24.500000  19.091883
90.600000  24.500000  19.091883
90.700000  21.500000  19.091883
90.800000  18.500000  10.606602
90.900000  26.500000  21.920310
91.000000  23.000000  19.798990
91.100000  37.500000  26.162951
91.200000  24.000000  4.242641
91.300000  33.500000  17.677670
91.400000  28.500000  19.091883
91.500000  31.000000  15.556349
91.600000  26.500000  19.091883
91.700000  31.500000  23.334524
91.800000  20.500000  16.263456
91.900000  25.000000  15.556349
92.000000  26.000000  15.556349
92.100000  32.500000  26.162951
92.200000  30.000000  19.798990
92.300000  23.000000  21.213203
92.400000  28.500000  21.920310
92.500000  35.000000  25.455844
92.600000  29.000000  15.556349
92.700000  29.000000  18.384776
92.800000  24.000000  15.556349
92.900000  26.500000  21.920310
93.000000  25.500000  17.677670
93.100000  26.000000  15.556349
93.200000  25.000000  19.798990
93.300000  21.500000  12.020815
93.400000  32.500000  23.334524
93.500000  27.000000  11.313708
93.600000  33.500000  23.334524
93.700000  26.500000  17.677670
93.800000  24.000000  15.556349
93.900000  25.000000  15.556349
94.000000  23.000000  11.313708
94.100000  22.500000  14.849242
94.200000  30.500000  20.506097
94.300000  26.000000  16.970563
94.400000  23.000000  15.556349
94.500000  19.500000  9.192388
94.600000  27.000000  11.313708
94.700000  21.000000  7.071068
94.800000  17.500000  4.949747
94.900000  20.000000  8.485281
95.000000  22.000000  8.485281
95.100000  23.500000  14.849242
95.200000  30.500000  16.263456
95.300000  29.500000  14.849242
95.400000  27.500000  19.091883
95.500000  25.000000  14.142136
95.600000  22.000000  9.899495
95.700000  27.000000  16.970563
95.800000  29.500000  17.677670
95.900000  17.000000  12.727922
96.000000  26.000000  19.798990
96.100000  29.000000  19.798990
96.200000  23.000000  14.142136
96.300000  22.000000  16.970563
96.400000  24.000000  12.727922
96.500000  31.500000  28.991378
96.600000  25.500000  17.677670
96.700000  26.000000  16.970563
96.800000  23.000000  12.727922
96.900000  23.500000  16.263456
97.000000  20.500000  6.363961
97.100000  23.000000  11.313708
97.200000  26.500000  14.849242
97.300000  27.000000  12.727922
97.400000  26.000000  16.970563
97.500000  30.500000  21.920310
97.600000  23.500000  13.435029
97.700000  28.500000  13.435029
97.800000  27.000000  19.798990
97.900000  29.500000  21.920310
98.000000  26.500000  17.677670
98.100000  27.000000  12.727922
98.200000  28.500000  14.849242
98.300000  30.000000  18.384776
98.400000  24.500000  12.020815
98.500000  24.000000  11.313708
98.600000  22.000000  9.899495
98.700000  30.000000  21.213203
98.800000  24.000000  11.313708
98.900000  33.000000  24.041631
99.000000  28.500000  19.091883
99.100000  28.500000  19.091883
99.200000  29.000000  18.384776
99.300000  25.500000  16.263456
99.400000  22.500000  12.020815
99.500000  25.500000  13.435029
99.600000  22.000000  9.899495
99.700000  21.500000  14.849242
99.800000  25.000000  15.556349
99.900000  22.000000  11.313708
100.000000  29.500000  13.435029
100.100000  21.000000  11.313708
100.200000  22.000000  16.970563
100.300000  31.500000  24.748737
100.400000  31.000000  22.627417
100.500000  27.500000  16.263456
100.600000  26.500000  14.849242
100.700000  24.500000  14.849242
100.800000  30.500000  27.577164
100.900000  23.500000  16.263456
101.000000  23.000000  14.142136
101.100000  25.000000  16.970563
101.200000  20.000000  12.727922
101.300000  21.500000  12.020815
101.400000  23.500000  7.778175
101.500000  21.500000  10.606602
101.600000  20.000000  12.727922
101.700000  21.500000  12.020815
101.800000  25.500000  17.677670
101.900000  16.000000  11.313708
102.000000  19.000000  18.384776
102.100000  29.000000  25.455844
102.200000  25.000000  19.798990
102.300000  21.000000  5.656854
102.400000  21.500000  16.263456
102.500000  20.000000  11.313708
102.600000  18.000000  14.142136
102.700000  22.000000  12.727922
102.800000  25.000000  15.556349
102.900000  25.500000  10.606602
103.000000  19.500000  7.778175
103.100000  22.000000  12.727922
103.200000  23.000000  16.970563
103.300000  20.000000  9.899495
103.400000  19.500000  10.606602
103.500000  19.000000  7.071068
103.600000  20.500000  12.020815
103.700000  26.000000  15.556349
103.800000  18.500000  6.363961
103.900000  19.000000  8.485281
104.000000  19.500000  4.949747
104.100000  21.500000  6.363961
104.200000  19.500000  7.778175
104.300000  21.500000  10.606602
104.400000  21.500000  13.435029
104.500000  20.500000  12.020815
104.600000  18.000000  2.828427
104.700000  21.000000  12.727922
104.800000  13.500000  0.707107
104.900000  15.500000  3.535534
105.000000  21.500000  14.849242
105.100000  24.500000  14.849242
105.200000  22.500000  10.606602
105.300000  22.500000  7.778175
105.400000  26.500000  13.435029
105.500000  19.500000  7.778175
105.600000  20.000000  4.242641
105.700000  16.500000  6.363961
105.800000  19.000000  2.828427
105.900000  19.000000  8.485281
106.000000  17.000000  4.242641
106.100000  18.000000  5.656854
106.200000  21.000000  11.313708
106.300000  19.500000  7.778175
106.400000  25.500000  19.091883
106.500000  24.000000  9.899495
106.600000  23.000000  11.313708
106.700000  21.500000  14.849242
106.800000  19.000000  8.485281
106.900000  20.500000  6.363961
107.000000  22.500000  12.020815
107.100000  20.500000  6.363961
107.200000  15.500000  0.707107
107.300000  22.000000  12.727922
107.400000  22.000000  1.414214
107.500000  18.500000  7.778175
107.600000  15.000000  5.656854
107.700000  18.500000  9.192388
107.800000  29.500000  12.020815
107.900000  20.000000  8.485281
108.000000  26.500000  16.263456
108.100000  22.000000  12.727922
108.200000  23.000000  9.899495
108.300000  19.500000  9.192388
108.400000  18.500000  9.192388
108.500000  17.000000  5.656854
108.600000  24.000000  8.485281
108.700000  20.000000  11.313708
108.800000  22.500000  16.263456
108.900000  19.000000  9.899495
109.000000  24.500000  14.849242
109.100000  20.500000  14.849242
109.200000  23.500000  12.020815
109.300000  22.000000  14.142136
109.400000  24.000000  15.556349
109.500000  17.000000  4.242641
109.600000  22.500000  7.778175
109.700000  23.500000  14.849242
109.800000  26.500000  13.435029
109.900000  23.000000  14.142136
110.000000  23.500000  12.020815
110.100000  24.000000  15.556349
110.200000  24.500000  13.435029
110.300000  22.000000  8.485281
110.400000  26.000000  18.384776
110.500000  25.000000  16.970563
110.600000  18.500000  6.363961
110.700000  20.500000  13.435029
110.800000  21.500000  10.606602
110.900000  21.000000  8.485281
111.000000  24.500000  14.849242
111.100000  21.000000  11.313708
111.200000  24.000000  11.313708
111.300000  27.000000  18.384776
111.400000  17.500000  6.363961
111.500000  21.000000  9.899495
111.600000  24.500000  13.435029
111.700000  22.000000  9.899495
111.800000  22.000000  12.727922
111.900000  25.500000  14.849242
112.000000  20.000000  2.828427
112.100000  20.500000  9.192388
112.200000  19.000000  11.313708
112.300000  23.500000  12.020815
112.400000  30.000000  24.041631
112.500000  27.500000  17.677670
112.600000  22.500000  13.435029
112.700000  21.000000  9.899495
112.800000  23.000000  16.970563
112.900000  19.500000  6.363961
113.000000  20.000000  8.485281
113.100000  26.500000  12.020815
113.200000  25.500000  10.606602
113.300000  21.500000  12.020815
113.400000  31.000000  26.870058
113.500000  27.000000  16.970563
113.600000  24.500000  13.435029
113.700000  33.500000  24.748737
113.800000  30.500000  19.091883
113.900000  28.000000  19.798990
114.000000  26.500000  14.849242
114.100000  26.500000  21.920310
114.200000  32.500000  21.920310
114.300000  28.000000  24.041631
114.400000  26.500000  19.091883
114.500000  28.500000  20.506097
114.600000  27.500000  16.263456
114.700000  27.000000  16.970563
114.800000  27.500000  23.334524
114.900000  26.000000  15.556349
115.000000  28.500000  16.263456
115.100000  28.000000  19.798990
115.200000  30.000000  24.041631
115.300000  26.000000  15.556349
115.400000  28.000000  15.556349
115.500000  34.500000  28.991378
115.600000  27.000000  19.798990
115.700000  32.500000  26.162951
115.800000  22.000000  15.556349
115.900000  29.000000  19.798990
116.000000  31.500000  26.162951
116.100000  27.500000  21.920310
116.200000  28.000000  25.455844
116.300000  32.500000  26.162951
116.400000  24.500000  17.677670
116.500000  30.000000  15.556349
116.600000  27.000000  18.384776
116.700000  30.000000  21.213203
116.800000  28.000000  15.556349
116.900000  28.500000  21.920310
117.000000  32.000000  21.213203
117.100000  30.500000  19.091883
117.200000  29.500000  21.920310
117.300000  28.500000  20.506097
117.400000  31.000000  18.384776
117.500000  28.000000  21.213203
117.600000  26.000000  16.970563
117.700000  30.500000  17.677670
117.800000  29.500000  16.263456
117.900000  27.500000  21.920310
118.000000  29.000000  21.213203
118.100000  30.500000  21.920310
118.200000  31.000000  19.798990
118.300000  31.000000  16.970563
118.400000  24.500000  14.849242
118.500000  31.500000  27.577164
118.600000  32.000000  25.455844
118.700000  26.500000  21.920310
118.800000  28.500000  19.091883
118.900000  28.000000  18.384776
119.000000  25.000000  19.798990
119.100000  25.500000  14.849242
119.200000  31.500000  23.334524
119.300000  28.000000  16.970563
119.400000  27.500000  17.677670
119.500000  33.500000  21.920310
119.600000  25.500000  12.020815
119.700000  32.000000  21.213203
119.800000  33.000000  14.142136
119.900000  33.000000  16.970563
120.000000  32.500000  20.506097
120.100000  30.000000  15.556349
120.200000  28.500000  17.677670
120.300000  29.000000  16.970563
120.400000  32.000000  11.313708
120.500000  28.500000  16.263456
120.600000  31.500000  16.263456
120.700000  34.500000  14.849242
120.800000  27.500000  16.263456
120.900000  28.000000  14.142136
121.000000  30.000000  15.556349
121.100000  31.000000  15.556349
121.200000  34.000000  21.213203
121.300000  33.000000  18.384776
121.400000  28.000000  16.970563
121.500000  32.000000  24.041631
121.600000  27.000000  14.142136
121.700000  27.000000  15.556349
121.800000  22.000000  12.727922
121.900000  23.000000  14.142136
122.000000  30.500000  13.435029
122.100000  29.500000  7.778175
122.200000  29.000000  15.556349
122.300000  25.000000  16.970563
122.400000  27.000000  15.556349
122.500000  26.500000  17.677670
122.600000  26.500000  14.849242
122.700000  27.000000  16.970563
122.800000  27.500000  16.263456
122.900000  33.500000  19.091883
123.000000  30.000000  16.970563
123.100000  26.500000  12.020815
123.200000  28.500000  16.263456
123.300000  25.500000  12.020815
123.400000  24.500000  13.435029
123.500000  26.500000  16.263456
123.600000  25.000000  14.142136
123.700000  30.000000  12.727922
123.800000  30.500000  16.263456
123.900000  32.500000  19.091883
124.000000  28.500000  16.263456
124.100000  28.000000  16.970563
124.200000  27.500000  12.020815
124.300000  30.000000  14.142136
124.400000  32.000000  21.213203
124.500000  26.000000  12.727922
124.600000  31.000000  25.455844
124.700000  25.000000  15.556349
124.800000  32.000000  18.384776
124.900000  25.500000  9.192388
125.000000  29.000000  8.485281
125.100000  27.000000  11.313708
125.200000  25.000000  9.899495
125.300000  25.000000  18.384776
125.400000  30.500000  23.334524
125.500000  28.500000  27.577164
125.600000  29.000000  18.384776
125.700000  30.000000  16.970563
125.800000  32.500000  21.920310
125.900000  32.000000  22.627417
126.000000  36.500000  26.162951
126.100000  24.500000  13.435029
126.200000  28.000000  19.798990
126.300000  29.500000  19.091883
126.400000  30.000000  18.384776
126.500000  26.000000  11.313708
126.600000  26.500000  16.263456
126.700000  33.500000  14.849242
126.800000  32.500000  20.506097
126.900000  24.500000  12.020815
127.000000  31.500000  17.677670
127.100000  31.500000  17.677670
127.200000  22.000000  12.727922
127.300000  33.500000  14.849242
127.400000  24.000000  9.899495
127.500000  30.000000  15.556349
127.600000  30.000000  19.798990
127.700000  36.500000  12.020815
127.800000  28.000000  0.000000
127.900000  29.000000  19.798990
128.000000  28.500000  19.091883
128.100000  30.500000  21.920310
128.200000  29.500000  14.849242
128.300000  29.500000  16.263456
128.400000  25.000000  12.727922
128.500000  35.500000  17.677670
128.600000  31.000000  25.455844
128.700000  28.500000  17.677670
128.800000  33.000000  18.384776
128.900000  31.000000  16.970563
129.000000  30.000000  15.556349
129.100000  27.500000  14.849242
129.200000  28.000000  16.970563
129.300000  30.500000  19.091883
129.400000  28.500000  13.435029
129.500000  29.000000  15.556349
129.600000  30.000000  12.727922
129.700000  33.000000  22.627417
129.800000  24.500000  12.020815
129.900000  23.500000  10.606602
130.000000  27.500000  6.363961
130.100000  27.000000  14.142136
130.200000  27.500000  16.263456
130.300000  27.500000  16.263456
130.400000  22.500000  7.778175
130.500000  22.500000  9.192388
130.600000  27.000000  15.556349
130.700000  28.500000  16.263456
130.800000  28.000000  14.142136
130.900000  24.500000  12.020815
131.000000  27.500000  17.677670
131.100000  28.500000  12.020815
131.200000  25.500000  12.020815
131.300000  25.500000  12.020815
131.400000  28.000000  11.313708
131.500000  32.500000  14.849242
131.600000  21.500000  10.606602
131.700000  26.000000  14.142136
131.800000  26.000000  12.727922
131.900000  33.500000  19.091883
132.000000  25.500000  13.435029
132.100000  25.500000  4.949747
132.200000  28.000000  15.556349
132.300000  25.000000  14.142136
132.400000  23.500000  10.606602
132.500000  27.500000  21.920310
132.600000  33.000000  21.213203
132.700000  33.500000  13.435029
132.800000  33.000000  15.556349
132.900000  26.000000  7.071068
133.000000  34.000000  11.313708
133.100000  35.000000  18.384776
133.200000  25.500000  6.363961
133.300000  33.000000  9.899495
133.400000  26.000000  5.656854
133.500000  33.500000  2.121320
133.600000  31.500000  9.192388
133.700000  34.000000  8.485281
133.800000  32.000000  16.970563
133.900000  33.000000  9.899495
134.000000  36.000000  16.970563
134.100000  30.500000  9.192388
134.200000  29.000000  9.899495
134.300000  30.500000  9.192388
134.400000  30.000000  18.384776
134.500000  34.000000  14.142136
134.600000  28.500000  17.677670
134.700000  29.000000  12.727922
134.800000  30.500000  12.020815
134.900000  25.000000  18.384776
135.000000  27.000000  16.970563
135.100000  30.000000  19.798990
135.200000  33.000000  24.041631
135.300000  31.500000  17.677670
135.400000  30.000000  11.313708
135.500000  33.000000  19.798990
135.600000  28.000000  11.313708
135.700000  37.000000  21.213203
135.800000  25.500000  9.192388
135.900000  29.000000  15.556349
136.000000  27.000000  16.970563
136.100000  30.500000  13.435029
136.200000  25.000000  14.142136
136.300000  28.000000  12.727922
136.400000  31.000000  16.970563
136.500000  31.000000  14.142136
136.600000  29.000000  7.071068
136.700000  30.000000  7.071068
136.800000  28.500000  12.020815
136.900000  32.000000  9.899495
137.000000  31.000000  11.313708
137.100000  28.500000  9.192388
137.200000  32.500000  10.606602
137.300000  29.500000  21.920310
137.400000  30.000000  11.313708
137.500000  28.500000  13.435029
137.600000  27.000000  15.556349
137.700000  29.000000  16.970563
137.800000  31.000000  18.384776
137.900000  28.000000  18.384776
138.000000  26.000000  12.727922
138.100000  27.000000  16.970563
138.200000  25.000000  12.727922
138.300000  30.000000  25.455844
138.400000  24.000000  15.556349
138.500000  28.500000  17.677670
138.600000  20.500000  12.020815
138.700000  32.000000  11.313708
138.800000  25.000000  9.899495
138.900000  24.500000  13.435029
139.000000  24.000000  8.485281
139.100000  27.500000  16.263456
139.200000  28.500000  14.849242
139.300000  28.000000  15.556349
139.400000  22.000000  9.899495
139.500000  24.000000  14.142136
139.600000  27.000000  15.556349
139.700000  27.500000  19.091883
139.800000  28.000000  19.798990
139.900000  25.000000  19.798990
140.000000  26.000000  18.384776
140.100000  24.000000  15.556349
140.200000  28.500000  16.263456
140.300000  22.000000  16.970563
140.400000  22.500000  17.677670
140.500000  28.000000  25.455844
140.600000  23.000000  16.970563
140.700000  21.500000  14.849242
140.800000  27.000000  14.142136
140.900000  26.000000  14.142136
141.000000  27.500000  17.677670
141.100000  27.000000  19.798990
141.200000  28.500000  19.091883
141.300000  21.000000  16.970563
141.400000  20.500000  13.435029
141.500000  22.500000  13.435029
141.600000  21.500000  13.435029
141.700000  22.000000  9.899495
141.800000  26.000000  9.899495
141.900000  26.500000  17.677670
142.000000  22.500000  14.849242
142.100000  25.000000  15.556349
142.200000  28.000000  18.384776
142.300000  24.500000  9.192388
142.400000  28.500000  9.192388
142.500000  28.000000  12.727922
142.600000  27.500000  16.263456
142.700000  24.000000  11.313708
142.800000  17.500000  6.363961
142.900000  25.500000  14.849242
143.000000  24.000000  16.970563
143.100000  26.500000  13.435029
143.200000  27.000000  24.041631
143.300000  23.500000  16.263456
143.400000  24.500000  19.091883
143.500000  26.500000  16.263456
143.600000  20.500000  16.263456
143.700000  24.500000  9.192388
143.800000  25.500000  10.606602
143.900000  24.000000  9.899495
144.000000  34.000000  24.041631
144.100000  26.000000  12.727922
144.200000  23.000000  11.313708
144.300000  31.500000  24.748737
144.400000  24.000000  12.727922
144.500000  23.500000  4.949747
144.600000  24.000000  7.071068
144.700000  29.500000  13.435029
144.800000  26.500000  12.020815
144.900000  27.500000  10.606602
145.000000  23.000000  8.485281
145.100000  16.500000  10.606602
145.200000  20.500000  10.606602
145.300000  17.500000  9.192388
145.400000  16.000000  7.071068
145.500000  20.500000  13.435029
145.600000  23.000000  15.556349
145.700000  19.000000  15.556349
145.800000  23.000000  14.142136
145.900000  23.000000  15.556349
146.000000  27.500000  17.677670
146.100000  24.500000  14.849242
146.200000  27.500000  9.192388
146.300000  24.000000  9.899495
146.400000  24.000000  8.485281
146.500000  23.000000  5.656854
146.600000  24.000000  9.899495
146.700000  21.500000  10.606602
146.800000  20.500000  16.263456
146.900000  20.500000  12.020815
147.000000  21.000000  12.727922
147.100000  27.000000  9.899495
147.200000  27.500000  16.263456
147.300000  28.000000  2.828427
147.400000  21.000000  5.656854
147.500000  22.000000  8.485281
147.600000  30.000000  7.071068
147.700000  25.000000  9.899495
147.800000  26.000000  11.313708
147.900000  26.000000  9.899495
148.000000  25.500000  17.677670
148.100000  25.500000  12.020815
148.200000  25.000000  9.899495
148.300000  22.500000  3.535534
148.400000  29.000000  18.384776
148.500000  25.500000  13.435029
148.600000  29.000000  15.556349
148.700000  27.500000  10.606602
148.800000  30.500000  13.435029
148.900000  27.500000  12.020815
149.000000  24.000000  4.242641
149.100000  26.500000  4.949747
149.200000  27.500000  12.020815
149.300000  22.500000  7.778175
149.400000  26.500000  16.263456
149.500000  24.000000  19.798990
149.600000  20.500000  14.849242
149.700000  27.000000  11.313708
149.800000  24.000000  14.142136
149.900000  26.000000  18.384776
150.000000  23.500000  19.091883
150.100000  24.500000  21.920310
150.200000  26.500000  24.748737
150.300000  26.000000  16.970563
150.400000  25.000000  11.313708
150.500000  31.000000  14.142136
150.600000  28.500000  14.849242
150.700000  29.000000  7.071068
150.800000  27.500000  12.020815
150.900000  27.500000  13.435029
151.000000  30.000000  8.485281
151.100000  32.500000  19.091883
151.200000  26.500000  12.020815
151.300000  29.000000  12.727922
151.400000  24.000000  16.970563
151.500000  26.500000  13.435029
151.600000  29.000000  12.727922
151.700000  27.500000  13.435029
151.800000  23.500000  17.677670
151.900000  23.000000  14.142136
152.000000  24.500000  12.020815
152.100000  33.500000  13.435029
152.200000  29.500000  6.363961
152.300000  34.000000  12.727922
152.400000  27.500000  7.778175
152.500000  28.500000  12.020815
152.600000  29.000000  2.828427
152.700000  27.500000  7.778175
152.800000  31.500000  7.778175
152.900000  35.000000  16.970563
153.000000  27.500000  9.192388
153.100000  29.500000  9.192388
153.200000  26.000000  0.000000
153.300000  30.000000  2.828427
153.400000  30.000000  11.313708
153.500000  24.500000  10.606602
153.600000  22.500000  0.707107
153.700000  23.500000  7.778175
153.800000  30.000000  0.000000
153.900000  30.500000  2.121320
154.000000  23.500000  4.949747
154.100000  25.000000  1.414214
154.200000  28.000000  5.656854
154.300000  26.000000  2.828427
154.400000  34.500000  6.363961
154.500000  28.500000  6.363961
154.600000  23.000000  5.656854
154.700000  28.500000  3.535534
154.800000  27.000000  2.828427
154.900000  27.000000  1.414214
155.000000  21.000000  2.828427
155.100000  27.000000  1.414214
155.200000  26.000000  5.656854
155.300000  29.000000  0.000000
155.400000  34.000000  12.727922
155.500000  27.000000  2.828427
155.600000  25.500000  0.707107
155.700000  26.000000  5.656854
155.800000  26.500000  3.535534
155.900000  34.000000  14.142136
156.000000  26.000000  5.656854
156.100000  27.000000  14.142136
156.200000  26.500000  7.778175
156.300000  24.500000  3.535534
156.400000  21.000000  9.899495
156.500000  22.500000  4.949747
156.600000  26.000000  7.071068
156.700000  24.500000  0.707107
156.800000  23.500000  4.949747
156.900000  21.000000  8.485281
157.000000  24.000000  9.899495
157.100000  21.500000  7.778175
157.200000  23.500000  6.363961
157.300000  25.500000  4.949747
157.400000  24.500000  2.121320
157.500000  24.500000  10.606602
157.600000  21.000000  1.414214
157.700000  20.500000  9.192388
157.800000  19.000000  12.727922
157.900000  20.500000  7.778175
158.000000  26.000000  7.071068
158.100000  23.000000  9.899495
158.200000  25.500000  12.020815
158.300000  19.000000  7.071068
158.400000  19.500000  10.606602
158.500000  20.500000  13.435029
158.600000  22.000000  12.727922
158.700000  22.000000  16.970563
158.800000  17.500000  6.363961
158.900000  19.000000  4.242641
159.000000  24.000000  9.899495
159.100000  25.000000  16.970563
159.200000  27.500000  20.506097
159.300000  17.500000  6.363961
159.400000  21.500000  9.192388
159.500000  25.500000  12.020815
159.600000  22.500000  16.263456
159.700000  21.000000  14.142136
159.800000  20.500000  6.363961
159.900000  20.500000  12.020815
160.000000  20.000000  0.000000
160.100000  16.500000  6.363961
160.200000  16.000000  7.071068
160.300000  19.000000  7.071068
160.400000  25.000000  11.313708
160.500000  16.500000  12.020815
160.600000  19.500000  9.192388
160.700000  24.000000  21.213203
160.800000  27.500000  17.677670
160.900000  23.000000  8.485281
161.000000  22.000000  8.485281
161.100000  19.000000  5.656854
161.200000  20.500000  10.606602
161.300000  18.500000  3.535534
161.400000  23.000000  9.899495
161.500000  20.000000  8.485281
161.600000  19.500000  9.192388
161.700000  20.500000  17.677670
161.800000  17.000000  1.414214
161.900000  19.000000  14.142136
162.000000  19.000000  4.242641
162.100000  22.500000  6.363961
162.200000  19.500000  4.949747
162.300000  18.500000  9.192388
162.400000  23.500000  6.363961
162.500000  21.000000  11.313708
162.600000  24.000000  11.313708
162.700000  19.500000  9.192388
162.800000  21.500000  7.778175
162.900000  23.500000  9.192388
163.000000  19.000000  4.242641
163.100000  22.500000  13.435029
163.200000  22.500000  12.020815
163.300000  22.000000  14.142136
163.400000  21.000000  8.485281
163.500000  25.000000  8.485281
163.600000  25.000000  15.556349
163.700000  15.000000  1.414214
163.800000  22.500000  13.435029
163.900000  21.000000  12.727922
164.000000  24.500000  17.677670
164.100000  23.500000  12.020815
164.200000  21.500000  12.020815
164.300000  22.500000  12.020815
164.400000  24.000000  14.142136
164.500000  27.500000  10.606602
164.600000  29.500000  12.020815
164.700000  29.500000  14.849242
164.800000  27.500000  17.677670
164.900000  25.500000  9.192388
165.000000  24.000000  15.556349
165.100000  26.000000  14.142136
165.200000  25.500000  14.849242
165.300000  24.500000  16.263456
165.400000  24.000000  15.556349
165.500000  24.000000  14.142136
165.600000  28.000000  16.970563
165.700000  23.000000  9.899495
165.800000  30.500000  7.778175
165.900000  32.000000  19.798990
166.000000  27.000000  12.727922
166.100000  26.000000  5.656854
166.200000  25.000000  16.970563
166.300000  20.500000  12.020815
166.400000  25.000000  14.142136
166.500000  26.000000  5.656854
166.600000  26.000000  12.727922
166.700000  23.000000  7.071068
166.800000  30.000000  18.384776
166.900000  28.000000  7.071068
167.000000  29.500000  13.435029
167.100000  25.500000  12.020815
167.200000  24.500000  12.020815
167.300000  22.000000  14.142136
167.400000  25.000000  16.970563
167.500000  21.000000  11.313708
167.600000  25.000000  18.384776
167.700000  22.500000  10.606602
167.800000  24.500000  10.606602
167.900000  31.000000  24.041631
168.000000  22.000000  12.727922
168.100000  24.500000  17.677670
168.200000  22.500000  14.849242
168.300000  22.500000  17.677670
168.400000  24.000000  14.142136
168.500000  22.000000  15.556349
168.600000  24.000000  15.556349
168.700000  18.500000  12.020815
168.800000  19.500000  6.363961
168.900000  23.000000  14.142136
169.000000  26.500000  19.091883
169.100000  18.000000  8.485281
169.200000  24.500000  14.849242
169.300000  25.000000  18.384776
169.400000  25.500000  14.849242
169.500000  28.500000  13.435029
169.600000  27.500000  17.677670
169.700000  29.000000  19.798990
169.800000  24.000000  14.142136
169.900000  29.000000  21.213203
170.000000  23.000000  19.798990
170.100000  20.000000  7.071068
170.200000  24.000000  16.970563
170.300000  26.000000  15.556349
170.400000  24.000000  16.970563
170.500000  27.000000  19.798990
170.600000  28.500000  20.506097
170.700000  28.000000  21.213203
170.800000  25.000000  11.313708
170.900000  25.500000  16.263456
171.000000  24.500000  12.020815
171.100000  22.000000  12.727922
171.200000  24.000000  16.970563
171.300000  22.500000  10.606602
171.400000  20.500000  13.435029
171.500000  25.500000  14.849242
171.600000  23.500000  17.677670
171.700000  23.500000  17.677670
171.800000  23.000000  18.384776
171.900000  21.000000  11.313708
172.000000  24.500000  17.677670
172.100000  22.500000  16.263456
172.200000  20.000000  11.313708
172.300000  26.500000  19.091883
172.400000  21.000000  12.727922
172.500000  22.000000  11.313708
172.600000  26.500000  20.506097
172.700000  25.000000  11.313708
172.800000  19.500000  10.606602
172.900000  25.000000  15.556349
173.000000  26.000000  14.142136
173.100000  26.500000  12.020815
173.200000  24.000000  15.556349
173.300000  28.500000  14.849242
173.400000  23.500000  6.363961
173.500000  21.000000  4.242641
173.600000  24.000000  12.727922
173.700000  24.500000  16.263456
173.800000  22.000000  15.556349
173.900000  22.500000  13.435029
174.000000  20.500000  12.020815
174.100000  28.500000  24.748737
174.200000  27.000000  21.213203
174.300000  23.500000  6.363961
174.400000  29.500000  14.849242
174.500000  27.500000  13.435029
174.600000  21.000000  15.556349
174.700000  25.000000  15.556349
174.800000  20.500000  10.606602
174.900000  22.000000  12.727922
175.000000  18.000000  5.656854
175.100000  24.500000  14.849242
175.200000  26.500000  9.192388
175.300000  27.000000  18.384776
175.400000  28.000000  16.970563
175.500000  20.500000  4.949747
175.600000  25.500000  16.263456
175.700000  28.500000  7.778175
175.800000  29.500000  9.192388
175.900000  25.000000  12.727922
176.000000  25.500000  7.778175
176.100000  27.000000  7.071068
176.200000  29.000000  12.727922
176.300000  28.000000  4.242641
176.400000  25.500000  12.020815
176.500000  27.000000  12.727922
176.600000  31.000000  9.899495
176.700000  28.000000  14.142136
176.800000  28.500000  16.263456
176.900000  29.500000  3.535534
177.000000  28.500000  10.606602
177.100000  24.000000  0.000000
177.200000  35.500000  4.949747
177.300000  30.500000  9.192388
177.400000  24.500000  12.020815
177.500000  25.500000  0.707107
177.600000  26.500000  9.192388
177.700000  39.000000  21.213203
177.800000  31.000000  8.485281
177.900000  26.000000  9.899495
178.000000  28.500000  13.435029
178.100000  30.000000  11.313708
178.200000  30.000000  14.142136
178.300000  20.000000  12.727922
178.400000  27.500000  9.192388
178.500000  25.500000  6.363961
178.600000  30.500000  6.363961
178.700000  24.500000  3.535534
178.800000  22.500000  4.949747
178.900000  22.500000  6.363961
179.000000  18.500000  4.949747
179.100000  25.500000  10.606602
179.200000  25.500000  12.020815
179.300000  21.000000  11.313708
179.400000  35.500000  12.020815
179.500000  27.000000  12.727922
179.600000  28.000000  9.899495
179.700000  27.500000  2.121320
179.800000  29.000000  2.828427
179.900000  25.000000  7.071068
180.000000  26.000000  12.727922
180.100000  24.500000  9.192388
180.200000  25.500000  3.535534
180.300000  27.000000  5.656854
180.400000  29.000000  9.899495
180.500000  23.000000  0.000000
180.600000  32.000000  9.899495
180.700000  28.500000  4.949747
180.800000  28.000000  5.656854
180.900000  27.000000  14.142136
181.000000  29.500000  14.849242
181.100000  23.000000  11.313708
181.200000  27.500000  10.606602
181.300000  23.000000  9.899495
181.400000  24.500000  9.192388
181.500000  29.000000  19.798990
181.600000  26.500000  4.949747
181.700000  27.000000  5.656854
181.800000  23.500000  12.020815
181.900000  30.000000  9.899495
182.000000  27.000000  4.242641
182.100000  26.000000  12.727922
182.200000  29.500000  13.435029
182.300000  27.500000  17.677670
182.400000  22.500000  10.606602
182.500000  31.500000  7.778175
182.600000  23.500000  14.849242
182.700000  26.500000  14.849242
182.800000  19.000000  1.414214
182.900000  30.000000  8.485281
183.000000  23.500000  4.949747
183.100000  19.500000  10.606602
183.200000  25.000000  14.142136
183.300000  22.500000  12.020815
183.400000  25.000000  4.242641
183.500000  33.000000  15.556349
183.600000  27.000000  4.242641
183.700000  25.000000  2.828427
183.800000  23.000000  4.242641
183.900000  28.000000  7.071068
184.000000  26.000000  9.899495
184.100000  26.000000  7.071068
184.200000  24.000000  7.071068
184.300000  23.000000  4.242641
184.400000  23.500000  0.707107
184.500000  29.000000  21.213203
184.600000  19.500000  7.778175
184.700000  22.500000  4.949747
184.800000  25.000000  19.798990
184.900000  33.500000  13.435029
185.000000  32.500000  26.162951
185.100000  29.500000  12.020815
185.200000  33.500000  10.606602
185.300000  27.000000  9.899495
185.400000  26.500000  10.606602
185.500000  25.500000  2.121320
185.600000  30.500000  13.435029
185.700000  26.500000  10.606602
185.800000  30.000000  12.727922
185.900000  24.500000  3.535534
186.000000  27.000000  12.727922
186.100000  25.000000  9.899495
186.200000  29.500000  13.435029
186.300000  17.000000  8.485281
186.400000  29.000000  9.899495
186.500000  28.500000  7.778175
186.600000  27.500000  9.192388
186.700000  28.500000  12.020815
186.800000  25.500000  12.020815
186.900000  23.000000  15.556349
187.000000  31.000000  11.313708
187.100000  30.000000  11.313708
187.200000  28.500000  4.949747
187.300000  25.500000  14.849242
187.400000  29.500000  7.778175
187.500000  34.000000  14.142136
187.600000  32.500000  4.949747
187.700000  26.500000  14.849242
187.800000  27.500000  19.091883
187.900000  26.000000  15.556349
188.000000  21.500000  13.435029
188.100000  22.500000  14.849242
188.200000  23.500000  21.920310
188.300000  25.000000  22.627417
188.400000  29.500000  20.506097
188.500000  24.000000  19.798990
188.600000  25.500000  23.334524
188.700000  27.000000  12.727922
188.800000  26.500000  16.263456
188.900000  26.500000  21.920310
189.000000  25.000000  8.485281
189.100000  32.000000  12.727922
189.200000  22.000000  16.970563
189.300000  28.500000  13.435029
189.400000  26.000000  11.313708
189.500000  24.000000  9.899495
189.600000  23.500000  3.535534
189.700000  24.000000  5.656854
189.800000  31.000000  9.899495
189.900000  29.500000  2.121320
190.000000  32.500000  7.778175
190.100000  29.500000  0.707107
190.200000  26.000000  2.828427
190.300000  30.000000  1.414214
190.400000  29.500000  9.192388
190.500000  28.500000  7.778175
190.600000  29.500000  6.363961
190.700000  32.500000  9.192388
190.800000  30.500000  13.435029
190.900000  32.000000  14.142136
191.000000  24.500000  9.192388
191.100000  34.000000  9.899495
191.200000  28.500000  7.778175
191.300000  29.500000  19.091883
191.400000  26.500000  13.435029
191.500000  32.500000  12.020815
191.600000  27.500000  14.849242
191.700000  33.000000  16.970563
191.800000  30.500000  9.192388
191.900000  27.000000  9.899495
192.000000  24.000000  15.556349
192.100000  19.000000  1.414214
192.200000  20.500000  3.535534
192.300000  30.500000  7.778175
192.400000  28.000000  2.828427
192.500000  24.000000  2.828427
192.600000  25.500000  7.778175
192.700000  27.000000  8.485281
192.800000  30.500000  6.363961
192.900000  22.000000  8.485281
193.000000  24.500000  6.363961
193.100000  34.500000  6.363961
193.200000  23.000000  18.384776
193.300000  30.500000  9.192388
193.400000  24.500000  13.435029
193.500000  21.500000  16.263456
193.600000  28.500000  7.778175
193.700000  25.500000  19.091883
193.800000  26.500000  6.363961
193.900000  30.500000  7.778175
194.000000  30.000000  7.071068
194.100000  33.500000  2.121320
194.200000  25.500000  6.363961
194.300000  29.000000  14.142136
194.400000  23.500000  9.192388
194.500000  26.500000  7.778175
194.600000  28.500000  9.192388
194.700000  27.000000  12.727922
194.800000  26.500000  14.849242
194.900000  27.000000  7.071068
195.000000  21.500000  9.192388
195.100000  23.500000  7.778175
195.200000  25.500000  10.606602
195.300000  27.500000  14.849242
195.400000  28.500000  7.778175
195.500000  30.000000  5.656854
195.600000  27.000000  9.899495
195.700000  21.500000  12.020815
195.800000  36.000000  15.556349
195.900000  29.500000  6.363961
196.000000  28.500000  13.435029
196.100000  26.500000  9.192388
196.200000  27.000000  11.313708
196.300000  24.000000  14.142136
196.400000  23.000000  7.071068
196.500000  26.500000  14.849242
196.600000  32.500000  17.677670
196.700000  28.000000  1.414214
196.800000  25.000000  8.485281
196.900000  24.000000  9.899495
197.000000  29.000000  14.142136
197.100000  29.000000  8.485281
197.200000  25.000000  5.656854
197.300000  25.000000  8.485281
197.400000  30.000000  4.242641
197.500000  30.500000  12.020815
197.600000  26.500000  12.020815
197.700000  24.500000  4.949747
197.800000  24.500000  17.677670
197.900000  24.500000  10.606602
198.000000  27.000000  5.656854
198.100000  22.000000  14.142136
198.200000  30.500000  6.363961
198.300000  24.500000  16.263456
198.400000  32.000000  14.142136
198.500000  30.000000  0.000000
198.600000  36.000000  5.656854
198.700000  28.000000  2.828427
198.800000  35.000000  12.727922
198.900000  29.000000  1.414214
199.000000  23.500000  7.778175
199.100000  32.500000  7.778175
199.200000  28.000000  2.828427
199.300000  29.500000  7.778175
199.400000  31.000000  11.313708
199.500000  32.000000  9.899495
199.600000  29.500000  17.677670
199.700000  30.500000  17.677670
199.800000  26.500000  12.020815
199.900000  34.000000  11.313708
200.000000  27.000000  7.071068
