# aggregated from 2 replicates
# x  mean  std
0.000000  50.266800  7.454320
2.000000  54.779100  8.380064
3.000000  77.463300  8.257310
4.000000  56.055100  41.035245
5.000000  80.259500  25.414266
6.000000  9.402000  0.099278
7.000000  14.308850  1.002182
11.000000  10.925500  1.785727
12.000000  14.764750  2.829488
13.000000  9.659900  0.165039
14.000000  68.137100  7.707888
15.000000  63.790500  20.320976
16.000000  37.972950  39.069135
17.000000  28.860700  0.932957
18.000000  37.629600  22.072197
19.000000  19.142000  12.640241
20.000000  16.443200  10.765418
21.000000  28.728600  28.226147
22.000000  8.227750  0.167231
23.000000  24.933550  0.233699
24.000000  7.036450  0.169352
25.000000  8.689550  0.328310
26.000000  98.957800  26.950244
27.000000  51.383150  24.792083
28.000000  12.543300  1.878783
29.000000  71.788150  2.312876
30.000000  20.417750  3.181768
31.000000  44.563650  10.743285
32.000000  44.000900  9.734880
33.000000  7.107900  0.172393
34.000000  54.610400  11.017714
35.000000  20.011500  3.115795
38.000000  60.389000  7.079977
39.000000  40.102450  33.372400
40.000000  40.961250  21.666105
41.000000  54.980750  25.381810
42.000000  34.637050  3.249509
44.000000  30.797950  9.265008
45.000000  14.585650  2.906987
46.000000  25.511350  23.192607
47.000000  18.956900  5.765749
48.000000  10.314500  2.500188
49.000000  27.615400  14.452556
50.000000  9.182700  1.456074
52.000000  8.712250  0.957776
53.000000  10.808300  2.002526
54.000000  11.931300  6.581467
55.000000  6.479350  0.080539
56.000000  9.196200  0.066185
57.000000  79.559250  4.944020
58.000000  7.276250  0.272590
59.000000  66.182000  5.291139
60.000000  40.672400  17.122874
61.000000  63.748450  2.261115
62.000000  45.098800  14.862112
63.000000  7.241900  0.281570
64.000000  18.185500  6.214479
65.000000  84.163350  18.825799
66.000000  7.827700  0.064205
67.000000  92.849850  11.772550
68.000000  36.177700  6.706201
69.000000  14.808550  3.900472
70.000000  54.164850  2.531796
71.000000  22.711900  11.806421
72.000000  80.783800  35.893447
73.000000  10.113600  2.788122
74.000000  10.678550  0.794576
75.000000  41.029650  37.996171
76.000000  24.114050  8.430622
77.000000  48.587350  0.631517
78.000000  22.053950  17.536177
81.000000  18.537450  2.866823
82.000000  70.766300  10.423885
83.000000  23.762350  1.265650
84.000000  11.976300  0.192757
85.000000  48.936850  8.391448
87.000000  22.529500  1.007769
88.000000  7.691300  0.003536
89.000000  25.261600  14.265314
90.000000  68.867950  1.599688
91.000000  25.377350  0.129896
92.000000  5.788150  0.185191
94.000000  8.146700  0.177484
95.000000  11.381250  0.504521
96.000000  6.535450  0.124946
98.000000  8.743300  0.138169
100.000000  13.111900  7.325909
101.000000  7.130600  0.167160
102.000000  9.788700  0.486914
103.000000  6.363650  0.304834
104.000000  8.601550  0.500702
105.000000  9.716400  1.285237
106.000000  13.436450  7.602741
107.000000  23.636350  2.661903
109.000000  22.839900  0.856448
110.000000  17.107450  1.406789
111.000000  23.090200  4.215064
112.000000  23.352300  13.256838
113.000000  48.049600  7.778740
114.000000  50.899700  7.370457
115.000000  11.079350  3.859884
116.000000  48.128050  2.232973
120.000000  79.782700  13.829312
121.000000  8.893550  0.195232
122.000000  57.867950  9.924597
123.000000  46.860250  0.453468
124.000000  15.101450  0.415849
125.000000  10.615300  2.854307
127.000000  7.256450  0.315440
128.000000  54.019550  3.292643
129.000000  6.546950  0.014496
130.000000  21.591750  0.365786
131.000000  60.221550  2.423608
132.000000  37.202150  12.658696
133.000000  8.686650  0.015910
134.000000  7.095450  0.090015
135.000000  12.116200  0.840609
137.000000  52.148500  11.750559
138.000000  54.506650  15.003462
