# aggregated from 2 replicates
# x  mean  std
0.000000  73.000000  0.000000
0.100000  74.500000  3.535534
0.200000  79.000000  1.414214
0.300000  87.000000  5.656854
0.400000  81.500000  7.778175
0.500000  76.500000  12.020815
0.600000  75.000000  1.414214
0.700000  77.500000  9.192388
0.800000  86.000000  9.899495
0.900000  69.000000  1.414214
1.000000  84.000000  0.000000
1.100000  77.000000  2.828427
1.200000  80.500000  2.121320
1.300000  82.500000  17.677670
1.400000  74.500000  4.949747
1.500000  81.500000  2.121320
1.600000  79.500000  3.535534
1.700000  69.000000  5.656854
1.800000  81.500000  0.707107
1.900000  78.500000  3.535534
2.000000  79.000000  1.414214
2.100000  78.000000  2.828427
2.200000  79.000000  2.828427
2.300000  81.500000  0.707107
2.400000  69.000000  1.414214
2.500000  81.000000  4.242641
2.600000  85.000000  9.899495
2.700000  82.000000  2.828427
2.800000  71.000000  7.071068
2.900000  77.500000  6.363961
3.000000  75.500000  9.192388
3.100000  81.000000  15.556349
3.200000  78.000000  4.242641
3.300000  81.000000  4.242641
3.400000  74.500000  17.677670
3.500000  84.500000  16.263456
3.600000  72.500000  13.435029
3.700000  68.000000  15.556349
3.800000  78.500000  2.121320
3.900000  65.500000  12.020815
4.000000  64.500000  6.363961
4.100000  66.500000  4.949747
4.200000  60.000000  11.313708
4.300000  68.500000  12.020815
4.400000  63.500000  6.363961
4.500000  72.500000  10.606602
4.600000  72.500000  17.677670
4.700000  71.500000  12.020815
4.800000  68.500000  14.849242
4.900000  69.500000  7.778175
5.000000  79.500000  3.535534
5.100000  75.500000  12.020815
5.200000  75.000000  16.970563
5.300000  73.500000  2.121320
5.400000  71.000000  5.656854
5.500000  76.000000  7.071068
5.600000  77.000000  8.485281
5.700000  82.500000  0.707107
5.800000  67.500000  14.849242
5.900000  69.000000  11.313708
6.000000  75.500000  2.121320
6.100000  68.000000  12.727922
6.200000  65.500000  23.334524
6.300000  70.500000  13.435029
6.400000  64.000000  7.071068
6.500000  70.000000  2.828427
6.600000  71.000000  1.414214
6.700000  62.000000  2.828427
6.800000  68.500000  3.535534
6.900000  58.000000  0.000000
7.000000  76.000000  7.071068
7.100000  66.500000  6.363961
7.200000  61.000000  4.242641
7.300000  66.500000  9.192388
7.400000  65.000000  0.000000
7.500000  62.500000  14.849242
7.600000  64.500000  0.707107
7.700000  58.500000  4.949747
7.800000  60.000000  5.656854
7.900000  74.000000  2.828427
8.000000  73.500000  6.363961
8.100000  61.000000  4.242641
8.200000  69.000000  5.656854
8.300000  75.500000  14.849242
8.400000  69.500000  3.535534
8.500000  60.500000  26.162951
8.600000  65.000000  11.313708
8.700000  57.000000  11.313708
8.800000  63.500000  13.435029
8.900000  61.000000  16.970563
9.000000  64.000000  4.242641
9.100000  63.000000  7.071068
9.200000  62.500000  14.849242
9.300000  62.500000  2.121320
9.400000  52.000000  8.485281
9.500000  54.500000  0.707107
9.600000  58.500000  7.778175
9.700000  67.000000  0.000000
9.800000  65.000000  5.656854
9.900000  69.000000  2.828427
10.000000  65.000000  9.899495
10.100000  65.000000  4.242641
10.200000  63.000000  8.485281
10.300000  67.500000  0.707107
10.400000  62.500000  3.535534
10.500000  60.000000  9.899495
10.600000  66.500000  3.535534
10.700000  58.500000  2.121320
10.800000  62.000000  2.828427
10.900000  72.500000  3.535534
11.000000  60.000000  9.899495
11.100000  75.500000  0.707107
11.200000  76.000000  2.828427
11.300000  79.500000  3.535534
11.400000  68.000000  11.313708
11.500000  61.500000  2.121320
11.600000  70.500000  12.020815
11.700000  58.000000  1.414214
11.800000  58.500000  2.121320
11.900000  69.500000  6.363961
12.000000  63.000000  15.556349
12.100000  67.000000  1.414214
12.200000  73.500000  6.363961
12.300000  69.000000  4.242641
12.400000  66.500000  2.121320
12.500000  67.500000  2.121320
12.600000  60.000000  4.242641
12.700000  59.000000  7.071068
12.800000  66.500000  0.707107
12.900000  61.000000  4.242641
13.000000  63.000000  4.242641
13.100000  61.500000  2.121320
13.200000  66.500000  7.778175
13.300000  69.000000  2.828427
13.400000  75.000000  9.899495
13.500000  73.000000  9.899495
13.600000  72.500000  16.263456
13.700000  63.000000  24.041631
13.800000  71.500000  3.535534
13.900000  56.000000  1.414214
14.000000  67.500000  2.121320
14.100000  67.500000  6.363961
14.200000  64.000000  4.242641
14.300000  67.500000  10.606602
14.400000  70.500000  9.192388
14.500000  65.000000  11.313708
14.600000  63.500000  13.435029
14.700000  63.000000  5.656854
14.800000  61.000000  2.828427
14.900000  68.000000  8.485281
15.000000  67.500000  14.849242
15.100000  61.000000  7.071068
15.200000  64.000000  1.414214
15.300000  69.000000  11.313708
15.400000  74.500000  9.192388
15.500000  66.500000  3.535534
15.600000  64.500000  3.535534
15.700000  72.500000  24.748737
15.800000  73.500000  6.363961
15.900000  57.500000  6.363961
16.000000  69.500000  7.778175
16.100000  66.000000  12.727922
16.200000  84.000000  5.656854
16.300000  72.500000  3.535534
16.400000  79.000000  9.899495
16.500000  63.000000  2.828427
16.600000  62.000000  9.899495
16.700000  74.000000  1.414214
16.800000  63.000000  8.485281
16.900000  66.000000  2.828427
17.000000  65.000000  19.798990
17.100000  74.500000  12.020815
17.200000  64.000000  7.071068
17.300000  68.000000  0.000000
17.400000  67.000000  8.485281
17.500000  68.000000  4.242641
17.600000  62.500000  9.192388
17.700000  63.500000  2.121320
17.800000  65.000000  7.071068
17.900000  75.000000  4.242641
18.000000  64.000000  4.242641
18.100000  69.500000  9.192388
18.200000  62.500000  9.192388
18.300000  70.000000  4.242641
18.400000  67.500000  0.707107
18.500000  72.000000  2.828427
18.600000  65.000000  1.414214
18.700000  69.000000  1.414214
18.800000  77.500000  2.121320
18.900000  71.500000  3.535534
19.000000  72.000000  1.414214
19.100000  78.000000  11.313708
19.200000  63.000000  14.142136
19.300000  74.000000  14.142136
19.400000  69.500000  12.020815
19.500000  68.000000  9.899495
19.600000  75.500000  21.920310
19.700000  68.000000  7.071068
19.800000  69.000000  9.899495
19.900000  75.000000  18.384776
20.000000  71.000000  5.656854
20.100000  74.500000  7.778175
20.200000  64.500000  6.363961
20.300000  76.500000  6.363961
20.400000  67.500000  16.263456
20.500000  66.500000  9.192388
20.600000  86.500000  19.091883
20.700000  77.000000  7.071068
20.800000  69.000000  12.727922
20.900000  72.000000  8.485281
21.000000  59.000000  2.828427
21.100000  63.500000  3.535534
21.200000  72.500000  10.606602
21.300000  71.500000  7.778175
21.400000  70.000000  18.384776
21.500000  66.000000  16.970563
21.600000  77.500000  13.435029
21.700000  78.000000  18.384776
21.800000  76.500000  10.606602
21.900000  68.500000  14.849242
22.000000  74.000000  22.627417
22.100000  73.000000  18.384776
22.200000  77.500000  9.192388
22.300000  70.500000  12.020815
22.400000  75.000000  9.899495
22.500000  74.000000  4.242641
22.600000  76.500000  13.435029
22.700000  72.500000  2.121320
22.800000  73.000000  14.142136
22.900000  64.500000  10.606602
23.000000  71.500000  16.263456
23.100000  67.000000  22.627417
23.200000  68.500000  9.192388
23.300000  71.500000  17.677670
23.400000  62.500000  10.606602
23.500000  63.500000  20.506097
23.600000  65.500000  16.263456
23.700000  60.500000  0.707107
23.800000  65.500000  0.707107
23.900000  61.000000  12.727922
24.000000  64.000000  1.414214
24.100000  64.500000  4.949747
24.200000  64.000000  9.899495
24.300000  58.000000  0.000000
24.400000  57.000000  5.656854
24.500000  64.500000  2.121320
24.600000  62.500000  6.363961
24.700000  71.500000  13.435029
24.800000  62.000000  1.414214
24.900000  73.500000  7.778175
25.000000  75.000000  15.556349
25.100000  76.500000  21.920310
25.200000  75.000000  12.727922
25.300000  68.000000  1.414214
25.400000  63.000000  15.556349
25.500000  63.500000  21.920310
25.600000  74.500000  4.949747
25.700000  66.500000  4.949747
25.800000  65.500000  10.606602
25.900000  76.000000  8.485281
26.000000  70.000000  15.556349
26.100000  71.500000  17.677670
26.200000  67.000000  8.485281
26.300000  60.500000  2.121320
26.400000  52.500000  3.535534
26.500000  65.500000  9.192388
26.600000  63.000000  1.414214
26.700000  56.500000  3.535534
26.800000  60.500000  9.192388
26.900000  60.500000  2.121320
27.000000  66.500000  7.778175
27.100000  70.000000  7.071068
27.200000  67.000000  16.970563
27.300000  65.000000  18.384776
27.400000  69.500000  12.020815
27.500000  69.500000  23.334524
27.600000  78.000000  19.798990
27.700000  67.500000  28.991378
27.800000  75.500000  9.192388
27.900000  63.500000  3.535534
28.000000  66.500000  19.091883
28.100000  65.500000  14.849242
28.200000  68.000000  5.656854
28.300000  72.500000  10.606602
28.400000  68.000000  15.556349
28.500000  73.000000  24.041631
28.600000  71.500000  3.535534
28.700000  52.000000  1.414214
28.800000  64.000000  1.414214
28.900000  67.500000  14.849242
29.000000  66.000000  12.727922
29.100000  66.500000  4.949747
29.200000  68.000000  7.071068
29.300000  69.500000  14.849242
29.400000  68.000000  11.313708
29.500000  67.000000  16.970563
29.600000  68.000000  4.242641
29.700000  63.500000  2.121320
29.800000  73.500000  14.849242
29.900000  63.500000  9.192388
30.000000  69.000000  12.727922
30.100000  73.500000  0.707107
30.200000  64.000000  9.899495
30.300000  79.500000  13.435029
30.400000  72.500000  13.435029
30.500000  70.500000  6.363961
30.600000  72.500000  10.606602
30.700000  73.500000  3.535534
30.800000  74.000000  2.828427
30.900000  70.000000  11.313708
31.000000  77.000000  0.000000
31.100000  71.500000  10.606602
31.200000  66.000000  4.242641
31.300000  70.500000  2.121320
31.400000  67.000000  5.656854
31.500000  68.000000  12.727922
31.600000  72.000000  2.828427
31.700000  63.500000  17.677670
31.800000  65.500000  6.363961
31.900000  65.000000  2.828427
32.000000  70.500000  14.849242
32.100000  67.000000  1.414214
32.200000  67.000000  8.485281
32.300000  67.000000  2.828427
32.400000  60.500000  10.606602
32.500000  68.000000  4.242641
32.600000  62.500000  2.121320
32.700000  68.000000  15.556349
32.800000  68.000000  12.727922
32.900000  66.000000  18.384776
33.000000  69.000000  0.000000
33.100000  78.000000  4.242641
33.200000  78.500000  6.363961
33.300000  68.000000  15.556349
33.400000  70.500000  0.707107
33.500000  74.000000  16.970563
33.600000  75.500000  7.778175
33.700000  69.500000  19.091883
33.800000  68.000000  0.000000
33.900000  59.500000  0.707107
34.000000  62.500000  20.506097
34.100000  71.500000  13.435029
34.200000  63.500000  13.435029
34.300000  68.000000  8.485281
34.400000  64.000000  14.142136
34.500000  64.000000  14.142136
34.600000  60.500000  12.020815
34.700000  56.500000  10.606602
34.800000  64.000000  11.313708
34.900000  60.000000  4.242641
35.000000  60.000000  9.899495
35.100000  59.500000  4.949747
35.200000  62.500000  7.778175
35.300000  57.000000  1.414214
35.400000  59.500000  7.778175
35.500000  66.500000  7.778175
35.600000  68.500000  6.363961
35.700000  67.500000  6.363961
35.800000  57.000000  2.828427
35.900000  58.000000  5.656854
36.000000  60.000000  11.313708
36.100000  55.000000  14.142136
36.200000  60.500000  19.091883
36.300000  60.500000  24.748737
36.400000  64.000000  16.970563
36.500000  58.500000  17.677670
36.600000  62.000000  22.627417
36.700000  66.000000  15.556349
36.800000  58.500000  26.162951
36.900000  57.000000  12.727922
37.000000  62.500000  17.677670
37.100000  59.000000  0.000000
37.200000  64.500000  19.091883
37.300000  61.000000  5.656854
37.400000  65.500000  13.435029
37.500000  63.500000  13.435029
37.600000  58.000000  2.828427
37.700000  61.500000  13.435029
37.800000  62.000000  19.798990
37.900000  71.500000  4.949747
38.000000  57.000000  8.485281
38.100000  64.000000  12.727922
38.200000  64.500000  4.949747
38.300000  58.000000  9.899495
38.400000  72.500000  14.849242
38.500000  62.000000  14.142136
38.600000  59.000000  15.556349
38.700000  61.500000  13.435029
38.800000  64.500000  17.677670
38.900000  64.000000  2.828427
39.000000  65.000000  16.970563
39.100000  69.500000  3.535534
39.200000  67.500000  9.192388
39.300000  62.500000  13.435029
39.400000  66.500000  13.435029
39.500000  57.000000  2.828427
39.600000  65.000000  15.556349
39.700000  69.000000  0.000000
39.800000  66.500000  12.020815
39.900000  75.000000  18.384776
40.000000  69.000000  15.556349
40.100000  70.500000  21.920310
40.200000  62.000000  15.556349
40.300000  62.500000  12.020815
40.400000  66.500000  12.020815
40.500000  56.500000  10.606602
40.600000  62.000000  14.142136
40.700000  68.000000  14.142136
40.800000  59.000000  15.556349
40.900000  61.500000  10.606602
41.000000  63.500000  14.849242
41.100000  61.500000  6.363961
41.200000  62.000000  18.384776
41.300000  59.000000  8.485281
41.400000  57.500000  13.435029
41.500000  63.000000  18.384776
41.600000  63.000000  15.556349
41.700000  59.500000  17.677670
41.800000  58.500000  10.606602
41.900000  62.000000  12.727922
42.000000  60.000000  28.284271
42.100000  50.000000  18.384776
42.200000  55.500000  20.506097
42.300000  62.000000  22.627417
42.400000  64.500000  20.506097
42.500000  55.000000  22.627417
42.600000  61.500000  16.263456
42.700000  67.500000  14.849242
42.800000  57.500000  14.849242
42.900000  61.500000  20.506097
43.000000  76.500000  9.192388
43.100000  67.000000  8.485281
43.200000  74.000000  25.455844
43.300000  74.500000  10.606602
43.400000  63.000000  16.970563
43.500000  59.500000  23.334524
43.600000  67.000000  12.727922
43.700000  60.000000  19.798990
43.800000  64.500000  26.162951
43.900000  65.000000  16.970563
44.000000  58.000000  22.627417
44.100000  63.500000  19.091883
44.200000  66.000000  15.556349
44.300000  68.000000  16.970563
44.400000  64.500000  23.334524
44.500000  61.000000  19.798990
44.600000  58.500000  34.648232
44.700000  62.500000  27.577164
44.800000  62.500000  26.162951
44.900000  62.000000  25.455844
45.000000  67.000000  26.870058
45.100000  70.000000  18.384776
45.200000  67.000000  38.183766
45.300000  58.000000  26.870058
45.400000  64.000000  22.627417
45.500000  56.000000  9.899495
45.600000  68.000000  11.313708
45.700000  69.000000  24.041631
45.800000  62.500000  21.920310
45.900000  61.500000  14.849242
46.000000  60.500000  23.334524
46.100000  58.000000  14.142136
46.200000  57.500000  17.677670
46.300000  53.500000  9.192388
46.400000  67.000000  22.627417
46.500000  58.500000  14.849242
46.600000  59.500000  20.506097
46.700000  58.000000  31.112698
46.800000  53.500000  16.263456
46.900000  55.500000  12.020815
47.000000  66.000000  18.384776
47.100000  52.500000  7.778175
47.200000  59.000000  8.485281
47.300000  58.000000  21.213203
47.400000  59.500000  38.890873
47.500000  56.000000  18.384776
47.600000  56.500000  16.263456
47.700000  62.000000  5.656854
47.800000  56.500000  9.192388
47.900000  64.000000  19.798990
48.000000  65.500000  23.334524
48.100000  61.000000  18.384776
48.200000  61.500000  13.435029
48.300000  53.500000  13.435029
48.400000  58.000000  12.727922
48.500000  49.500000  9.192388
48.600000  57.500000  10.606602
48.700000  55.500000  10.606602
48.800000  58.500000  6.363961
48.900000  49.000000  9.899495
49.000000  54.500000  28.991378
49.100000  55.000000  18.384776
49.200000  47.500000  2.121320
49.300000  49.500000  10.606602
49.400000  52.500000  2.121320
49.500000  53.500000  7.778175
49.600000  59.000000  0.000000
49.700000  65.000000  5.656854
49.800000  61.500000  3.535534
49.900000  54.500000  23.334524
50.000000  62.000000  2.828427
50.100000  62.000000  7.071068
50.200000  61.000000  2.828427
50.300000  62.500000  3.535534
50.400000  56.000000  12.727922
50.500000  61.000000  9.899495
50.600000  57.500000  4.949747
50.700000  53.500000  2.121320
50.800000  61.500000  13.435029
50.900000  52.500000  3.535534
51.000000  66.000000  15.556349
51.100000  43.000000  1.414214
51.200000  71.000000  2.828427
51.300000  62.500000  3.535534
51.400000  60.000000  0.000000
51.500000  62.000000  9.899495
51.600000  63.500000  3.535534
51.700000  60.500000  2.121320
51.800000  66.500000  4.949747
51.900000  60.000000  1.414214
52.000000  65.000000  12.727922
52.100000  61.500000  3.535534
52.200000  57.000000  8.485281
52.300000  55.000000  4.242641
52.400000  58.500000  13.435029
52.500000  56.000000  4.242641
52.600000  64.500000  3.535534
52.700000  69.500000  13.435029
52.800000  63.500000  14.849242
52.900000  64.500000  9.192388
53.000000  65.000000  11.313708
53.100000  62.500000  10.606602
53.200000  64.000000  9.899495
53.300000  68.000000  1.414214
53.400000  57.000000  7.071068
53.500000  64.000000  4.242641
53.600000  64.000000  14.142136
53.700000  61.500000  12.020815
53.800000  64.000000  12.727922
53.900000  60.500000  10.606602
54.000000  64.000000  9.899495
54.100000  63.500000  3.535534
54.200000  55.500000  9.192388
54.300000  64.500000  20.506097
54.400000  67.000000  8.485281
54.500000  65.500000  2.121320
54.600000  70.000000  1.414214
54.700000  67.500000  12.020815
54.800000  66.000000  5.656854
54.900000  65.500000  4.949747
55.000000  63.500000  2.121320
55.100000  61.500000  0.707107
55.200000  64.000000  4.242641
55.300000  57.500000  10.606602
55.400000  62.500000  6.363961
55.500000  61.000000  9.899495
55.600000  62.000000  2.828427
55.700000  59.500000  20.506097
55.800000  55.500000  4.949747
55.900000  56.500000  19.091883
56.000000  62.500000  12.020815
56.100000  56.500000  2.121320
56.200000  64.000000  29.698485
56.300000  59.500000  9.192388
56.400000  65.500000  9.192388
56.500000  63.500000  7.778175
56.600000  61.500000  12.020815
56.700000  60.500000  10.606602
56.800000  68.000000  8.485281
56.900000  58.500000  7.778175
57.000000  62.500000  2.121320
57.100000  63.000000  2.828427
57.200000  60.000000  0.000000
57.300000  50.500000  2.121320
57.400000  59.000000  8.485281
57.500000  61.000000  1.414214
57.600000  57.000000  4.242641
57.700000  61.500000  7.778175
57.800000  61.000000  9.899495
57.900000  68.000000  14.142136
58.000000  60.500000  3.535534
58.100000  56.000000  11.313708
58.200000  54.500000  2.121320
58.300000  61.000000  2.828427
58.400000  66.000000  16.970563
58.500000  64.500000  13.435029
58.600000  63.000000  9.899495
58.700000  62.500000  16.263456
58.800000  63.500000  2.121320
58.900000  60.000000  2.828427
59.000000  63.500000  0.707107
59.100000  64.500000  7.778175
59.200000  68.000000  21.213203
59.300000  64.500000  10.606602
59.400000  64.500000  10.606602
59.500000  67.000000  8.485281
59.600000  69.500000  10.606602
59.700000  62.500000  7.778175
59.800000  65.500000  14.849242
59.900000  63.500000  13.435029
60.000000  58.000000  1.414214
60.100000  63.000000  25.455844
60.200000  60.000000  4.242641
60.300000  67.000000  5.656854
60.400000  65.500000  13.435029
60.500000  65.000000  8.485281
60.600000  51.500000  6.363961
60.700000  68.000000  1.414214
60.800000  56.500000  0.707107
60.900000  60.500000  14.849242
61.000000  52.000000  12.727922
61.100000  45.000000  12.727922
61.200000  54.000000  11.313708
61.300000  54.000000  14.142136
61.400000  57.500000  17.677670
61.500000  57.500000  14.849242
61.600000  58.000000  0.000000
61.700000  57.000000  14.142136
61.800000  59.500000  26.162951
61.900000  58.000000  14.142136
62.000000  51.000000  12.727922
62.100000  45.000000  14.142136
62.200000  53.000000  7.071068
62.300000  57.500000  23.334524
62.400000  53.000000  26.870058
62.500000  58.500000  20.506097
62.600000  51.000000  15.556349
62.700000  59.500000  30.405592
62.800000  54.500000  23.334524
62.900000  56.000000  31.112698
63.000000  49.000000  8.485281
63.100000  48.500000  16.263456
63.200000  50.500000  13.435029
63.300000  51.500000  16.263456
63.400000  56.500000  10.606602
63.500000  55.500000  23.334524
63.600000  62.000000  11.313708
63.700000  58.000000  25.455844
63.800000  57.000000  24.041631
63.900000  60.000000  19.798990
64.000000  56.500000  26.162951
64.100000  60.500000  28.991378
64.200000  55.000000  26.870058
64.300000  56.500000  20.506097
64.400000  53.500000  19.091883
64.500000  47.500000  23.334524
64.600000  59.500000  20.506097
64.700000  57.500000  10.606602
64.800000  62.500000  19.091883
64.900000  53.500000  12.020815
65.000000  44.500000  21.920310
65.100000  60.000000  25.455844
65.200000  52.000000  19.798990
65.300000  56.500000  6.363961
65.400000  54.000000  19.798990
65.500000  55.500000  23.334524
65.600000  53.500000  17.677670
65.700000  50.500000  19.091883
65.800000  55.500000  14.849242
65.900000  61.000000  22.627417
66.000000  51.000000  24.041631
66.100000  55.500000  28.991378
66.200000  48.000000  19.798990
66.300000  52.000000  19.798990
66.400000  56.000000  22.627417
66.500000  53.000000  8.485281
66.600000  54.000000  21.213203
66.700000  61.500000  24.748737
66.800000  56.500000  14.849242
66.900000  53.000000  25.455844
67.000000  66.000000  22.627417
67.100000  65.000000  21.213203
67.200000  70.000000  19.798990
67.300000  60.500000  21.920310
67.400000  62.500000  19.091883
67.500000  63.500000  10.606602
67.600000  66.000000  25.455844
67.700000  62.500000  27.577164
67.800000  59.500000  14.849242
67.900000  60.000000  14.142136
68.000000  58.500000  6.363961
68.100000  57.500000  16.263456
68.200000  60.000000  7.071068
68.300000  60.500000  17.677670
68.400000  64.500000  19.091883
68.500000  67.500000  16.263456
68.600000  60.000000  32.526912
68.700000  65.500000  34.648232
68.800000  61.000000  19.798990
68.900000  63.500000  19.091883
69.000000  60.500000  16.263456
69.100000  63.500000  23.334524
69.200000  60.500000  17.677670
69.300000  65.500000  17.677670
69.400000  67.000000  11.313708
69.500000  63.000000  2.828427
69.600000  64.000000  24.041631
69.700000  69.500000  19.091883
69.800000  67.500000  12.020815
69.900000  69.500000  12.020815
70.000000  67.500000  12.020815
70.100000  60.500000  13.435029
70.200000  66.000000  16.970563
70.300000  70.000000  14.142136
70.400000  66.000000  16.970563
70.500000  73.000000  21.213203
70.600000  68.000000  7.071068
70.700000  74.500000  23.334524
70.800000  54.500000  19.091883
70.900000  54.500000  12.020815
71.000000  71.000000  11.313708
71.100000  60.000000  8.485281
71.200000  65.500000  17.677670
71.300000  66.500000  28.991378
71.400000  67.000000  15.556349
71.500000  73.500000  14.849242
71.600000  64.500000  0.707107
71.700000  63.000000  14.142136
71.800000  58.500000  12.020815
71.900000  68.500000  9.192388
72.000000  63.000000  7.071068
72.100000  64.500000  3.535534
72.200000  61.000000  5.656854
72.300000  61.500000  17.677670
72.400000  72.500000  12.020815
72.500000  61.000000  22.627417
72.600000  62.000000  15.556349
72.700000  57.500000  17.677670
72.800000  62.000000  19.798990
72.900000  57.500000  4.949747
73.000000  55.500000  6.363961
73.100000  58.000000  21.213203
73.200000  62.500000  13.435029
73.300000  64.000000  15.556349
73.400000  65.000000  32.526912
73.500000  57.500000  30.405592
73.600000  56.500000  6.363961
73.700000  58.000000  11.313708
73.800000  60.000000  14.142136
73.900000  62.000000  14.142136
74.000000  56.500000  4.949747
74.100000  61.500000  19.091883
74.200000  65.000000  16.970563
74.300000  57.500000  20.506097
74.400000  68.000000  11.313708
74.500000  62.500000  12.020815
74.600000  57.000000  18.384776
74.700000  62.000000  18.384776
74.800000  57.500000  14.849242
74.900000  68.500000  19.091883
75.000000  61.500000  13.435029
75.100000  59.000000  4.242641
75.200000  70.500000  23.334524
75.300000  54.500000  13.435029
75.400000  65.000000  18.384776
75.500000  62.500000  14.849242
75.600000  58.000000  7.071068
75.700000  63.500000  13.435029
75.800000  62.000000  15.556349
75.900000  63.000000  9.899495
76.000000  63.000000  19.798990
76.100000  62.000000  5.656854
76.200000  66.000000  8.485281
76.300000  68.000000  16.970563
76.400000  60.500000  12.020815
76.500000  61.000000  18.384776
76.600000  63.000000  9.899495
76.700000  64.500000  14.849242
76.800000  68.000000  9.899495
76.900000  61.500000  6.363961
77.000000  62.500000  10.606602
77.100000  70.000000  16.970563
77.200000  65.000000  18.384776
77.300000  51.500000  10.606602
77.400000  47.000000  19.798990
77.500000  50.000000  18.384776
77.600000  50.500000  7.778175
77.700000  48.000000  8.485281
77.800000  63.500000  19.091883
77.900000  55.000000  5.656854
78.000000  54.000000  4.242641
78.100000  68.500000  16.263456
78.200000  55.500000  9.192388
78.300000  58.500000  12.020815
78.400000  55.000000  4.242641
78.500000  59.000000  19.798990
78.600000  62.000000  2.828427
78.700000  57.500000  9.192388
78.800000  57.500000  9.192388
78.900000  56.000000  4.242641
79.000000  60.500000  12.020815
79.100000  59.000000  4.242641
79.200000  62.500000  6.363961
79.300000  61.500000  13.435029
79.400000  60.000000  7.071068
79.500000  56.500000  16.263456
79.600000  56.500000  7.778175
79.700000  69.500000  26.162951
79.800000  63.500000  2.121320
79.900000  64.500000  4.949747
80.000000  65.000000  8.485281
80.100000  63.000000  12.727922
80.200000  56.500000  12.020815
80.300000  62.000000  14.142136
80.400000  64.000000  8.485281
80.500000  56.500000  0.707107
80.600000  60.000000  14.142136
80.700000  66.000000  2.828427
80.800000  67.500000  13.435029
80.900000  63.500000  4.949747
81.000000  68.000000  5.656854
81.100000  65.500000  3.535534
81.200000  65.500000  12.020815
81.300000  56.500000  4.949747
81.400000  66.000000  7.071068
81.500000  64.500000  10.606602
81.600000  62.500000  2.121320
81.700000  71.000000  12.727922
81.800000  65.000000  14.142136
81.900000  70.000000  2.828427
82.000000  58.500000  13.435029
82.100000  64.000000  5.656854
82.200000  66.000000  5.656854
82.300000  57.500000  4.949747
82.400000  71.000000  1.414214
82.500000  64.000000  4.242641
82.600000  70.500000  4.949747
82.700000  63.000000  1.414214
82.800000  63.500000  13.435029
82.900000  72.000000  12.727922
83.000000  60.500000  3.535534
83.100000  73.500000  4.949747
83.200000  63.500000  0.707107
83.300000  61.000000  11.313708
83.400000  68.500000  0.707107
83.500000  68.500000  6.363961
83.600000  67.000000  4.242641
83.700000  71.500000  7.778175
83.800000  69.000000  7.071068
83.900000  65.500000  2.121320
84.000000  61.500000  0.707107
84.100000  64.500000  9.192388
84.200000  65.000000  8.485281
84.300000  74.500000  9.192388
84.400000  68.500000  19.091883
84.500000  68.000000  12.727922
84.600000  67.500000  19.091883
84.700000  55.500000  2.121320
84.800000  64.000000  15.556349
84.900000  60.500000  0.707107
85.000000  65.500000  0.707107
85.100000  59.500000  0.707107
85.200000  58.500000  9.192388
85.300000  55.500000  13.435029
85.400000  59.500000  9.192388
85.500000  57.500000  14.849242
85.600000  53.500000  10.606602
85.700000  57.500000  6.363961
85.800000  68.500000  3.535534
85.900000  58.000000  5.656854
86.000000  57.500000  4.949747
86.100000  66.500000  9.192388
86.200000  66.500000  10.606602
86.300000  65.000000  18.384776
86.400000  64.500000  0.707107
86.500000  66.000000  1.414214
86.600000  55.500000  2.121320
86.700000  70.000000  4.242641
86.800000  67.500000  13.435029
86.900000  66.500000  6.363961
87.000000  65.500000  2.121320
87.100000  66.000000  1.414214
87.200000  71.000000  4.242641
87.300000  65.000000  5.656854
87.400000  65.000000  5.656854
87.500000  60.500000  4.949747
87.600000  65.500000  3.535534
87.700000  62.000000  2.828427
87.800000  60.000000  1.414214
87.900000  63.500000  12.020815
88.000000  64.500000  6.363961
88.100000  72.500000  7.778175
88.200000  57.500000  13.435029
88.300000  55.500000  6.363961
88.400000  58.000000  1.414214
88.500000  59.500000  0.707107
88.600000  67.500000  4.949747
88.700000  57.000000  4.242641
88.800000  71.500000  3.535534
88.900000  65.500000  13.435029
89.000000  66.000000  9.899495
89.100000  60.500000  7.778175
89.200000  66.000000  2.828427
89.300000  64.000000  2.828427
89.400000  68.000000  11.313708
89.500000  64.500000  2.121320
89.600000  62.500000  16.263456
89.700000  62.500000  9.192388
89.800000  62.000000  2.828427
89.900000  61.500000  16.263456
90.000000  69.000000  9.899495
90.100000  70.500000  17.677670
90.200000  67.000000  2.828427
90.300000  58.500000  9.192388
90.400000  67.500000  0.707107
90.500000  67.500000  14.849242
90.600000  68.000000  1.414214
90.700000  61.500000  7.778175
90.800000  64.500000  10.606602
90.900000  64.000000  18.384776
91.000000  63.500000  4.949747
91.100000  61.500000  12.020815
91.200000  66.500000  9.192388
91.300000  60.500000  16.263456
91.400000  59.500000  3.535534
91.500000  63.500000  13.435029
91.600000  59.500000  3.535534
91.700000  60.500000  2.121320
91.800000  60.000000  15.556349
91.900000  64.000000  2.828427
92.000000  66.000000  9.899495
92.100000  59.500000  6.363961
92.200000  60.000000  0.000000
92.300000  65.500000  4.949747
92.400000  55.500000  3.535534
92.500000  62.000000  1.414214
92.600000  60.000000  11.313708
92.700000  60.000000  8.485281
92.800000  63.500000  6.363961
92.900000  60.500000  4.949747
93.000000  69.000000  2.828427
93.100000  59.500000  14.849242
93.200000  63.000000  18.384776
93.300000  55.000000  4.242641
93.400000  70.500000  0.707107
93.500000  61.500000  14.849242
93.600000  58.000000  7.071068
93.700000  59.000000  5.656854
93.800000  68.500000  12.020815
93.900000  70.500000  6.363961
94.000000  63.000000  9.899495
94.100000  61.500000  13.435029
94.200000  63.000000  4.242641
94.300000  65.500000  4.949747
94.400000  66.500000  2.121320
94.500000  57.500000  17.677670
94.600000  61.000000  7.071068
94.700000  65.000000  4.242641
94.800000  61.500000  13.435029
94.900000  63.500000  6.363961
95.000000  58.000000  2.828427
95.100000  59.500000  9.192388
95.200000  64.500000  13.435029
95.300000  62.500000  6.363961
95.400000  62.000000  1.414214
95.500000  63.500000  13.435029
95.600000  64.500000  0.707107
95.700000  58.500000  3.535534
95.800000  62.500000  3.535534
95.900000  62.000000  12.727922
96.000000  62.500000  13.435029
96.100000  60.000000  4.242641
96.200000  64.000000  4.242641
96.300000  64.000000  16.970563
96.400000  68.000000  8.485281
96.500000  60.500000  12.020815
96.600000  71.500000  3.535534
96.700000  63.500000  3.535534
96.800000  66.500000  2.121320
96.900000  65.500000  3.535534
97.000000  74.000000  0.000000
97.100000  69.500000  4.949747
97.200000  75.500000  0.707107
97.300000  66.000000  14.142136
97.400000  71.500000  13.435029
97.500000  66.500000  2.121320
97.600000  68.500000  6.363961
97.700000  62.000000  2.828427
97.800000  57.000000  0.000000
97.900000  67.500000  4.949747
98.000000  64.500000  3.535534
98.100000  70.000000  7.071068
98.200000  68.000000  5.656854
98.300000  64.500000  9.192388
98.400000  60.000000  8.485281
98.500000  69.500000  7.778175
98.600000  60.500000  2.121320
98.700000  69.000000  1.414214
98.800000  70.500000  0.707107
98.900000  67.500000  2.121320
99.000000  75.500000  4.949747
99.100000  62.000000  1.414214
99.200000  65.500000  7.778175
99.300000  69.000000  5.656854
99.400000  66.000000  2.828427
99.500000  69.500000  6.363961
99.600000  67.500000  17.677670
99.700000  69.000000  9.899495
99.800000  69.000000  8.485281
99.900000  59.500000  3.535534
100.000000  72.000000  4.242641
100.100000  67.000000  0.000000
100.200000  62.500000  9.192388
100.300000  68.500000  16.263456
100.400000  68.500000  10.606602
100.500000  68.000000  14.142136
100.600000  62.000000  1.414214
100.700000  74.000000  8.485281
100.800000  68.500000  9.192388
100.900000  69.500000  23.334524
101.000000  69.000000  8.485281
101.100000  67.500000  12.020815
101.200000  68.000000  12.727922
101.300000  69.000000  12.727922
101.400000  71.000000  16.970563
101.500000  60.000000  14.142136
101.600000  61.000000  19.798990
101.700000  65.000000  4.242641
101.800000  61.000000  12.727922
101.900000  62.500000  0.707107
102.000000  66.000000  4.242641
102.100000  66.000000  9.899495
102.200000  64.000000  4.242641
102.300000  69.500000  13.435029
102.400000  65.500000  6.363961
102.500000  58.000000  5.656854
102.600000  61.000000  7.071068
102.700000  59.500000  12.020815
102.800000  67.000000  7.071068
102.900000  69.500000  9.192388
103.000000  67.500000  14.849242
103.100000  69.000000  7.071068
103.200000  65.000000  21.213203
103.300000  72.500000  9.192388
103.400000  63.500000  3.535534
103.500000  68.000000  8.485281
103.600000  76.000000  0.000000
103.700000  63.000000  4.242641
103.800000  68.000000  12.727922
103.900000  61.000000  7.071068
104.000000  64.500000  13.435029
104.100000  64.500000  9.192388
104.200000  74.000000  9.899495
104.300000  69.500000  0.707107
104.400000  61.500000  9.192388
104.500000  67.500000  9.192388
104.600000  70.000000  8.485281
104.700000  68.000000  8.485281
104.800000  68.500000  3.535534
104.900000  61.000000  8.485281
105.000000  65.500000  7.778175
105.100000  70.000000  22.627417
105.200000  66.500000  6.363961
105.300000  63.500000  14.849242
105.400000  70.000000  5.656854
105.500000  62.000000  8.485281
105.600000  61.500000  13.435029
105.700000  62.500000  12.020815
105.800000  62.000000  12.727922
105.900000  71.500000  6.363961
106.000000  64.500000  2.121320
106.100000  64.500000  0.707107
106.200000  57.500000  9.192388
106.300000  69.000000  2.828427
106.400000  69.000000  4.242641
106.500000  58.500000  7.778175
106.600000  65.500000  6.363961
106.700000  68.500000  10.606602
106.800000  72.500000  9.192388
106.900000  61.000000  1.414214
107.000000  70.500000  2.121320
107.100000  56.000000  1.414214
107.200000  64.000000  1.414214
107.300000  67.500000  3.535534
107.400000  65.500000  3.535534
107.500000  70.500000  10.606602
107.600000  61.000000  5.656854
107.700000  68.500000  0.707107
107.800000  62.000000  5.656854
107.900000  64.500000  2.121320
108.000000  63.500000  10.606602
108.100000  67.500000  13.435029
108.200000  68.000000  4.242641
108.300000  69.000000  4.242641
108.400000  67.000000  7.071068
108.500000  69.000000  2.828427
108.600000  63.000000  4.242641
108.700000  65.500000  3.535534
108.800000  68.500000  12.020815
108.900000  60.000000  11.313708
109.000000  64.500000  2.121320
109.100000  62.000000  9.899495
109.200000  65.500000  12.020815
109.300000  65.500000  4.949747
109.400000  68.000000  2.828427
109.500000  65.000000  16.970563
109.600000  76.000000  0.000000
109.700000  69.500000  6.363961
109.800000  73.000000  9.899495
109.900000  66.500000  13.435029
110.000000  66.500000  20.506097
110.100000  64.000000  9.899495
110.200000  62.000000  5.656854
110.300000  77.500000  3.535534
110.400000  67.500000  21.920310
110.500000  74.500000  20.506097
110.600000  68.500000  10.606602
110.700000  61.500000  13.435029
110.800000  70.000000  11.313708
110.900000  60.000000  14.142136
111.000000  69.500000  13.435029
111.100000  58.000000  5.656854
111.200000  65.000000  5.656854
111.300000  67.500000  4.949747
111.400000  65.000000  1.414214
111.500000  64.000000  0.000000
111.600000  60.000000  18.384776
111.700000  50.000000  2.828427
111.800000  65.000000  4.242641
111.900000  64.000000  8.485281
112.000000  67.500000  3.535534
112.100000  65.500000  13.435029
112.200000  64.500000  12.020815
112.300000  68.500000  9.192388
112.400000  61.500000  14.849242
112.500000  58.000000  4.242641
112.600000  69.500000  6.363961
112.700000  62.000000  2.828427
112.800000  70.500000  7.778175
112.900000  68.000000  4.242641
113.000000  66.000000  0.000000
113.100000  76.500000  17.677670
113.200000  58.000000  1.414214
113.300000  64.000000  14.142136
113.400000  67.000000  12.727922
113.500000  73.500000  0.707107
113.600000  69.000000  14.142136
113.700000  64.000000  12.727922
113.800000  60.500000  4.949747
113.900000  56.500000  4.949747
114.000000  60.000000  7.071068
114.100000  59.500000  0.707107
114.200000  73.000000  5.656854
114.300000  72.000000  4.242641
114.400000  72.500000  6.363961
114.500000  68.500000  10.606602
114.600000  74.000000  0.000000
114.700000  70.000000  15.556349
114.800000  56.000000  8.485281
114.900000  63.000000  5.656854
115.000000  61.500000  0.707107
115.100000  60.500000  19.091883
115.200000  76.500000  10.606602
115.300000  63.000000  8.485281
115.400000  73.500000  19.091883
115.500000  65.500000  12.020815
115.600000  64.000000  1.414214
115.700000  66.000000  8.485281
115.800000  75.000000  5.656854
115.900000  68.000000  5.656854
116.000000  62.500000  3.535534
116.100000  63.500000  3.535534
116.200000  69.000000  16.970563
116.300000  68.000000  2.828427
116.400000  76.500000  4.949747
116.500000  68.500000  0.707107
116.600000  62.500000  0.707107
116.700000  66.500000  0.707107
116.800000  76.500000  4.949747
116.900000  62.000000  4.242641
117.000000  68.500000  3.535534
117.100000  70.000000  8.485281
117.200000  76.500000  0.707107
117.300000  57.000000  0.000000
117.400000  60.500000  21.920310
117.500000  64.000000  12.727922
117.600000  61.000000  5.656854
117.700000  73.500000  3.535534
117.800000  68.000000  5.656854
117.900000  65.000000  0.000000
118.000000  70.500000  4.949747
118.100000  55.500000  2.121320
118.200000  58.000000  11.313708
118.300000  56.500000  4.949747
118.400000  57.000000  11.313708
118.500000  66.000000  9.899495
118.600000  68.000000  5.656854
118.700000  59.000000  0.000000
118.800000  64.000000  1.414214
118.900000  59.500000  2.121320
119.000000  63.000000  4.242641
119.100000  61.500000  4.949747
119.200000  56.000000  8.485281
119.300000  55.000000  1.414214
119.400000  60.000000  7.071068
119.500000  56.500000  2.121320
119.600000  65.500000  0.707107
119.700000  68.500000  9.192388
119.800000  61.500000  6.363961
119.900000  66.000000  11.313708
120.000000  53.000000  1.414214
120.100000  58.500000  7.778175
120.200000  63.500000  0.707107
120.300000  60.000000  4.242641
120.400000  69.000000  7.071068
120.500000  62.500000  6.363961
120.600000  70.500000  9.192388
120.700000  72.000000  4.242641
120.800000  68.000000  0.000000
120.900000  72.000000  4.242641
121.000000  62.500000  6.363961
121.100000  62.500000  3.535534
121.200000  67.000000  1.414214
121.300000  70.500000  2.121320
121.400000  68.500000  4.949747
121.500000  59.500000  4.949747
121.600000  72.000000  0.000000
121.700000  71.000000  5.656854
121.800000  79.000000  7.071068
121.900000  78.000000  2.828427
122.000000  63.500000  2.121320
122.100000  65.000000  0.000000
122.200000  62.000000  1.414214
122.300000  58.000000  2.828427
122.400000  63.000000  0.000000
122.500000  65.000000  1.414214
122.600000  59.000000  5.656854
122.700000  62.000000  1.414214
122.800000  63.000000  8.485281
122.900000  70.500000  0.707107
123.000000  59.500000  10.606602
123.100000  61.500000  2.121320
123.200000  60.500000  3.535534
123.300000  71.500000  6.363961
123.400000  62.500000  6.363961
123.500000  60.500000  6.363961
123.600000  63.500000  0.707107
123.700000  65.500000  4.949747
123.800000  63.500000  4.949747
123.900000  58.500000  2.121320
124.000000  66.500000  2.121320
124.100000  57.500000  3.535534
124.200000  62.000000  4.242641
124.300000  64.000000  2.828427
124.400000  71.500000  20.506097
124.500000  65.000000  5.656854
124.600000  69.000000  4.242641
124.700000  62.000000  7.071068
124.800000  63.000000  2.828427
124.900000  61.500000  0.707107
125.000000  68.000000  4.242641
125.100000  64.500000  3.535534
125.200000  60.000000  4.242641
125.300000  60.000000  2.828427
125.400000  66.000000  11.313708
125.500000  60.000000  4.242641
125.600000  63.000000  7.071068
125.700000  70.000000  0.000000
125.800000  66.000000  14.142136
125.900000  64.500000  6.363961
126.000000  66.000000  11.313708
126.100000  58.000000  16.970563
126.200000  67.500000  7.778175
126.300000  67.000000  2.828427
126.400000  65.000000  4.242641
126.500000  63.000000  2.828427
126.600000  65.500000  0.707107
126.700000  56.500000  4.949747
126.800000  74.000000  4.242641
126.900000  68.000000  4.242641
127.000000  69.000000  1.414214
127.100000  68.000000  5.656854
127.200000  72.500000  0.707107
127.300000  67.000000  7.071068
127.400000  70.500000  7.778175
127.500000  65.500000  2.121320
127.600000  67.500000  0.707107
127.700000  60.500000  9.192388
127.800000  69.500000  6.363961
127.900000  65.500000  7.778175
128.000000  59.000000  0.000000
128.100000  67.000000  5.656854
128.200000  63.500000  9.192388
128.300000  64.500000  12.020815
128.400000  71.000000  2.828427
128.500000  66.000000  1.414214
128.600000  67.500000  7.778175
128.700000  59.000000  8.485281
128.800000  65.500000  13.435029
128.900000  66.000000  5.656854
129.000000  58.000000  7.071068
129.100000  64.500000  0.707107
129.200000  60.000000  1.414214
129.300000  71.500000  2.121320
129.400000  69.000000  1.414214
129.500000  73.500000  2.121320
129.600000  67.000000  0.000000
129.700000  63.000000  5.656854
129.800000  77.500000  10.606602
129.900000  71.000000  12.727922
130.000000  67.500000  21.920310
130.100000  67.500000  3.535534
130.200000  72.500000  12.020815
130.300000  69.000000  15.556349
130.400000  70.000000  5.656854
130.500000  72.500000  17.677670
130.600000  71.500000  7.778175
130.700000  75.000000  25.455844
130.800000  72.000000  15.556349
130.900000  65.000000  9.899495
131.000000  67.000000  15.556349
131.100000  71.000000  8.485281
131.200000  72.000000  9.899495
131.300000  69.000000  9.899495
131.400000  70.000000  15.556349
131.500000  74.000000  11.313708
131.600000  72.500000  12.020815
131.700000  75.500000  0.707107
131.800000  63.500000  6.363961
131.900000  73.500000  10.606602
132.000000  69.500000  13.435029
132.100000  80.000000  28.284271
132.200000  75.500000  12.020815
132.300000  65.500000  2.121320
132.400000  68.000000  8.485281
132.500000  71.000000  5.656854
132.600000  67.500000  6.363961
132.700000  69.000000  18.384776
132.800000  71.500000  20.506097
132.900000  74.000000  2.828427
133.000000  73.500000  23.334524
133.100000  73.000000  19.798990
133.200000  77.000000  7.071068
133.300000  66.000000  1.414214
133.400000  61.500000  16.263456
133.500000  65.500000  26.162951
133.600000  72.000000  5.656854
133.700000  65.000000  4.242641
133.800000  73.500000  7.778175
133.900000  73.500000  9.192388
134.000000  71.500000  0.707107
134.100000  78.500000  10.606602
134.200000  62.500000  7.778175
134.300000  58.000000  9.899495
134.400000  61.500000  14.849242
134.500000  64.000000  11.313708
134.600000  65.000000  25.455844
134.700000  62.500000  14.849242
134.800000  68.500000  19.091883
134.900000  56.500000  9.192388
135.000000  59.000000  7.071068
135.100000  60.000000  15.556349
135.200000  62.500000  13.435029
135.300000  59.000000  15.556349
135.400000  58.500000  17.677670
135.500000  57.500000  20.506097
135.600000  59.500000  17.677670
135.700000  57.000000  12.727922
135.800000  53.500000  10.606602
135.900000  61.500000  9.192388
136.000000  63.000000  16.970563
136.100000  65.500000  17.677670
136.200000  60.500000  13.435029
136.300000  71.500000  20.506097
136.400000  60.000000  19.798990
136.500000  54.000000  12.727922
136.600000  66.000000  21.213203
136.700000  65.500000  16.263456
136.800000  59.500000  23.334524
136.900000  58.000000  12.727922
137.000000  56.500000  13.435029
137.100000  59.500000  27.577164
137.200000  55.500000  20.506097
137.300000  66.000000  19.798990
137.400000  60.000000  15.556349
137.500000  55.500000  14.849242
137.600000  62.000000  28.284271
137.700000  63.000000  19.798990
137.800000  71.500000  7.778175
137.900000  61.500000  14.849242
138.000000  65.500000  28.991378
138.100000  70.000000  15.556349
138.200000  67.000000  24.041631
138.300000  63.000000  19.798990
138.400000  56.000000  19.798990
138.500000  68.000000  8.485281
138.600000  67.000000  2.828427
138.700000  64.500000  27.577164
138.800000  71.500000  20.506097
138.900000  62.500000  10.606602
139.000000  61.500000  10.606602
139.100000  64.500000  12.020815
139.200000  67.000000  14.142136
139.300000  55.500000  10.606602
139.400000  58.500000  10.606602
139.500000  68.500000  0.707107
139.600000  62.000000  15.556349
139.700000  59.500000  14.849242
139.800000  61.500000  10.606602
139.900000  65.500000  26.162951
140.000000  60.500000  16.263456
140.100000  64.000000  14.142136
140.200000  64.000000  14.142136
140.300000  60.500000  19.091883
140.400000  64.500000  20.506097
140.500000  60.500000  12.020815
140.600000  59.500000  9.192388
140.700000  61.500000  28.991378
140.800000  57.000000  12.727922
140.900000  59.500000  2.121320
141.000000  63.500000  14.849242
141.100000  70.000000  22.627417
141.200000  61.500000  14.849242
141.300000  62.500000  14.849242
141.400000  63.000000  18.384776
141.500000  57.500000  26.162951
141.600000  60.000000  24.041631
141.700000  61.000000  18.384776
141.800000  51.500000  7.778175
141.900000  67.000000  11.313708
142.000000  58.000000  14.142136
142.100000  61.000000  21.213203
142.200000  59.500000  20.506097
142.300000  57.500000  26.162951
142.400000  61.500000  10.606602
142.500000  57.500000  17.677670
142.600000  53.000000  14.142136
142.700000  62.500000  21.920310
142.800000  61.000000  28.284271
142.900000  64.500000  16.263456
143.000000  62.000000  22.627417
143.100000  60.500000  9.192388
143.200000  57.500000  9.192388
143.300000  65.000000  15.556349
143.400000  64.500000  19.091883
143.500000  65.000000  8.485281
143.600000  61.500000  3.535534
143.700000  56.000000  18.384776
143.800000  58.500000  26.162951
143.900000  61.000000  16.970563
144.000000  56.500000  20.506097
144.100000  65.500000  21.920310
144.200000  51.500000  19.091883
144.300000  56.500000  21.920310
144.400000  65.000000  22.627417
144.500000  63.500000  19.091883
144.600000  65.500000  19.091883
144.700000  59.500000  14.849242
144.800000  63.500000  19.091883
144.900000  64.000000  19.798990
145.000000  53.000000  9.899495
145.100000  59.500000  6.363961
145.200000  70.000000  19.798990
145.300000  58.000000  16.970563
145.400000  66.000000  18.384776
145.500000  64.000000  14.142136
145.600000  61.500000  14.849242
145.700000  57.000000  16.970563
145.800000  69.000000  26.870058
145.900000  65.500000  30.405592
146.000000  52.000000  11.313708
146.100000  67.500000  17.677670
146.200000  62.500000  16.263456
146.300000  59.000000  8.485281
146.400000  66.500000  13.435029
146.500000  66.500000  16.263456
146.600000  57.000000  16.970563
146.700000  60.000000  15.556349
146.800000  62.500000  14.849242
146.900000  62.000000  19.798990
147.000000  64.000000  2.828427
147.100000  64.000000  21.213203
147.200000  67.000000  19.798990
147.300000  65.000000  24.041631
147.400000  65.500000  16.263456
147.500000  67.000000  22.627417
147.600000  68.500000  27.577164
147.700000  58.000000  16.970563
147.800000  63.000000  15.556349
147.900000  68.000000  21.213203
148.000000  67.000000  35.355339
148.100000  58.500000  17.677670
148.200000  62.000000  9.899495
148.300000  63.500000  14.849242
148.400000  58.500000  12.020815
148.500000  63.500000  17.677670
148.600000  65.000000  16.970563
148.700000  71.500000  26.162951
148.800000  71.500000  10.606602
148.900000  64.500000  24.748737
149.000000  59.500000  12.020815
149.100000  71.000000  19.798990
149.200000  67.500000  20.506097
149.300000  67.000000  22.627417
149.400000  67.500000  17.677670
149.500000  60.500000  20.506097
149.600000  57.000000  5.656854
149.700000  60.000000  24.041631
149.800000  65.000000  24.041631
149.900000  57.000000  14.142136
150.000000  65.000000  21.213203
150.100000  64.500000  26.162951
150.200000  64.000000  12.727922
150.300000  71.500000  23.334524
150.400000  57.000000  5.656854
150.500000  63.500000  10.606602
150.600000  58.000000  21.213203
150.700000  65.000000  9.899495
150.800000  61.000000  14.142136
150.900000  65.000000  4.242641
151.000000  56.500000  13.435029
151.100000  60.000000  19.798990
151.200000  63.000000  14.142136
151.300000  58.000000  9.899495
151.400000  57.000000  7.071068
151.500000  56.000000  7.071068
151.600000  57.500000  13.435029
151.700000  58.000000  9.899495
151.800000  67.000000  7.071068
151.900000  56.500000  20.506097
152.000000  63.500000  19.091883
152.100000  66.000000  12.727922
152.200000  63.000000  0.000000
152.300000  59.500000  2.121320
152.400000  63.500000  7.778175
152.500000  59.500000  21.920310
152.600000  62.500000  24.748737
152.700000  61.000000  11.313708
152.800000  58.500000  16.263456
152.900000  68.500000  10.606602
153.000000  62.000000  5.656854
153.100000  58.000000  12.727922
153.200000  64.500000  13.435029
153.300000  60.500000  23.334524
153.400000  53.500000  7.778175
153.500000  57.500000  12.020815
153.600000  54.000000  28.284271
153.700000  53.500000  23.334524
153.800000  69.500000  13.435029
153.900000  65.500000  3.535534
154.000000  62.000000  19.798990
154.100000  58.000000  21.213203
154.200000  61.500000  19.091883
154.300000  56.000000  16.970563
154.400000  57.500000  13.435029
154.500000  57.000000  11.313708
154.600000  55.500000  13.435029
154.700000  65.000000  12.727922
154.800000  60.000000  19.798990
154.900000  64.000000  16.970563
155.000000  63.500000  17.677670
155.100000  61.500000  7.778175
155.200000  61.500000  26.162951
155.300000  65.500000  10.606602
155.400000  62.500000  19.091883
155.500000  63.500000  17.677670
155.600000  60.000000  14.142136
155.700000  54.500000  16.263456
155.800000  57.000000  11.313708
155.900000  59.000000  21.213203
156.000000  66.000000  15.556349
156.100000  64.000000  16.970563
156.200000  65.000000  12.727922
156.300000  56.500000  7.778175
156.400000  52.000000  19.798990
156.500000  60.000000  19.798990
156.600000  61.500000  7.778175
156.700000  63.500000  9.192388
156.800000  67.500000  0.707107
156.900000  53.500000  13.435029
157.000000  63.000000  12.727922
157.100000  55.000000  7.071068
157.200000  63.500000  6.363961
157.300000  60.500000  14.849242
157.400000  64.500000  13.435029
157.500000  64.000000  8.485281
157.600000  62.500000  9.192388
157.700000  64.500000  7.778175
157.800000  61.000000  11.313708
157.900000  59.000000  14.142136
158.000000  69.000000  12.727922
158.100000  60.500000  24.748737
158.200000  62.000000  15.556349
158.300000  69.500000  6.363961
158.400000  63.500000  14.849242
158.500000  59.500000  4.949747
158.600000  64.000000  21.213203
158.700000  63.500000  12.020815
158.800000  60.000000  12.727922
158.900000  64.000000  22.627417
159.000000  62.000000  11.313708
159.100000  64.000000  16.970563
159.200000  62.000000  15.556349
159.300000  61.000000  4.242641
159.400000  64.500000  4.949747
159.500000  62.000000  11.313708
159.600000  57.500000  17.677670
159.700000  73.500000  7.778175
159.800000  60.000000  16.970563
159.900000  62.000000  9.899495
160.000000  62.000000  9.899495
160.100000  53.000000  18.384776
160.200000  53.500000  7.778175
160.300000  61.500000  23.334524
160.400000  62.500000  7.778175
160.500000  59.000000  28.284271
160.600000  54.000000  15.556349
160.700000  61.000000  28.284271
160.800000  54.000000  18.384776
160.900000  52.500000  23.334524
161.000000  50.000000  11.313708
161.100000  56.000000  11.313708
161.200000  62.000000  19.798990
161.300000  61.000000  19.798990
161.400000  60.500000  17.677670
161.500000  64.500000  27.577164
161.600000  63.000000  25.455844
161.700000  56.500000  27.577164
161.800000  52.000000  16.970563
161.900000  68.000000  19.798990
162.000000  60.500000  17.677670
162.100000  64.500000  7.778175
162.200000  59.500000  20.506097
162.300000  63.500000  24.748737
162.400000  57.500000  14.849242
162.500000  66.500000  26.162951
162.600000  55.000000  21.213203
162.700000  50.500000  0.707107
162.800000  48.500000  10.606602
162.900000  54.000000  11.313708
163.000000  58.000000  9.899495
163.100000  57.500000  12.020815
163.200000  58.500000  9.192388
163.300000  53.000000  16.970563
163.400000  69.000000  16.970563
163.500000  61.000000  24.041631
163.600000  58.000000  22.627417
163.700000  57.000000  18.384776
163.800000  58.000000  22.627417
163.900000  57.000000  14.142136
164.000000  56.500000  13.435029
164.100000  57.000000  19.798990
164.200000  59.000000  24.041631
164.300000  55.500000  16.263456
164.400000  60.500000  23.334524
164.500000  58.500000  21.920310
164.600000  61.000000  25.455844
164.700000  58.500000  27.577164
164.800000  56.000000  22.627417
164.900000  56.000000  21.213203
165.000000  53.500000  23.334524
165.100000  56.000000  19.798990
165.200000  54.000000  8.485281
165.300000  59.500000  24.748737
165.400000  52.500000  16.263456
165.500000  51.500000  20.506097
165.600000  63.500000  26.162951
165.700000  51.500000  19.091883
165.800000  60.000000  11.313708
165.900000  54.000000  8.485281
166.000000  57.500000  16.263456
166.100000  56.500000  19.091883
166.200000  62.000000  16.970563
166.300000  56.000000  15.556349
166.400000  57.000000  18.384776
166.500000  56.000000  12.727922
166.600000  53.000000  9.899495
166.700000  54.500000  6.363961
166.800000  46.500000  12.020815
166.900000  54.500000  21.920310
167.000000  55.000000  8.485281
167.100000  56.500000  26.162951
167.200000  49.000000  14.142136
167.300000  64.000000  16.970563
167.400000  54.500000  17.677670
167.500000  53.500000  7.778175
167.600000  54.500000  23.334524
167.700000  57.500000  24.748737
167.800000  59.500000  27.577164
167.900000  56.000000  5.656854
168.000000  55.000000  12.727922
168.100000  54.000000  15.556349
168.200000  60.000000  19.798990
168.300000  58.000000  11.313708
168.400000  60.500000  17.677670
168.500000  56.500000  17.677670
168.600000  57.500000  28.991378
168.700000  60.500000  21.920310
168.800000  63.000000  25.455844
168.900000  60.000000  26.870058
169.000000  61.000000  28.284271
169.100000  59.000000  22.627417
169.200000  52.000000  18.384776
169.300000  55.500000  13.435029
169.400000  59.500000  19.091883
169.500000  51.000000  18.384776
169.600000  59.000000  28.284271
169.700000  56.500000  19.091883
169.800000  57.000000  25.455844
169.900000  50.500000  16.263456
170.000000  56.500000  17.677670
170.100000  61.000000  28.284271
170.200000  59.000000  15.556349
170.300000  53.500000  17.677670
170.400000  67.000000  16.970563
170.500000  65.500000  24.748737
170.600000  57.500000  20.506097
170.700000  63.000000  18.384776
170.800000  59.500000  17.677670
170.900000  68.500000  21.920310
171.000000  59.000000  31.112698
171.100000  57.500000  24.748737
171.200000  57.500000  21.920310
171.300000  61.000000  29.698485
171.400000  59.500000  21.920310
171.500000  50.500000  24.748737
171.600000  53.500000  14.849242
171.700000  55.500000  17.677670
171.800000  58.000000  21.213203
171.900000  56.500000  28.991378
172.000000  54.500000  13.435029
172.100000  57.500000  17.677670
172.200000  54.000000  7.071068
172.300000  57.500000  14.849242
172.400000  58.500000  20.506097
172.500000  62.000000  8.485281
172.600000  53.500000  16.263456
172.700000  53.500000  17.677670
172.800000  55.000000  14.142136
172.900000  61.000000  25.455844
173.000000  66.000000  21.213203
173.100000  64.500000  24.748737
173.200000  57.000000  21.213203
173.300000  55.000000  19.798990
173.400000  61.000000  16.970563
173.500000  55.500000  16.263456
173.600000  61.000000  18.384776
173.700000  56.000000  14.142136
173.800000  56.000000  12.727922
173.900000  57.500000  27.577164
174.000000  59.000000  9.899495
174.100000  60.000000  9.899495
174.200000  55.500000  4.949747
174.300000  63.000000  11.313708
174.400000  57.500000  12.020815
174.500000  57.000000  18.384776
174.600000  52.500000  17.677670
174.700000  57.000000  21.213203
174.800000  63.000000  15.556349
174.900000  60.500000  3.535534
175.000000  62.000000  8.485281
175.100000  64.000000  16.970563
175.200000  62.000000  14.142136
175.300000  62.500000  20.506097
175.400000  61.500000  17.677670
175.500000  62.500000  20.506097
175.600000  63.000000  9.899495
175.700000  65.000000  8.485281
175.800000  57.500000  6.363961
175.900000  60.000000  18.384776
176.000000  65.500000  24.748737
176.100000  62.000000  9.899495
176.200000  68.000000  18.384776
176.300000  66.000000  19.798990
176.400000  61.500000  9.192388
176.500000  66.000000  4.242641
176.600000  64.000000  14.142136
176.700000  65.000000  12.727922
176.800000  65.500000  14.849242
176.900000  61.500000  19.091883
177.000000  54.500000  17.677670
177.100000  53.500000  23.334524
177.200000  61.500000  20.506097
177.300000  58.000000  15.556349
177.400000  53.000000  12.727922
177.500000  51.000000  8.485281
177.600000  61.500000  12.020815
177.700000  68.000000  22.627417
177.800000  60.500000  19.091883
177.900000  63.500000  17.677670
178.000000  56.500000  21.920310
178.100000  59.000000  25.455844
178.200000  60.500000  12.020815
178.300000  57.500000  20.506097
178.400000  54.500000  16.263456
178.500000  51.500000  6.363961
178.600000  60.000000  8.485281
178.700000  60.000000  19.798990
178.800000  62.000000  14.142136
178.900000  54.000000  5.656854
179.000000  65.500000  9.192388
179.100000  57.000000  12.727922
179.200000  60.000000  22.627417
179.300000  58.000000  22.627417
179.400000  60.500000  19.091883
179.500000  61.500000  23.334524
179.600000  53.000000  11.313708
179.700000  56.000000  11.313708
179.800000  61.500000  19.091883
179.900000  55.500000  13.435029
180.000000  57.500000  10.606602
180.100000  59.500000  16.263456
180.200000  60.000000  16.970563
180.300000  66.000000  11.313708
180.400000  63.500000  16.263456
180.500000  61.000000  14.142136
180.600000  56.000000  14.142136
180.700000  51.500000  12.020815
180.800000  62.500000  20.506097
180.900000  59.500000  21.920310
181.000000  59.000000  24.041631
181.100000  59.500000  20.506097
181.200000  56.000000  19.798990
181.300000  55.000000  18.384776
181.400000  54.500000  9.192388
181.500000  62.500000  21.920310
181.600000  61.000000  19.798990
181.700000  57.500000  12.020815
181.800000  60.000000  9.899495
181.900000  66.000000  15.556349
182.000000  59.000000  11.313708
182.100000  62.000000  16.970563
182.200000  62.000000  15.556349
182.300000  63.000000  21.213203
182.400000  56.000000  19.798990
182.500000  59.500000  20.506097
182.600000  57.000000  19.798990
182.700000  61.000000  26.870058
182.800000  64.500000  3.535534
182.900000  55.500000  16.263456
183.000000  64.000000  8.485281
183.100000  57.500000  13.435029
183.200000  61.500000  4.949747
183.300000  60.500000  20.506097
183.400000  56.000000  7.071068
183.500000  60.500000  20.506097
183.600000  55.000000  11.313708
183.700000  55.500000  19.091883
183.800000  59.000000  12.727922
183.900000  51.500000  3.535534
184.000000  58.500000  16.263456
184.100000  52.000000  15.556349
184.200000  51.000000  9.899495
184.300000  54.000000  12.727922
184.400000  54.000000  18.384776
184.500000  55.500000  17.677670
184.600000  57.500000  19.091883
184.700000  58.500000  17.677670
184.800000  63.000000  18.384776
184.900000  53.000000  19.798990
185.000000  60.500000  26.162951
185.100000  55.500000  14.849242
185.200000  61.500000  17.677670
185.300000  59.500000  21.920310
185.400000  61.000000  7.071068
185.500000  57.500000  14.849242
185.600000  59.500000  24.748737
185.700000  63.500000  19.091883
185.800000  60.500000  13.435029
185.900000  56.500000  19.091883
186.000000  58.000000  18.384776
186.100000  53.500000  16.263456
186.200000  62.000000  18.384776
186.300000  57.000000  4.242641
186.400000  57.000000  14.142136
186.500000  59.000000  22.627417
186.600000  58.000000  1.414214
186.700000  55.500000  7.778175
186.800000  67.000000  22.627417
186.900000  72.500000  7.778175
187.000000  62.500000  26.162951
187.100000  58.500000  14.849242
187.200000  60.000000  22.627417
187.300000  64.500000  17.677670
187.400000  58.000000  12.727922
187.500000  57.500000  17.677670
187.600000  70.500000  10.606602
187.700000  60.000000  19.798990
187.800000  56.500000  9.192388
187.900000  56.500000  13.435029
188.000000  56.500000  16.263456
188.100000  69.500000  6.363961
188.200000  67.000000  12.727922
188.300000  65.000000  8.485281
188.400000  64.000000  4.242641
188.500000  59.000000  19.798990
188.600000  56.500000  16.263456
188.700000  56.000000  14.142136
188.800000  60.000000  12.727922
188.900000  57.500000  14.849242
189.000000  62.500000  19.091883
189.100000  61.000000  15.556349
189.200000  56.500000  10.606602
189.300000  58.000000  9.899495
189.400000  59.000000  7.071068
189.500000  62.000000  1.414214
189.600000  64.500000  21.920310
189.700000  61.500000  23.334524
189.800000  57.000000  11.313708
189.900000  63.500000  4.949747
190.000000  58.500000  12.020815
190.100000  67.500000  23.334524
190.200000  56.000000  7.071068
190.300000  61.500000  19.091883
190.400000  59.000000  16.970563
190.500000  58.500000  13.435029
190.600000  63.500000  17.677670
190.700000  63.500000  17.677670
190.800000  56.000000  8.485281
190.900000  62.500000  14.849242
191.000000  68.500000  17.677670
191.100000  63.500000  12.020815
191.200000  62.000000  5.656854
191.300000  61.500000  10.606602
191.400000  66.500000  14.849242
191.500000  67.000000  11.313708
191.600000  63.000000  21.213203
191.700000  55.000000  8.485281
191.800000  62.000000  7.071068
191.900000  60.500000  17.677670
192.000000  58.000000  14.142136
192.100000  64.000000  22.627417
192.200000  61.000000  9.899495
192.300000  60.500000  12.020815
192.400000  64.000000  15.556349
192.500000  59.000000  11.313708
192.600000  59.500000  16.263456
192.700000  59.500000  12.020815
192.800000  55.000000  7.071068
192.900000  58.500000  9.192388
193.000000  59.500000  4.949747
193.100000  65.000000  8.485281
193.200000  67.000000  19.798990
193.300000  62.000000  2.828427
193.400000  61.500000  17.677670
193.500000  68.500000  10.606602
193.600000  63.000000  15.556349
193.700000  65.500000  7.778175
193.800000  66.000000  15.556349
193.900000  61.500000  19.091883
194.000000  60.000000  16.970563
194.100000  61.000000  8.485281
194.200000  62.500000  4.949747
194.300000  61.500000  4.949747
194.400000  61.000000  8.485281
194.500000  59.500000  10.606602
194.600000  68.500000  0.707107
194.700000  63.000000  5.656854
194.800000  55.000000  11.313708
194.900000  55.500000  23.334524
195.000000  58.000000  24.041631
195.100000  54.500000  10.606602
195.200000  58.000000  7.071068
195.300000  56.000000  14.142136
195.400000  51.500000  13.435029
195.500000  62.500000  0.707107
195.600000  60.500000  13.435029
195.700000  65.500000  23.334524
195.800000  58.500000  6.363961
195.900000  64.500000  17.677670
196.000000  69.500000  7.778175
196.100000  63.500000  7.778175
196.200000  60.000000  14.142136
196.300000  73.000000  11.313708
196.400000  64.000000  8.485281
196.500000  65.000000  2.828427
196.600000  60.500000  10.606602
196.700000  66.000000  5.656854
196.800000  65.500000  2.121320
196.900000  61.000000  7.071068
197.000000  66.500000  17.677670
197.100000  63.500000  12.020815
197.200000  62.500000  7.778175
197.300000  67.500000  4.949747
197.400000  71.500000  12.020815
197.500000  62.500000  26.162951
197.600000  59.500000  0.707107
197.700000  58.500000  16.263456
197.800000  60.000000  2.828427
197.900000  63.000000  18.384776
198.000000  61.500000  14.849242
198.100000  67.500000  7.778175
198.200000  69.000000  11.313708
198.300000  66.500000  17.677670
198.400000  60.000000  12.727922
198.500000  66.000000  21.213203
198.600000  58.000000  8.485281
198.700000  66.500000  16.263456
198.800000  54.500000  12.020815
198.900000  57.000000  8.485281
199.000000  60.000000  1.414214
199.100000  59.500000  2.121320
199.200000  56.000000  7.071068
199.300000  68.500000  3.535534
199.400000  65.000000  2.828427
199.500000  63.000000  14.142136
199.600000  69.000000  14.142136
199.700000  72.000000  8.485281
199.800000  60.500000  4.949747
199.900000  55.500000  7.778175
200.000000  58.000000  12.727922
