# aggregated from 2 replicates
# x  mean  std
0.000000  74.999000  0.000000
0.100000  76.623500  0.140714
0.200000  76.554000  0.333754
0.300000  76.094500  0.304763
0.400000  77.811000  0.519016
0.500000  77.192500  0.648417
0.600000  76.186500  0.560736
0.700000  77.443500  0.876105
0.800000  77.030500  1.945251
0.900000  76.875500  1.526644
1.000000  77.095000  0.832972
1.100000  77.085000  0.188090
1.200000  76.341500  1.201374
1.300000  75.442000  0.900854
1.400000  76.388500  1.522401
1.500000  75.450000  0.668923
1.600000  77.338500  0.286378
1.700000  77.748500  0.907218
1.800000  76.893000  0.497803
1.900000  76.424000  1.179454
2.000000  75.405500  0.024749
2.100000  77.512500  0.816708
2.200000  77.288000  2.175060
2.300000  77.629000  1.148341
2.400000  76.383500  0.819537
2.500000  77.696500  0.584777
2.600000  77.054500  0.538108
2.700000  77.818500  0.225567
2.800000  77.715500  0.184555
2.900000  77.905000  0.322441
3.000000  77.770000  1.640488
3.100000  78.021500  0.837922
3.200000  78.126500  2.532149
3.300000  78.279000  1.161069
3.400000  78.536000  1.559878
3.500000  77.682000  0.178191
3.600000  77.409000  0.626497
3.700000  78.326500  0.348604
3.800000  78.055500  1.755746
3.900000  78.170000  1.827164
4.000000  78.891500  0.631446
4.100000  77.673500  0.125158
4.200000  79.805000  0.362039
4.300000  80.186000  1.199253
4.400000  78.329000  1.781909
4.500000  79.045000  3.969697
4.600000  76.845000  0.422850
4.700000  78.478000  0.745291
4.800000  77.710000  0.840043
4.900000  78.908500  0.413657
5.000000  78.086000  0.014142
5.100000  78.586500  1.789687
5.200000  78.186500  0.699329
5.300000  78.515000  2.030811
5.400000  78.125000  0.660438
5.500000  78.265000  2.223144
5.600000  78.082000  1.814436
5.700000  78.759000  1.139856
5.800000  77.663000  1.453812
5.900000  78.076000  0.113137
6.000000  79.814500  0.751655
6.100000  78.905000  2.002526
6.200000  78.109000  0.354968
6.300000  77.809000  0.712764
6.400000  78.543000  0.857013
6.500000  78.693500  0.540937
6.600000  79.015000  1.257236
6.700000  78.445500  0.447599
6.800000  77.996000  0.937624
6.900000  77.925500  1.301784
7.000000  78.809500  0.514067
7.100000  78.920500  0.440528
7.200000  79.297000  0.145664
7.300000  78.748000  1.517451
7.400000  78.675000  0.461034
7.500000  77.740000  0.055154
7.600000  78.807000  0.729734
7.700000  78.171500  0.914289
7.800000  77.842000  1.408557
7.900000  79.179500  1.222588
8.000000  77.979000  2.218901
8.100000  78.738000  0.905097
8.200000  78.714000  0.840043
8.300000  78.403000  1.508966
8.400000  80.111000  1.046518
8.500000  79.254500  0.531037
8.600000  78.103500  0.880348
8.700000  78.245000  1.879490
8.800000  77.885500  0.106773
8.900000  78.835500  0.255266
9.000000  77.009000  0.472347
9.100000  78.483500  0.682358
9.200000  77.937500  0.437699
9.300000  77.422000  1.285520
9.400000  77.133000  1.721098
9.500000  78.025000  1.606547
9.600000  78.212500  1.170262
9.700000  78.603500  0.805395
9.800000  78.127000  0.799031
9.900000  78.992500  0.283550
10.000000  78.968000  0.418607
10.100000  79.180500  0.782767
10.200000  79.607000  0.506288
10.300000  79.134500  2.363858
10.400000  79.569500  0.419314
10.500000  79.633500  0.690843
10.600000  78.767000  0.162635
10.700000  79.230500  0.129401
10.800000  77.775000  1.252993
10.900000  79.527500  1.373908
11.000000  79.401000  2.436690
11.100000  78.446000  2.385778
11.200000  78.030500  2.161625
11.300000  78.507500  2.526493
11.400000  79.545000  1.854034
11.500000  79.575000  0.511945
11.600000  79.420000  1.527351
11.700000  77.694000  0.592555
11.800000  79.276500  0.511238
11.900000  78.461500  0.389616
12.000000  79.613500  0.024749
12.100000  80.329000  1.353402
12.200000  80.998500  1.375323
12.300000  80.199500  1.570484
12.400000  80.275000  0.390323
12.500000  79.332000  0.492146
12.600000  79.715000  0.453963
12.700000  80.341000  1.409971
12.800000  79.851000  0.547301
12.900000  78.946000  0.179605
13.000000  79.600500  0.055861
13.100000  79.052500  0.531037
13.200000  78.951000  0.381838
13.300000  78.886500  1.567656
13.400000  79.266000  0.752362
13.500000  78.583500  1.399364
13.600000  80.571000  0.306884
13.700000  79.356500  0.638517
13.800000  78.934500  0.159099
13.900000  78.224500  0.540937
14.000000  79.594000  2.037882
14.100000  79.625500  1.440377
14.200000  80.129500  0.173241
14.300000  78.813500  1.885854
14.400000  79.028000  0.956008
14.500000  78.619000  0.448306
14.600000  78.110500  1.470075
14.700000  77.120000  0.520431
14.800000  78.841500  2.165868
14.900000  79.162500  0.170413
15.000000  78.568500  0.270822
15.100000  78.137000  1.155412
15.200000  78.594000  2.148190
15.300000  78.798000  0.937624
15.400000  78.593000  0.787717
15.500000  77.870000  1.264307
15.600000  78.565500  1.132078
15.700000  78.428000  0.567100
15.800000  76.254000  0.644881
15.900000  78.148500  1.330068
16.000000  79.122500  1.644023
16.100000  78.454500  0.301935
16.200000  77.610500  0.586192
16.300000  78.236000  1.513209
16.400000  78.332000  2.214658
16.500000  78.129500  1.185818
16.600000  77.680000  1.790394
16.700000  77.174000  1.216224
16.800000  77.888500  1.670893
16.900000  77.736500  0.036062
17.000000  78.594000  0.876812
17.100000  77.179500  0.262337
17.200000  77.923500  0.256680
17.300000  79.195000  0.975807
17.400000  77.634500  0.576292
17.500000  77.728500  0.188798
17.600000  77.886500  0.886005
17.700000  77.065500  0.266579
17.800000  78.764500  1.849084
17.900000  77.341000  0.538815
18.000000  79.437500  0.129401
18.100000  78.285500  1.591697
18.200000  78.663500  1.362595
18.300000  78.808500  1.577555
18.400000  78.549000  1.838478
18.500000  79.027500  2.206880
18.600000  79.174500  0.986414
18.700000  77.620000  0.274357
18.800000  76.709500  0.446184
18.900000  77.607500  0.202940
19.000000  76.657000  1.152584
19.100000  78.096000  1.281277
19.200000  77.822000  0.173948
19.300000  77.166500  1.511087
19.400000  79.212000  0.073539
19.500000  78.245500  0.770039
19.600000  78.616000  0.883883
19.700000  77.382500  0.352846
19.800000  77.418000  0.683065
19.900000  78.408500  1.093894
20.000000  77.881500  0.764382
20.100000  78.336000  0.173948
20.200000  77.982000  0.369110
20.300000  77.421000  1.260064
20.400000  79.096500  0.406586
20.500000  79.043500  1.141977
20.600000  77.690000  0.838629
20.700000  79.052500  0.912875
20.800000  79.288000  1.780495
20.900000  77.883000  0.941866
21.000000  78.698000  0.680237
21.100000  79.088000  1.762110
21.200000  77.612500  0.589020
21.300000  78.403000  0.629325
21.400000  80.112500  1.683621
21.500000  79.902500  0.631446
21.600000  80.259500  0.962372
21.700000  80.015500  2.945100
21.800000  77.626500  2.072530
21.900000  78.779000  0.650538
22.000000  81.525000  0.250316
22.100000  80.368500  0.929845
22.200000  78.464000  0.759433
22.300000  78.810500  3.124705
22.400000  78.050000  1.105915
22.500000  78.846500  1.057125
22.600000  79.226500  2.155969
22.700000  81.071000  2.419719
22.800000  78.906500  0.941159
22.900000  78.347000  2.251428
23.000000  78.856500  0.180312
23.100000  77.838500  0.830850
23.200000  77.611000  0.227688
23.300000  77.555000  0.125865
23.400000  77.380500  1.144806
23.500000  78.976500  0.460327
23.600000  78.061500  2.394971
23.700000  78.579500  1.168848
23.800000  78.723000  1.111572
23.900000  78.279000  0.376181
24.000000  77.363000  0.784889
24.100000  78.192500  0.939745
24.200000  77.839500  2.195567
24.300000  76.701000  0.155563
24.400000  77.322500  0.635689
24.500000  75.689000  0.381838
24.600000  77.215000  0.964494
24.700000  77.914500  0.403758
24.800000  77.884500  1.782616
24.900000  78.381000  1.241680
25.000000  77.765000  0.598212
25.100000  76.850500  0.515481
25.200000  77.040500  1.402193
25.300000  76.890000  0.321026
25.400000  77.350500  1.397950
25.500000  77.937500  0.878934
25.600000  78.454000  0.142836
25.700000  77.633000  0.847114
25.800000  78.063000  0.678823
25.900000  77.603500  1.504016
26.000000  77.892500  0.115258
26.100000  76.545500  0.406586
26.200000  79.176500  2.906916
26.300000  78.480500  2.479823
26.400000  79.119500  1.252286
26.500000  77.696000  0.783474
26.600000  78.661500  0.625790
26.700000  77.816500  0.504167
26.800000  78.009500  1.093894
26.900000  76.881500  0.471640
27.000000  78.957000  3.562404
27.100000  76.777000  1.579677
27.200000  77.035000  1.620689
27.300000  78.485000  0.869741
27.400000  78.310000  1.434013
27.500000  77.442500  0.120915
27.600000  77.743500  0.605991
27.700000  77.015500  0.912875
27.800000  78.153000  0.131522
27.900000  78.295500  0.994899
28.000000  78.550000  0.917825
28.100000  78.454500  1.310269
28.200000  77.577500  0.205768
28.300000  77.617500  1.270671
28.400000  78.556000  1.984142
28.500000  77.495500  0.236881
28.600000  79.803000  0.910754
28.700000  78.686000  1.500481
28.800000  77.893500  0.436285
28.900000  77.524000  1.079045
29.000000  78.445000  1.060660
29.100000  77.568000  1.678671
29.200000  76.776500  0.474469
29.300000  78.355500  1.222588
29.400000  78.181000  0.185262
29.500000  77.252000  1.517451
29.600000  78.372000  0.147078
29.700000  78.574000  1.087530
29.800000  77.765500  2.895602
29.900000  78.705000  3.792921
30.000000  78.882000  1.706956
30.100000  78.738500  0.861963
30.200000  77.394000  1.685743
30.300000  77.681500  3.622508
30.400000  77.742000  1.288349
30.500000  78.309500  1.868883
30.600000  78.479000  2.085965
30.700000  77.924500  1.520987
30.800000  78.385500  2.020204
30.900000  78.511500  1.365423
31.000000  78.718500  1.134906
31.100000  78.444000  2.088793
31.200000  78.126500  0.456084
31.300000  78.024500  1.574727
31.400000  76.602000  0.448306
31.500000  77.997000  1.088944
31.600000  77.546000  1.050761
31.700000  78.949000  1.127128
31.800000  78.993000  0.395980
31.900000  78.472500  0.519723
32.000000  79.501000  1.520280
32.100000  77.854500  1.058539
32.200000  77.890000  0.175362
32.300000  77.423000  1.022476
32.400000  77.884500  0.799738
32.500000  77.527000  0.834386
32.600000  78.587500  1.530886
32.700000  78.953000  0.729734
32.800000  78.187500  1.846256
32.900000  77.443000  0.456791
33.000000  76.724500  0.918532
33.100000  77.876500  0.038891
33.200000  76.428500  0.320319
33.300000  77.833000  0.243245
33.400000  78.372500  0.934088
33.500000  78.437000  2.493259
33.600000  76.283500  0.960958
33.700000  78.296500  0.835093
33.800000  76.807500  1.274914
33.900000  77.655500  0.840750
34.000000  77.413500  0.593263
34.100000  77.583500  0.270822
34.200000  77.739500  0.912875
34.300000  78.143500  0.246780
34.400000  78.440500  0.798324
34.500000  78.340500  0.419314
34.600000  76.878000  0.251730
34.700000  77.592500  0.070004
34.800000  77.614000  0.130108
34.900000  79.198500  0.569221
35.000000  77.899000  1.145513
35.100000  78.227000  0.592555
35.200000  77.484500  0.217082
35.300000  78.261000  1.462297
35.400000  78.709000  0.786303
35.500000  78.822500  0.560736
35.600000  78.639500  0.622961
35.700000  78.323000  0.011314
35.800000  79.101500  0.876105
35.900000  79.030000  2.384364
36.000000  79.673500  1.563413
36.100000  79.134500  1.407850
36.200000  78.614000  0.067882
36.300000  78.273000  0.984293
36.400000  77.611500  0.927017
36.500000  78.287000  1.517451
36.600000  78.180500  0.977929
36.700000  78.011500  0.102530
36.800000  78.449000  1.060660
36.900000  78.112500  0.333047
37.000000  78.312500  0.778525
37.100000  77.554500  1.304612
37.200000  77.786500  0.543765
37.300000  78.820500  0.729027
37.400000  78.775500  0.007778
37.500000  78.800500  0.252437
37.600000  77.720000  0.743876
37.700000  78.316000  0.011314
37.800000  78.192000  0.824487
37.900000  78.487000  0.009899
38.000000  77.311500  1.924038
38.100000  79.246500  0.033234
38.200000  79.282500  1.096723
38.300000  79.148500  0.354260
38.400000  77.914500  0.796909
38.500000  78.481500  0.460327
38.600000  78.509000  0.176777
38.700000  78.701500  0.888833
38.800000  77.389000  0.818830
38.900000  77.424000  0.059397
39.000000  78.412500  0.934088
39.100000  76.951500  0.844993
39.200000  78.163000  0.482247
39.300000  80.225000  0.199404
39.400000  77.868500  1.949493
39.500000  79.381000  0.548715
39.600000  78.722500  0.430628
39.700000  77.927500  2.396385
39.800000  78.213000  0.984293
39.900000  78.330500  1.270671
40.000000  78.791000  2.623366
40.100000  78.356000  0.377595
40.200000  78.440500  1.129250
40.300000  78.002500  0.985000
40.400000  77.287000  0.618011
40.500000  78.036500  2.353958
40.600000  77.779000  0.065054
40.700000  76.591000  1.586748
40.800000  78.529000  0.373352
40.900000  77.570500  0.178898
41.000000  76.327500  0.067175
41.100000  77.112000  1.643316
41.200000  77.981500  1.048639
41.300000  77.926500  0.860549
41.400000  78.254000  0.384666
41.500000  78.455000  1.767767
41.600000  77.891000  0.216375
41.700000  79.209500  0.348604
41.800000  79.070000  0.390323
41.900000  78.682000  0.135765
42.000000  76.530500  0.433456
42.100000  78.314500  0.815294
42.200000  77.714500  0.591848
42.300000  78.343500  0.379716
42.400000  77.543500  0.893076
42.500000  78.742000  0.144250
42.600000  78.450500  0.877520
42.700000  77.621000  0.251730
42.800000  77.484500  0.263751
42.900000  79.202500  0.673873
43.000000  77.870000  0.555786
43.100000  77.570000  0.313955
43.200000  79.134500  1.573313
43.300000  79.117500  0.419314
43.400000  78.750000  1.527351
43.500000  78.210500  1.508259
43.600000  77.277500  1.221173
43.700000  77.586000  0.643467
43.800000  77.395000  1.506137
43.900000  77.483500  1.293298
44.000000  77.331500  0.074246
44.100000  77.485000  0.683065
44.200000  77.537500  0.374059
44.300000  78.134000  1.055003
44.400000  78.064500  0.997728
44.500000  77.444000  1.207738
44.600000  76.814500  2.151726
44.700000  77.817000  1.057832
44.800000  76.989000  0.258801
44.900000  77.478500  0.297692
45.000000  75.992500  0.949644
45.100000  76.976000  1.202082
45.200000  78.106000  1.974242
45.300000  77.427500  0.126572
45.400000  78.377500  0.538108
45.500000  78.126000  1.149756
45.600000  77.039500  0.146371
45.700000  76.177000  0.859842
45.800000  76.462500  1.263600
45.900000  77.341000  1.714027
46.000000  76.187500  1.368252
46.100000  77.120000  0.220617
46.200000  77.166000  1.206324
46.300000  77.181500  1.389465
46.400000  78.029000  0.089095
46.500000  79.075500  0.485782
46.600000  76.980500  0.635689
46.700000  77.804000  1.576848
46.800000  77.979500  1.410678
46.900000  78.409000  0.650538
47.000000  78.398000  2.554070
47.100000  77.987000  0.217789
47.200000  78.115000  0.760847
47.300000  79.293500  0.630032
47.400000  77.625000  0.702864
47.500000  77.242000  0.697207
47.600000  78.305500  0.925603
47.700000  77.069500  1.559170
47.800000  77.378500  1.965050
47.900000  77.579500  1.479974
48.000000  78.661000  0.466690
48.100000  76.844500  0.019092
48.200000  77.970500  0.327390
48.300000  77.085000  1.182283
48.400000  78.672500  0.108187
48.500000  77.686000  1.121471
48.600000  78.401500  0.604576
48.700000  79.828500  0.089803
48.800000  77.977000  0.155563
48.900000  79.013000  0.357796
49.000000  78.817000  1.071974
49.100000  78.709500  0.068589
49.200000  77.299000  3.204608
49.300000  79.444000  1.417042
49.400000  79.461500  0.488611
49.500000  79.232000  0.485075
49.600000  78.450500  0.084146
49.700000  77.877500  1.505430
49.800000  77.204000  3.330473
49.900000  77.864000  1.854034
50.000000  78.628000  0.311127
50.100000  78.286500  2.673571
50.200000  78.426500  0.511238
50.300000  77.956000  0.196576
50.400000  77.993000  0.848528
50.500000  79.024000  1.056418
50.600000  78.419000  0.605283
50.700000  79.088500  0.337290
50.800000  77.478000  0.507703
50.900000  76.852500  0.293449
51.000000  77.530000  1.753625
51.100000  78.518000  1.134199
51.200000  76.933500  0.675287
51.300000  78.020500  0.163342
51.400000  77.983500  0.935502
51.500000  79.472000  1.074802
51.600000  77.194500  1.564827
51.700000  77.624000  1.858277
51.800000  77.261000  0.540230
51.900000  78.762000  0.158392
52.000000  77.228000  1.163898
52.100000  79.122500  0.522552
52.200000  77.686500  1.632710
52.300000  77.714500  1.487046
52.400000  78.354500  0.611647
52.500000  79.778000  1.504723
52.600000  78.881000  0.420021
52.700000  77.692500  0.895904
52.800000  77.192000  2.472045
52.900000  77.417000  3.099956
53.000000  77.587000  1.917674
53.100000  77.526000  1.542907
53.200000  78.595500  0.461741
53.300000  77.989000  0.569928
53.400000  78.093000  0.929138
53.500000  77.471000  2.699734
53.600000  78.035500  0.929845
53.700000  78.542000  0.879641
53.800000  78.757000  2.346180
53.900000  78.551500  0.760140
54.000000  77.495500  0.140714
54.100000  77.598000  0.357796
54.200000  79.630500  2.146069
54.300000  80.057000  0.779232
54.400000  77.976500  0.680944
54.500000  78.756500  0.092631
54.600000  77.676500  1.067024
54.700000  78.158000  2.084551
54.800000  76.858000  1.641902
54.900000  77.438500  0.450427
55.000000  79.249500  1.916966
55.100000  76.516000  1.062074
55.200000  78.150000  1.530179
55.300000  78.314500  0.176070
55.400000  77.791500  0.518309
55.500000  77.739000  0.661852
55.600000  78.910500  0.470226
55.700000  77.042500  0.731856
55.800000  76.904000  0.362039
55.900000  77.969500  0.837922
56.000000  78.509500  0.070004
56.100000  77.843000  2.534271
56.200000  76.066000  1.431184
56.300000  77.350000  0.731148
56.400000  77.860500  1.349867
56.500000  78.790500  0.556493
56.600000  78.656500  0.106773
56.700000  79.182000  1.564120
56.800000  78.403000  0.357796
56.900000  77.694500  1.156120
57.000000  78.298500  0.437699
57.100000  76.775500  0.699329
57.200000  76.426000  0.449720
57.300000  76.506500  0.604576
57.400000  77.591000  1.059246
57.500000  77.806500  0.082731
57.600000  78.424500  0.553665
57.700000  78.513000  1.120057
57.800000  78.502000  1.071974
57.900000  77.993000  0.537401
58.000000  78.511000  1.076217
58.100000  77.337500  0.333047
58.200000  78.238000  0.876812
58.300000  78.396000  2.324967
58.400000  78.820500  0.755897
58.500000  78.704500  0.617304
58.600000  78.252500  0.795495
58.700000  78.654000  1.077631
58.800000  79.222000  0.306884
58.900000  79.206500  0.600334
59.000000  77.164000  0.207889
59.100000  78.379500  1.231073
59.200000  78.034000  0.301227
59.300000  77.620500  0.925603
59.400000  76.364000  0.438406
59.500000  76.758500  1.458761
59.600000  77.141000  1.226123
59.700000  77.610500  0.125158
59.800000  77.638500  0.577706
59.900000  78.984000  1.824335
60.000000  78.358500  0.251023
60.100000  76.944500  0.586192
60.200000  78.655500  1.672308
60.300000  77.052000  0.568514
60.400000  77.352500  0.112430
60.500000  77.910000  0.618011
60.600000  77.984500  0.917117
60.700000  77.436500  0.542351
60.800000  77.038500  0.465983
60.900000  78.385000  0.984293
61.000000  77.957500  0.159099
61.100000  78.082000  0.422850
61.200000  77.451000  1.852620
61.300000  76.179000  0.415779
61.400000  77.309500  1.095308
61.500000  78.140000  0.461034
61.600000  77.204000  0.192333
61.700000  77.530500  2.107885
61.800000  78.486500  0.847821
61.900000  77.943000  0.619426
62.000000  78.029500  1.574727
62.100000  77.550000  1.796051
62.200000  77.763500  1.048639
62.300000  78.778500  1.908481
62.400000  78.017000  2.115663
62.500000  77.266000  1.630588
62.600000  77.977000  0.981464
62.700000  78.194000  1.050761
62.800000  79.037000  0.562857
62.900000  78.488000  1.415628
63.000000  78.255500  1.010456
63.100000  76.810500  0.040305
63.200000  77.200000  1.033790
63.300000  77.864000  0.688722
63.400000  77.160500  0.672459
63.500000  77.417500  0.586192
63.600000  77.438500  0.149200
63.700000  77.477500  0.170413
63.800000  78.893000  0.533159
63.900000  78.921000  1.204910
64.000000  77.846000  1.535836
64.100000  77.904500  0.065761
64.200000  78.120500  1.658165
64.300000  77.824000  0.667509
64.400000  78.072000  0.912168
64.500000  77.762500  0.410829
64.600000  78.267000  0.650538
64.700000  78.584500  1.433305
64.800000  78.382500  0.593263
64.900000  77.946500  2.574576
65.000000  77.072000  1.682914
65.100000  77.546000  1.545735
65.200000  77.481500  2.177182
65.300000  78.559500  2.038589
65.400000  77.591500  0.542351
65.500000  77.508500  0.409415
65.600000  77.151500  0.641346
65.700000  76.489500  1.059953
65.800000  77.450000  1.329361
65.900000  78.421000  0.142836
66.000000  78.300000  0.339411
66.100000  77.183500  0.260922
66.200000  78.603500  0.275065
66.300000  78.090500  0.388202
66.400000  77.092000  2.040710
66.500000  78.224000  0.898026
66.600000  77.805000  1.480682
66.700000  78.618000  0.567100
66.800000  76.676000  0.398808
66.900000  78.740000  0.282843
67.000000  78.282000  2.638923
67.100000  78.417500  0.532451
67.200000  76.882500  1.481389
67.300000  77.785000  0.753776
67.400000  76.895000  0.500632
67.500000  77.363500  1.611496
67.600000  78.360500  1.335725
67.700000  77.500000  1.776252
67.800000  77.603000  0.765090
67.900000  79.405000  3.104199
68.000000  76.574000  0.461034
68.100000  77.636500  0.064347
68.200000  77.154000  0.147078
68.300000  78.275500  0.006364
68.400000  77.724000  0.038184
68.500000  79.154000  1.822921
68.600000  78.423000  1.688571
68.700000  77.603000  2.818528
68.800000  78.526500  0.410829
68.900000  77.925500  0.809637
69.000000  78.794500  1.083995
69.100000  79.392000  0.231931
69.200000  79.390000  1.982727
69.300000  78.654000  0.917825
69.400000  79.170000  1.636245
69.500000  77.916500  2.027275
69.600000  78.272500  0.238295
69.700000  78.778500  1.632710
69.800000  77.934500  0.012021
69.900000  78.101500  1.078338
70.000000  77.881500  1.399364
70.100000  79.131000  0.138593
70.200000  77.856500  1.286227
70.300000  77.626500  1.335725
70.400000  77.781500  2.279005
70.500000  77.490000  1.518865
70.600000  78.303500  2.264863
70.700000  77.570000  3.696754
70.800000  77.151500  2.178596
70.900000  77.887500  2.329917
71.000000  78.622500  0.007778
71.100000  78.542500  0.853478
71.200000  76.912500  0.960958
71.300000  76.643000  1.230366
71.400000  78.315500  0.894490
71.500000  78.203000  0.564271
71.600000  77.498500  1.144806
71.700000  77.731000  2.214658
71.800000  78.716000  1.497652
71.900000  77.095500  2.035760
72.000000  77.179000  2.463560
72.100000  76.228000  2.165161
72.200000  77.113000  0.749533
72.300000  77.717000  2.626195
72.400000  76.911000  3.152282
72.500000  78.870500  1.137735
72.600000  77.908500  0.519723
72.700000  78.287500  0.573464
72.800000  77.500500  0.234052
72.900000  78.335500  1.013284
73.000000  78.193500  0.207182
73.100000  78.092000  1.231780
73.200000  78.618000  0.176777
73.300000  77.902000  0.089095
73.400000  78.339500  1.670893
73.500000  77.924000  2.207587
73.600000  77.887500  1.805244
73.700000  77.213000  1.579677
73.800000  77.245500  0.047376
73.900000  77.973000  0.141421
74.000000  78.806500  0.931260
74.100000  78.958500  1.550685
74.200000  78.531500  0.368403
74.300000  78.847000  1.190768
74.400000  78.441500  1.273499
74.500000  78.544500  1.035911
74.600000  77.032500  1.161776
74.700000  77.879000  0.568514
74.800000  78.253000  0.872570
74.900000  78.833000  0.442649
75.000000  78.834000  1.079045
75.100000  79.488000  2.006769
75.200000  77.894000  0.468105
75.300000  80.124000  0.415779
75.400000  79.118500  1.161776
75.500000  78.479000  1.132785
75.600000  80.277500  2.226679
75.700000  78.395000  0.578413
75.800000  79.220500  0.632861
75.900000  78.858000  1.356231
76.000000  79.029000  0.383252
76.100000  78.797500  0.168999
76.200000  79.332500  0.443356
76.300000  79.282500  0.263751
76.400000  78.516500  0.658316
76.500000  79.278000  0.169706
76.600000  78.533500  0.352846
76.700000  78.908500  1.011870
76.800000  77.596000  0.234759
76.900000  78.959000  1.105915
77.000000  78.205500  0.105359
77.100000  77.927000  1.855448
77.200000  78.006500  1.011870
77.300000  79.018500  1.173090
77.400000  78.516500  1.388051
77.500000  77.274500  0.101116
77.600000  78.137000  0.654781
77.700000  79.219500  1.293298
77.800000  78.157500  1.163191
77.900000  80.636000  0.888126
78.000000  78.117500  0.181726
78.100000  79.467000  0.516188
78.200000  79.679500  2.639630
78.300000  78.907000  1.395829
78.400000  77.805000  0.441235
78.500000  78.738000  0.544472
78.600000  78.449000  0.479418
78.700000  78.942500  0.132229
78.800000  77.997000  0.199404
78.900000  78.054500  0.993485
79.000000  78.282000  1.426941
79.100000  79.860000  0.551543
79.200000  76.809000  0.079196
79.300000  78.448000  0.134350
79.400000  78.210000  0.052326
79.500000  79.478500  1.344210
79.600000  80.159500  2.476995
79.700000  78.060500  0.878934
79.800000  78.720000  1.886561
79.900000  78.631000  0.380423
80.000000  78.075000  2.893481
80.100000  78.416500  1.133492
80.200000  79.247500  2.394971
80.300000  77.239500  0.440528
80.400000  77.060000  2.507401
80.500000  78.194500  2.263449
80.600000  78.641500  2.320017
80.700000  79.355000  1.899289
80.800000  79.358500  1.759989
80.900000  78.860500  1.190061
81.000000  79.365500  0.028991
81.100000  78.361500  1.378151
81.200000  79.517500  0.212839
81.300000  79.165000  2.176475
81.400000  78.508000  0.888126
81.500000  78.770500  1.554928
81.600000  80.245500  1.252286
81.700000  78.269500  1.187232
81.800000  78.763000  0.222032
81.900000  79.180500  0.753069
82.000000  80.818500  0.475883
82.100000  79.216500  1.734533
82.200000  78.773000  3.867874
82.300000  78.555500  1.885854
82.400000  79.107500  1.867469
82.500000  78.360500  2.567505
82.600000  78.827000  1.831407
82.700000  77.643500  2.461439
82.800000  78.357000  1.005506
82.900000  77.610500  1.546443
83.000000  77.891500  1.571898
83.100000  78.244500  1.634124
83.200000  78.125500  1.468661
83.300000  78.262500  2.226679
83.400000  77.890000  1.391586
83.500000  78.314000  1.705542
83.600000  77.503000  1.562706
83.700000  76.776000  0.585484
83.800000  78.807000  0.219203
83.900000  78.442000  1.333603
84.000000  77.251000  3.142383
84.100000  78.095500  1.120764
84.200000  78.480500  1.608668
84.300000  77.066000  2.194859
84.400000  77.462000  1.579677
84.500000  78.548000  1.735240
84.600000  77.722500  1.631295
84.700000  79.060500  0.943988
84.800000  79.911500  4.664783
84.900000  78.962000  1.520280
85.000000  77.952000  2.835498
85.100000  78.565500  2.228093
85.200000  78.504500  1.181575
85.300000  78.553000  2.210416
85.400000  79.172500  1.986263
85.500000  78.545000  1.788980
85.600000  78.535500  1.612911
85.700000  78.455000  0.629325
85.800000  78.734500  1.298955
85.900000  78.639000  0.229103
86.000000  77.975500  1.062781
86.100000  78.421000  0.004243
86.200000  78.704000  2.306582
86.300000  79.247000  2.357494
86.400000  79.209000  1.104501
86.500000  78.341500  2.376586
86.600000  77.307000  0.190919
86.700000  78.115500  0.621547
86.800000  78.693000  1.038033
86.900000  78.865000  0.118794
87.000000  78.120500  1.180161
87.100000  77.434500  1.214102
87.200000  77.585500  0.631446
87.300000  77.991500  0.345775
87.400000  77.790000  0.864084
87.500000  77.284000  0.513360
87.600000  77.924000  0.055154
87.700000  77.628500  0.095459
87.800000  76.617500  0.621547
87.900000  77.606500  0.129401
88.000000  78.088500  0.587606
88.100000  77.006500  1.547857
88.200000  77.279000  2.037882
88.300000  76.813000  0.418607
88.400000  77.828000  1.503309
88.500000  77.894000  0.057983
88.600000  77.860000  0.739634
88.700000  77.318000  1.408557
88.800000  77.908500  0.036062
88.900000  77.450500  1.614325
89.000000  78.173500  0.304763
89.100000  77.011500  0.161927
89.200000  77.014500  2.245064
89.300000  77.812000  2.206173
89.400000  76.609500  0.221324
89.500000  77.117500  0.108187
89.600000  76.446000  0.449720
89.700000  77.669000  0.593970
89.800000  78.365500  0.197283
89.900000  77.176000  0.589727
90.000000  77.197000  1.452397
90.100000  78.893500  0.915703
90.200000  77.392500  0.850649
90.300000  78.601000  1.981313
90.400000  78.025500  1.125007
90.500000  78.652000  2.066166
90.600000  79.066500  1.233901
90.700000  77.996000  2.259913
90.800000  77.556500  1.593112
90.900000  76.848500  0.359917
91.000000  78.263000  1.678671
91.100000  77.959000  0.627911
91.200000  77.493000  0.124451
91.300000  79.073500  0.191626
91.400000  77.635500  1.011870
91.500000  77.020500  0.668216
91.600000  77.596000  1.542907
91.700000  77.317000  0.319612
91.800000  77.197500  1.921209
91.900000  78.267500  0.279307
92.000000  77.821000  0.074953
92.100000  76.582000  0.022627
92.200000  79.018000  0.482247
92.300000  77.465000  0.568514
92.400000  77.572500  1.803829
92.500000  77.447500  0.050205
92.600000  79.031500  0.166170
92.700000  79.019000  0.100409
92.800000  77.147000  0.373352
92.900000  76.627500  0.335876
93.000000  78.155500  0.583363
93.100000  76.467000  0.861256
93.200000  76.864500  0.661145
93.300000  78.014000  0.278600
93.400000  77.242500  0.126572
93.500000  77.291000  0.363453
93.600000  77.309500  0.002121
93.700000  77.229500  0.406586
93.800000  75.999000  1.646145
93.900000  77.672000  0.041012
94.000000  77.527500  2.192738
94.100000  78.682000  0.356382
94.200000  77.330500  0.890247
94.300000  77.518500  1.518158
94.400000  78.125500  1.115107
94.500000  76.775500  2.501037
94.600000  77.971000  0.789131
94.700000  77.519000  1.040861
94.800000  78.162000  2.061923
94.900000  78.248500  0.682358
95.000000  77.795500  1.764231
95.100000  78.633500  1.221173
95.200000  77.820500  0.695086
95.300000  77.940000  0.011314
95.400000  78.654000  0.391737
95.500000  77.830000  0.830143
95.600000  79.263000  0.640639
95.700000  77.172500  0.432042
95.800000  79.119000  1.320875
95.900000  76.591000  1.291177
96.000000  77.993500  1.429063
96.100000  78.365500  0.639932
96.200000  78.156500  1.020355
96.300000  77.681000  0.065054
96.400000  77.197500  1.010456
96.500000  76.402500  0.562150
96.600000  78.748500  0.823779
96.700000  78.413500  0.716299
96.800000  77.188000  0.540230
96.900000  77.040000  1.252993
97.000000  77.983000  0.370524
97.100000  77.083500  1.339967
97.200000  77.991000  1.040861
97.300000  77.622500  0.144957
97.400000  77.105000  1.223295
97.500000  77.144500  0.399515
97.600000  78.090500  2.334159
97.700000  77.616000  0.817415
97.800000  78.546500  1.508259
97.900000  78.505000  2.025154
98.000000  79.056000  1.511794
98.100000  78.833000  3.336130
98.200000  79.505500  3.594224
98.300000  79.366000  3.654328
98.400000  78.162500  2.014547
98.500000  77.735000  1.500481
98.600000  76.559500  0.217082
98.700000  77.273000  1.115815
98.800000  76.594000  0.854185
98.900000  77.029500  1.236730
99.000000  77.009000  0.217789
99.100000  77.203000  1.511794
99.200000  77.593500  1.806658
99.300000  78.279000  0.926310
99.400000  76.942500  1.928280
99.500000  77.127000  0.195161
99.600000  77.159500  1.020355
99.700000  76.229000  1.288349
99.800000  76.619500  0.432042
99.900000  77.026000  0.439820
100.000000  77.031000  1.886561
100.100000  77.044500  0.351432
100.200000  77.844000  1.393000
100.300000  76.759500  0.235467
100.400000  77.867000  0.499217
100.500000  77.538500  1.221173
100.600000  77.800000  0.339411
100.700000  76.379500  0.287792
100.800000  78.934500  0.334462
100.900000  77.366000  0.666095
101.000000  77.607500  0.973686
101.100000  78.320000  0.592555
101.200000  76.953500  1.508259
101.300000  77.404500  1.140563
101.400000  78.414000  0.459619
101.500000  78.265500  1.830699
101.600000  77.220500  0.068589
101.700000  77.634500  0.440528
101.800000  77.358000  0.591141
101.900000  77.872000  1.401486
102.000000  77.965500  0.830850
102.100000  76.860000  0.067882
102.200000  79.232000  0.808930
102.300000  78.001500  0.569221
102.400000  77.750000  1.793223
102.500000  78.707500  0.366988
102.600000  77.793500  0.276479
102.700000  78.767500  1.232487
102.800000  78.027500  0.907218
102.900000  78.402000  2.592253
103.000000  78.047500  0.590434
103.100000  77.438000  0.121622
103.200000  78.231000  0.199404
103.300000  78.230000  0.838629
103.400000  77.256500  0.809637
103.500000  78.132000  1.121471
103.600000  77.957500  0.859135
103.700000  78.870500  0.672459
103.800000  78.041500  0.620133
103.900000  77.605000  0.176777
104.000000  79.077500  1.020355
104.100000  78.847500  0.963787
104.200000  78.425500  0.669630
104.300000  78.437000  1.182283
104.400000  78.404500  0.099702
104.500000  78.151000  0.043841
104.600000  77.551000  1.694228
104.700000  78.746000  0.855599
104.800000  78.359500  1.413506
104.900000  78.189500  1.662408
105.000000  77.231000  0.544472
105.100000  78.728500  0.043134
105.200000  78.604000  1.337846
105.300000  78.916500  0.427800
105.400000  77.920000  0.933381
105.500000  78.845500  1.369666
105.600000  78.259500  1.645437
105.700000  77.861000  0.025456
105.800000  78.228000  1.303905
105.900000  78.540000  0.702864
106.000000  78.980500  2.215366
106.100000  77.797000  0.504874
106.200000  78.174500  1.219759
106.300000  78.928000  1.928987
106.400000  78.616000  0.951766
106.500000  78.910000  1.245922
106.600000  78.620500  1.221173
106.700000  78.599000  0.854185
106.800000  76.788500  0.402344
106.900000  78.286000  0.251730
107.000000  77.693500  0.057276
107.100000  78.499000  0.633568
107.200000  79.644500  0.408001
107.300000  79.418000  2.119906
107.400000  78.191500  0.596091
107.500000  77.549500  0.137886
107.600000  78.638500  0.139300
107.700000  77.338500  0.369817
107.800000  78.296000  1.049346
107.900000  77.199000  0.281428
108.000000  78.128500  0.584777
108.100000  77.455500  0.526795
108.200000  77.660500  0.812466
108.300000  77.702500  0.299106
108.400000  79.782500  0.762968
108.500000  77.979000  1.814436
108.600000  78.806500  2.701855
108.700000  78.295500  0.465983
108.800000  78.736000  0.869741
108.900000  77.669000  1.055003
109.000000  78.286000  0.420021
109.100000  79.411500  0.270822
109.200000  79.016000  0.555786
109.300000  78.601000  0.349311
109.400000  78.267500  1.457347
109.500000  79.024000  1.002677
109.600000  78.402000  0.835800
109.700000  78.254500  0.099702
109.800000  77.464500  0.835093
109.900000  78.972000  2.266984
110.000000  79.636000  0.763675
110.100000  79.049000  2.737917
110.200000  77.847000  1.156827
110.300000  78.701500  1.108036
110.400000  78.609000  0.995606
110.500000  79.325000  0.721249
110.600000  80.646500  1.805244
110.700000  80.281000  0.810344
110.800000  80.512500  0.301935
110.900000  79.577500  0.170413
111.000000  79.510000  1.665944
111.100000  78.948500  1.791101
111.200000  78.386500  0.086974
111.300000  78.608000  0.353553
111.400000  79.408000  0.328098
111.500000  79.596000  0.127279
111.600000  78.960500  0.627204
111.700000  77.779000  1.445326
111.800000  77.973000  0.866913
111.900000  77.880000  1.039447
112.000000  77.623500  2.160211
112.100000  77.149000  2.425376
112.200000  77.103000  1.821507
112.300000  78.401000  2.340523
112.400000  79.310500  2.420427
112.500000  77.379500  2.000405
112.600000  76.918500  0.730441
112.700000  77.473000  0.770746
112.800000  78.000000  1.156827
112.900000  79.113000  2.358908
113.000000  78.756000  0.441235
113.100000  77.758000  0.920653
113.200000  79.195000  2.406991
113.300000  78.548000  3.261176
113.400000  79.351500  2.495380
113.500000  78.327000  2.493259
113.600000  79.064500  1.048639
113.700000  78.806500  0.366988
113.800000  77.437500  2.851762
113.900000  78.953500  0.902975
114.000000  78.292000  2.740746
114.100000  78.471500  3.630993
114.200000  77.482500  2.089501
114.300000  77.297500  1.559170
114.400000  76.740500  0.942573
114.500000  78.197000  1.673015
114.600000  77.915000  2.108592
114.700000  77.778500  0.611647
114.800000  78.390000  1.572605
114.900000  76.406500  1.549271
115.000000  78.727500  1.226830
115.100000  77.519000  0.898026
115.200000  78.581000  3.193294
115.300000  77.645500  1.646852
115.400000  78.442500  0.521138
115.500000  77.563000  0.800445
115.600000  76.705500  2.262035
115.700000  77.461500  0.238295
115.800000  77.524000  0.179605
115.900000  79.107500  1.009041
116.000000  77.820500  2.280419
116.100000  79.644500  1.779788
116.200000  77.684500  0.522552
116.300000  79.198500  1.636952
116.400000  79.039000  0.490732
116.500000  77.349500  1.045811
116.600000  78.151000  0.704278
116.700000  78.851000  0.117380
116.800000  78.866000  1.111572
116.900000  78.625500  0.280721
117.000000  78.979500  1.000556
117.100000  78.064000  0.106066
117.200000  76.945500  1.417749
117.300000  78.301000  0.043841
117.400000  77.933000  1.511794
117.500000  78.846500  1.116522
117.600000  79.020000  0.165463
117.700000  78.458500  0.176070
117.800000  79.294500  0.723370
117.900000  77.913000  1.332189
118.000000  78.594000  1.357645
118.100000  79.338000  1.395829
118.200000  77.696500  0.478711
118.300000  77.752500  0.939745
118.400000  79.561000  0.336583
118.500000  77.063500  2.208294
118.600000  78.812500  0.337290
118.700000  79.649500  0.546594
118.800000  78.081000  1.241680
118.900000  79.604000  0.147078
119.000000  77.896000  0.220617
119.100000  78.586000  0.414365
119.200000  77.566000  0.097581
119.300000  78.780500  1.129250
119.400000  78.104500  0.972272
119.500000  77.280000  0.588313
119.600000  77.608500  0.846407
119.700000  77.526500  0.316077
119.800000  76.808500  0.844993
119.900000  77.682000  0.151321
120.000000  77.739000  0.394566
120.100000  78.268500  0.775696
120.200000  79.645000  1.320875
120.300000  77.675500  0.212839
120.400000  78.275500  1.728876
120.500000  78.487500  1.106622
120.600000  78.193500  0.086974
120.700000  78.916000  0.197990
120.800000  78.793000  1.149756
120.900000  78.452500  1.279156
121.000000  78.742500  1.694935
121.100000  77.232500  1.784030
121.200000  78.834000  0.837214
121.300000  78.285000  0.738219
121.400000  78.091000  3.265419
121.500000  77.809500  0.813880
121.600000  79.136000  1.347746
121.700000  78.993500  2.482652
121.800000  77.582000  1.134199
121.900000  78.073500  0.130815
122.000000  79.308000  0.643467
122.100000  77.906000  0.666095
122.200000  78.521000  0.523259
122.300000  78.432000  2.139705
122.400000  78.465000  0.564271
122.500000  79.048000  0.592555
122.600000  79.400000  0.584070
122.700000  79.944500  0.515481
122.800000  80.211500  0.055861
122.900000  77.986000  1.040861
123.000000  79.056000  1.965757
123.100000  79.450000  0.062225
123.200000  77.774500  1.547857
123.300000  78.494500  1.105208
123.400000  79.019500  0.782767
123.500000  78.870500  0.707814
123.600000  78.172500  0.792667
123.700000  79.179500  0.010607
123.800000  78.992000  2.122735
123.900000  79.145500  1.561999
124.000000  79.952500  1.570484
124.100000  78.916500  2.658014
124.200000  79.773500  2.929543
124.300000  78.930500  1.972121
124.400000  78.858500  0.567807
124.500000  79.899000  2.658721
124.600000  80.546500  0.313248
124.700000  78.630500  1.887268
124.800000  78.670500  2.450125
124.900000  79.092000  2.645994
125.000000  78.732000  1.292591
125.100000  77.655500  1.989091
125.200000  78.550000  1.981313
125.300000  79.733000  2.873682
125.400000  78.945500  0.101116
125.500000  79.037500  0.798324
125.600000  80.057500  0.376888
125.700000  78.720500  2.915401
125.800000  78.741500  2.215366
125.900000  79.137500  1.117936
126.000000  79.212500  2.151726
126.100000  79.795000  2.241528
126.200000  78.808000  0.627911
126.300000  80.171500  1.399364
126.400000  80.060500  1.126421
126.500000  79.130000  0.475176
126.600000  79.631500  0.366988
126.700000  79.812500  2.322846
126.800000  78.709500  1.488460
126.900000  78.606500  1.421992
127.000000  77.668000  1.091773
127.100000  79.831000  1.240265
127.200000  79.830000  0.007071
127.300000  80.791000  1.404314
127.400000  79.804500  2.294562
127.500000  79.880500  2.587304
127.600000  78.868000  0.991364
127.700000  79.624000  1.708370
127.800000  79.606500  0.176070
127.900000  80.074500  2.038589
128.000000  80.262000  2.310825
128.100000  80.300500  0.212839
128.200000  78.951500  1.932523
128.300000  79.429000  2.914694
128.400000  79.619000  2.240114
128.500000  79.810500  1.922623
128.600000  80.134000  2.242943
128.700000  78.287500  2.318603
128.800000  79.235500  1.899996
128.900000  78.748500  1.335725
129.000000  78.699000  2.084551
129.100000  79.981000  0.480833
129.200000  78.107500  1.249458
129.300000  79.018500  0.985000
129.400000  77.651500  0.375474
129.500000  78.816500  1.388051
129.600000  78.591000  0.271529
129.700000  78.916500  0.980757
129.800000  78.796000  1.496238
129.900000  78.055000  0.261630
130.000000  78.034000  2.631851
130.100000  78.684000  0.766504
130.200000  77.519000  1.885147
130.300000  78.916500  1.421992
130.400000  78.235500  1.984849
130.500000  78.181000  1.923330
130.600000  78.008000  0.926310
130.700000  78.144000  1.030962
130.800000  78.731500  1.055710
130.900000  79.106000  0.855599
131.000000  79.208000  1.408557
131.100000  78.412500  1.141977
131.200000  79.713500  2.107885
131.300000  80.519000  1.671600
131.400000  78.339500  1.764231
131.500000  79.027000  1.004092
131.600000  80.507500  2.093743
131.700000  78.928000  1.521694
131.800000  79.455000  2.207587
131.900000  79.721000  1.163898
132.000000  79.228500  1.748675
132.100000  78.127000  1.650387
132.200000  78.836000  2.142534
132.300000  79.962500  2.286076
132.400000  78.231000  1.593819
132.500000  78.742500  1.055710
132.600000  79.007500  1.936765
132.700000  78.680000  1.790394
132.800000  79.394500  3.334008
132.900000  79.879500  2.495380
133.000000  79.877500  1.696349
133.100000  79.275500  1.890096
133.200000  80.105500  1.058539
133.300000  79.377500  1.603011
133.400000  79.897000  1.964343
133.500000  80.207000  1.609375
133.600000  79.533000  1.817264
133.700000  79.699500  2.892774
133.800000  79.211000  3.918786
133.900000  78.517500  0.474469
134.000000  78.430000  1.462297
134.100000  79.546500  2.469924
134.200000  77.893000  0.695793
134.300000  80.153000  0.892369
134.400000  78.750500  2.338402
134.500000  78.905000  0.977222
134.600000  78.491500  1.595940
134.700000  78.578500  2.614174
134.800000  79.670500  1.447448
134.900000  78.797000  2.358908
135.000000  78.455000  0.946109
135.100000  79.951000  2.200516
135.200000  78.430500  1.018941
135.300000  78.726500  2.092329
135.400000  78.763000  1.153998
135.500000  79.777500  0.818123
135.600000  79.493500  0.935502
135.700000  79.620500  1.067024
135.800000  78.332000  0.161220
135.900000  79.792000  2.023740
136.000000  79.199500  2.322846
136.100000  79.197000  1.330775
136.200000  79.328500  2.158797
136.300000  79.256500  3.206729
136.400000  79.035500  3.191173
136.500000  80.220000  1.077631
136.600000  79.322000  2.531442
136.700000  78.484000  2.685592
136.800000  79.531000  3.586446
136.900000  79.758000  1.023891
137.000000  77.822500  1.960807
137.100000  79.123500  2.211123
137.200000  79.326500  4.967425
137.300000  77.016500  4.456894
137.400000  77.349000  2.244357
137.500000  77.860000  1.487753
137.600000  77.967000  2.510229
137.700000  79.453500  2.071116
137.800000  79.408500  1.552099
137.900000  78.129500  3.540484
138.000000  78.589000  3.077329
138.100000  79.157000  1.950201
138.200000  78.251500  2.380829
138.300000  79.786000  2.091622
138.400000  79.580000  0.746705
138.500000  77.047000  1.770595
138.600000  77.767500  2.461439
138.700000  78.397500  1.427649
138.800000  78.630500  0.275065
138.900000  78.486500  1.437548
139.000000  79.118000  0.371938
139.100000  78.909500  0.593263
139.200000  78.898500  0.559321
139.300000  78.654500  0.130815
139.400000  79.393500  0.178898
139.500000  77.985000  0.629325
139.600000  78.147000  1.149756
139.700000  77.351000  0.079196
139.800000  78.339000  2.115663
139.900000  78.100000  2.121320
140.000000  78.744000  1.339260
140.100000  78.300000  1.668772
140.200000  80.447500  1.757160
140.300000  79.261500  2.809335
140.400000  79.622500  1.440377
140.500000  77.814500  1.687864
140.600000  78.358000  0.878227
140.700000  78.063000  1.441084
140.800000  79.726000  3.368657
140.900000  78.914500  2.015961
141.000000  78.356000  1.142685
141.100000  77.887500  1.430477
141.200000  78.910500  0.113844
141.300000  80.014500  0.038891
141.400000  79.468000  1.634831
141.500000  78.359000  0.183848
141.600000  78.346000  1.863933
141.700000  78.778500  1.826457
141.800000  80.156000  1.059246
141.900000  81.177500  1.743018
142.000000  80.530500  0.604576
142.100000  79.985500  0.777110
142.200000  78.306500  0.294864
142.300000  79.476500  1.201374
142.400000  80.077500  1.682207
142.500000  79.714500  0.048790
142.600000  79.861500  0.362746
142.700000  79.204000  1.076217
142.800000  79.601000  0.289914
142.900000  80.163000  0.414365
143.000000  79.068500  0.019092
143.100000  80.277500  0.731856
143.200000  78.126500  2.402042
143.300000  80.199000  1.190768
143.400000  79.954000  1.296834
143.500000  78.834500  2.674985
143.600000  79.249500  0.320319
143.700000  78.236000  1.294005
143.800000  79.628500  1.328654
143.900000  78.325000  0.431335
144.000000  78.385500  1.023184
144.100000  79.498000  1.025305
144.200000  77.661500  0.488611
144.300000  77.764000  1.296834
144.400000  79.152000  1.377444
144.500000  79.097500  0.509824
144.600000  78.429500  0.992071
144.700000  79.696500  2.413355
144.800000  78.779000  1.605132
144.900000  77.570000  2.102936
145.000000  79.771000  0.599627
145.100000  78.874500  2.141826
145.200000  78.604500  1.481389
145.300000  79.920500  0.955301
145.400000  78.226500  0.634275
145.500000  79.294500  0.499924
145.600000  79.865000  0.230517
145.700000  78.227500  0.091217
145.800000  79.309000  0.097581
145.900000  79.068000  0.289914
146.000000  78.392000  2.148190
146.100000  77.868500  0.051619
146.200000  77.813000  0.386080
146.300000  77.204500  1.300369
146.400000  77.949500  1.337139
146.500000  78.256000  1.213395
146.600000  78.054500  0.666802
146.700000  78.388000  0.784889
146.800000  78.523500  0.041719
146.900000  77.884500  0.572049
147.000000  78.393500  1.188646
147.100000  78.604500  0.201525
147.200000  77.768500  0.282136
147.300000  78.649500  2.764080
147.400000  79.212500  0.789838
147.500000  79.721000  0.610940
147.600000  78.782000  1.788980
147.700000  80.686000  0.015556
147.800000  79.438500  3.605537
147.900000  78.965000  2.648822
148.000000  78.730000  1.909188
148.100000  78.731000  2.357494
148.200000  79.876500  3.055408
148.300000  78.837000  2.884996
148.400000  78.353000  2.224558
148.500000  78.506000  1.719684
148.600000  78.612000  3.012275
148.700000  80.450000  2.472045
148.800000  79.332000  1.135613
148.900000  78.999500  4.168394
149.000000  79.409500  1.373908
149.100000  79.845000  0.758018
149.200000  78.058000  2.477702
149.300000  78.938000  1.793223
149.400000  77.729000  0.832972
149.500000  77.851500  1.881611
149.600000  78.015000  0.755190
149.700000  79.504000  1.507552
149.800000  78.629500  1.249458
149.900000  77.792000  1.615032
150.000000  79.113000  1.627760
150.100000  78.360500  0.111016
150.200000  77.847500  0.968029
150.300000  78.672000  0.011314
150.400000  79.017000  1.822921
150.500000  78.659500  1.894339
150.600000  78.802000  1.347746
150.700000  79.671000  3.355929
150.800000  79.445500  2.557605
150.900000  79.123000  1.421285
151.000000  78.776000  0.671751
151.100000  78.159500  0.741755
151.200000  78.770500  1.618567
151.300000  77.604500  0.946816
151.400000  77.305000  1.043690
151.500000  77.724000  1.308148
151.600000  78.430500  0.488611
151.700000  77.186000  0.606698
151.800000  76.499000  0.733977
151.900000  77.145000  0.395980
152.000000  76.935500  1.126421
152.100000  77.598000  0.554372
152.200000  78.316500  0.741755
152.300000  77.228000  0.021213
152.400000  78.472000  0.972979
152.500000  78.074000  2.460732
152.600000  79.113500  0.333047
152.700000  79.082500  1.561999
152.800000  78.148500  0.359917
152.900000  77.502000  0.278600
153.000000  77.884500  1.303198
153.100000  77.415500  0.009192
153.200000  78.126000  0.503460
153.300000  80.465500  1.099551
153.400000  79.073500  0.205768
153.500000  77.941000  0.106066
153.600000  78.701000  0.811759
153.700000  78.464000  0.213546
153.800000  79.696000  0.128693
153.900000  78.795000  1.073388
154.000000  77.112000  1.943129
154.100000  78.738000  0.668923
154.200000  77.947500  1.055710
154.300000  78.820500  1.252286
154.400000  78.490500  0.028991
154.500000  78.145500  0.429214
154.600000  78.118000  1.398657
154.700000  77.060500  0.266579
154.800000  76.843000  0.336583
154.900000  78.081000  0.383252
155.000000  78.182500  1.071267
155.100000  78.852000  0.056569
155.200000  78.229000  1.678671
155.300000  78.202500  1.091066
155.400000  78.154500  1.464418
155.500000  77.899000  0.056569
155.600000  78.948500  3.237842
155.700000  77.587500  0.487197
155.800000  78.362500  1.267842
155.900000  78.469500  1.816557
156.000000  77.770500  0.481540
156.100000  78.518500  0.953887
156.200000  78.906500  0.276479
156.300000  77.913000  0.354968
156.400000  77.692000  0.627911
156.500000  78.365000  0.605283
156.600000  78.521500  2.055559
156.700000  77.238500  1.164605
156.800000  78.641000  3.617558
156.900000  77.297000  0.719835
157.000000  77.078000  0.776403
157.100000  77.962500  1.767060
157.200000  77.235500  0.345775
157.300000  77.729500  1.423406
157.400000  77.688500  0.996313
157.500000  77.435000  1.786152
157.600000  77.456000  0.906511
157.700000  78.353500  0.600334
157.800000  77.364000  0.900854
157.900000  78.834000  0.687308
158.000000  78.208000  0.708521
158.100000  78.345000  1.062074
158.200000  77.399000  0.637810
158.300000  77.159500  0.581949
158.400000  77.904000  0.612354
158.500000  77.775500  0.137886
158.600000  76.559000  0.173948
158.700000  76.760500  0.129401
158.800000  77.535500  1.631295
158.900000  77.239000  0.845700
159.000000  76.810000  1.149756
159.100000  79.089000  0.953180
159.200000  77.202000  0.444063
159.300000  76.730000  1.192182
159.400000  76.170500  0.955301
159.500000  76.881500  1.409264
159.600000  77.319500  1.361181
159.700000  77.716500  0.422143
159.800000  76.690000  0.070711
159.900000  76.774000  0.651952
160.000000  77.038500  0.393858
160.100000  78.633500  2.089501
160.200000  77.590500  0.108187
160.300000  78.234500  1.825043
160.400000  78.211500  1.000556
160.500000  78.681000  1.779081
160.600000  78.659500  1.126421
160.700000  77.029500  1.216931
160.800000  77.391500  0.089803
160.900000  78.722000  1.708370
161.000000  79.080000  1.269964
161.100000  77.857000  1.552806
161.200000  78.187500  0.262337
161.300000  78.580500  0.877520
161.400000  77.484000  0.883883
161.500000  77.854000  1.354817
161.600000  77.922500  1.078338
161.700000  78.957500  0.700743
161.800000  78.540000  0.057983
161.900000  79.539000  0.461034
162.000000  80.450500  0.270822
162.100000  79.101000  0.473762
162.200000  79.261000  0.610940
162.300000  79.441000  0.502046
162.400000  78.386000  0.750947
162.500000  79.237000  0.619426
162.600000  79.433500  1.291884
162.700000  77.293000  1.327947
162.800000  79.674500  2.294562
162.900000  78.361000  1.090359
163.000000  77.986000  0.255973
163.100000  78.646500  0.351432
163.200000  79.047000  2.466388
163.300000  78.868500  0.310420
163.400000  78.857500  0.822365
163.500000  78.948500  0.470226
163.600000  78.704500  0.311834
163.700000  78.569500  1.117936
163.800000  78.294500  0.939745
163.900000  78.265000  1.654630
164.000000  77.523000  0.633568
164.100000  79.572000  2.227386
164.200000  79.191500  3.807770
164.300000  78.645500  0.639932
164.400000  78.948500  2.250721
164.500000  78.615500  0.856306
164.600000  77.846500  1.421992
164.700000  79.020000  0.339411
164.800000  77.935500  0.754483
164.900000  79.401000  1.414214
165.000000  79.253500  1.386636
165.100000  77.943000  0.401637
165.200000  77.781000  0.674580
165.300000  78.172500  2.448711
165.400000  78.272500  1.320168
165.500000  78.826000  1.103087
165.600000  78.150000  0.172534
165.700000  79.018500  0.788424
165.800000  78.384000  0.813173
165.900000  79.025000  0.231931
166.000000  79.918000  0.045255
166.100000  77.858500  0.456084
166.200000  77.395500  0.133643
166.300000  78.550000  0.084853
166.400000  78.460500  0.147785
166.500000  78.284000  0.688722
166.600000  79.171000  0.864084
166.700000  78.822000  2.210416
166.800000  78.638500  0.625790
166.900000  79.568500  0.526795
167.000000  78.213000  2.958535
167.100000  78.282500  1.477146
167.200000  78.269500  1.892925
167.300000  78.231000  2.483359
167.400000  78.945500  0.071418
167.500000  79.278500  1.246629
167.600000  78.766500  2.264863
167.700000  78.928500  2.223851
167.800000  79.023000  1.124300
167.900000  79.320500  0.832265
168.000000  77.421000  0.234759
168.100000  77.283500  3.490986
168.200000  79.247000  1.658873
168.300000  78.964500  1.786859
168.400000  78.066500  0.429214
168.500000  78.562000  1.663115
168.600000  78.141000  0.801859
168.700000  77.906500  2.417598
168.800000  78.250500  0.321734
168.900000  78.618000  0.234759
169.000000  79.103000  0.441235
169.100000  79.040500  1.675136
169.200000  79.116500  0.161927
169.300000  78.261500  0.188798
169.400000  78.326500  0.232638
169.500000  78.258500  0.232638
169.600000  77.759500  1.147634
169.700000  77.896500  0.444770
169.800000  79.153000  0.438406
169.900000  78.386000  1.001263
170.000000  77.701500  0.153442
170.100000  78.702000  1.667358
170.200000  78.338000  0.060811
170.300000  77.999000  0.475176
170.400000  78.572500  1.222588
170.500000  78.263000  0.735391
170.600000  79.162500  0.136472
170.700000  78.306500  0.171827
170.800000  77.947000  1.046518
170.900000  78.020000  0.690136
171.000000  78.159500  2.341231
171.100000  77.150000  1.653216
171.200000  79.517000  0.561443
171.300000  78.298000  1.657458
171.400000  78.924000  1.605132
171.500000  78.723500  1.826457
171.600000  77.314500  0.293449
171.700000  77.990000  0.790545
171.800000  78.775000  0.898026
171.900000  78.504500  2.001819
172.000000  78.379500  0.463155
172.100000  78.410500  0.620133
172.200000  79.782000  0.257387
172.300000  78.578000  0.135765
172.400000  79.724000  0.487904
172.500000  79.857000  0.585484
172.600000  80.326000  1.002677
172.700000  78.845000  0.974393
172.800000  79.853000  3.057530
172.900000  78.797500  0.419314
173.000000  78.814500  2.071116
173.100000  79.110000  1.223295
173.200000  77.922000  1.028133
173.300000  79.026000  0.404465
173.400000  78.088500  2.304461
173.500000  80.005500  2.041417
173.600000  77.951500  1.924038
173.700000  78.226000  2.583768
173.800000  78.618000  0.016971
173.900000  78.016000  1.380272
174.000000  77.829500  1.581798
174.100000  78.649500  0.318905
174.200000  78.138000  0.342240
174.300000  76.978000  0.207889
174.400000  78.385500  0.444770
174.500000  79.353000  0.678823
174.600000  79.158500  1.303198
174.700000  80.221000  0.236174
174.800000  79.932000  0.186676
174.900000  78.080000  1.084702
175.000000  78.698000  0.899440
175.100000  78.035000  0.586899
175.200000  77.887000  1.196425
175.300000  79.250500  1.569070
175.400000  78.003000  0.794788
175.500000  78.422500  1.109451
175.600000  77.314000  2.319310
175.700000  78.717000  0.725492
175.800000  77.938500  2.556191
175.900000  77.409500  1.714734
176.000000  78.608000  1.431184
176.100000  77.761500  0.357089
176.200000  77.486000  2.848226
176.300000  78.424500  2.325674
176.400000  78.970000  3.235721
176.500000  79.138500  2.757009
176.600000  79.100500  0.712057
176.700000  77.731500  0.830850
176.800000  77.762500  3.595638
176.900000  76.926500  2.300218
177.000000  77.583000  1.534422
177.100000  78.219500  1.938180
177.200000  79.198500  0.120915
177.300000  77.909500  1.409264
177.400000  77.298000  0.948937
177.500000  79.212000  2.124149
177.600000  78.074000  3.723624
177.700000  78.483000  1.476439
177.800000  78.113500  0.184555
177.900000  78.384000  1.337846
178.000000  78.566000  0.434164
178.100000  78.569000  1.441084
178.200000  78.702000  3.275319
178.300000  78.031000  1.260064
178.400000  78.610500  2.324260
178.500000  79.106500  2.389314
178.600000  79.788500  0.649831
178.700000  78.750000  0.920653
178.800000  78.511500  0.526795
178.900000  78.076000  1.694228
179.000000  77.672000  1.919088
179.100000  77.707000  0.142836
179.200000  78.924000  1.689985
179.300000  78.970500  0.823779
179.400000  78.457000  0.362039
179.500000  78.456000  0.412950
179.600000  78.233500  1.344210
179.700000  76.682000  2.740746
179.800000  79.230000  2.317896
179.900000  77.383000  1.178040
180.000000  79.554500  0.533866
180.100000  78.484500  1.402193
180.200000  78.674500  1.366837
180.300000  78.741500  1.641195
180.400000  78.897500  1.110865
180.500000  78.754000  1.063489
180.600000  77.855000  0.466690
180.700000  78.304500  1.218345
180.800000  78.081500  0.321734
180.900000  78.126500  0.532451
181.000000  78.139500  1.006213
181.100000  79.149500  2.097986
181.200000  78.061000  0.400222
181.300000  79.234000  1.149756
181.400000  80.065000  0.456791
181.500000  79.136500  2.520836
181.600000  79.310000  0.188090
181.700000  78.807000  1.415628
181.800000  78.326500  1.481389
181.900000  78.788500  2.257792
182.000000  78.342000  0.844285
182.100000  79.467000  0.558614
182.200000  78.969000  0.274357
182.300000  78.860000  1.337846
182.400000  78.837000  0.602455
182.500000  78.181500  0.323148
182.600000  78.225500  0.832265
182.700000  78.769000  0.787717
182.800000  77.875000  1.924745
182.900000  78.283000  0.441235
183.000000  77.450000  0.400222
183.100000  76.821500  0.351432
183.200000  78.506500  0.757311
183.300000  78.681500  0.586192
183.400000  78.288500  0.519723
183.500000  78.832500  0.852064
183.600000  78.197500  2.018790
183.700000  78.107000  1.121471
183.800000  78.369000  0.557200
183.900000  78.866500  0.659731
184.000000  78.266000  0.091924
184.100000  78.061500  1.272085
184.200000  78.883000  1.555635
184.300000  79.025000  2.517300
184.400000  77.360500  1.617153
184.500000  78.735500  0.084146
184.600000  79.022000  2.094450
184.700000  78.274500  1.540786
184.800000  78.656000  1.855448
184.900000  78.001500  0.921360
185.000000  78.446500  0.096874
185.100000  77.713500  2.041417
185.200000  78.449000  0.552958
185.300000  78.623000  0.354968
185.400000  78.152000  1.176626
185.500000  77.847000  0.483661
185.600000  77.620000  0.219203
185.700000  77.818500  0.410829
185.800000  77.422000  0.848528
185.900000  77.814500  0.519723
186.000000  79.202000  0.165463
186.100000  78.396500  1.407850
186.200000  77.599500  1.150463
186.300000  79.201500  1.573313
186.400000  77.225000  0.386080
186.500000  77.811500  0.539522
186.600000  77.897000  0.835800
186.700000  76.855000  1.506137
186.800000  78.354500  1.167433
186.900000  77.668000  0.675994
187.000000  78.346000  0.767918
187.100000  77.499500  0.204354
187.200000  77.910500  1.044397
187.300000  78.319500  0.323148
187.400000  78.442000  0.337997
187.500000  77.358500  1.317340
187.600000  78.651000  0.997021
187.700000  78.242500  0.494268
187.800000  77.752500  3.093592
187.900000  78.724000  0.691550
188.000000  77.850500  0.661145
188.100000  79.433500  0.027577
188.200000  78.760000  0.866913
188.300000  78.678000  1.325118
188.400000  77.676500  0.668216
188.500000  77.871500  0.830850
188.600000  78.105500  1.983435
188.700000  77.548000  0.016971
188.800000  76.855000  0.541644
188.900000  77.657000  1.013991
189.000000  76.339500  0.389616
189.100000  78.599000  1.897875
189.200000  78.546000  1.979899
189.300000  76.710500  0.229810
189.400000  77.308500  1.844842
189.500000  78.016500  1.624224
189.600000  77.721500  0.416486
189.700000  78.381500  0.471640
189.800000  77.776500  0.545179
189.900000  78.004000  0.159806
190.000000  77.283500  1.703420
190.100000  78.243500  1.829285
190.200000  77.610500  0.562150
190.300000  78.481500  0.136472
190.400000  78.036000  0.231931
190.500000  76.602500  0.907218
190.600000  78.193000  0.639225
190.700000  78.937000  0.694379
190.800000  78.228000  0.651952
190.900000  79.208500  1.047225
191.000000  77.798000  0.569928
191.100000  78.649000  1.892218
191.200000  78.171000  0.487904
191.300000  77.685000  0.582656
191.400000  78.649500  0.201525
191.500000  78.500000  1.112986
191.600000  78.353000  0.253144
191.700000  78.739000  2.187788
191.800000  78.363500  1.272085
191.900000  78.790500  0.924189
192.000000  77.691500  0.444770
192.100000  76.235000  0.049497
192.200000  76.514000  0.738219
192.300000  77.256500  1.494117
192.400000  77.230500  3.259055
192.500000  76.864500  0.726199
192.600000  76.392500  1.327239
192.700000  76.884000  0.038184
192.800000  78.372500  0.656902
192.900000  78.368500  0.830850
193.000000  78.097000  1.237437
193.100000  77.997000  0.618011
193.200000  77.365000  1.170969
193.300000  78.158500  0.020506
193.400000  78.413500  1.308855
193.500000  77.703500  0.589020
193.600000  77.912000  0.824487
193.700000  78.049000  0.323855
193.800000  77.521000  0.664680
193.900000  79.275000  0.323855
194.000000  76.869000  0.090510
194.100000  77.946000  0.697207
194.200000  78.054000  0.001414
194.300000  77.251000  1.944544
194.400000  79.047000  1.057832
194.500000  77.941000  1.224709
194.600000  76.091500  1.537957
194.700000  77.119500  1.994748
194.800000  77.800500  2.028689
194.900000  77.579000  0.787717
195.000000  75.811500  1.460176
195.100000  77.972500  1.144806
195.200000  77.263000  0.760847
195.300000  78.405000  1.169555
195.400000  78.260500  0.986414
195.500000  78.239000  1.475025
195.600000  78.164000  2.548413
195.700000  78.129000  1.079045
195.800000  76.824500  1.396536
195.900000  76.697500  0.836507
196.000000  76.725500  0.089803
196.100000  77.030500  0.485782
196.200000  77.538000  1.562706
196.300000  77.915000  1.096016
196.400000  78.407500  1.180161
196.500000  78.643500  1.496945
196.600000  77.582000  0.195161
196.700000  77.196000  1.107329
196.800000  77.771000  0.115966
196.900000  77.873500  0.286378
197.000000  78.210500  0.521138
197.100000  78.731500  0.587606
197.200000  78.556500  0.103945
197.300000  78.190000  0.172534
197.400000  78.972500  1.499773
197.500000  79.232500  3.488158
197.600000  78.777000  3.377142
197.700000  79.536000  0.200818
197.800000  78.891500  0.272236
197.900000  78.119500  0.345775
198.000000  76.981000  0.182434
198.100000  77.720000  0.864084
198.200000  77.458000  1.049346
198.300000  77.841000  0.236174
198.400000  76.768500  0.168999
198.500000  76.747500  0.853478
198.600000  77.505000  0.190919
198.700000  76.719500  0.283550
198.800000  76.970000  0.077782
198.900000  77.416500  0.430628
199.000000  78.328000  0.816001
199.100000  77.008500  0.351432
199.200000  77.537500  0.601748
199.300000  76.892500  0.309006
199.400000  78.428000  1.805951
199.500000  77.736500  0.099702
199.600000  77.435000  0.304056
199.700000  78.967000  1.045104
199.800000  78.109500  0.720542
199.900000  78.831000  0.206475
200.000000  77.446000  1.975656
