# aggregated from 2 replicates
# x  mean  std
0.000000  39.000000  0.000000
0.100000  46.500000  19.091883
0.200000  48.000000  12.727922
0.300000  49.000000  12.727922
0.400000  50.000000  16.970563
0.500000  42.000000  19.798990
0.600000  36.500000  7.778175
0.700000  41.500000  16.263456
0.800000  45.000000  2.828427
0.900000  35.000000  7.071068
1.000000  35.500000  0.707107
1.100000  35.000000  5.656854
1.200000  29.000000  1.414214
1.300000  37.500000  4.949747
1.400000  38.500000  4.949747
1.500000  31.000000  1.414214
1.600000  34.500000  3.535534
1.700000  40.000000  12.727922
1.800000  24.500000  3.535534
1.900000  26.000000  12.727922
2.000000  24.000000  18.384776
2.100000  22.500000  19.091883
2.200000  22.500000  21.920310
2.300000  29.000000  19.798990
2.400000  18.500000  21.920310
2.500000  28.000000  26.870058
2.600000  21.500000  21.920310
2.700000  17.500000  17.677670
2.800000  28.500000  24.748737
2.900000  28.500000  16.263456
3.000000  29.500000  13.435029
3.100000  26.500000  14.849242
3.200000  24.500000  14.849242
3.300000  29.500000  17.677670
3.400000  35.500000  12.020815
3.500000  33.000000  5.656854
3.600000  27.000000  9.899495
3.700000  36.000000  19.798990
3.800000  34.500000  9.192388
3.900000  36.000000  11.313708
4.000000  39.500000  10.606602
4.100000  33.500000  16.263456
4.200000  35.000000  7.071068
4.300000  31.000000  8.485281
4.400000  33.000000  7.071068
4.500000  39.500000  13.435029
4.600000  37.000000  16.970563
4.700000  35.500000  20.506097
4.800000  34.500000  20.506097
4.900000  35.000000  26.870058
5.000000  29.000000  15.556349
5.100000  37.500000  24.748737
5.200000  29.500000  17.677670
5.300000  26.500000  20.506097
5.400000  31.500000  23.334524
5.500000  27.000000  19.798990
5.600000  31.500000  24.748737
5.700000  25.000000  18.384776
5.800000  33.000000  26.870058
5.900000  25.500000  19.091883
6.000000  27.000000  22.627417
6.100000  20.500000  12.020815
6.200000  26.000000  21.213203
6.300000  26.500000  20.506097
6.400000  21.000000  11.313708
6.500000  26.500000  13.435029
6.600000  21.000000  9.899495
6.700000  27.000000  12.727922
6.800000  20.500000  13.435029
6.900000  22.000000  11.313708
7.000000  22.500000  13.435029
7.100000  22.500000  14.849242
7.200000  19.000000  12.727922
7.300000  25.500000  4.949747
7.400000  25.500000  10.606602
7.500000  31.500000  7.778175
7.600000  29.500000  7.778175
7.700000  32.000000  12.727922
7.800000  29.000000  5.656854
7.900000  20.000000  15.556349
8.000000  28.000000  1.414214
8.100000  19.500000  9.192388
8.200000  14.500000  2.121320
8.300000  18.000000  7.071068
8.400000  22.000000  7.071068
8.500000  20.000000  12.727922
8.600000  24.000000  9.899495
8.700000  11.500000  3.535534
8.800000  16.500000  7.778175
8.900000  19.000000  14.142136
9.000000  21.000000  12.727922
9.100000  22.500000  14.849242
9.200000  20.000000  11.313708
9.300000  25.500000  12.020815
9.400000  22.500000  12.020815
9.500000  24.000000  15.556349
9.600000  18.000000  9.899495
9.700000  16.000000  7.071068
9.800000  19.500000  4.949747
9.900000  23.000000  7.071068
10.000000  27.000000  7.071068
10.100000  15.500000  0.707107
10.200000  22.500000  2.121320
10.300000  20.000000  12.727922
10.400000  21.000000  8.485281
10.500000  27.500000  3.535534
10.600000  28.000000  2.828427
10.700000  21.000000  14.142136
10.800000  20.500000  12.020815
10.900000  25.000000  16.970563
11.000000  26.000000  15.556349
11.100000  30.500000  6.363961
11.200000  23.000000  11.313708
11.300000  20.500000  4.949747
11.400000  25.000000  4.242641
11.500000  25.500000  6.363961
11.600000  24.500000  2.121320
11.700000  21.000000  7.071068
11.800000  27.000000  5.656854
11.900000  19.000000  5.656854
12.000000  24.000000  4.242641
12.100000  25.500000  0.707107
12.200000  27.500000  3.535534
12.300000  22.000000  5.656854
12.400000  25.500000  3.535534
12.500000  23.000000  2.828427
12.600000  24.000000  1.414214
12.700000  16.000000  1.414214
12.800000  28.500000  7.778175
12.900000  30.000000  4.242641
13.000000  24.000000  8.485281
13.100000  26.000000  9.899495
13.200000  20.500000  4.949747
13.300000  28.000000  1.414214
13.400000  30.000000  1.414214
13.500000  23.500000  3.535534
13.600000  30.500000  2.121320
13.700000  21.500000  12.020815
13.800000  19.000000  2.828427
13.900000  25.000000  4.242641
14.000000  27.500000  0.707107
14.100000  19.000000  8.485281
14.200000  26.000000  14.142136
14.300000  25.000000  15.556349
14.400000  21.000000  5.656854
14.500000  27.500000  6.363961
14.600000  26.000000  4.242641
14.700000  26.000000  1.414214
14.800000  33.500000  9.192388
14.900000  23.500000  7.778175
15.000000  27.000000  7.071068
15.100000  16.000000  8.485281
15.200000  23.000000  4.242641
15.300000  18.500000  2.121320
15.400000  31.000000  4.242641
15.500000  25.500000  12.020815
15.600000  21.500000  21.920310
15.700000  23.000000  5.656854
15.800000  25.500000  9.192388
15.900000  31.500000  19.091883
16.000000  30.000000  2.828427
16.100000  21.500000  10.606602
16.200000  20.500000  17.677670
16.300000  27.000000  7.071068
16.400000  20.000000  11.313708
16.500000  27.000000  9.899495
16.600000  16.500000  0.707107
16.700000  29.500000  12.020815
16.800000  15.500000  10.606602
16.900000  27.000000  8.485281
17.000000  24.500000  20.506097
17.100000  22.000000  8.485281
17.200000  13.500000  4.949747
17.300000  22.000000  8.485281
17.400000  17.000000  12.727922
17.500000  18.500000  2.121320
17.600000  23.500000  14.849242
17.700000  15.500000  16.263456
17.800000  20.000000  15.556349
17.900000  22.000000  11.313708
18.000000  23.000000  4.242641
18.100000  23.500000  9.192388
18.200000  24.500000  16.263456
18.300000  27.500000  13.435029
18.400000  23.500000  9.192388
18.500000  36.000000  21.213203
18.600000  23.500000  3.535534
18.700000  29.000000  5.656854
18.800000  24.500000  10.606602
18.900000  30.000000  0.000000
19.000000  26.000000  7.071068
19.100000  32.000000  14.142136
19.200000  13.500000  6.363961
19.300000  20.000000  26.870058
19.400000  23.500000  9.192388
19.500000  17.000000  21.213203
19.600000  17.500000  9.192388
19.700000  16.500000  13.435029
19.800000  15.000000  21.213203
19.900000  15.500000  17.677670
20.000000  16.000000  22.627417
20.100000  20.000000  22.627417
20.200000  20.500000  23.334524
20.300000  18.000000  9.899495
20.400000  17.500000  20.506097
20.500000  19.500000  24.748737
20.600000  15.000000  21.213203
20.700000  22.500000  30.405592
20.800000  19.000000  26.870058
20.900000  15.000000  21.213203
21.000000  15.500000  20.506097
21.100000  16.500000  21.920310
21.200000  15.000000  15.556349
21.300000  20.500000  28.991378
21.400000  12.500000  12.020815
21.500000  14.000000  19.798990
21.600000  17.000000  24.041631
21.700000  11.000000  15.556349
21.800000  12.000000  16.970563
21.900000  12.500000  17.677670
22.000000  17.500000  24.748737
22.100000  16.000000  22.627417
22.200000  17.000000  22.627417
22.300000  18.000000  25.455844
22.400000  10.000000  14.142136
22.500000  14.000000  18.384776
22.600000  14.500000  16.263456
22.700000  12.500000  17.677670
22.800000  14.000000  15.556349
22.900000  14.000000  15.556349
23.000000  11.500000  14.849242
23.100000  15.500000  21.920310
23.200000  9.500000  13.435029
23.300000  11.000000  15.556349
23.400000  12.000000  16.970563
23.500000  11.500000  16.263456
23.600000  16.000000  21.213203
23.700000  12.000000  0.000000
23.800000  19.000000  1.414214
23.900000  17.000000  9.899495
24.000000  23.500000  16.263456
24.100000  20.000000  12.727922
24.200000  21.500000  2.121320
24.300000  23.000000  16.970563
24.400000  18.000000  2.828427
24.500000  18.000000  7.071068
24.600000  21.500000  6.363961
24.700000  27.500000  6.363961
24.800000  19.500000  10.606602
24.900000  21.000000  0.000000
25.000000  20.000000  7.071068
25.100000  23.000000  5.656854
25.200000  18.500000  4.949747
25.300000  24.000000  5.656854
25.400000  22.500000  12.020815
25.500000  23.500000  3.535534
25.600000  27.000000  11.313708
25.700000  22.500000  14.849242
25.800000  19.000000  12.727922
25.900000  17.000000  14.142136
26.000000  22.500000  0.707107
26.100000  22.500000  10.606602
26.200000  25.500000  0.707107
26.300000  22.500000  6.363961
26.400000  17.000000  4.242641
26.500000  23.500000  3.535534
26.600000  23.000000  7.071068
26.700000  25.500000  4.949747
26.800000  19.500000  10.606602
26.900000  25.500000  0.707107
27.000000  19.500000  0.707107
27.100000  19.000000  2.828427
27.200000  11.000000  11.313708
27.300000  19.500000  9.192388
27.400000  13.000000  18.384776
27.500000  17.000000  24.041631
27.600000  18.500000  26.162951
27.700000  17.000000  24.041631
27.800000  11.500000  14.849242
27.900000  12.500000  17.677670
28.000000  12.500000  17.677670
28.100000  12.000000  16.970563
28.200000  14.500000  20.506097
28.300000  14.500000  20.506097
28.400000  10.000000  14.142136
28.500000  7.500000  10.606602
28.600000  10.000000  14.142136
28.700000  13.000000  18.384776
28.800000  8.500000  12.020815
28.900000  13.500000  19.091883
29.000000  9.000000  12.727922
29.100000  13.000000  18.384776
29.200000  13.000000  18.384776
29.300000  15.000000  21.213203
29.400000  21.000000  29.698485
29.500000  14.500000  20.506097
29.600000  9.500000  13.435029
29.700000  14.000000  19.798990
29.800000  11.500000  16.263456
29.900000  14.500000  20.506097
30.000000  9.500000  13.435029
30.100000  9.500000  13.435029
30.200000  14.000000  18.384776
30.300000  11.500000  16.263456
30.400000  7.000000  9.899495
30.500000  13.000000  18.384776
30.600000  7.500000  10.606602
30.700000  9.000000  12.727922
30.800000  7.000000  9.899495
30.900000  12.500000  17.677670
31.000000  8.000000  11.313708
31.100000  9.500000  13.435029
31.200000  8.000000  11.313708
31.300000  11.500000  16.263456
31.400000  13.000000  18.384776
31.500000  13.500000  19.091883
31.600000  14.500000  20.506097
31.700000  16.500000  23.334524
31.800000  10.000000  14.142136
31.900000  9.500000  13.435029
32.000000  11.000000  15.556349
32.100000  16.000000  22.627417
32.200000  12.000000  16.970563
32.300000  16.500000  23.334524
32.400000  20.000000  28.284271
32.500000  19.500000  27.577164
32.600000  16.500000  23.334524
32.700000  23.000000  32.526912
32.800000  17.000000  24.041631
32.900000  15.000000  21.213203
33.000000  11.000000  15.556349
33.100000  13.000000  18.384776
33.200000  15.500000  21.920310
33.300000  14.000000  19.798990
33.400000  15.000000  21.213203
33.500000  13.000000  18.384776
33.600000  11.500000  16.263456
33.700000  11.000000  15.556349
33.800000  21.500000  6.363961
33.900000  12.500000  17.677670
34.000000  19.000000  7.071068
34.100000  19.500000  14.849242
34.200000  9.500000  0.707107
34.300000  16.500000  4.949747
34.400000  12.000000  7.071068
34.500000  13.500000  14.849242
34.600000  13.000000  14.142136
34.700000  18.500000  17.677670
34.800000  8.000000  11.313708
34.900000  10.000000  12.727922
35.000000  15.000000  21.213203
35.100000  14.500000  17.677670
35.200000  9.000000  12.727922
35.300000  11.500000  13.435029
35.400000  13.500000  14.849242
35.500000  9.500000  13.435029
35.600000  7.000000  9.899495
35.700000  8.500000  12.020815
35.800000  4.500000  4.949747
35.900000  8.500000  12.020815
36.000000  9.000000  12.727922
36.100000  7.000000  9.899495
36.200000  16.500000  23.334524
36.300000  16.500000  23.334524
36.400000  16.000000  22.627417
36.500000  13.500000  19.091883
36.600000  15.000000  21.213203
36.700000  20.500000  28.991378
36.800000  17.500000  24.748737
36.900000  17.000000  24.041631
37.000000  14.500000  19.091883
37.100000  14.000000  19.798990
37.200000  14.500000  20.506097
37.300000  13.500000  19.091883
37.400000  12.500000  16.263456
37.500000  18.500000  24.748737
37.600000  20.000000  25.455844
37.700000  16.500000  14.849242
37.800000  17.500000  12.020815
37.900000  16.000000  5.656854
38.000000  27.500000  24.748737
38.100000  23.000000  11.313708
38.200000  24.500000  19.091883
38.300000  30.000000  15.556349
38.400000  24.000000  18.384776
38.500000  31.000000  14.142136
38.600000  33.500000  6.363961
38.700000  34.500000  9.192388
38.800000  30.000000  11.313708
38.900000  27.500000  7.778175
39.000000  24.000000  5.656854
39.100000  29.500000  2.121320
39.200000  26.000000  2.828427
39.300000  27.500000  4.949747
39.400000  38.000000  1.414214
39.500000  29.000000  5.656854
39.600000  16.500000  13.435029
39.700000  23.000000  8.485281
39.800000  31.500000  12.020815
39.900000  25.000000  5.656854
40.000000  24.000000  0.000000
40.100000  28.500000  6.363961
40.200000  19.500000  9.192388
40.300000  28.000000  4.242641
40.400000  29.000000  7.071068
40.500000  26.000000  7.071068
40.600000  21.000000  7.071068
40.700000  24.500000  4.949747
40.800000  18.500000  0.707107
40.900000  25.000000  2.828427
41.000000  25.000000  8.485281
41.100000  24.500000  2.121320
41.200000  29.000000  14.142136
41.300000  33.500000  4.949747
41.400000  28.000000  8.485281
41.500000  16.000000  5.656854
41.600000  19.500000  13.435029
41.700000  22.000000  0.000000
41.800000  30.000000  18.384776
41.900000  22.500000  23.334524
42.000000  22.000000  18.384776
42.100000  24.500000  12.020815
42.200000  30.500000  19.091883
42.300000  27.500000  14.849242
42.400000  22.000000  11.313708
42.500000  23.500000  4.949747
42.600000  25.500000  7.778175
42.700000  25.500000  6.363961
42.800000  21.500000  9.192388
42.900000  23.000000  16.970563
43.000000  22.500000  10.606602
43.100000  21.500000  16.263456
43.200000  24.500000  10.606602
43.300000  23.500000  2.121320
43.400000  24.000000  7.071068
43.500000  21.000000  15.556349
43.600000  17.500000  21.920310
43.700000  16.000000  18.384776
43.800000  20.500000  14.849242
43.900000  12.500000  3.535534
44.000000  20.500000  4.949747
44.100000  19.000000  19.798990
44.200000  20.000000  1.414214
44.300000  20.000000  9.899495
44.400000  28.500000  12.020815
44.500000  28.000000  2.828427
44.600000  15.000000  11.313708
44.700000  19.000000  8.485281
44.800000  12.500000  9.192388
44.900000  12.500000  9.192388
45.000000  27.500000  0.707107
45.100000  21.000000  2.828427
45.200000  13.000000  1.414214
45.300000  21.000000  0.000000
45.400000  21.000000  5.656854
45.500000  16.500000  6.363961
45.600000  20.000000  2.828427
45.700000  17.500000  2.121320
45.800000  20.000000  4.242641
45.900000  19.000000  1.414214
46.000000  29.000000  12.727922
46.100000  19.500000  3.535534
46.200000  15.000000  1.414214
46.300000  14.000000  1.414214
46.400000  17.000000  5.656854
46.500000  21.500000  4.949747
46.600000  15.500000  7.778175
46.700000  15.000000  7.071068
46.800000  17.000000  5.656854
46.900000  14.000000  4.242641
47.000000  22.500000  2.121320
47.100000  19.500000  4.949747
47.200000  28.000000  4.242641
47.300000  25.500000  6.363961
47.400000  16.500000  9.192388
47.500000  20.500000  4.949747
47.600000  24.000000  7.071068
47.700000  20.500000  0.707107
47.800000  25.500000  3.535534
47.900000  21.000000  1.414214
48.000000  22.500000  7.778175
48.100000  22.500000  6.363961
48.200000  25.000000  7.071068
48.300000  33.000000  21.213203
48.400000  33.500000  10.606602
48.500000  21.500000  7.778175
48.600000  23.500000  2.121320
48.700000  26.000000  2.828427
48.800000  25.500000  4.949747
48.900000  30.000000  32.526912
49.000000  27.500000  4.949747
49.100000  33.500000  9.192388
49.200000  30.500000  10.606602
49.300000  29.000000  9.899495
49.400000  24.000000  2.828427
49.500000  22.000000  1.414214
49.600000  32.000000  19.798990
49.700000  26.000000  4.242641
49.800000  25.500000  10.606602
49.900000  29.000000  8.485281
50.000000  24.000000  15.556349
50.100000  22.500000  12.020815
50.200000  24.000000  5.656854
50.300000  27.000000  4.242641
50.400000  25.000000  4.242641
50.500000  23.500000  0.707107
50.600000  29.000000  8.485281
50.700000  30.000000  12.727922
50.800000  24.000000  1.414214
50.900000  24.000000  1.414214
51.000000  21.000000  19.798990
51.100000  18.500000  24.748737
51.200000  27.500000  6.363961
51.300000  22.000000  11.313708
51.400000  20.500000  2.121320
51.500000  21.000000  7.071068
51.600000  16.000000  4.242641
51.700000  14.500000  2.121320
51.800000  24.000000  2.828427
51.900000  18.000000  0.000000
52.000000  25.500000  13.435029
52.100000  19.500000  2.121320
52.200000  30.500000  14.849242
52.300000  34.500000  4.949747
52.400000  32.500000  12.020815
52.500000  29.500000  0.707107
52.600000  30.000000  15.556349
52.700000  20.000000  4.242641
52.800000  28.500000  4.949747
52.900000  37.000000  5.656854
53.000000  33.500000  4.949747
53.100000  26.000000  1.414214
53.200000  35.500000  6.363961
53.300000  35.000000  7.071068
53.400000  30.500000  0.707107
53.500000  27.500000  7.778175
53.600000  28.500000  2.121320
53.700000  34.500000  3.535534
53.800000  30.500000  3.535534
53.900000  27.000000  7.071068
54.000000  39.000000  5.656854
54.100000  26.500000  6.363961
54.200000  35.500000  0.707107
54.300000  31.000000  15.556349
54.400000  29.000000  9.899495
54.500000  21.000000  11.313708
54.600000  19.500000  2.121320
54.700000  14.500000  2.121320
54.800000  20.000000  1.414214
54.900000  22.500000  3.535534
55.000000  23.000000  12.727922
55.100000  27.500000  3.535534
55.200000  32.500000  0.707107
55.300000  21.000000  0.000000
55.400000  36.500000  3.535534
55.500000  25.500000  7.778175
55.600000  31.500000  9.192388
55.700000  30.000000  7.071068
55.800000  20.500000  3.535534
55.900000  27.500000  6.363961
56.000000  34.000000  5.656854
56.100000  35.500000  0.707107
56.200000  38.000000  4.242641
56.300000  34.500000  2.121320
56.400000  32.000000  0.000000
56.500000  29.000000  4.242641
56.600000  32.500000  4.949747
56.700000  25.500000  4.949747
56.800000  29.500000  12.020815
56.900000  33.000000  0.000000
57.000000  27.500000  3.535534
57.100000  23.500000  6.363961
57.200000  29.000000  1.414214
57.300000  33.500000  24.748737
57.400000  25.500000  3.535534
57.500000  28.500000  6.363961
57.600000  29.000000  0.000000
57.700000  19.000000  5.656854
57.800000  28.500000  10.606602
57.900000  29.500000  10.606602
58.000000  20.000000  9.899495
58.100000  26.000000  2.828427
58.200000  33.000000  5.656854
58.300000  32.000000  2.828427
58.400000  36.000000  0.000000
58.500000  33.000000  4.242641
58.600000  38.000000  2.828427
58.700000  27.500000  7.778175
58.800000  30.000000  4.242641
58.900000  25.000000  4.242641
59.000000  37.000000  9.899495
59.100000  28.500000  6.363961
59.200000  32.500000  2.121320
59.300000  31.000000  1.414214
59.400000  35.500000  2.121320
59.500000  34.500000  12.020815
59.600000  31.000000  14.142136
59.700000  35.000000  1.414214
59.800000  27.500000  4.949747
59.900000  36.500000  7.778175
60.000000  28.000000  5.656854
60.100000  40.000000  5.656854
60.200000  30.500000  2.121320
60.300000  27.000000  8.485281
60.400000  37.000000  1.414214
60.500000  25.000000  2.828427
60.600000  29.500000  4.949747
60.700000  35.500000  9.192388
60.800000  34.000000  7.071068
60.900000  33.500000  9.192388
61.000000  39.500000  14.849242
61.100000  33.000000  1.414214
61.200000  26.000000  1.414214
61.300000  23.000000  5.656854
61.400000  34.500000  3.535534
61.500000  37.000000  5.656854
61.600000  24.500000  4.949747
61.700000  32.000000  1.414214
61.800000  29.000000  5.656854
61.900000  26.000000  2.828427
62.000000  23.000000  8.485281
62.100000  23.000000  5.656854
62.200000  35.500000  0.707107
62.300000  30.500000  2.121320
62.400000  29.500000  6.363961
62.500000  26.000000  5.656854
62.600000  26.000000  1.414214
62.700000  36.000000  4.242641
62.800000  22.500000  9.192388
62.900000  29.000000  5.656854
63.000000  21.500000  4.949747
63.100000  23.500000  10.606602
63.200000  21.500000  7.778175
63.300000  27.000000  9.899495
63.400000  25.000000  11.313708
63.500000  31.000000  7.071068
63.600000  28.000000  2.828427
63.700000  27.500000  3.535534
63.800000  27.500000  2.121320
63.900000  33.000000  8.485281
64.000000  35.000000  5.656854
64.100000  30.000000  4.242641
64.200000  31.000000  2.828427
64.300000  41.000000  5.656854
64.400000  30.500000  9.192388
64.500000  35.000000  8.485281
64.600000  31.000000  0.000000
64.700000  19.500000  13.435029
64.800000  33.000000  4.242641
64.900000  28.000000  7.071068
65.000000  28.000000  14.142136
65.100000  37.000000  0.000000
65.200000  28.000000  5.656854
65.300000  27.500000  4.949747
65.400000  32.500000  0.707107
65.500000  25.000000  1.414214
65.600000  33.500000  9.192388
65.700000  33.000000  4.242641
65.800000  23.000000  2.828427
65.900000  36.000000  8.485281
66.000000  30.500000  19.091883
66.100000  36.500000  9.192388
66.200000  23.000000  7.071068
66.300000  30.000000  1.414214
66.400000  16.500000  4.949747
66.500000  32.500000  0.707107
66.600000  30.000000  5.656854
66.700000  25.000000  7.071068
66.800000  20.000000  7.071068
66.900000  31.000000  9.899495
67.000000  27.000000  0.000000
67.100000  25.500000  0.707107
67.200000  31.500000  21.920310
67.300000  16.000000  2.828427
67.400000  33.500000  0.707107
67.500000  29.500000  0.707107
67.600000  24.000000  14.142136
67.700000  29.000000  2.828427
67.800000  21.000000  2.828427
67.900000  24.000000  2.828427
68.000000  32.500000  7.778175
68.100000  32.500000  3.535534
68.200000  31.500000  0.707107
68.300000  41.000000  4.242641
68.400000  27.500000  6.363961
68.500000  29.500000  7.778175
68.600000  28.500000  2.121320
68.700000  36.500000  0.707107
68.800000  35.500000  21.920310
68.900000  27.000000  2.828427
69.000000  25.000000  2.828427
69.100000  32.000000  5.656854
69.200000  37.500000  14.849242
69.300000  26.000000  8.485281
69.400000  26.500000  3.535534
69.500000  29.000000  5.656854
69.600000  31.500000  7.778175
69.700000  24.500000  2.121320
69.800000  23.000000  0.000000
69.900000  27.000000  12.727922
70.000000  30.500000  7.778175
70.100000  25.500000  16.263456
70.200000  32.000000  15.556349
70.300000  21.500000  4.949747
70.400000  24.500000  4.949747
70.500000  20.000000  4.242641
70.600000  28.000000  1.414214
70.700000  26.500000  2.121320
70.800000  30.500000  10.606602
70.900000  26.500000  4.949747
71.000000  25.000000  4.242641
71.100000  31.000000  5.656854
71.200000  21.500000  7.778175
71.300000  29.500000  19.091883
71.400000  28.500000  9.192388
71.500000  18.000000  8.485281
71.600000  30.000000  0.000000
71.700000  26.500000  0.707107
71.800000  23.000000  2.828427
71.900000  31.500000  0.707107
72.000000  17.500000  2.121320
72.100000  23.000000  0.000000
72.200000  25.000000  4.242641
72.300000  28.500000  2.121320
72.400000  26.000000  5.656854
72.500000  18.000000  5.656854
72.600000  24.500000  6.363961
72.700000  32.500000  19.091883
72.800000  24.500000  2.121320
72.900000  31.500000  6.363961
73.000000  36.000000  12.727922
73.100000  29.000000  0.000000
73.200000  23.000000  8.485281
73.300000  28.500000  2.121320
73.400000  25.000000  2.828427
73.500000  29.000000  7.071068
73.600000  29.500000  4.949747
73.700000  27.000000  9.899495
73.800000  27.500000  7.778175
73.900000  29.500000  7.778175
74.000000  34.500000  14.849242
74.100000  24.000000  5.656854
74.200000  32.500000  10.606602
74.300000  25.500000  2.121320
74.400000  27.500000  6.363961
74.500000  28.500000  10.606602
74.600000  23.500000  10.606602
74.700000  34.500000  4.949747
74.800000  25.000000  0.000000
74.900000  32.000000  9.899495
75.000000  24.000000  5.656854
75.100000  37.000000  18.384776
75.200000  29.000000  4.242641
75.300000  33.000000  16.970563
75.400000  33.000000  4.242641
75.500000  30.000000  5.656854
75.600000  21.000000  7.071068
75.700000  27.500000  3.535534
75.800000  28.500000  7.778175
75.900000  27.000000  2.828427
76.000000  31.000000  11.313708
76.100000  35.000000  11.313708
76.200000  34.000000  12.727922
76.300000  29.000000  8.485281
76.400000  37.500000  23.334524
76.500000  32.000000  22.627417
76.600000  31.000000  12.727922
76.700000  38.500000  10.606602
76.800000  32.000000  16.970563
76.900000  27.000000  14.142136
77.000000  20.000000  4.242641
77.100000  32.500000  14.849242
77.200000  29.500000  12.020815
77.300000  29.000000  16.970563
77.400000  28.500000  6.363961
77.500000  40.000000  14.142136
77.600000  31.500000  23.334524
77.700000  22.500000  16.263456
77.800000  27.500000  14.849242
77.900000  31.500000  24.748737
78.000000  28.000000  8.485281
78.100000  31.500000  7.778175
78.200000  27.000000  4.242641
78.300000  32.500000  17.677670
78.400000  26.500000  4.949747
78.500000  38.500000  13.435029
78.600000  32.000000  15.556349
78.700000  29.000000  8.485281
78.800000  23.000000  11.313708
78.900000  26.000000  11.313708
79.000000  30.000000  11.313708
79.100000  35.500000  17.677670
79.200000  27.500000  3.535534
79.300000  29.500000  3.535534
79.400000  35.000000  9.899495
79.500000  30.500000  12.020815
79.600000  28.500000  0.707107
79.700000  30.500000  12.020815
79.800000  27.000000  16.970563
79.900000  28.500000  12.020815
80.000000  25.000000  2.828427
80.100000  23.000000  8.485281
80.200000  27.000000  7.071068
80.300000  27.000000  9.899495
80.400000  26.500000  16.263456
80.500000  31.000000  15.556349
80.600000  31.500000  9.192388
80.700000  21.500000  0.707107
80.800000  24.000000  2.828427
80.900000  24.000000  2.828427
81.000000  24.000000  1.414214
81.100000  21.500000  4.949747
81.200000  27.500000  7.778175
81.300000  21.000000  8.485281
81.400000  31.000000  7.071068
81.500000  24.000000  1.414214
81.600000  26.500000  3.535534
81.700000  30.500000  7.778175
81.800000  25.500000  2.121320
81.900000  24.500000  2.121320
82.000000  31.500000  12.020815
82.100000  20.000000  9.899495
82.200000  22.000000  8.485281
82.300000  23.500000  0.707107
82.400000  20.000000  2.828427
82.500000  25.500000  10.606602
82.600000  28.000000  7.071068
82.700000  26.000000  11.313708
82.800000  26.500000  7.778175
82.900000  34.000000  7.071068
83.000000  29.000000  11.313708
83.100000  25.500000  4.949747
83.200000  28.500000  7.778175
83.300000  18.500000  3.535534
83.400000  33.000000  5.656854
83.500000  31.000000  9.899495
83.600000  22.500000  9.192388
83.700000  28.000000  8.485281
83.800000  24.500000  4.949747
83.900000  19.000000  15.556349
84.000000  22.500000  13.435029
84.100000  19.500000  6.363961
84.200000  23.000000  7.071068
84.300000  26.000000  14.142136
84.400000  22.000000  0.000000
84.500000  26.500000  4.949747
84.600000  21.000000  11.313708
84.700000  28.000000  8.485281
84.800000  29.500000  12.020815
84.900000  16.000000  2.828427
85.000000  26.000000  12.727922
85.100000  30.000000  0.000000
85.200000  24.500000  17.677670
85.300000  25.000000  9.899495
85.400000  29.000000  7.071068
85.500000  28.500000  10.606602
85.600000  21.000000  2.828427
85.700000  27.500000  16.263456
85.800000  27.500000  6.363961
85.900000  29.500000  14.849242
86.000000  27.500000  6.363961
86.100000  30.500000  13.435029
86.200000  24.000000  12.727922
86.300000  26.500000  2.121320
86.400000  27.500000  2.121320
86.500000  33.000000  15.556349
86.600000  26.000000  2.828427
86.700000  17.000000  11.313708
86.800000  31.000000  2.828427
86.900000  28.000000  4.242641
87.000000  24.000000  7.071068
87.100000  29.000000  4.242641
87.200000  24.500000  13.435029
87.300000  25.500000  7.778175
87.400000  23.000000  1.414214
87.500000  27.500000  0.707107
87.600000  28.500000  4.949747
87.700000  35.000000  15.556349
87.800000  27.000000  8.485281
87.900000  25.000000  15.556349
88.000000  24.500000  16.263456
88.100000  31.000000  7.071068
88.200000  37.000000  8.485281
88.300000  25.000000  11.313708
88.400000  31.500000  9.192388
88.500000  35.500000  20.506097
88.600000  26.000000  8.485281
88.700000  22.000000  9.899495
88.800000  23.500000  3.535534
88.900000  24.500000  2.121320
89.000000  36.000000  22.627417
89.100000  27.500000  3.535534
89.200000  33.500000  19.091883
89.300000  35.000000  22.627417
89.400000  33.000000  1.414214
89.500000  28.000000  19.798990
89.600000  30.000000  15.556349
89.700000  21.000000  2.828427
89.800000  24.500000  10.606602
89.900000  24.500000  9.192388
90.000000  27.000000  12.727922
90.100000  23.500000  6.363961
90.200000  30.500000  10.606602
90.300000  18.000000  7.071068
90.400000  27.500000  13.435029
90.500000  26.500000  12.020815
90.600000  26.500000  17.677670
90.700000  31.500000  10.606602
90.800000  29.500000  2.121320
90.900000  28.500000  7.778175
91.000000  28.500000  16.263456
91.100000  28.500000  14.849242
91.200000  19.500000  9.192388
91.300000  20.500000  7.778175
91.400000  18.500000  3.535534
91.500000  25.000000  4.242641
91.600000  22.000000  14.142136
91.700000  23.000000  9.899495
91.800000  21.500000  16.263456
91.900000  19.000000  14.142136
92.000000  20.500000  14.849242
92.100000  34.000000  8.485281
92.200000  19.000000  5.656854
92.300000  26.000000  12.727922
92.400000  22.000000  9.899495
92.500000  28.500000  9.192388
92.600000  19.000000  2.828427
92.700000  25.000000  4.242641
92.800000  19.000000  1.414214
92.900000  25.500000  19.091883
93.000000  25.500000  12.020815
93.100000  22.500000  20.506097
93.200000  19.000000  15.556349
93.300000  19.500000  9.192388
93.400000  17.000000  9.899495
93.500000  19.500000  10.606602
93.600000  21.500000  6.363961
93.700000  24.000000  5.656854
93.800000  23.500000  14.849242
93.900000  26.500000  3.535534
94.000000  16.000000  4.242641
94.100000  25.000000  1.414214
94.200000  17.500000  3.535534
94.300000  23.500000  6.363961
94.400000  27.500000  14.849242
94.500000  35.000000  19.798990
94.600000  24.000000  19.798990
94.700000  28.000000  18.384776
94.800000  28.500000  14.849242
94.900000  31.000000  14.142136
95.000000  26.500000  13.435029
95.100000  34.500000  14.849242
95.200000  24.000000  15.556349
95.300000  26.500000  10.606602
95.400000  30.500000  17.677670
95.500000  26.500000  9.192388
95.600000  17.500000  6.363961
95.700000  23.500000  12.020815
95.800000  24.500000  14.849242
95.900000  26.000000  8.485281
96.000000  24.500000  6.363961
96.100000  31.500000  4.949747
96.200000  27.500000  6.363961
96.300000  22.500000  20.506097
96.400000  16.500000  7.778175
96.500000  28.500000  10.606602
96.600000  31.000000  12.727922
96.700000  22.500000  2.121320
96.800000  20.500000  6.363961
96.900000  30.500000  12.020815
97.000000  19.000000  15.556349
97.100000  24.000000  0.000000
97.200000  24.000000  9.899495
97.300000  27.000000  7.071068
97.400000  28.000000  5.656854
97.500000  27.000000  5.656854
97.600000  29.000000  7.071068
97.700000  31.500000  7.778175
97.800000  22.000000  9.899495
97.900000  32.000000  4.242641
98.000000  30.000000  7.071068
98.100000  26.000000  12.727922
98.200000  25.500000  14.849242
98.300000  25.500000  6.363961
98.400000  30.500000  7.778175
98.500000  19.000000  2.828427
98.600000  18.500000  13.435029
98.700000  23.500000  9.192388
98.800000  26.000000  9.899495
98.900000  28.500000  16.263456
99.000000  28.500000  9.192388
99.100000  21.500000  4.949747
99.200000  22.500000  17.677670
99.300000  27.500000  0.707107
99.400000  35.500000  10.606602
99.500000  28.000000  5.656854
99.600000  30.500000  0.707107
99.700000  19.500000  3.535534
99.800000  24.000000  18.384776
99.900000  26.500000  6.363961
100.000000  27.000000  2.828427
100.100000  20.500000  0.707107
100.200000  21.500000  7.778175
100.300000  34.500000  7.778175
100.400000  20.500000  7.778175
100.500000  29.500000  12.020815
100.600000  30.000000  8.485281
100.700000  24.000000  11.313708
100.800000  25.000000  12.727922
100.900000  30.000000  16.970563
101.000000  34.000000  5.656854
101.100000  22.500000  17.677670
101.200000  31.500000  12.020815
101.300000  34.000000  15.556349
101.400000  33.000000  8.485281
101.500000  28.500000  14.849242
101.600000  29.500000  6.363961
101.700000  23.500000  20.506097
101.800000  22.500000  10.606602
101.900000  23.000000  11.313708
102.000000  23.500000  0.707107
102.100000  24.000000  8.485281
102.200000  31.000000  9.899495
102.300000  26.500000  7.778175
102.400000  31.000000  5.656854
102.500000  29.000000  12.727922
102.600000  28.000000  2.828427
102.700000  30.500000  12.020815
102.800000  27.000000  12.727922
102.900000  27.500000  13.435029
103.000000  24.000000  16.970563
103.100000  28.500000  0.707107
103.200000  26.500000  20.506097
103.300000  29.000000  9.899495
103.400000  30.500000  9.192388
103.500000  30.000000  5.656854
103.600000  27.000000  15.556349
103.700000  26.500000  12.020815
103.800000  30.000000  16.970563
103.900000  19.500000  16.263456
104.000000  20.000000  9.899495
104.100000  20.500000  7.778175
104.200000  15.500000  6.363961
104.300000  26.000000  8.485281
104.400000  33.000000  12.727922
104.500000  33.000000  15.556349
104.600000  31.500000  17.677670
104.700000  30.000000  12.727922
104.800000  31.500000  13.435029
104.900000  40.500000  14.849242
105.000000  26.500000  7.778175
105.100000  23.000000  7.071068
105.200000  19.000000  5.656854
105.300000  24.000000  16.970563
105.400000  25.000000  22.627417
105.500000  31.000000  7.071068
105.600000  17.000000  9.899495
105.700000  24.000000  26.870058
105.800000  24.500000  7.778175
105.900000  22.000000  21.213203
106.000000  27.000000  12.727922
106.100000  26.000000  19.798990
106.200000  25.500000  24.748737
106.300000  25.000000  12.727922
106.400000  24.500000  13.435029
106.500000  22.500000  19.091883
106.600000  27.000000  14.142136
106.700000  22.500000  16.263456
106.800000  19.000000  14.142136
106.900000  20.500000  13.435029
107.000000  26.500000  12.020815
107.100000  12.500000  7.778175
107.200000  29.000000  8.485281
107.300000  23.000000  12.727922
107.400000  23.000000  18.384776
107.500000  20.500000  10.606602
107.600000  22.500000  14.849242
107.700000  22.500000  19.091883
107.800000  23.000000  19.798990
107.900000  28.500000  13.435029
108.000000  33.000000  1.414214
108.100000  33.000000  28.284271
108.200000  31.500000  30.405592
108.300000  30.000000  15.556349
108.400000  30.500000  13.435029
108.500000  31.000000  5.656854
108.600000  30.500000  7.778175
108.700000  31.500000  6.363961
108.800000  27.500000  14.849242
108.900000  31.000000  12.727922
109.000000  21.000000  9.899495
109.100000  29.000000  24.041631
109.200000  15.500000  12.020815
109.300000  31.000000  18.384776
109.400000  33.000000  5.656854
109.500000  29.000000  19.798990
109.600000  30.500000  13.435029
109.700000  25.000000  11.313708
109.800000  31.500000  3.535534
109.900000  27.000000  4.242641
110.000000  37.000000  8.485281
110.100000  33.000000  8.485281
110.200000  31.000000  4.242641
110.300000  23.000000  12.727922
110.400000  22.500000  10.606602
110.500000  30.000000  18.384776
110.600000  24.000000  15.556349
110.700000  29.500000  3.535534
110.800000  30.000000  4.242641
110.900000  39.000000  8.485281
111.000000  33.500000  9.192388
111.100000  25.500000  16.263456
111.200000  33.000000  8.485281
111.300000  36.000000  12.727922
111.400000  38.500000  16.263456
111.500000  33.500000  14.849242
111.600000  14.500000  6.363961
111.700000  17.000000  1.414214
111.800000  22.500000  4.949747
111.900000  27.000000  7.071068
112.000000  20.000000  5.656854
112.100000  20.500000  20.506097
112.200000  17.000000  8.485281
112.300000  11.500000  4.949747
112.400000  14.000000  15.556349
112.500000  10.000000  1.414214
112.600000  7.000000  8.485281
112.700000  12.500000  3.535534
112.800000  18.500000  2.121320
112.900000  10.500000  2.121320
113.000000  15.000000  2.828427
113.100000  12.500000  10.606602
113.200000  10.000000  5.656854
113.300000  6.000000  8.485281
113.400000  7.500000  10.606602
113.500000  6.000000  8.485281
113.600000  9.500000  3.535534
113.700000  7.500000  10.606602
113.800000  6.500000  9.192388
113.900000  6.000000  7.071068
114.000000  11.000000  1.414214
114.100000  6.500000  3.535534
114.200000  12.000000  5.656854
114.300000  16.000000  15.556349
114.400000  16.000000  21.213203
114.500000  15.000000  16.970563
114.600000  22.500000  9.192388
114.700000  18.000000  5.656854
114.800000  19.500000  7.778175
114.900000  18.500000  6.363961
115.000000  19.500000  12.020815
115.100000  21.000000  4.242641
115.200000  14.000000  5.656854
115.300000  14.000000  1.414214
115.400000  15.000000  2.828427
115.500000  25.500000  14.849242
115.600000  20.500000  9.192388
115.700000  12.500000  2.121320
115.800000  20.000000  16.970563
115.900000  15.000000  4.242641
116.000000  18.000000  9.899495
116.100000  18.500000  10.606602
116.200000  17.000000  11.313708
116.300000  13.000000  2.828427
116.400000  10.500000  0.707107
116.500000  20.000000  8.485281
116.600000  15.500000  2.121320
116.700000  10.500000  4.949747
116.800000  16.000000  4.242641
116.900000  11.500000  0.707107
117.000000  18.500000  6.363961
117.100000  19.500000  17.677670
117.200000  11.500000  14.849242
117.300000  8.500000  12.020815
117.400000  18.500000  26.162951
117.500000  12.000000  16.970563
117.600000  14.500000  20.506097
117.700000  15.000000  21.213203
117.800000  12.000000  16.970563
117.900000  11.500000  16.263456
118.000000  15.000000  21.213203
118.100000  5.000000  7.071068
118.200000  14.000000  19.798990
118.300000  14.000000  19.798990
118.400000  8.500000  12.020815
118.500000  12.500000  12.020815
118.600000  13.500000  6.363961
118.700000  19.000000  19.798990
118.800000  18.500000  21.920310
118.900000  9.500000  10.606602
119.000000  17.500000  23.334524
119.100000  12.500000  9.192388
119.200000  9.500000  3.535534
119.300000  18.000000  12.727922
119.400000  19.000000  9.899495
119.500000  8.500000  3.535534
119.600000  11.500000  2.121320
119.700000  18.500000  14.849242
119.800000  17.000000  8.485281
119.900000  15.000000  12.727922
120.000000  17.500000  13.435029
120.100000  13.000000  2.828427
120.200000  14.500000  7.778175
120.300000  15.000000  9.899495
120.400000  15.000000  7.071068
120.500000  17.000000  9.899495
120.600000  15.500000  7.778175
120.700000  10.500000  9.192388
120.800000  18.500000  13.435029
120.900000  10.000000  9.899495
121.000000  17.500000  17.677670
121.100000  14.500000  20.506097
121.200000  17.500000  24.748737
121.300000  12.500000  17.677670
121.400000  21.500000  30.405592
121.500000  13.500000  19.091883
121.600000  14.500000  19.091883
121.700000  24.000000  14.142136
121.800000  22.000000  16.970563
121.900000  20.000000  24.041631
122.000000  19.500000  12.020815
122.100000  12.500000  2.121320
122.200000  18.000000  9.899495
122.300000  18.500000  20.506097
122.400000  13.500000  6.363961
122.500000  12.500000  3.535534
122.600000  17.500000  17.677670
122.700000  10.000000  14.142136
122.800000  11.000000  14.142136
122.900000  6.000000  8.485281
123.000000  10.500000  2.121320
123.100000  19.500000  6.363961
123.200000  11.000000  0.000000
123.300000  12.500000  3.535534
123.400000  10.500000  0.707107
123.500000  17.500000  0.707107
123.600000  17.000000  2.828427
123.700000  20.000000  1.414214
123.800000  16.500000  3.535534
123.900000  22.000000  2.828427
124.000000  18.500000  7.778175
124.100000  15.000000  8.485281
124.200000  12.500000  2.121320
124.300000  15.500000  4.949747
124.400000  15.500000  3.535534
124.500000  19.500000  4.949747
124.600000  5.000000  4.242641
124.700000  9.500000  7.778175
124.800000  5.000000  5.656854
124.900000  5.000000  1.414214
125.000000  6.000000  2.828427
125.100000  4.500000  6.363961
125.200000  7.500000  7.778175
125.300000  7.000000  9.899495
125.400000  4.500000  6.363961
125.500000  9.000000  12.727922
125.600000  5.000000  7.071068
125.700000  7.000000  9.899495
125.800000  9.000000  11.313708
125.900000  8.000000  9.899495
126.000000  6.000000  8.485281
126.100000  8.500000  9.192388
126.200000  14.000000  5.656854
126.300000  7.000000  9.899495
126.400000  15.000000  9.899495
126.500000  12.500000  12.020815
126.600000  14.000000  2.828427
126.700000  18.000000  5.656854
126.800000  20.500000  2.121320
126.900000  11.000000  2.828427
127.000000  23.500000  3.535534
127.100000  19.000000  4.242641
127.200000  11.000000  8.485281
127.300000  14.500000  9.192388
127.400000  13.500000  2.121320
127.500000  17.500000  2.121320
127.600000  17.500000  3.535534
127.700000  13.000000  12.727922
127.800000  15.500000  6.363961
127.900000  13.000000  8.485281
128.000000  12.000000  4.242641
128.100000  19.500000  3.535534
128.200000  20.000000  2.828427
128.300000  22.000000  8.485281
128.400000  23.000000  1.414214
128.500000  13.000000  2.828427
128.600000  14.500000  4.949747
128.700000  15.000000  9.899495
128.800000  17.500000  9.192388
128.900000  15.000000  7.071068
129.000000  18.500000  7.778175
129.100000  4.000000  0.000000
129.200000  10.500000  4.949747
129.300000  17.000000  7.071068
129.400000  16.000000  0.000000
129.500000  16.000000  9.899495
129.600000  15.500000  3.535534
129.700000  13.500000  9.192388
129.800000  11.500000  4.949747
129.900000  14.500000  3.535534
130.000000  15.000000  0.000000
130.100000  20.500000  6.363961
130.200000  11.500000  4.949747
130.300000  15.000000  7.071068
130.400000  17.000000  1.414214
130.500000  21.000000  1.414214
130.600000  19.500000  10.606602
130.700000  18.000000  1.414214
130.800000  15.000000  4.242641
130.900000  21.000000  0.000000
131.000000  15.500000  3.535534
131.100000  19.000000  8.485281
131.200000  16.000000  4.242641
131.300000  21.000000  0.000000
131.400000  16.500000  0.707107
131.500000  15.500000  7.778175
131.600000  18.500000  2.121320
131.700000  19.500000  3.535534
131.800000  18.500000  7.778175
131.900000  10.000000  1.414214
132.000000  12.000000  0.000000
132.100000  18.000000  7.071068
132.200000  20.500000  0.707107
132.300000  22.000000  5.656854
132.400000  21.500000  10.606602
132.500000  20.500000  2.121320
132.600000  23.000000  1.414214
132.700000  24.000000  0.000000
132.800000  15.000000  1.414214
132.900000  17.000000  7.071068
133.000000  19.500000  10.606602
133.100000  26.500000  3.535534
133.200000  18.500000  3.535534
133.300000  18.500000  4.949747
133.400000  26.500000  3.535534
133.500000  21.500000  4.949747
133.600000  18.500000  6.363961
133.700000  24.500000  4.949747
133.800000  24.000000  1.414214
133.900000  25.000000  1.414214
134.000000  20.000000  8.485281
134.100000  26.000000  2.828427
134.200000  21.500000  9.192388
134.300000  20.500000  2.121320
134.400000  18.000000  5.656854
134.500000  16.500000  4.949747
134.600000  22.000000  2.828427
134.700000  26.000000  4.242641
134.800000  20.500000  2.121320
134.900000  17.500000  3.535534
135.000000  17.000000  5.656854
135.100000  20.500000  6.363961
135.200000  22.000000  0.000000
135.300000  17.500000  0.707107
135.400000  21.000000  5.656854
135.500000  22.000000  0.000000
135.600000  17.000000  1.414214
135.700000  21.000000  2.828427
135.800000  17.500000  2.121320
135.900000  17.500000  2.121320
136.000000  17.000000  2.828427
136.100000  20.000000  1.414214
136.200000  24.000000  1.414214
136.300000  18.000000  0.000000
136.400000  17.000000  2.828427
136.500000  28.500000  4.949747
136.600000  23.500000  3.535534
136.700000  16.500000  7.778175
136.800000  17.000000  7.071068
136.900000  20.500000  0.707107
137.000000  17.000000  7.071068
137.100000  16.000000  4.242641
137.200000  20.000000  2.828427
137.300000  24.000000  5.656854
137.400000  18.500000  9.192388
137.500000  18.500000  2.121320
137.600000  22.000000  1.414214
137.700000  24.000000  1.414214
137.800000  22.500000  10.606602
137.900000  28.000000  9.899495
138.000000  24.000000  0.000000
138.100000  16.000000  1.414214
138.200000  28.000000  2.828427
138.300000  29.000000  0.000000
138.400000  24.000000  2.828427
138.500000  23.000000  4.242641
138.600000  26.000000  2.828427
138.700000  20.500000  6.363961
138.800000  22.000000  1.414214
138.900000  24.000000  1.414214
139.000000  23.500000  2.121320
139.100000  17.500000  2.121320
139.200000  15.500000  4.949747
139.300000  21.500000  7.778175
139.400000  26.500000  9.192388
139.500000  24.000000  5.656854
139.600000  25.000000  9.899495
139.700000  25.000000  9.899495
139.800000  25.500000  7.778175
139.900000  24.500000  6.363961
140.000000  23.500000  0.707107
140.100000  21.000000  4.242641
140.200000  26.000000  0.000000
140.300000  21.500000  3.535534
140.400000  28.000000  8.485281
140.500000  24.500000  9.192388
140.600000  19.500000  4.949747
140.700000  29.500000  2.121320
140.800000  26.500000  4.949747
140.900000  29.000000  2.828427
141.000000  25.500000  2.121320
141.100000  27.500000  0.707107
141.200000  26.500000  14.849242
141.300000  24.500000  4.949747
141.400000  24.500000  16.263456
141.500000  26.500000  0.707107
141.600000  27.500000  13.435029
141.700000  23.500000  3.535534
141.800000  25.500000  2.121320
141.900000  19.000000  9.899495
142.000000  21.500000  6.363961
142.100000  18.000000  4.242641
142.200000  23.000000  5.656854
142.300000  25.500000  3.535534
142.400000  27.500000  3.535534
142.500000  23.000000  1.414214
142.600000  22.500000  4.949747
142.700000  29.500000  2.121320
142.800000  21.000000  7.071068
142.900000  20.500000  2.121320
143.000000  23.500000  3.535534
143.100000  24.500000  4.949747
143.200000  24.000000  0.000000
143.300000  21.500000  7.778175
143.400000  22.500000  3.535534
143.500000  28.000000  2.828427
143.600000  30.000000  1.414214
143.700000  22.500000  3.535534
143.800000  19.500000  4.949747
143.900000  23.000000  2.828427
144.000000  25.500000  0.707107
144.100000  21.000000  2.828427
144.200000  22.500000  7.778175
144.300000  19.000000  1.414214
144.400000  23.000000  5.656854
144.500000  14.500000  3.535534
144.600000  17.500000  0.707107
144.700000  10.500000  3.535534
144.800000  16.000000  2.828427
144.900000  29.500000  6.363961
145.000000  22.000000  0.000000
145.100000  23.500000  3.535534
145.200000  20.500000  3.535534
145.300000  18.000000  2.828427
145.400000  19.500000  7.778175
145.500000  23.500000  2.121320
145.600000  19.500000  0.707107
145.700000  27.500000  9.192388
145.800000  22.000000  0.000000
145.900000  23.000000  5.656854
146.000000  27.000000  5.656854
146.100000  24.000000  5.656854
146.200000  24.500000  6.363961
146.300000  20.500000  0.707107
146.400000  20.000000  2.828427
146.500000  17.000000  0.000000
146.600000  20.500000  2.121320
146.700000  23.500000  0.707107
146.800000  24.500000  4.949747
146.900000  18.500000  2.121320
147.000000  20.500000  17.677670
147.100000  24.000000  4.242641
147.200000  27.500000  16.263456
147.300000  21.000000  11.313708
147.400000  25.000000  2.828427
147.500000  27.000000  4.242641
147.600000  23.000000  11.313708
147.700000  24.000000  2.828427
147.800000  21.500000  0.707107
147.900000  25.000000  5.656854
148.000000  22.000000  1.414214
148.100000  17.500000  14.849242
148.200000  19.000000  4.242641
148.300000  25.000000  4.242641
148.400000  20.500000  6.363961
148.500000  24.000000  5.656854
148.600000  22.000000  5.656854
148.700000  26.500000  0.707107
148.800000  24.500000  3.535534
148.900000  20.500000  2.121320
149.000000  25.000000  2.828427
149.100000  19.000000  1.414214
149.200000  21.000000  4.242641
149.300000  28.000000  7.071068
149.400000  23.000000  4.242641
149.500000  19.000000  5.656854
149.600000  22.000000  12.727922
149.700000  22.500000  12.020815
149.800000  24.500000  12.020815
149.900000  28.000000  9.899495
150.000000  29.000000  9.899495
150.100000  17.500000  10.606602
150.200000  20.500000  0.707107
150.300000  22.500000  0.707107
150.400000  21.000000  5.656854
150.500000  20.000000  8.485281
150.600000  24.000000  15.556349
150.700000  22.000000  4.242641
150.800000  23.000000  5.656854
150.900000  21.500000  7.778175
151.000000  20.500000  7.778175
151.100000  22.500000  7.778175
151.200000  20.000000  7.071068
151.300000  21.000000  7.071068
151.400000  21.500000  0.707107
151.500000  25.000000  11.313708
151.600000  22.500000  0.707107
151.700000  21.000000  9.899495
151.800000  22.000000  9.899495
151.900000  24.000000  8.485281
152.000000  25.000000  5.656854
152.100000  22.500000  2.121320
152.200000  18.000000  11.313708
152.300000  16.000000  5.656854
152.400000  12.500000  9.192388
152.500000  18.000000  16.970563
152.600000  15.500000  12.020815
152.700000  16.000000  12.727922
152.800000  17.000000  15.556349
152.900000  21.500000  19.091883
153.000000  21.500000  21.920310
153.100000  17.500000  20.506097
153.200000  20.000000  18.384776
153.300000  18.500000  16.263456
153.400000  16.500000  14.849242
153.500000  18.000000  16.970563
153.600000  20.000000  21.213203
153.700000  18.500000  13.435029
153.800000  17.000000  12.727922
153.900000  16.500000  19.091883
154.000000  17.500000  10.606602
154.100000  17.500000  17.677670
154.200000  17.500000  16.263456
154.300000  11.500000  14.849242
154.400000  14.500000  13.435029
154.500000  14.500000  12.020815
154.600000  23.000000  1.414214
154.700000  17.000000  1.414214
154.800000  23.500000  2.121320
154.900000  25.000000  8.485281
155.000000  22.500000  9.192388
155.100000  28.000000  5.656854
155.200000  23.500000  6.363961
155.300000  18.500000  6.363961
155.400000  25.000000  11.313708
155.500000  18.000000  0.000000
155.600000  24.500000  7.778175
155.700000  26.000000  8.485281
155.800000  28.000000  9.899495
155.900000  26.500000  7.778175
156.000000  24.000000  11.313708
156.100000  27.000000  11.313708
156.200000  22.500000  12.020815
156.300000  22.500000  3.535534
156.400000  17.500000  2.121320
156.500000  18.000000  4.242641
156.600000  24.000000  1.414214
156.700000  30.000000  7.071068
156.800000  22.500000  3.535534
156.900000  25.500000  3.535534
157.000000  25.500000  9.192388
157.100000  20.000000  4.242641
157.200000  24.500000  6.363961
157.300000  22.500000  9.192388
157.400000  20.000000  11.313708
157.500000  18.000000  7.071068
157.600000  24.000000  7.071068
157.700000  20.000000  1.414214
157.800000  21.000000  9.899495
157.900000  18.000000  4.242641
158.000000  20.000000  7.071068
158.100000  20.000000  8.485281
158.200000  19.000000  9.899495
158.300000  26.000000  5.656854
158.400000  24.000000  5.656854
158.500000  24.500000  10.606602
158.600000  21.000000  1.414214
158.700000  18.000000  7.071068
158.800000  21.500000  3.535534
158.900000  23.500000  0.707107
159.000000  22.000000  16.970563
159.100000  22.500000  10.606602
159.200000  21.000000  18.384776
159.300000  16.000000  7.071068
159.400000  24.000000  7.071068
159.500000  25.500000  9.192388
159.600000  27.500000  9.192388
159.700000  25.000000  8.485281
159.800000  24.000000  14.142136
159.900000  20.000000  11.313708
160.000000  18.500000  13.435029
160.100000  16.000000  5.656854
160.200000  16.000000  2.828427
160.300000  19.000000  9.899495
160.400000  19.000000  1.414214
160.500000  14.000000  2.828427
160.600000  23.500000  3.535534
160.700000  19.000000  0.000000
160.800000  26.000000  7.071068
160.900000  20.000000  11.313708
161.000000  20.500000  13.435029
161.100000  14.000000  7.071068
161.200000  26.000000  9.899495
161.300000  21.500000  6.363961
161.400000  17.000000  4.242641
161.500000  18.500000  9.192388
161.600000  21.500000  12.020815
161.700000  24.000000  7.071068
161.800000  22.500000  10.606602
161.900000  20.000000  14.142136
162.000000  25.500000  4.949747
162.100000  23.000000  11.313708
162.200000  23.500000  13.435029
162.300000  24.000000  8.485281
162.400000  24.000000  16.970563
162.500000  19.500000  2.121320
162.600000  26.000000  5.656854
162.700000  28.500000  2.121320
162.800000  22.000000  8.485281
162.900000  24.500000  6.363961
163.000000  27.000000  4.242641
163.100000  28.000000  1.414214
163.200000  24.500000  7.778175
163.300000  22.500000  6.363961
163.400000  26.000000  9.899495
163.500000  25.000000  1.414214
163.600000  25.500000  7.778175
163.700000  24.500000  0.707107
163.800000  26.500000  13.435029
163.900000  26.000000  18.384776
164.000000  22.000000  2.828427
164.100000  27.000000  0.000000
164.200000  19.000000  2.828427
164.300000  24.000000  1.414214
164.400000  26.000000  24.041631
164.500000  24.000000  12.727922
164.600000  27.500000  9.192388
164.700000  24.000000  5.656854
164.800000  23.500000  4.949747
164.900000  19.500000  6.363961
165.000000  19.000000  9.899495
165.100000  20.500000  9.192388
165.200000  21.500000  3.535534
165.300000  18.000000  0.000000
165.400000  20.000000  9.899495
165.500000  15.500000  0.707107
165.600000  19.500000  9.192388
165.700000  22.000000  1.414214
165.800000  14.500000  4.949747
165.900000  16.500000  0.707107
166.000000  18.000000  2.828427
166.100000  16.500000  6.363961
166.200000  22.500000  0.707107
166.300000  24.500000  0.707107
166.400000  19.000000  8.485281
166.500000  22.500000  6.363961
166.600000  22.000000  5.656854
166.700000  21.000000  8.485281
166.800000  24.000000  15.556349
166.900000  25.500000  2.121320
167.000000  19.000000  7.071068
167.100000  23.000000  2.828427
167.200000  26.000000  1.414214
167.300000  14.500000  2.121320
167.400000  20.500000  6.363961
167.500000  18.000000  1.414214
167.600000  21.500000  2.121320
167.700000  27.000000  1.414214
167.800000  26.500000  2.121320
167.900000  23.500000  7.778175
168.000000  17.000000  7.071068
168.100000  25.000000  5.656854
168.200000  20.000000  2.828427
168.300000  27.500000  3.535534
168.400000  22.000000  5.656854
168.500000  19.000000  1.414214
168.600000  18.000000  2.828427
168.700000  29.500000  3.535534
168.800000  16.500000  6.363961
168.900000  14.500000  3.535534
169.000000  14.500000  3.535534
169.100000  24.000000  5.656854
169.200000  22.500000  9.192388
169.300000  21.500000  10.606602
169.400000  22.000000  14.142136
169.500000  20.500000  7.778175
169.600000  22.000000  4.242641
169.700000  26.000000  7.071068
169.800000  25.000000  7.071068
169.900000  24.500000  6.363961
170.000000  25.500000  6.363961
170.100000  29.500000  4.949747
170.200000  18.500000  9.192388
170.300000  17.500000  3.535534
170.400000  23.000000  7.071068
170.500000  22.000000  4.242641
170.600000  21.500000  2.121320
170.700000  24.000000  7.071068
170.800000  29.500000  6.363961
170.900000  24.000000  9.899495
171.000000  26.000000  2.828427
171.100000  26.500000  7.778175
171.200000  26.000000  12.727922
171.300000  22.500000  0.707107
171.400000  29.500000  16.263456
171.500000  24.000000  5.656854
171.600000  20.500000  7.778175
171.700000  30.500000  4.949747
171.800000  24.000000  4.242641
171.900000  26.500000  2.121320
172.000000  27.000000  5.656854
172.100000  27.500000  6.363961
172.200000  26.500000  2.121320
172.300000  24.500000  4.949747
172.400000  28.000000  19.798990
172.500000  34.000000  14.142136
172.600000  26.500000  2.121320
172.700000  21.000000  1.414214
172.800000  20.000000  2.828427
172.900000  23.000000  8.485281
173.000000  20.000000  7.071068
173.100000  37.000000  4.242641
173.200000  31.500000  6.363961
173.300000  27.000000  1.414214
173.400000  32.500000  9.192388
173.500000  20.500000  2.121320
173.600000  27.000000  7.071068
173.700000  22.500000  13.435029
173.800000  28.000000  5.656854
173.900000  23.000000  4.242641
174.000000  24.500000  2.121320
174.100000  29.500000  3.535534
174.200000  24.000000  2.828427
174.300000  30.000000  4.242641
174.400000  32.500000  2.121320
174.500000  31.000000  1.414214
174.600000  32.500000  0.707107
174.700000  21.000000  7.071068
174.800000  27.000000  2.828427
174.900000  26.000000  1.414214
175.000000  24.500000  6.363961
175.100000  24.500000  4.949747
175.200000  27.500000  4.949747
175.300000  26.000000  2.828427
175.400000  28.500000  4.949747
175.500000  25.000000  8.485281
175.600000  23.500000  2.121320
175.700000  25.500000  2.121320
175.800000  22.500000  9.192388
175.900000  23.000000  5.656854
176.000000  30.000000  0.000000
176.100000  23.000000  4.242641
176.200000  25.500000  7.778175
176.300000  20.500000  3.535534
176.400000  21.000000  4.242641
176.500000  26.500000  2.121320
176.600000  24.000000  7.071068
176.700000  19.000000  4.242641
176.800000  23.000000  8.485281
176.900000  22.500000  4.949747
177.000000  22.000000  7.071068
177.100000  29.500000  2.121320
177.200000  17.000000  4.242641
177.300000  17.500000  6.363961
177.400000  17.000000  2.828427
177.500000  24.500000  9.192388
177.600000  23.000000  4.242641
177.700000  24.500000  0.707107
177.800000  23.000000  2.828427
177.900000  21.500000  10.606602
178.000000  24.000000  5.656854
178.100000  22.500000  4.949747
178.200000  19.500000  3.535534
178.300000  24.000000  2.828427
178.400000  21.500000  7.778175
178.500000  23.000000  4.242641
178.600000  24.000000  9.899495
178.700000  27.500000  2.121320
178.800000  19.000000  4.242641
178.900000  29.000000  11.313708
179.000000  24.500000  2.121320
179.100000  27.500000  9.192388
179.200000  23.500000  12.020815
179.300000  28.000000  15.556349
179.400000  28.000000  7.071068
179.500000  28.500000  7.778175
179.600000  27.000000  8.485281
179.700000  23.500000  7.778175
179.800000  23.000000  9.899495
179.900000  26.000000  4.242641
180.000000  23.500000  2.121320
180.100000  19.000000  8.485281
180.200000  22.500000  9.192388
180.300000  20.000000  4.242641
180.400000  18.000000  7.071068
180.500000  19.500000  4.949747
180.600000  19.500000  9.192388
180.700000  23.500000  7.778175
180.800000  22.500000  4.949747
180.900000  29.000000  7.071068
181.000000  29.500000  12.020815
181.100000  24.500000  2.121320
181.200000  26.000000  12.727922
181.300000  17.500000  3.535534
181.400000  26.500000  0.707107
181.500000  23.500000  7.778175
181.600000  27.000000  2.828427
181.700000  34.500000  0.707107
181.800000  21.500000  7.778175
181.900000  29.500000  2.121320
182.000000  27.000000  1.414214
182.100000  25.500000  4.949747
182.200000  27.000000  7.071068
182.300000  19.500000  7.778175
182.400000  27.000000  2.828427
182.500000  27.500000  2.121320
182.600000  27.000000  2.828427
182.700000  25.000000  4.242641
182.800000  24.000000  9.899495
182.900000  29.500000  9.192388
183.000000  24.500000  6.363961
183.100000  28.000000  4.242641
183.200000  21.000000  8.485281
183.300000  27.500000  2.121320
183.400000  21.500000  7.778175
183.500000  30.000000  1.414214
183.600000  26.000000  7.071068
183.700000  24.500000  4.949747
183.800000  32.000000  4.242641
183.900000  23.000000  4.242641
184.000000  28.000000  2.828427
184.100000  25.500000  2.121320
184.200000  26.500000  0.707107
184.300000  18.500000  9.192388
184.400000  22.500000  10.606602
184.500000  22.500000  0.707107
184.600000  23.000000  5.656854
184.700000  20.500000  4.949747
184.800000  28.500000  2.121320
184.900000  26.500000  3.535534
185.000000  23.500000  12.020815
185.100000  22.000000  2.828427
185.200000  24.000000  9.899495
185.300000  25.500000  10.606602
185.400000  23.500000  7.778175
185.500000  29.500000  9.192388
185.600000  26.500000  9.192388
185.700000  23.500000  6.363961
185.800000  25.500000  7.778175
185.900000  23.500000  7.778175
186.000000  21.000000  1.414214
186.100000  20.000000  8.485281
186.200000  19.500000  10.606602
186.300000  26.000000  11.313708
186.400000  19.000000  4.242641
186.500000  22.000000  1.414214
186.600000  25.000000  8.485281
186.700000  22.000000  2.828427
186.800000  28.000000  4.242641
186.900000  20.000000  2.828427
187.000000  18.500000  13.435029
187.100000  23.500000  9.192388
187.200000  22.500000  2.121320
187.300000  24.500000  6.363961
187.400000  20.500000  0.707107
187.500000  28.500000  7.778175
187.600000  21.500000  6.363961
187.700000  24.000000  8.485281
187.800000  29.000000  7.071068
187.900000  18.500000  6.363961
188.000000  21.000000  2.828427
188.100000  25.000000  2.828427
188.200000  20.000000  8.485281
188.300000  25.500000  0.707107
188.400000  20.000000  14.142136
188.500000  21.500000  10.606602
188.600000  25.000000  7.071068
188.700000  21.500000  4.949747
188.800000  18.500000  2.121320
188.900000  24.000000  5.656854
189.000000  20.000000  4.242641
189.100000  17.500000  10.606602
189.200000  18.000000  7.071068
189.300000  23.500000  4.949747
189.400000  21.000000  7.071068
189.500000  22.000000  4.242641
189.600000  26.500000  4.949747
189.700000  23.000000  4.242641
189.800000  24.000000  2.828427
189.900000  16.500000  3.535534
190.000000  21.500000  6.363961
190.100000  23.500000  0.707107
190.200000  22.000000  4.242641
190.300000  21.500000  0.707107
190.400000  26.000000  7.071068
190.500000  17.000000  5.656854
190.600000  25.000000  2.828427
190.700000  24.500000  16.263456
190.800000  25.000000  14.142136
190.900000  22.000000  8.485281
191.000000  21.500000  10.606602
191.100000  28.000000  8.485281
191.200000  26.000000  4.242641
191.300000  21.000000  2.828427
191.400000  27.000000  7.071068
191.500000  19.000000  8.485281
191.600000  24.000000  11.313708
191.700000  18.500000  12.020815
191.800000  19.500000  17.677670
191.900000  19.000000  7.071068
192.000000  20.500000  0.707107
192.100000  21.500000  7.778175
192.200000  23.500000  4.949747
192.300000  17.500000  12.020815
192.400000  19.000000  4.242641
192.500000  20.500000  13.435029
192.600000  22.000000  9.899495
192.700000  16.500000  13.435029
192.800000  17.000000  16.970563
192.900000  15.000000  1.414214
193.000000  17.000000  4.242641
193.100000  20.500000  7.778175
193.200000  18.500000  6.363961
193.300000  16.500000  4.949747
193.400000  19.500000  9.192388
193.500000  18.500000  16.263456
193.600000  15.000000  12.727922
193.700000  24.500000  2.121320
193.800000  21.500000  4.949747
193.900000  24.500000  3.535534
194.000000  16.500000  0.707107
194.100000  20.500000  4.949747
194.200000  21.000000  2.828427
194.300000  24.000000  7.071068
194.400000  19.500000  4.949747
194.500000  21.000000  1.414214
194.600000  19.000000  2.828427
194.700000  19.000000  8.485281
194.800000  16.000000  2.828427
194.900000  24.500000  4.949747
195.000000  26.500000  0.707107
195.100000  19.000000  1.414214
195.200000  15.500000  4.949747
195.300000  24.000000  7.071068
195.400000  16.500000  4.949747
195.500000  21.000000  8.485281
195.600000  21.500000  13.435029
195.700000  19.000000  7.071068
195.800000  20.000000  5.656854
195.900000  22.000000  7.071068
196.000000  18.500000  9.192388
196.100000  19.500000  3.535534
196.200000  24.000000  11.313708
196.300000  24.500000  6.363961
196.400000  20.000000  8.485281
196.500000  24.000000  5.656854
196.600000  19.000000  1.414214
196.700000  25.000000  11.313708
196.800000  20.500000  6.363961
196.900000  21.500000  0.707107
197.000000  24.500000  4.949747
197.100000  24.000000  18.384776
197.200000  17.500000  16.263456
197.300000  21.500000  20.506097
197.400000  28.000000  25.455844
197.500000  28.500000  12.020815
197.600000  21.000000  14.142136
197.700000  17.000000  9.899495
197.800000  26.000000  9.899495
197.900000  27.000000  12.727922
198.000000  22.000000  8.485281
198.100000  17.500000  10.606602
198.200000  17.000000  9.899495
198.300000  23.000000  5.656854
198.400000  24.500000  7.778175
198.500000  16.500000  4.949747
198.600000  24.500000  6.363961
198.700000  21.500000  3.535534
198.800000  19.000000  2.828427
198.900000  21.500000  6.363961
199.000000  23.500000  6.363961
199.100000  19.000000  7.071068
199.200000  22.000000  12.727922
199.300000  21.000000  9.899495
199.400000  18.500000  7.778175
199.500000  19.500000  7.778175
199.600000  25.000000  7.071068
199.700000  24.500000  6.363961
199.800000  20.500000  3.535534
199.900000  22.000000  7.071068
200.000000  22.000000  9.899495
