# aggregated from 2 replicates
# x  mean  std
0.000000  7.237200  0.000000
0.100000  7.323650  0.117026
0.200000  7.671450  0.284752
0.300000  7.449200  0.272802
0.400000  7.475500  0.300945
0.500000  7.455700  0.027294
0.600000  7.663150  0.009546
0.700000  7.862650  0.168362
0.800000  7.642250  0.199051
0.900000  7.406850  0.266084
1.000000  7.748450  0.100338
1.100000  7.603700  0.190636
1.200000  7.576850  0.394778
1.300000  7.616400  0.252720
1.400000  7.328650  0.382757
1.500000  7.575800  0.080044
1.600000  7.382200  0.137603
1.700000  7.397650  0.241618
1.800000  7.529850  0.552745
1.900000  7.658350  0.258872
2.000000  7.488900  0.185545
2.100000  7.441000  0.057134
2.200000  7.700900  0.160655
2.300000  7.531350  0.226486
2.400000  7.316150  0.115046
2.500000  7.405100  0.158675
2.600000  7.598800  0.583929
2.700000  7.462700  0.346341
2.800000  7.482000  0.099136
2.900000  7.521050  0.175009
3.000000  7.432050  0.244730
3.100000  7.495500  0.121622
3.200000  7.633600  0.167301
3.300000  7.619500  0.251023
3.400000  7.342000  0.632012
3.500000  7.522450  0.186323
3.600000  7.548500  0.073256
3.700000  7.484150  0.447669
3.800000  7.672950  0.193252
3.900000  7.675750  0.242325
4.000000  7.581000  0.383252
4.100000  7.823350  0.632083
4.200000  7.503400  0.296278
4.300000  7.507400  0.360624
4.400000  7.367050  0.397182
4.500000  7.682600  0.649690
4.600000  7.401950  0.356453
4.700000  7.541400  0.695652
4.800000  7.576900  0.392444
4.900000  7.638900  0.291328
5.000000  7.773650  0.283621
5.100000  7.720300  0.128128
5.200000  7.627300  0.212698
5.300000  7.741000  0.186111
5.400000  7.428550  0.277115
5.500000  7.696800  0.348604
5.600000  7.507150  0.357442
5.700000  7.767050  0.272731
5.800000  7.585700  0.483520
5.900000  7.649600  0.263468
6.000000  7.414450  0.557129
6.100000  7.484150  0.225921
6.200000  7.552550  0.458559
6.300000  7.709950  0.074034
6.400000  7.570400  0.072691
6.500000  7.555350  0.020153
6.600000  7.543600  0.170837
6.700000  7.288000  0.122188
6.800000  7.665300  0.131522
6.900000  7.649000  0.386080
7.000000  7.560700  0.223304
7.100000  7.772450  0.290550
7.200000  7.704100  0.393434
7.300000  7.577150  0.567595
7.400000  7.394300  0.374201
7.500000  7.774100  0.529199
7.600000  7.475200  0.256963
7.700000  7.547150  0.269054
7.800000  7.531700  0.422426
7.900000  7.482700  0.043699
8.000000  7.558100  0.130390
8.100000  7.301550  0.165109
8.200000  7.348200  0.145523
8.300000  7.451400  0.070994
8.400000  7.439150  0.221112
8.500000  7.527750  0.048720
8.600000  7.407750  0.373282
8.700000  7.714850  0.051690
8.800000  7.850850  0.312612
8.900000  7.694550  0.275842
9.000000  7.295100  0.166029
9.100000  7.570650  0.238931
9.200000  7.465150  0.259579
9.300000  7.633150  0.019445
9.400000  7.722800  0.232214
9.500000  7.585450  0.144038
9.600000  7.661100  0.197566
9.700000  7.544700  0.421718
9.800000  7.241200  0.102672
9.900000  7.459750  0.135128
10.000000  7.694800  0.009475
10.100000  7.632850  0.011667
10.200000  7.707750  0.211637
10.300000  7.550600  0.120491
10.400000  7.759950  0.237659
10.500000  7.721100  0.184131
10.600000  7.767050  0.309218
10.700000  7.546250  0.269054
10.800000  7.671450  0.452902
10.900000  7.531700  0.174797
11.000000  7.423550  0.173170
11.100000  7.358650  0.132158
11.200000  7.658350  0.116319
11.300000  7.615400  0.037335
11.400000  7.582900  0.265589
11.500000  7.419250  0.035426
11.600000  7.674100  0.232638
11.700000  7.653800  0.077640
11.800000  7.447500  0.273509
11.900000  7.495000  0.259650
12.000000  7.603800  0.357513
12.100000  7.503300  0.325552
12.200000  7.608600  0.332057
12.300000  7.540250  0.417971
12.400000  7.945250  0.166241
12.500000  8.041350  0.296914
12.600000  7.708700  0.180171
12.700000  7.753050  0.362251
12.800000  7.670150  0.283621
12.900000  7.561050  0.246851
13.000000  7.785200  0.119501
13.100000  7.778850  0.113491
13.200000  7.563100  0.068589
13.300000  7.661000  0.289490
13.400000  7.526250  0.075731
13.500000  7.481600  0.135765
13.600000  7.592150  0.345139
13.700000  7.719450  0.263963
13.800000  7.592200  0.010324
13.900000  7.544050  0.122683
14.000000  7.610800  0.046103
14.100000  7.705000  0.471357
14.200000  7.565550  0.199616
14.300000  7.806000  0.089661
14.400000  7.739450  0.002333
14.500000  7.568750  0.082519
14.600000  7.852450  0.070640
14.700000  7.787850  0.000778
14.800000  7.826350  0.122117
14.900000  7.976700  0.286520
15.000000  8.046550  0.222809
15.100000  7.983300  0.163907
15.200000  7.673450  0.243315
15.300000  7.607700  0.171686
15.400000  8.022400  0.351998
15.500000  8.048750  0.371302
15.600000  7.974400  0.180736
15.700000  7.732750  0.210223
15.800000  7.894450  0.592343
15.900000  7.906000  0.456084
16.000000  7.781300  0.107763
16.100000  7.722700  0.149482
16.200000  7.739700  0.062791
16.300000  7.612150  0.167231
16.400000  7.737750  0.140361
16.500000  7.843000  0.118228
16.600000  7.700400  0.168857
16.700000  7.585100  0.208172
16.800000  7.453000  0.206192
16.900000  7.469850  0.034436
17.000000  7.347300  0.173807
17.100000  7.586850  0.189292
17.200000  7.597750  0.137108
17.300000  7.550200  0.093621
17.400000  7.339050  0.164968
17.500000  7.884150  0.017466
17.600000  7.668800  0.157119
17.700000  7.633350  0.120137
17.800000  7.651350  0.010960
17.900000  7.518700  0.067175
18.000000  7.522900  0.211425
18.100000  7.584400  0.045821
18.200000  7.571350  0.197071
18.300000  7.355050  0.083226
18.400000  7.728150  0.160018
18.500000  7.414100  0.023759
18.600000  7.592250  0.395202
18.700000  7.583600  0.195303
18.800000  7.326050  0.405243
18.900000  7.298050  0.134421
19.000000  7.416700  0.241265
19.100000  7.473500  0.215526
19.200000  7.600800  0.286095
19.300000  7.623300  0.567382
19.400000  7.704000  0.072125
19.500000  7.587950  0.061023
19.600000  7.493000  0.034931
19.700000  7.433100  0.170696
19.800000  7.472050  0.310208
19.900000  7.363850  0.290692
20.000000  7.685600  0.006364
20.100000  7.722450  0.220405
20.200000  7.478300  0.116390
20.300000  7.547200  0.138734
20.400000  7.641400  0.088247
20.500000  7.402500  0.040447
20.600000  7.365150  0.122824
20.700000  7.376550  0.045608
20.800000  7.799500  0.020365
20.900000  7.692550  0.196788
21.000000  7.806750  0.293803
21.100000  7.544700  0.335593
21.200000  7.458200  0.171686
21.300000  7.509450  0.062438
21.400000  7.346700  0.642760
21.500000  7.400300  0.149200
21.600000  7.646400  0.415920
21.700000  7.545350  0.005586
21.800000  7.561300  0.240699
21.900000  7.355500  0.308440
22.000000  7.488850  0.269761
22.100000  7.459550  0.033305
22.200000  7.401350  0.124522
22.300000  7.354950  0.269196
22.400000  7.414850  0.224506
22.500000  7.463100  0.280014
22.600000  7.452550  0.201172
22.700000  7.544750  0.015768
22.800000  7.240800  0.301510
22.900000  7.577000  0.258943
23.000000  7.441850  0.587252
23.100000  7.610050  0.298328
23.200000  7.456550  0.138522
23.300000  7.347350  0.294651
23.400000  7.360450  0.218567
23.500000  7.380300  0.011031
23.600000  7.339400  0.278741
23.700000  7.266250  0.354473
23.800000  7.287550  0.344432
23.900000  7.624800  0.475883
24.000000  7.435550  0.279802
24.100000  7.419700  0.505581
24.200000  7.517450  0.180949
24.300000  7.562400  0.576151
24.400000  7.517300  0.185403
24.500000  7.268000  0.226274
24.600000  7.400650  0.290692
24.700000  7.416750  0.217577
24.800000  7.521850  0.464640
24.900000  7.417100  0.189929
25.000000  7.426050  0.174160
25.100000  7.308500  0.248619
25.200000  7.542950  0.380494
25.300000  7.402250  0.510178
25.400000  7.478950  0.239638
25.500000  7.504200  0.201525
25.600000  7.615400  0.095318
25.700000  7.422050  0.239780
25.800000  7.613450  0.071630
25.900000  7.473500  0.361614
26.000000  7.617900  0.344927
26.100000  7.742400  0.383818
26.200000  7.408250  0.351220
26.300000  7.622300  0.274499
26.400000  7.428650  0.128340
26.500000  7.548250  0.169493
26.600000  7.562250  0.019163
26.700000  7.573450  0.003889
26.800000  7.551600  0.294439
26.900000  7.503350  0.290126
27.000000  7.670500  0.203222
27.100000  7.581050  0.111369
27.200000  7.542800  0.303207
27.300000  7.738400  0.397960
27.400000  7.567300  0.211425
27.500000  7.431350  0.125087
27.600000  7.440200  0.575868
27.700000  7.377000  0.415496
27.800000  7.592600  0.229244
27.900000  7.493200  0.592555
28.000000  7.362700  0.305187
28.100000  7.466750  0.316430
28.200000  7.387800  0.246356
28.300000  7.482300  0.474186
28.400000  7.416000  0.369675
28.500000  7.336300  0.584494
28.600000  7.362250  0.596445
28.700000  7.261850  0.153089
28.800000  7.578500  0.428224
28.900000  7.505300  0.507844
29.000000  7.461100  0.290621
29.100000  7.434900  0.447033
29.200000  7.454550  0.549210
29.300000  7.460900  0.381555
29.400000  7.401400  0.334603
29.500000  7.557700  0.108612
29.600000  7.449800  0.346765
29.700000  7.411450  0.246992
29.800000  7.477500  0.569504
29.900000  7.293700  0.417759
30.000000  7.498500  0.181161
30.100000  7.582250  0.172605
30.200000  7.471650  0.182363
30.300000  7.409500  0.267852
30.400000  7.393250  0.267216
30.500000  7.399750  0.406940
30.600000  7.190100  0.144108
30.700000  7.206850  0.137391
30.800000  7.328050  0.483449
30.900000  7.656150  0.264811
31.000000  7.460750  0.487833
31.100000  7.281250  0.420375
31.200000  7.461400  0.592414
31.300000  7.596950  0.430557
31.400000  7.436500  0.232214
31.500000  7.547350  0.300874
31.600000  7.467600  0.233628
31.700000  7.482800  0.318057
31.800000  7.374350  0.187313
31.900000  7.449100  0.067458
32.000000  7.537900  0.406869
32.100000  7.358550  0.063852
32.200000  7.469000  0.420729
32.300000  7.399450  0.149553
32.400000  7.181650  0.328168
32.500000  7.274600  0.198980
32.600000  7.342700  0.211991
32.700000  7.235800  0.400364
32.800000  7.395450  0.004879
32.900000  7.377950  0.092560
33.000000  7.286350  0.192262
33.100000  7.224900  0.204354
33.200000  7.311550  0.426456
33.300000  7.557050  0.406799
33.400000  7.421150  0.390676
33.500000  7.444300  0.342381
33.600000  7.584600  0.118370
33.700000  7.498550  0.356311
33.800000  7.537150  0.269620
33.900000  7.312050  0.291399
34.000000  7.383650  0.275701
34.100000  7.470350  0.230588
34.200000  7.285450  0.386292
34.300000  7.369650  0.092560
34.400000  7.163050  0.190707
34.500000  7.313200  0.333472
34.600000  7.384500  0.387777
34.700000  7.431550  0.261417
34.800000  7.304200  0.254841
34.900000  7.377600  0.232072
35.000000  7.278700  0.074953
35.100000  7.377600  0.022062
35.200000  7.300750  0.181656
35.300000  7.464450  0.419102
35.400000  7.383850  0.087328
35.500000  7.280950  0.381060
35.600000  7.289100  0.065761
35.700000  7.419400  0.181161
35.800000  7.408700  0.667933
35.900000  7.451100  0.515764
36.000000  7.492150  0.321946
36.100000  7.469950  0.333542
36.200000  7.413850  0.190141
36.300000  7.577450  0.670267
36.400000  7.394450  0.514986
36.500000  7.350200  0.505723
36.600000  7.353400  0.503177
36.700000  7.381800  0.401637
36.800000  7.490750  0.262266
36.900000  7.446850  0.088459
37.000000  7.495300  0.407718
37.100000  7.438550  0.442578
37.200000  7.515450  0.353058
37.300000  7.378350  0.040800
37.400000  7.499750  0.006718
37.500000  7.541800  0.301935
37.600000  7.411850  0.251518
37.700000  7.556200  0.366423
37.800000  7.427900  0.271812
37.900000  7.479300  0.221607
38.000000  7.727350  0.434234
38.100000  7.532050  0.342452
38.200000  7.607100  0.356806
38.300000  7.642100  0.417759
38.400000  7.423250  0.408778
38.500000  7.232850  0.127067
38.600000  7.413800  0.561019
38.700000  7.441500  0.262054
38.800000  7.270900  0.318764
38.900000  7.246250  0.303137
39.000000  7.500700  0.326683
39.100000  7.369500  0.407011
39.200000  7.371350  0.276974
39.300000  7.237050  0.540017
39.400000  7.344300  0.575585
39.500000  7.228300  0.595101
39.600000  7.527650  0.229739
39.700000  7.471650  0.210081
39.800000  7.358300  0.140431
39.900000  7.287950  0.530401
40.000000  7.368300  0.085984
40.100000  7.518400  0.302076
40.200000  7.452200  0.000990
40.300000  7.325700  0.103096
40.400000  7.262400  0.182151
40.500000  7.375900  0.211708
40.600000  7.331700  0.193606
40.700000  7.327250  0.401849
40.800000  7.394650  0.323077
40.900000  7.341800  0.102955
41.000000  7.399000  0.151604
41.100000  7.173050  0.200323
41.200000  7.210100  0.163342
41.300000  7.339450  0.205415
41.400000  7.209100  0.127703
41.500000  7.490500  0.268276
41.600000  7.412800  0.383818
41.700000  7.385100  0.184413
41.800000  7.169800  0.146654
41.900000  7.233500  0.326118
42.000000  7.454850  0.112642
42.100000  7.178100  0.035921
42.200000  7.345850  0.448659
42.300000  7.313250  0.150119
42.400000  7.320450  0.001485
42.500000  7.204850  0.255902
42.600000  7.404150  0.256892
42.700000  7.442950  0.303137
42.800000  7.454000  0.079620
42.900000  7.570450  0.452053
43.000000  7.525450  0.013930
43.100000  7.674100  0.222032
43.200000  7.538300  0.037760
43.300000  7.434400  0.084287
43.400000  7.482050  0.175857
43.500000  7.657850  0.219981
43.600000  7.469300  0.138876
43.700000  7.482450  0.184201
43.800000  7.376600  0.330360
43.900000  7.459100  0.327532
44.000000  7.400500  0.392161
44.100000  7.453300  0.011031
44.200000  7.481950  0.091570
44.300000  7.479950  0.136825
44.400000  7.640800  0.117380
44.500000  7.606300  0.058407
44.600000  7.518500  0.018102
44.700000  7.466550  0.527290
44.800000  7.576850  0.345705
44.900000  7.655050  0.362392
45.000000  7.239250  0.260427
45.100000  7.532950  0.125370
45.200000  7.488350  0.249114
45.300000  7.553550  0.022415
45.400000  7.499800  0.279590
45.500000  7.722450  0.283338
45.600000  7.629150  0.256185
45.700000  7.307050  0.154220
45.800000  7.354400  0.147361
45.900000  7.324300  0.219203
46.000000  7.543300  0.256538
46.100000  7.402400  0.106066
46.200000  7.222200  0.368544
46.300000  7.399200  0.015274
46.400000  7.325900  0.004525
46.500000  7.502750  0.242750
46.600000  7.404400  0.154856
46.700000  7.401650  0.318834
46.800000  7.355400  0.257670
46.900000  7.437200  0.041719
47.000000  7.246750  0.371867
47.100000  7.453700  0.244093
47.200000  7.523500  0.283408
47.300000  7.378450  0.600546
47.400000  7.339050  0.333401
47.500000  7.504400  0.401354
47.600000  7.491100  0.438123
47.700000  7.493950  0.050982
47.800000  7.357150  0.060458
47.900000  7.379700  0.459195
48.000000  7.465200  0.254276
48.100000  7.645200  0.437416
48.200000  7.476750  0.367342
48.300000  7.669150  0.194666
48.400000  7.569800  0.461175
48.500000  7.603100  0.079762
48.600000  7.655950  0.061306
48.700000  7.436300  0.265589
48.800000  7.505350  0.220688
48.900000  7.494350  0.235113
49.000000  7.612900  0.360766
49.100000  7.503150  0.196646
49.200000  7.645600  0.153442
49.300000  7.529350  0.044618
49.400000  7.480500  0.149341
49.500000  7.449450  0.282206
49.600000  7.491150  0.240911
49.700000  7.568150  0.151109
49.800000  7.541600  0.406728
49.900000  7.357300  0.371231
50.000000  7.459950  0.108117
50.100000  7.550750  0.134987
50.200000  7.637450  0.247982
50.300000  7.498250  0.116460
50.400000  7.657400  0.130532
50.500000  7.631400  0.452265
50.600000  7.505650  0.154927
50.700000  7.554450  0.053952
50.800000  7.509150  0.072761
50.900000  7.559450  0.373423
51.000000  7.429600  0.228395
51.100000  7.642100  0.460751
51.200000  7.709150  0.105571
51.300000  7.460500  0.154715
51.400000  7.436850  0.155210
51.500000  7.488200  0.201384
51.600000  7.378700  0.561019
51.700000  7.309350  0.472984
51.800000  7.387400  0.309713
51.900000  7.493650  0.274570
52.000000  7.550350  0.319824
52.100000  7.473550  0.273862
52.200000  7.525950  0.020153
52.300000  7.393300  0.076509
52.400000  7.534700  0.104228
52.500000  7.374050  0.137108
52.600000  7.618850  0.219132
52.700000  7.771300  0.042851
52.800000  7.616300  0.131663
52.900000  7.788200  0.043275
53.000000  7.526500  0.211991
53.100000  7.500050  0.518663
53.200000  7.470450  0.510319
53.300000  7.540000  0.225001
53.400000  7.652550  0.124663
53.500000  7.549850  0.206404
53.600000  7.620650  0.181797
53.700000  7.604700  0.203930
53.800000  7.617150  0.160867
53.900000  7.486050  0.042921
54.000000  7.614850  0.207112
54.100000  7.604650  0.384313
54.200000  7.572700  0.400930
54.300000  7.397000  0.256538
54.400000  7.636900  0.131098
54.500000  7.318100  0.327108
54.600000  7.337550  0.558544
54.700000  7.433050  0.411465
54.800000  7.351800  0.418324
54.900000  7.341250  0.350230
55.000000  7.539650  0.134421
55.100000  7.418600  0.286095
55.200000  7.521700  0.362039
55.300000  7.663450  0.688368
55.400000  7.529400  0.441517
55.500000  7.518300  0.415213
55.600000  7.365950  0.220122
55.700000  7.421850  0.399586
55.800000  7.408700  0.259508
55.900000  7.463250  0.223941
56.000000  7.425850  0.091712
56.100000  7.534000  0.215243
56.200000  7.499850  0.449225
56.300000  7.130700  0.219910
56.400000  7.410250  0.129330
56.500000  7.398200  0.548715
56.600000  7.364700  0.464569
56.700000  7.457600  0.276196
56.800000  7.504300  0.194737
56.900000  7.237850  0.066114
57.000000  7.380650  0.142482
57.100000  7.253150  0.039669
57.200000  7.265950  0.082519
57.300000  7.336050  0.347402
57.400000  7.359750  0.279378
57.500000  7.251850  0.268913
57.600000  7.381950  0.138098
57.700000  7.393150  0.092277
57.800000  7.241950  0.026375
57.900000  7.300500  0.033093
58.000000  7.289400  0.030688
58.100000  7.354000  0.148210
58.200000  7.039700  0.196859
58.300000  7.194000  0.161503
58.400000  7.030500  0.273509
58.500000  7.128200  0.092772
58.600000  7.219750  0.213334
58.700000  7.173000  0.002970
58.800000  7.349200  0.054306
58.900000  7.234500  0.278600
59.000000  7.135400  0.260074
59.100000  7.115200  0.075943
59.200000  7.258800  0.306036
59.300000  7.337050  0.031608
59.400000  7.183250  0.056639
59.500000  7.093950  0.310773
59.600000  7.298000  0.064771
59.700000  7.004150  0.057346
59.800000  7.143050  0.016193
59.900000  7.184300  0.033517
60.000000  7.291900  0.287510
60.100000  7.252650  0.251659
60.200000  7.055400  0.139724
60.300000  7.307350  0.443285
60.400000  7.292950  0.275277
60.500000  7.087200  0.177342
60.600000  7.186050  0.241194
60.700000  6.914200  0.038042
60.800000  7.168250  0.015768
60.900000  7.390600  0.173524
61.000000  7.270350  0.345563
61.100000  7.243150  0.101611
61.200000  7.229800  0.058407
61.300000  7.315650  0.203152
61.400000  7.306700  0.087681
61.500000  7.288100  0.323996
61.600000  7.268150  0.188868
61.700000  7.179350  0.186888
61.800000  7.386300  0.391171
61.900000  7.245700  0.189646
62.000000  7.210000  0.083156
62.100000  7.297650  0.130178
62.200000  7.179050  0.434093
62.300000  7.326500  0.413233
62.400000  7.431500  0.074670
62.500000  7.218050  0.204142
62.600000  7.288800  0.136472
62.700000  7.470350  0.307521
62.800000  7.073400  0.416344
62.900000  7.196300  0.068589
63.000000  7.154550  0.095672
63.100000  7.230900  0.331775
63.200000  7.199900  0.314238
63.300000  7.482750  0.218567
63.400000  7.223800  0.142977
63.500000  7.279850  0.238224
63.600000  7.153900  0.284116
63.700000  7.144100  0.235042
63.800000  7.150100  0.161645
63.900000  7.205400  0.318764
64.000000  7.183350  0.134704
64.100000  7.340900  0.326825
64.200000  7.515550  0.482742
64.300000  7.137550  0.402556
64.400000  7.137350  0.438194
64.500000  7.356150  0.171191
64.600000  7.333200  0.293025
64.700000  7.013500  0.170554
64.800000  7.256850  0.187737
64.900000  7.166450  0.488116
65.000000  7.300900  0.069721
65.100000  7.290550  0.027082
65.200000  6.955000  0.099419
65.300000  7.249000  0.104652
65.400000  7.255650  0.044618
65.500000  7.218400  0.263751
65.600000  7.233200  0.078206
65.700000  7.126150  0.048154
65.800000  6.992450  0.051690
65.900000  7.282800  0.221890
66.000000  7.306700  0.105783
66.100000  7.166300  0.165322
66.200000  7.159600  0.415779
66.300000  7.106150  0.031466
66.400000  7.210100  0.278883
66.500000  7.291950  0.088742
66.600000  7.298300  0.115824
66.700000  7.308800  0.199687
66.800000  7.202900  0.292884
66.900000  7.296950  0.274852
67.000000  7.221350  0.297197
67.100000  7.222850  0.087186
67.200000  7.117800  0.174514
67.300000  7.398950  0.255902
67.400000  7.442400  0.119218
67.500000  7.290950  0.192404
67.600000  7.475350  0.544543
67.700000  7.298200  0.180171
67.800000  7.218500  0.309713
67.900000  7.331200  0.283126
68.000000  7.187050  0.105005
68.100000  7.119200  0.216940
68.200000  7.188250  0.163695
68.300000  7.103550  0.344007
68.400000  7.146950  0.306389
68.500000  7.107900  0.378868
68.600000  7.321500  0.063074
68.700000  7.241150  0.276832
68.800000  7.294900  0.154574
68.900000  7.247650  0.077711
69.000000  7.146000  0.402061
69.100000  7.240300  0.163059
69.200000  7.208050  0.147290
69.300000  7.285150  0.432396
69.400000  6.877750  0.311198
69.500000  7.432650  0.789626
69.600000  7.181650  0.207677
69.700000  7.123600  0.232497
69.800000  7.011100  0.167019
69.900000  7.223450  0.373706
70.000000  7.244300  0.239851
70.100000  7.162350  0.240063
70.200000  7.235600  0.204212
70.300000  7.278950  0.288005
70.400000  7.350400  0.156836
70.500000  7.335850  0.428577
70.600000  7.352000  0.553665
70.700000  7.304550  0.328027
70.800000  7.253700  0.107480
70.900000  7.192950  0.543553
71.000000  7.273050  0.122966
71.100000  7.217100  0.122895
71.200000  7.148050  0.356735
71.300000  7.428950  0.204990
71.400000  7.267450  0.087893
71.500000  7.403800  0.296419
71.600000  7.122550  0.235679
71.700000  7.288000  0.218496
71.800000  7.338800  0.018102
71.900000  7.081200  0.225991
72.000000  7.037100  0.211284
72.100000  7.214550  0.260569
72.200000  7.354100  0.548149
72.300000  7.229900  0.412526
72.400000  7.212150  0.247275
72.500000  7.167400  0.340825
72.600000  7.255300  0.216658
72.700000  7.216750  0.094823
72.800000  7.058900  0.274216
72.900000  7.148850  0.164544
73.000000  7.092250  0.214748
73.100000  7.082500  0.288782
73.200000  7.288850  0.329300
73.300000  7.257500  0.391879
73.400000  7.176650  0.419102
73.500000  7.114100  0.135623
73.600000  7.309950  0.119147
73.700000  7.346500  0.186393
73.800000  7.302900  0.250033
73.900000  7.360150  0.255902
74.000000  7.152250  0.127633
74.100000  7.250800  0.412243
74.200000  7.113100  0.144674
74.300000  7.246350  0.314168
74.400000  7.380350  0.380211
74.500000  7.276900  0.239144
74.600000  7.047500  0.043134
74.700000  7.147500  0.139441
74.800000  7.190100  0.384808
74.900000  7.189350  0.148139
75.000000  7.109000  0.065478
75.100000  7.090350  0.400010
75.200000  7.058300  0.047800
75.300000  7.100850  0.242325
75.400000  7.018650  0.389687
75.500000  7.228750  0.201030
75.600000  7.235000  0.379009
75.700000  7.153300  0.238154
75.800000  7.245400  0.104793
75.900000  7.201150  0.190990
76.000000  7.125900  0.122754
76.100000  7.235500  0.311976
76.200000  7.296200  0.164332
76.300000  7.169550  0.551331
76.400000  7.135600  0.334886
76.500000  7.117100  0.230093
76.600000  7.213000  0.390889
76.700000  7.261600  0.175645
76.800000  7.114800  0.049780
76.900000  7.079050  0.342735
77.000000  7.231600  0.135765
77.100000  7.046650  0.037547
77.200000  7.073800  0.112006
77.300000  7.190750  0.212344
77.400000  7.322050  0.010536
77.500000  7.407200  0.049073
77.600000  7.098550  0.428436
77.700000  7.209350  0.010536
77.800000  7.371900  0.049780
77.900000  7.250150  0.414435
78.000000  7.203450  0.020860
78.100000  7.107950  0.312470
78.200000  7.405050  0.270751
78.300000  7.023900  0.103662
78.400000  7.201250  0.308794
78.500000  6.879150  0.241194
78.600000  7.095450  0.068660
78.700000  7.013350  0.150684
78.800000  6.902100  0.189505
78.900000  7.147450  0.024395
79.000000  6.904350  0.236103
79.100000  7.020450  0.040659
79.200000  6.991500  0.060528
79.300000  7.251350  0.626567
79.400000  7.215950  0.170201
79.500000  6.958750  0.249114
79.600000  7.133250  0.144462
79.700000  7.076600  0.009192
79.800000  7.016450  0.083085
79.900000  7.260700  0.323572
80.000000  7.009850  0.389828
80.100000  7.164650  0.114622
80.200000  7.284600  0.126289
80.300000  7.034600  0.426951
80.400000  7.149200  0.049780
80.500000  7.097750  0.261983
80.600000  7.247300  0.041719
80.700000  7.293050  0.125087
80.800000  7.127750  0.068660
80.900000  7.311750  0.277964
81.000000  7.154400  0.068589
81.100000  7.116400  0.268701
81.200000  7.039750  0.016758
81.300000  7.311050  0.206122
81.400000  7.483500  0.170413
81.500000  7.127900  0.172534
81.600000  7.187200  0.149341
81.700000  6.902500  0.143967
81.800000  7.188650  0.030193
81.900000  7.101250  0.141351
82.000000  7.043500  0.306460
82.100000  7.190950  0.260427
82.200000  7.178200  0.047376
82.300000  7.027350  0.375686
82.400000  7.114750  0.352493
82.500000  7.118700  0.063781
82.600000  7.152350  0.019587
82.700000  7.177100  0.021779
82.800000  7.160650  0.161291
82.900000  7.190700  0.084287
83.000000  7.148000  0.013576
83.100000  7.207250  0.024961
83.200000  6.960750  0.330997
83.300000  7.076000  0.158675
83.400000  7.274200  0.211001
83.500000  7.148300  0.086974
83.600000  7.126200  0.204637
83.700000  7.032100  0.093055
83.800000  7.048250  0.156058
83.900000  7.070150  0.112925
84.000000  7.232700  0.020223
84.100000  7.220300  0.240133
84.200000  7.341150  0.150402
84.300000  7.202450  0.185757
84.400000  6.977950  0.005586
84.500000  7.230850  0.265236
84.600000  7.060100  0.245083
84.700000  7.123650  0.038962
84.800000  7.298650  0.185898
84.900000  7.290100  0.027294
85.000000  7.113150  0.051972
85.100000  7.098400  0.008627
85.200000  7.155550  0.341320
85.300000  7.035150  0.054942
85.400000  7.092250  0.248407
85.500000  7.210800  0.153584
85.600000  7.182250  0.066539
85.700000  7.063500  0.054871
85.800000  7.183200  0.262761
85.900000  7.138050  0.298753
86.000000  7.133350  0.086479
86.100000  7.079300  0.077923
86.200000  7.267550  0.121269
86.300000  6.998500  0.191909
86.400000  7.168000  0.056144
86.500000  7.203100  0.252013
86.600000  7.031900  0.103096
86.700000  6.970900  0.215385
86.800000  7.247050  0.039103
86.900000  7.110900  0.383676
87.000000  7.185100  0.000849
87.100000  7.185750  0.157897
87.200000  7.058850  0.140926
87.300000  7.128250  0.036133
87.400000  7.118150  0.129188
87.500000  7.054750  0.106702
87.600000  7.191250  0.003041
87.700000  7.081000  0.058831
87.800000  7.053350  0.071913
87.900000  7.093050  0.061872
88.000000  6.983200  0.009051
88.100000  6.985300  0.147644
88.200000  6.990800  0.066609
88.300000  6.965700  0.131946
88.400000  7.182000  0.227547
88.500000  7.140150  0.236386
88.600000  7.080300  0.188232
88.700000  7.351900  0.003111
88.800000  7.097700  0.143967
88.900000  7.278100  0.267852
89.000000  7.174300  0.057134
89.100000  7.285800  0.065620
89.200000  7.071450  0.004879
89.300000  7.065400  0.191485
89.400000  7.083550  0.228183
89.500000  7.093500  0.238436
89.600000  7.058350  0.070923
89.700000  7.067200  0.013718
89.800000  7.116800  0.009899
89.900000  6.941600  0.304056
90.000000  7.038450  0.218142
90.100000  7.256650  0.263680
90.200000  6.969700  0.029557
90.300000  7.070500  0.358786
90.400000  7.252050  0.373847
90.500000  6.955300  0.296843
90.600000  7.209800  0.224153
90.700000  7.181950  0.349240
90.800000  6.956400  0.314097
90.900000  7.090650  0.295783
91.000000  7.107600  0.180595
91.100000  7.022400  0.162352
91.200000  7.200400  0.070711
91.300000  7.016700  0.165746
91.400000  7.048850  0.363948
91.500000  7.148000  0.227264
91.600000  7.283450  0.092702
91.700000  6.986450  0.244447
91.800000  7.174250  0.045467
91.900000  7.068950  0.296348
92.000000  7.148800  0.317350
92.100000  7.117100  0.073398
92.200000  7.184850  0.145876
92.300000  7.105950  0.118723
92.400000  7.216100  0.107904
92.500000  6.991050  0.161008
92.600000  7.143650  0.338492
92.700000  7.249800  0.074388
92.800000  7.323950  0.003748
92.900000  7.123650  0.077570
93.000000  7.155350  0.035850
93.100000  7.193250  0.126784
93.200000  7.095750  0.067529
93.300000  7.223950  0.234406
93.400000  7.224700  0.108187
93.500000  7.117400  0.093338
93.600000  7.200200  0.127562
93.700000  7.017500  0.384383
93.800000  7.037650  0.040234
93.900000  7.042800  0.015132
94.000000  7.018900  0.094328
94.100000  7.147600  0.075378
94.200000  7.147700  0.331775
94.300000  7.229250  0.262973
94.400000  7.121650  0.172181
94.500000  7.372500  0.288500
94.600000  7.016450  0.001909
94.700000  7.124750  0.072196
94.800000  7.180450  0.128906
94.900000  7.015000  0.168999
95.000000  7.321750  0.119289
95.100000  7.231550  0.239073
95.200000  7.168000  0.115683
95.300000  7.174300  0.276196
95.400000  7.202450  0.221678
95.500000  7.151200  0.132370
95.600000  7.366250  0.075873
95.700000  7.118100  0.007637
95.800000  7.054100  0.099843
95.900000  7.005350  0.398030
96.000000  7.164900  0.161079
96.100000  7.106950  0.229315
96.200000  7.014450  0.106420
96.300000  7.121100  0.039739
96.400000  7.140500  0.161079
96.500000  7.143200  0.040447
96.600000  7.071100  0.110450
96.700000  7.173500  0.250316
96.800000  7.027200  0.035214
96.900000  7.358350  0.182221
97.000000  7.215950  0.136259
97.100000  6.916050  0.378231
97.200000  7.163350  0.411041
97.300000  7.180550  0.257033
97.400000  7.068450  0.014920
97.500000  7.268300  0.137744
97.600000  7.243950  0.042356
97.700000  7.109000  0.209445
97.800000  7.153150  0.037830
97.900000  7.209350  0.081105
98.000000  7.215650  0.294510
98.100000  7.074000  0.000000
98.200000  6.883250  0.143048
98.300000  7.175050  0.179817
98.400000  7.099850  0.088176
98.500000  7.450600  0.034648
98.600000  7.347800  0.180171
98.700000  6.977050  0.053387
98.800000  6.957300  0.115117
98.900000  7.306850  0.031891
99.000000  7.398750  0.143331
99.100000  7.024400  0.152876
99.200000  7.108450  0.057205
99.300000  7.391600  0.007212
99.400000  7.275450  0.074034
99.500000  7.073650  0.064559
99.600000  7.231650  0.045184
99.700000  7.328100  0.234194
99.800000  7.301000  0.114268
99.900000  7.227150  0.189434
100.000000  7.047000  0.238012
100.100000  7.176100  0.261347
100.200000  7.337650  0.004596
100.300000  7.136350  0.101753
100.400000  7.256100  0.016971
100.500000  7.156000  0.077923
100.600000  7.127850  0.155776
100.700000  7.288200  0.053457
100.800000  7.271750  0.045608
100.900000  7.316000  0.448306
101.000000  7.278550  0.222668
101.100000  7.331450  0.270468
101.200000  7.606350  0.389687
101.300000  7.591950  0.278671
101.400000  7.823950  0.581030
101.500000  7.822350  0.545957
101.600000  7.892250  0.509046
101.700000  7.789500  0.620698
101.800000  7.941250  0.265094
101.900000  7.601500  0.588454
102.000000  7.433250  0.163695
102.100000  7.453800  0.240416
102.200000  7.749850  0.521774
102.300000  7.823050  0.813526
102.400000  7.688600  0.252013
102.500000  7.613550  0.181373
102.600000  7.743650  0.558119
102.700000  7.794150  0.613557
102.800000  7.817450  0.546381
102.900000  7.676750  0.521350
103.000000  7.782900  0.273509
103.100000  7.522800  0.420163
103.200000  7.764400  0.490308
103.300000  7.625500  0.759998
103.400000  7.557050  0.588808
103.500000  7.601750  0.797263
103.600000  7.689850  0.828093
103.700000  7.832800  0.229244
103.800000  7.662950  0.654144
103.900000  7.723350  0.572120
104.000000  7.584950  0.256892
104.100000  7.872700  0.734543
104.200000  7.881850  0.616668
104.300000  7.779950  0.740270
104.400000  7.670250  0.472277
104.500000  7.659700  0.547442
104.600000  7.608750  0.453750
104.700000  7.798750  0.362534
104.800000  7.657850  0.432537
104.900000  7.811200  0.334179
105.000000  7.714200  0.471075
105.100000  7.587650  0.594182
105.200000  7.963050  0.762756
105.300000  7.820550  0.485994
105.400000  7.713050  0.726552
105.500000  7.671200  0.512935
105.600000  7.778300  0.390323
105.700000  7.621800  0.242538
105.800000  7.700250  0.674933
105.900000  7.528500  0.247346
106.000000  7.707850  0.333542
106.100000  7.664500  0.499783
106.200000  7.733300  0.386363
106.300000  7.738400  0.590010
106.400000  7.773450  0.534078
106.500000  7.738250  0.661498
106.600000  7.946150  0.921855
106.700000  7.815200  0.818405
106.800000  7.843450  0.878156
106.900000  7.727350  0.715380
107.000000  7.710400  0.616314
107.100000  7.859800  0.678540
107.200000  7.908900  0.613910
107.300000  7.755600  0.704137
107.400000  7.707100  0.353836
107.500000  7.751000  0.492288
107.600000  7.646450  0.700248
107.700000  7.592550  0.474257
107.800000  7.564150  0.429850
107.900000  7.568900  0.719552
108.000000  7.663750  0.455730
108.100000  7.650000  0.460185
108.200000  7.668050  0.806172
108.300000  7.699400  0.494692
108.400000  7.698100  0.757170
108.500000  7.759700  0.785596
108.600000  7.978750  0.278388
108.700000  7.677200  0.689146
108.800000  7.584050  0.735603
108.900000  7.551200  0.570635
109.000000  7.726200  0.492995
109.100000  7.858550  0.490520
109.200000  7.709400  0.271670
109.300000  7.911600  0.263751
109.400000  7.993350  0.632224
109.500000  7.616800  0.359493
109.600000  7.659000  0.468105
109.700000  7.669450  0.565615
109.800000  7.744300  0.602455
109.900000  7.699100  0.483237
110.000000  7.631100  0.253286
110.100000  7.461750  0.480762
110.200000  7.537750  0.263397
110.300000  7.651750  0.259296
110.400000  7.463600  0.437982
110.500000  7.488250  0.237517
110.600000  7.668900  0.067458
110.700000  7.374050  0.164685
110.800000  7.469100  0.079479
110.900000  7.384250  0.121834
111.000000  7.451750  0.301722
111.100000  7.441200  0.091500
111.200000  7.288600  0.127279
111.300000  7.388500  0.377029
111.400000  7.497400  0.152169
111.500000  7.321650  0.333259
111.600000  7.290850  0.267498
111.700000  7.434850  0.249679
111.800000  7.351600  0.059538
111.900000  7.511050  0.115188
112.000000  7.202300  0.114834
112.100000  7.349900  0.351998
112.200000  7.373200  0.461458
112.300000  7.428800  0.122895
112.400000  7.519250  0.094682
112.500000  7.421400  0.005091
112.600000  7.359400  0.148210
112.700000  7.363800  0.023476
112.800000  7.460100  0.139017
112.900000  7.530900  0.037760
113.000000  7.650500  0.054589
113.100000  7.427800  0.138734
113.200000  7.314000  0.294298
113.300000  7.381850  0.278812
113.400000  7.251900  0.009758
113.500000  7.445250  0.060033
113.600000  7.276300  0.012869
113.700000  7.668400  0.254841
113.800000  7.441650  0.440740
113.900000  7.457600  0.192333
114.000000  7.360750  0.169776
114.100000  7.465600  0.010889
114.200000  7.344000  0.345492
114.300000  7.390750  0.053387
114.400000  7.409100  0.165039
114.500000  7.215900  0.196151
114.600000  7.474050  0.511875
114.700000  7.492850  0.247841
114.800000  7.452050  0.302430
114.900000  7.406050  0.462943
115.000000  7.460450  0.236386
115.100000  7.559200  0.486348
115.200000  7.346800  0.358786
115.300000  7.415900  0.008061
115.400000  7.185800  0.450286
115.500000  7.439800  0.008485
115.600000  7.412700  0.006505
115.700000  7.550600  0.641204
115.800000  7.478150  0.086762
115.900000  7.583800  0.089378
116.000000  7.322700  0.377029
116.100000  7.381300  0.146371
116.200000  7.573700  0.350866
116.300000  7.433000  0.011597
116.400000  7.555750  0.082095
116.500000  7.334950  0.076155
116.600000  7.392100  0.174373
116.700000  7.210200  0.014001
116.800000  7.360750  0.111794
116.900000  7.559250  0.102460
117.000000  7.477850  0.138522
117.100000  7.379650  0.066963
117.200000  7.561100  0.052609
117.300000  7.243500  0.513925
117.400000  7.496200  0.042992
117.500000  7.363250  0.003889
117.600000  7.564700  0.261064
117.700000  7.305500  0.353271
117.800000  7.497000  0.269691
117.900000  7.438300  0.133360
118.000000  7.846250  0.421224
118.100000  7.531550  0.298046
118.200000  7.546350  0.056215
118.300000  7.527750  0.221537
118.400000  7.350350  0.015344
118.500000  7.367700  0.322582
118.600000  7.415100  0.143543
118.700000  7.403400  0.080044
118.800000  7.316750  0.131310
118.900000  7.268250  0.050982
119.000000  7.662950  0.363806
119.100000  7.246300  0.258094
119.200000  7.475300  0.205627
119.300000  7.599800  0.105359
119.400000  7.343500  0.210576
119.500000  7.472050  0.161291
119.600000  7.331500  0.034648
119.700000  7.209050  0.235113
119.800000  7.222350  0.183777
119.900000  7.404050  0.094964
120.000000  7.329500  0.459902
120.100000  7.334850  0.390252
120.200000  7.200600  0.123178
120.300000  7.386550  0.271883
120.400000  7.353250  0.105147
120.500000  7.370850  0.037689
120.600000  7.229400  0.010889
120.700000  7.424350  0.059609
120.800000  7.383600  0.144815
120.900000  7.425500  0.184696
121.000000  7.259550  0.024112
121.100000  7.383200  0.070569
121.200000  7.303650  0.233416
121.300000  7.595350  0.474115
121.400000  7.358000  0.201950
121.500000  7.297550  0.265943
121.600000  7.242800  0.085843
121.700000  7.390600  0.376605
121.800000  7.454350  0.335805
121.900000  7.538800  0.377312
122.000000  7.288650  0.384171
122.100000  7.395100  0.075660
122.200000  7.487250  0.107834
122.300000  7.395550  0.060175
122.400000  7.252500  0.052892
122.500000  7.399750  0.184908
122.600000  7.341900  0.028143
122.700000  7.373800  0.146088
122.800000  7.590000  0.345634
122.900000  7.427350  0.407647
123.000000  7.345500  0.148351
123.100000  7.172850  0.120845
123.200000  7.380100  0.134350
123.300000  7.455550  0.179959
123.400000  7.190000  0.406586
123.500000  7.302350  0.186040
123.600000  7.487200  0.004384
123.700000  7.401200  0.138169
123.800000  7.175900  0.181302
123.900000  7.400700  0.070286
124.000000  7.373300  0.244235
124.100000  7.453200  0.149482
124.200000  7.475150  0.065266
124.300000  7.448500  0.311127
124.400000  7.621500  0.475883
124.500000  7.615000  0.394283
124.600000  7.389100  0.304480
124.700000  7.447300  0.061094
124.800000  7.200900  0.040022
124.900000  7.397200  0.204495
125.000000  7.236950  0.260003
125.100000  7.376950  0.090722
125.200000  7.358700  0.159523
125.300000  7.432550  0.082802
125.400000  7.377650  0.206687
125.500000  7.190400  0.320037
125.600000  7.174100  0.141139
125.700000  7.381650  0.133148
125.800000  7.265650  0.157897
125.900000  7.559850  0.204000
126.000000  7.358900  0.208597
126.100000  7.619700  0.678257
126.200000  7.646550  0.395061
126.300000  7.415550  0.439184
126.400000  7.470150  0.226345
126.500000  7.295150  0.362534
126.600000  7.319750  0.144886
126.700000  7.411650  0.211071
126.800000  7.194800  0.349452
126.900000  7.319700  0.118653
127.000000  7.388050  0.203293
127.100000  7.264350  0.056356
127.200000  7.346050  0.020011
127.300000  7.339600  0.110026
127.400000  7.262500  0.327532
127.500000  7.391550  0.282913
127.600000  7.396750  0.121269
127.700000  7.561650  0.122966
127.800000  7.627250  0.287297
127.900000  7.451150  0.336654
128.000000  7.349950  0.183777
128.100000  7.457300  0.193747
128.200000  7.497400  0.277752
128.300000  7.479800  0.185121
128.400000  7.447350  0.279095
128.500000  7.250250  0.296066
128.600000  7.421050  0.575797
128.700000  7.314100  0.251871
128.800000  7.656100  0.728744
128.900000  7.506650  0.392091
129.000000  7.383750  0.690490
129.100000  7.684200  0.414789
129.200000  7.716600  0.379433
129.300000  7.408400  0.460892
129.400000  7.496050  0.359140
129.500000  7.647400  0.519865
129.600000  7.462450  0.455589
129.700000  7.366250  0.119855
129.800000  7.487600  0.246780
129.900000  7.585350  0.246992
130.000000  7.428900  0.387353
130.100000  7.225800  0.128693
130.200000  7.155050  0.324916
130.300000  7.409800  0.306602
130.400000  7.411700  0.249750
130.500000  7.161900  0.022486
130.600000  7.143750  0.090580
130.700000  7.553000  0.275489
130.800000  7.296250  0.219698
130.900000  7.199850  0.155776
131.000000  7.469000  0.041719
131.100000  7.437700  0.261488
131.200000  7.208450  0.178262
131.300000  7.141250  0.236244
131.400000  7.363000  0.027577
131.500000  7.437900  0.116107
131.600000  7.425450  0.192404
131.700000  7.590150  0.204849
131.800000  7.317300  0.363170
131.900000  7.271100  0.122329
132.000000  7.194300  0.006788
132.100000  7.370900  0.188515
132.200000  7.348500  0.114976
132.300000  7.356350  0.219698
132.400000  7.430400  0.516471
132.500000  7.428300  0.177625
132.600000  7.447350  0.404960
132.700000  7.455150  0.280651
132.800000  7.289650  0.067670
132.900000  7.605550  0.487409
133.000000  7.480000  0.560311
133.100000  7.566800  0.098005
133.200000  7.317550  0.117026
133.300000  7.488050  0.386575
133.400000  7.473050  0.568019
133.500000  7.543850  0.473974
133.600000  7.472200  0.145381
133.700000  7.613850  0.229456
133.800000  7.460200  0.392586
133.900000  7.657250  0.492783
134.000000  7.486600  0.326259
134.100000  7.506200  0.354543
134.200000  7.699800  0.233345
134.300000  7.474000  0.231365
134.400000  7.421700  0.222173
134.500000  7.532600  0.246922
134.600000  7.635400  0.296561
134.700000  7.330700  0.239992
134.800000  7.229150  0.069226
134.900000  7.239050  0.082378
135.000000  7.454300  0.328098
135.100000  7.647450  0.259862
135.200000  7.672650  0.353200
135.300000  7.632100  0.159523
135.400000  7.439350  0.390394
135.500000  7.616800  0.569645
135.600000  7.602150  0.480338
135.700000  7.392850  0.061730
135.800000  7.656750  0.496177
135.900000  7.701050  0.496177
136.000000  7.335750  0.533088
136.100000  7.428850  0.221254
136.200000  7.375450  0.251942
136.300000  7.364500  0.003960
136.400000  7.317050  0.298894
136.500000  7.356100  0.294015
136.600000  7.413100  0.103520
136.700000  7.463600  0.185828
136.800000  7.309300  0.321875
136.900000  7.482200  0.545038
137.000000  7.345450  0.155210
137.100000  7.399550  0.156907
137.200000  7.607200  0.592697
137.300000  7.362650  0.539735
137.400000  7.485250  0.145735
137.500000  7.553800  0.170130
137.600000  7.553600  0.478711
137.700000  7.362450  0.694874
137.800000  7.554100  0.246356
137.900000  7.430550  0.426456
138.000000  7.199250  0.235679
138.100000  7.457750  0.456155
138.200000  7.564250  0.507773
138.300000  7.313250  0.360837
138.400000  7.217150  0.149412
138.500000  7.422600  0.379999
138.600000  7.652700  0.394283
138.700000  7.288500  0.175645
138.800000  7.317900  0.466690
138.900000  7.294400  0.248760
139.000000  7.366900  0.347189
139.100000  7.025400  0.280863
139.200000  7.213650  0.007849
139.300000  7.360550  0.219698
139.400000  7.487150  0.013930
139.500000  7.779050  0.413870
139.600000  7.443450  0.066539
139.700000  7.364400  0.031961
139.800000  7.312200  0.021920
139.900000  7.390900  0.136047
140.000000  7.299550  0.061165
140.100000  7.224250  0.004313
140.200000  7.466150  0.246427
140.300000  7.265350  0.030759
140.400000  7.561500  0.037760
140.500000  7.373550  0.264953
140.600000  7.506500  0.375474
140.700000  7.671250  0.147573
140.800000  7.379100  0.293025
140.900000  7.434500  0.157402
141.000000  7.520300  0.093480
141.100000  7.497000  0.070428
141.200000  7.408900  0.255690
141.300000  7.319400  0.110309
141.400000  7.364450  0.019870
141.500000  7.395300  0.022910
141.600000  7.413350  0.171332
141.700000  7.353050  0.137108
141.800000  7.423000  0.045679
141.900000  7.731100  0.111581
142.000000  7.405100  0.018526
142.100000  7.310700  0.012162
142.200000  7.402650  0.141633
142.300000  7.590300  0.006364
142.400000  7.565500  0.194313
142.500000  7.410200  0.046952
142.600000  7.413500  0.001273
142.700000  7.448950  0.257599
142.800000  7.599600  0.174797
142.900000  7.139550  0.342452
143.000000  7.397550  0.288712
143.100000  7.371300  0.222456
143.200000  7.524050  0.204990
143.300000  7.458350  0.149553
143.400000  7.359550  0.251659
143.500000  7.457150  0.054377
143.600000  7.278800  0.410829
143.700000  7.381450  0.255195
143.800000  7.182700  0.064771
143.900000  7.425400  0.037618
144.000000  7.489400  0.195869
144.100000  7.467550  0.008415
144.200000  7.522550  0.028214
144.300000  7.488900  0.075660
144.400000  7.374750  0.156341
144.500000  7.430600  0.156836
144.600000  7.462650  0.078984
144.700000  7.503050  0.048013
144.800000  7.680800  0.508834
144.900000  7.615250  0.502399
145.000000  7.382100  0.365150
145.100000  7.366500  0.064064
145.200000  7.445250  0.386575
145.300000  7.529500  0.338987
145.400000  7.411600  0.192050
145.500000  7.586100  0.473620
145.600000  7.297150  0.086762
145.700000  7.338100  0.396687
145.800000  7.493600  0.376746
145.900000  7.599050  0.276549
146.000000  7.324150  0.156766
146.100000  7.401000  0.038184
146.200000  7.391550  0.065690
146.300000  7.369500  0.384242
146.400000  7.324400  0.118653
146.500000  7.361300  0.206758
146.600000  7.297750  0.360554
146.700000  7.465750  0.065690
146.800000  7.393900  0.433881
146.900000  7.402550  0.429850
147.000000  7.367300  0.316642
147.100000  7.444600  0.384949
147.200000  7.440750  0.382757
147.300000  7.606500  0.050770
147.400000  7.389900  0.210718
147.500000  7.308400  0.082307
147.600000  7.513950  0.415991
147.700000  7.619250  0.202869
147.800000  7.611350  0.474681
147.900000  7.505850  0.118299
148.000000  7.538650  0.315016
148.100000  7.491800  0.210576
148.200000  7.495300  0.592555
148.300000  7.350950  0.039669
148.400000  7.337300  0.072266
148.500000  7.282450  0.250952
148.600000  7.411100  0.273792
148.700000  7.403500  0.009899
148.800000  7.408050  0.184484
148.900000  7.284750  0.332694
149.000000  7.445200  0.101258
149.100000  7.365250  0.457286
149.200000  7.399100  0.288358
149.300000  7.511000  0.082166
149.400000  7.467700  0.291045
149.500000  7.347650  0.215880
149.600000  7.372000  0.205485
149.700000  7.442300  0.166594
149.800000  7.314450  0.428012
149.900000  7.485150  0.259862
150.000000  7.440900  0.724219
150.100000  7.475100  0.659306
150.200000  7.737250  0.040234
150.300000  7.604150  0.059468
150.400000  7.383000  0.333613
150.500000  7.562050  0.209657
150.600000  7.435450  0.330572
150.700000  7.589050  0.609880
150.800000  7.664000  0.289207
150.900000  7.448800  0.488894
151.000000  7.462550  0.329441
151.100000  7.644500  0.094894
151.200000  7.355800  0.047800
151.300000  7.553650  0.337502
151.400000  7.314050  0.016476
151.500000  7.443850  0.116460
151.600000  7.233300  0.261205
151.700000  7.476500  0.569645
151.800000  7.447300  0.319471
151.900000  7.522000  0.014566
152.000000  7.367850  0.588384
152.100000  7.146750  0.301864
152.200000  7.408750  0.511167
152.300000  7.564050  0.446255
152.400000  7.410100  0.247629
152.500000  7.501400  0.435012
152.600000  7.381250  0.157614
152.700000  7.446600  0.405455
152.800000  7.587100  0.443073
152.900000  7.380100  0.412526
153.000000  7.235150  0.435224
153.100000  7.231700  0.080610
153.200000  7.384550  0.008132
153.300000  7.393250  0.434800
153.400000  7.339400  0.235891
153.500000  7.491550  0.299318
153.600000  7.340900  0.059256
153.700000  7.386750  0.442012
153.800000  7.219100  0.238861
153.900000  7.314950  0.518521
154.000000  7.274500  0.092065
154.100000  7.327850  0.363665
154.200000  7.533750  0.515410
154.300000  7.644150  0.275701
154.400000  7.622250  0.326330
154.500000  7.576150  0.088318
154.600000  7.243550  0.336512
154.700000  7.372550  0.088035
154.800000  7.502300  0.391879
154.900000  7.458250  0.369322
155.000000  7.486250  0.243174
155.100000  7.486000  0.377029
155.200000  7.334300  0.372645
155.300000  7.462300  0.282701
155.400000  7.566850  0.244305
155.500000  7.570750  0.209799
155.600000  7.569500  0.047659
155.700000  7.498100  0.310420
155.800000  7.353050  0.425890
155.900000  7.433700  0.363029
156.000000  7.534150  0.484722
156.100000  7.547050  0.136259
156.200000  7.623500  0.032103
156.300000  7.507200  0.146795
156.400000  7.287800  0.086408
156.500000  7.531250  0.339765
156.600000  7.516150  0.062438
156.700000  7.228000  0.207041
156.800000  7.552100  0.093762
156.900000  7.286750  0.342593
157.000000  7.543250  0.232143
157.100000  7.587600  0.182716
157.200000  7.547700  0.068165
157.300000  7.508400  0.092065
157.400000  7.588950  0.371726
157.500000  7.508550  0.615819
157.600000  7.499600  0.015274
157.700000  7.690150  0.155776
157.800000  7.484700  0.349452
157.900000  7.517700  0.247063
158.000000  7.519900  0.361332
158.100000  7.461800  0.356382
158.200000  7.508200  0.521845
158.300000  7.427400  0.382545
158.400000  7.670650  0.212061
158.500000  7.547850  0.268488
158.600000  7.459900  0.434022
158.700000  7.569300  0.195444
158.800000  7.543400  0.057558
158.900000  7.505300  0.182009
159.000000  7.564600  0.257245
159.100000  7.470250  0.204849
159.200000  7.390600  0.012869
159.300000  7.545450  0.263963
159.400000  7.363650  0.316006
159.500000  7.651350  0.240628
159.600000  7.461450  0.425466
159.700000  7.423100  0.015698
159.800000  7.524700  0.236457
159.900000  7.498450  0.172322
160.000000  7.370900  0.041154
160.100000  7.504250  0.053952
160.200000  7.337350  0.197071
160.300000  7.357750  0.014354
160.400000  7.487850  0.115895
160.500000  7.288500  0.159665
160.600000  7.442850  0.386575
160.700000  7.340600  0.273226
160.800000  7.351350  0.471145
160.900000  7.439650  0.325481
161.000000  7.422700  0.302076
161.100000  7.482850  0.077428
161.200000  7.483000  0.120915
161.300000  7.382550  0.564766
161.400000  7.560500  0.289631
161.500000  7.427000  0.325693
161.600000  7.435850  0.013930
161.700000  7.401700  0.191202
161.800000  7.571300  0.524249
161.900000  7.649100  0.207465
162.000000  7.476850  0.497591
162.100000  7.347850  0.164968
162.200000  7.412600  0.443073
162.300000  7.480250  0.245154
162.400000  7.496750  0.397182
162.500000  7.473850  0.491369
162.600000  7.579450  0.496177
162.700000  7.527900  0.479277
162.800000  7.625050  0.450356
162.900000  7.637750  0.443710
163.000000  7.573350  0.314450
163.100000  7.507350  0.232002
163.200000  7.453900  0.187949
163.300000  7.401450  0.069226
163.400000  7.509200  0.294581
163.500000  7.669450  0.279378
163.600000  7.566150  0.566463
163.700000  7.616400  0.519158
163.800000  7.656900  0.508410
163.900000  7.522000  0.117521
164.000000  7.519400  0.259650
164.100000  7.584500  0.356523
164.200000  7.552100  0.338138
164.300000  7.710550  0.239497
164.400000  7.551700  0.123602
164.500000  7.600550  0.174726
164.600000  7.622350  0.287015
164.700000  7.566200  0.387777
164.800000  7.403150  0.272307
164.900000  7.499300  0.092065
165.000000  7.497550  0.114905
165.100000  7.555850  0.044194
165.200000  7.690550  0.193111
165.300000  7.602650  0.147856
165.400000  7.735900  0.247487
165.500000  7.374500  0.249750
165.600000  7.640750  0.294369
165.700000  7.522650  0.092277
165.800000  7.413600  0.309006
165.900000  7.647000  0.335876
166.000000  7.410150  0.050700
166.100000  7.333250  0.051548
166.200000  7.522900  0.119360
166.300000  7.271950  0.360554
166.400000  7.556250  0.434800
166.500000  7.517050  0.012374
166.600000  7.447850  0.055225
166.700000  7.392100  0.379575
166.800000  7.345050  0.118440
166.900000  7.533100  0.258094
167.000000  7.594100  0.050770
167.100000  7.348950  0.059326
167.200000  7.383750  0.194101
167.300000  7.397550  0.010819
167.400000  7.282600  0.327815
167.500000  7.519200  0.274923
167.600000  7.608900  0.212132
167.700000  7.457600  0.130108
167.800000  7.309400  0.084853
167.900000  7.403850  0.229880
168.000000  7.664600  0.569928
168.100000  7.476500  0.024183
168.200000  7.275150  0.143048
168.300000  7.555700  0.508127
168.400000  7.605050  0.452053
168.500000  7.462000  0.255690
168.600000  7.478750  0.298046
168.700000  7.579350  0.110804
168.800000  7.358600  0.178615
168.900000  7.374600  0.111299
169.000000  7.342700  0.079055
169.100000  7.424850  0.134987
169.200000  7.189350  0.186464
169.300000  7.371600  0.109319
169.400000  7.341700  0.068731
169.500000  7.486200  0.056993
169.600000  7.469550  0.104015
169.700000  7.391800  0.161220
169.800000  7.397850  0.309925
169.900000  7.445250  0.046315
170.000000  7.604550  0.063145
170.100000  7.860200  0.445194
170.200000  7.581650  0.500844
170.300000  7.657900  0.554655
170.400000  7.385350  0.295076
170.500000  7.707150  0.209940
170.600000  7.549050  0.445689
170.700000  7.528900  0.723229
170.800000  7.604050  0.377100
170.900000  7.707300  0.208172
171.000000  7.483650  0.202586
171.100000  7.449650  0.136967
171.200000  7.491700  0.102248
171.300000  7.434200  0.247063
171.400000  7.462450  0.144179
171.500000  7.345450  0.079125
171.600000  7.611150  0.204990
171.700000  7.677850  0.020011
171.800000  7.851600  0.312824
171.900000  7.265200  0.097298
172.000000  7.247150  0.014779
172.100000  7.415550  0.249114
172.200000  7.395300  0.214395
172.300000  7.501700  0.163059
172.400000  7.467400  0.333189
172.500000  7.468950  0.162422
172.600000  7.291500  0.247346
172.700000  7.319900  0.113561
172.800000  7.341200  0.030123
172.900000  7.542650  0.336371
173.000000  7.634900  0.279024
173.100000  7.588700  0.045821
173.200000  7.429650  0.093409
173.300000  7.519600  0.098854
173.400000  7.370200  0.094328
173.500000  7.377950  0.010394
173.600000  7.283150  0.210789
173.700000  7.428150  0.125511
173.800000  7.420000  0.188656
173.900000  7.336300  0.266579
174.000000  7.422400  0.138734
174.100000  7.187350  0.010253
174.200000  7.380850  0.102036
174.300000  6.971250  0.219274
174.400000  7.554600  0.154432
174.500000  7.342700  0.283691
174.600000  7.358550  0.040800
174.700000  7.343500  0.120915
174.800000  7.407450  0.165392
174.900000  7.190500  0.261488
175.000000  7.166050  0.003323
175.100000  7.235350  0.107268
175.200000  7.067300  0.026729
175.300000  7.189200  0.057134
175.400000  7.302350  0.266509
175.500000  7.402950  0.188727
175.600000  7.606750  0.059892
175.700000  7.404150  0.124380
175.800000  7.198500  0.137179
175.900000  7.306550  0.156200
176.000000  7.259350  0.011950
176.100000  7.210450  0.011950
176.200000  7.327500  0.058548
176.300000  7.286850  0.205273
176.400000  7.399500  0.486631
176.500000  7.467900  0.087681
176.600000  7.369350  0.035143
176.700000  7.236300  0.186111
176.800000  7.243450  0.250811
176.900000  7.331400  0.127703
177.000000  7.293400  0.244235
177.100000  7.349700  0.078347
177.200000  7.403200  0.342523
177.300000  7.284500  0.064064
177.400000  7.372650  0.567170
177.500000  7.373300  0.229385
177.600000  7.257600  0.173100
177.700000  7.470500  0.152311
177.800000  7.425150  0.123249
177.900000  7.432450  0.243740
178.000000  7.525450  0.395626
178.100000  7.302500  0.048932
178.200000  7.232900  0.108187
178.300000  7.243250  0.210364
178.400000  7.168650  0.266650
178.500000  7.333650  0.151109
178.600000  7.305700  0.202798
178.700000  7.446800  0.023900
178.800000  7.337500  0.138027
178.900000  7.327000  0.017819
179.000000  7.291650  0.055366
179.100000  7.367600  0.136047
179.200000  7.463450  0.083651
179.300000  7.534650  0.046881
179.400000  7.428350  0.276832
179.500000  7.468200  0.021496
179.600000  7.279800  0.141987
179.700000  7.277200  0.158109
179.800000  7.422750  0.342593
179.900000  7.377900  0.051902
180.000000  7.382650  0.313460
180.100000  7.485250  0.235254
180.200000  7.446550  0.192545
180.300000  7.486400  0.079762
180.400000  7.432400  0.098429
180.500000  7.439700  0.404182
180.600000  7.477750  0.132583
180.700000  7.315850  0.130885
180.800000  7.578950  0.127633
180.900000  7.506800  0.096167
181.000000  7.400300  0.217365
181.100000  7.394050  0.406374
181.200000  7.483650  0.316430
181.300000  7.418400  0.139441
181.400000  7.343900  0.206617
181.500000  7.402950  0.016193
181.600000  7.359800  0.098995
181.700000  7.379200  0.369958
181.800000  7.482700  0.144533
181.900000  7.425350  0.254912
182.000000  7.471200  0.323289
182.100000  7.458150  0.027365
182.200000  7.482250  0.121269
182.300000  7.495650  0.173453
182.400000  7.483450  0.049568
182.500000  7.468650  0.350654
182.600000  7.577800  0.037477
182.700000  7.488650  0.072054
182.800000  7.317550  0.238931
182.900000  7.270700  0.033375
183.000000  7.420200  0.294156
183.100000  7.290350  0.238366
183.200000  7.509650  0.001909
183.300000  7.668350  0.185616
183.400000  7.526750  0.054659
183.500000  7.663800  0.092065
183.600000  7.439300  0.283267
183.700000  7.340600  0.065337
183.800000  7.469300  0.124592
183.900000  7.321700  0.153866
184.000000  7.464100  0.345492
184.100000  7.433300  0.064771
184.200000  7.475200  0.297833
184.300000  7.426350  0.201313
184.400000  7.384400  0.062367
184.500000  7.437500  0.110733
184.600000  7.402850  0.046598
184.700000  7.430800  0.090227
184.800000  7.276400  0.002970
184.900000  7.481700  0.065054
185.000000  7.517750  0.315865
185.100000  7.568350  0.004596
185.200000  7.315100  0.110874
185.300000  7.152000  0.017253
185.400000  7.418500  0.053033
185.500000  7.479650  0.093409
185.600000  7.428650  0.204142
185.700000  7.408750  0.057629
185.800000  7.357250  0.161432
185.900000  7.633700  0.113420
186.000000  7.543100  0.051195
186.100000  7.583300  0.007354
186.200000  7.422600  0.286520
186.300000  7.400800  0.268135
186.400000  7.367000  0.049215
186.500000  7.410450  0.060882
186.600000  7.485150  0.143896
186.700000  7.487850  0.057771
186.800000  7.442850  0.068377
186.900000  7.477350  0.023547
187.000000  7.358450  0.038113
187.100000  7.307900  0.031113
187.200000  7.271600  0.043982
187.300000  7.543800  0.324421
187.400000  7.491650  0.134845
187.500000  7.319650  0.249538
187.600000  7.558100  0.323148
187.700000  7.517550  0.197778
187.800000  7.348650  0.210506
187.900000  7.348000  0.191343
188.000000  7.427300  0.241831
188.100000  7.437850  0.462943
188.200000  7.735100  0.267993
188.300000  7.531400  0.234477
188.400000  7.351800  0.219486
188.500000  7.513100  0.135482
188.600000  7.259300  0.242113
188.700000  7.374800  0.372787
188.800000  7.568600  0.154715
188.900000  7.495600  0.126714
189.000000  7.498650  0.298328
189.100000  7.547600  0.282277
189.200000  7.550000  0.196859
189.300000  7.491650  0.275984
189.400000  7.299100  0.338987
189.500000  7.397650  0.339623
189.600000  7.404650  0.045750
189.700000  7.420750  0.268488
189.800000  7.520000  0.520148
189.900000  7.386250  0.265236
190.000000  7.383900  0.340825
190.100000  7.428500  0.506430
190.200000  7.197350  0.444558
190.300000  7.368250  0.418819
190.400000  7.424600  0.166453
190.500000  7.444850  0.216163
190.600000  7.359700  0.302642
190.700000  7.282300  0.205627
190.800000  7.211800  0.053033
190.900000  7.323650  0.177837
191.000000  7.236350  0.125370
191.100000  7.229550  0.454033
191.200000  7.502350  0.634063
191.300000  7.379650  0.448801
191.400000  7.335100  0.299672
191.500000  7.475000  0.134492
191.600000  7.368400  0.040164
191.700000  7.549050  0.429143
191.800000  7.485100  0.118653
191.900000  7.371450  0.000636
192.000000  7.512300  0.307026
192.100000  7.696700  0.236315
192.200000  7.510850  0.369322
192.300000  7.382700  0.030547
192.400000  7.280750  0.219132
192.500000  7.641400  0.070711
192.600000  7.259850  0.113632
192.700000  7.571300  0.027436
192.800000  7.411750  0.264953
192.900000  7.506400  0.203788
193.000000  7.422350  0.319824
193.100000  7.455800  0.049497
193.200000  7.301200  0.349169
193.300000  7.206250  0.088883
193.400000  7.320750  0.414577
193.500000  7.225450  0.111935
193.600000  7.254350  0.210364
193.700000  7.395000  0.379575
193.800000  7.403500  0.070852
193.900000  7.413000  0.152028
194.000000  7.180900  0.345775
194.100000  7.442800  0.013152
194.200000  7.377100  0.394566
194.300000  7.204250  0.059468
194.400000  7.210000  0.348179
194.500000  7.274650  0.141068
194.600000  7.357400  0.267993
194.700000  7.365750  0.471994
194.800000  7.437000  0.197283
194.900000  7.424800  0.070286
195.000000  7.329750  0.053811
195.100000  7.171950  0.266509
195.200000  7.260800  0.448164
195.300000  7.299650  0.185616
195.400000  7.476800  0.020789
195.500000  7.293950  0.417122
195.600000  7.322100  0.209586
195.700000  7.369950  0.317703
195.800000  7.405150  0.173312
195.900000  7.307100  0.422284
196.000000  7.155100  0.267428
196.100000  7.207150  0.432254
196.200000  7.283450  0.150543
196.300000  7.186900  0.189080
196.400000  7.184150  0.105430
196.500000  7.039800  0.231648
196.600000  7.397600  0.280721
196.700000  7.201200  0.398384
196.800000  7.441600  0.199546
196.900000  7.136500  0.353695
197.000000  7.139550  0.313460
197.100000  7.253000  0.110450
197.200000  7.242900  0.294581
197.300000  7.215500  0.031113
197.400000  7.220600  0.027011
197.500000  7.226350  0.152664
197.600000  7.132000  0.311976
197.700000  7.316700  0.213263
197.800000  7.395400  0.422001
197.900000  7.312450  0.130320
198.000000  7.221850  0.093550
198.100000  7.440850  0.276125
198.200000  7.245550  0.101470
198.300000  7.352150  0.109389
198.400000  7.406050  0.113773
198.500000  7.200250  0.277539
198.600000  7.168100  0.051195
198.700000  7.279100  0.303773
198.800000  7.238600  0.006930
198.900000  7.433250  0.010819
199.000000  7.288650  0.114763
199.100000  7.332650  0.054094
199.200000  7.266350  0.169776
199.300000  7.455350  0.338775
199.400000  7.541350  0.026941
199.500000  7.339550  0.284469
199.600000  7.508850  0.222668
199.700000  7.385100  0.392586
199.800000  7.541100  0.182575
199.900000  7.177850  0.054235
200.000000  7.269900  0.199687
