# aggregated from 2 replicates
# x  mean  std
0.000000  55.000000  0.000000
0.100000  59.500000  7.778175
0.200000  53.500000  9.192388
0.300000  59.000000  7.071068
0.400000  57.500000  2.121320
0.500000  70.500000  3.535534
0.600000  56.500000  12.020815
0.700000  66.500000  7.778175
0.800000  60.500000  9.192388
0.900000  65.500000  2.121320
1.000000  59.000000  14.142136
1.100000  61.000000  8.485281
1.200000  73.000000  12.727922
1.300000  66.000000  4.242641
1.400000  66.500000  4.949747
1.500000  59.500000  6.363961
1.600000  70.000000  5.656854
1.700000  75.500000  2.121320
1.800000  63.000000  5.656854
1.900000  60.500000  7.778175
2.000000  63.000000  2.828427
2.100000  64.000000  18.384776
2.200000  57.500000  4.949747
2.300000  60.500000  4.949747
2.400000  61.500000  3.535534
2.500000  60.500000  2.121320
2.600000  59.000000  0.000000
2.700000  60.000000  4.242641
2.800000  68.000000  5.656854
2.900000  68.500000  3.535534
3.000000  66.500000  4.949747
3.100000  63.000000  5.656854
3.200000  56.500000  6.363961
3.300000  64.500000  14.849242
3.400000  64.500000  4.949747
3.500000  55.500000  3.535534
3.600000  64.000000  4.242641
3.700000  55.500000  6.363961
3.800000  64.500000  7.778175
3.900000  58.000000  0.000000
4.000000  64.000000  4.242641
4.100000  64.000000  2.828427
4.200000  64.000000  7.071068
4.300000  60.500000  0.707107
4.400000  54.000000  11.313708
4.500000  60.000000  11.313708
4.600000  66.500000  9.192388
4.700000  59.000000  12.727922
4.800000  61.500000  9.192388
4.900000  60.500000  12.020815
5.000000  59.000000  7.071068
5.100000  60.000000  4.242641
5.200000  58.500000  3.535534
5.300000  64.500000  6.363961
5.400000  62.500000  4.949747
5.500000  60.500000  0.707107
5.600000  65.000000  0.000000
5.700000  57.500000  7.778175
5.800000  68.500000  0.707107
5.900000  66.000000  5.656854
6.000000  66.500000  3.535534
6.100000  61.000000  2.828427
6.200000  59.500000  12.020815
6.300000  59.000000  0.000000
6.400000  56.000000  5.656854
6.500000  67.500000  6.363961
6.600000  65.500000  3.535534
6.700000  62.000000  0.000000
6.800000  56.500000  2.121320
6.900000  57.000000  11.313708
7.000000  61.000000  4.242641
7.100000  64.000000  4.242641
7.200000  61.500000  10.606602
7.300000  56.000000  11.313708
7.400000  57.000000  1.414214
7.500000  67.000000  14.142136
7.600000  65.500000  21.920310
7.700000  55.500000  2.121320
7.800000  64.000000  0.000000
7.900000  67.000000  1.414214
8.000000  58.000000  9.899495
8.100000  60.500000  6.363961
8.200000  70.000000  1.414214
8.300000  58.500000  9.192388
8.400000  68.500000  3.535534
8.500000  67.500000  3.535534
8.600000  65.000000  1.414214
8.700000  66.500000  0.707107
8.800000  58.000000  2.828427
8.900000  64.500000  3.535534
9.000000  69.500000  21.920310
9.100000  69.500000  12.020815
9.200000  67.000000  4.242641
9.300000  60.000000  7.071068
9.400000  68.500000  0.707107
9.500000  68.000000  9.899495
9.600000  68.000000  5.656854
9.700000  58.000000  4.242641
9.800000  60.500000  2.121320
9.900000  63.000000  7.071068
10.000000  71.500000  4.949747
10.100000  63.000000  5.656854
10.200000  60.500000  4.949747
10.300000  63.500000  14.849242
10.400000  63.000000  7.071068
10.500000  58.000000  11.313708
10.600000  69.000000  7.071068
10.700000  64.500000  16.263456
10.800000  62.500000  9.192388
10.900000  64.000000  2.828427
11.000000  66.500000  2.121320
11.100000  62.500000  7.778175
11.200000  68.000000  1.414214
11.300000  63.500000  3.535534
11.400000  68.500000  4.949747
11.500000  64.500000  3.535534
11.600000  58.500000  3.535534
11.700000  64.500000  14.849242
11.800000  63.000000  11.313708
11.900000  64.000000  2.828427
12.000000  69.500000  6.363961
12.100000  60.000000  2.828427
12.200000  73.500000  3.535534
12.300000  66.500000  2.121320
12.400000  70.000000  2.828427
12.500000  58.500000  6.363961
12.600000  67.500000  3.535534
12.700000  68.000000  4.242641
12.800000  59.500000  13.435029
12.900000  66.000000  1.414214
13.000000  57.500000  10.606602
13.100000  56.500000  0.707107
13.200000  63.000000  4.242641
13.300000  61.000000  7.071068
13.400000  66.500000  4.949747
13.500000  63.500000  6.363961
13.600000  58.000000  4.242641
13.700000  58.500000  14.849242
13.800000  63.000000  9.899495
13.900000  62.500000  10.606602
14.000000  65.500000  9.192388
14.100000  67.500000  3.535534
14.200000  63.000000  1.414214
14.300000  58.000000  11.313708
14.400000  67.000000  15.556349
14.500000  63.500000  17.677670
14.600000  57.500000  0.707107
14.700000  61.500000  16.263456
14.800000  60.000000  1.414214
14.900000  67.000000  9.899495
15.000000  58.500000  10.606602
15.100000  58.000000  8.485281
15.200000  58.500000  4.949747
15.300000  66.000000  4.242641
15.400000  58.000000  5.656854
15.500000  62.000000  2.828427
15.600000  61.000000  8.485281
15.700000  70.500000  2.121320
15.800000  66.500000  6.363961
15.900000  65.500000  4.949747
16.000000  67.000000  8.485281
16.100000  69.000000  4.242641
16.200000  58.500000  0.707107
16.300000  55.000000  1.414214
16.400000  64.500000  3.535534
16.500000  70.000000  15.556349
16.600000  56.000000  7.071068
16.700000  64.500000  16.263456
16.800000  56.500000  2.121320
16.900000  63.000000  5.656854
17.000000  65.500000  3.535534
17.100000  60.500000  4.949747
17.200000  58.000000  9.899495
17.300000  68.500000  7.778175
17.400000  62.500000  0.707107
17.500000  56.500000  0.707107
17.600000  60.000000  12.727922
17.700000  56.000000  5.656854
17.800000  60.500000  7.778175
17.900000  61.500000  16.263456
18.000000  58.500000  12.020815
18.100000  64.000000  4.242641
18.200000  64.500000  7.778175
18.300000  59.500000  7.778175
18.400000  60.000000  9.899495
18.500000  60.500000  3.535534
18.600000  63.500000  0.707107
18.700000  58.000000  4.242641
18.800000  67.000000  1.414214
18.900000  65.500000  9.192388
19.000000  60.000000  0.000000
19.100000  54.000000  8.485281
19.200000  51.000000  2.828427
19.300000  61.000000  1.414214
19.400000  63.000000  2.828427
19.500000  67.000000  7.071068
19.600000  60.500000  2.121320
19.700000  57.000000  9.899495
19.800000  63.500000  6.363961
19.900000  54.000000  1.414214
20.000000  57.000000  4.242641
20.100000  66.000000  7.071068
20.200000  63.500000  4.949747
20.300000  60.500000  9.192388
20.400000  62.500000  2.121320
20.500000  59.000000  11.313708
20.600000  64.000000  2.828427
20.700000  61.000000  7.071068
20.800000  60.500000  4.949747
20.900000  62.000000  12.727922
21.000000  58.000000  0.000000
21.100000  55.500000  3.535534
21.200000  64.500000  0.707107
21.300000  55.000000  5.656854
21.400000  53.000000  11.313708
21.500000  63.000000  0.000000
21.600000  54.500000  12.020815
21.700000  68.000000  12.727922
21.800000  64.000000  7.071068
21.900000  69.000000  15.556349
22.000000  64.500000  3.535534
22.100000  57.500000  2.121320
22.200000  59.500000  9.192388
22.300000  55.000000  7.071068
22.400000  55.500000  10.606602
22.500000  67.500000  6.363961
22.600000  57.000000  2.828427
22.700000  53.500000  13.435029
22.800000  69.500000  2.121320
22.900000  58.000000  0.000000
23.000000  59.500000  12.020815
23.100000  55.500000  3.535534
23.200000  59.500000  12.020815
23.300000  64.000000  11.313708
23.400000  59.500000  0.707107
23.500000  59.000000  0.000000
23.600000  57.000000  12.727922
23.700000  54.000000  1.414214
23.800000  56.000000  4.242641
23.900000  65.500000  9.192388
24.000000  64.500000  2.121320
24.100000  65.000000  14.142136
24.200000  59.000000  4.242641
24.300000  53.000000  9.899495
24.400000  59.000000  8.485281
24.500000  63.500000  0.707107
24.600000  63.500000  2.121320
24.700000  56.000000  1.414214
24.800000  56.000000  9.899495
24.900000  57.000000  4.242641
25.000000  63.000000  2.828427
25.100000  62.000000  2.828427
25.200000  59.000000  9.899495
25.300000  65.500000  2.121320
25.400000  65.500000  3.535534
25.500000  65.000000  2.828427
25.600000  67.500000  0.707107
25.700000  60.500000  3.535534
25.800000  57.500000  0.707107
25.900000  54.000000  4.242641
26.000000  66.000000  1.414214
26.100000  60.000000  5.656854
26.200000  62.000000  8.485281
26.300000  63.500000  13.435029
26.400000  64.500000  7.778175
26.500000  69.000000  4.242641
26.600000  66.500000  2.121320
26.700000  61.000000  1.414214
26.800000  54.500000  2.121320
26.900000  54.000000  4.242641
27.000000  58.500000  0.707107
27.100000  61.000000  1.414214
27.200000  58.000000  5.656854
27.300000  54.500000  0.707107
27.400000  56.500000  6.363961
27.500000  62.500000  7.778175
27.600000  61.500000  7.778175
27.700000  65.000000  18.384776
27.800000  55.500000  0.707107
27.900000  67.500000  3.535534
28.000000  63.000000  11.313708
28.100000  59.500000  2.121320
28.200000  57.000000  7.071068
28.300000  56.000000  2.828427
28.400000  64.000000  2.828427
28.500000  52.500000  3.535534
28.600000  60.500000  4.949747
28.700000  62.000000  7.071068
28.800000  63.000000  2.828427
28.900000  59.000000  0.000000
29.000000  65.000000  1.414214
29.100000  66.000000  11.313708
29.200000  61.500000  2.121320
29.300000  57.500000  3.535534
29.400000  64.000000  7.071068
29.500000  58.000000  7.071068
29.600000  65.500000  12.020815
29.700000  53.000000  7.071068
29.800000  67.500000  2.121320
29.900000  61.000000  5.656854
30.000000  59.500000  6.363961
30.100000  55.500000  3.535534
30.200000  58.000000  1.414214
30.300000  61.500000  7.778175
30.400000  51.500000  3.535534
30.500000  64.500000  4.949747
30.600000  61.500000  4.949747
30.700000  61.000000  8.485281
30.800000  60.000000  2.828427
30.900000  60.000000  8.485281
31.000000  61.500000  0.707107
31.100000  60.000000  1.414214
31.200000  62.500000  13.435029
31.300000  66.000000  7.071068
31.400000  64.000000  9.899495
31.500000  62.500000  3.535534
31.600000  64.000000  2.828427
31.700000  65.000000  1.414214
31.800000  54.000000  5.656854
31.900000  53.500000  2.121320
32.000000  61.000000  11.313708
32.100000  56.500000  0.707107
32.200000  64.500000  16.263456
32.300000  60.500000  0.707107
32.400000  63.000000  2.828427
32.500000  56.000000  0.000000
32.600000  62.500000  4.949747
32.700000  67.000000  1.414214
32.800000  60.000000  1.414214
32.900000  54.000000  11.313708
33.000000  59.000000  4.242641
33.100000  64.000000  7.071068
33.200000  65.000000  4.242641
33.300000  63.000000  5.656854
33.400000  49.500000  0.707107
33.500000  59.500000  2.121320
33.600000  63.000000  0.000000
33.700000  69.500000  10.606602
33.800000  55.500000  0.707107
33.900000  63.500000  4.949747
34.000000  61.000000  8.485281
34.100000  57.000000  9.899495
34.200000  51.500000  3.535534
34.300000  58.000000  12.727922
34.400000  62.500000  7.778175
34.500000  69.500000  7.778175
34.600000  60.500000  6.363961
34.700000  55.500000  7.778175
34.800000  63.000000  8.485281
34.900000  49.000000  4.242641
35.000000  61.500000  0.707107
35.100000  53.500000  0.707107
35.200000  58.000000  2.828427
35.300000  58.500000  2.121320
35.400000  67.000000  1.414214
35.500000  60.500000  4.949747
35.600000  60.000000  5.656854
35.700000  57.500000  3.535534
35.800000  59.000000  11.313708
35.900000  53.500000  2.121320
36.000000  68.500000  4.949747
36.100000  58.500000  7.778175
36.200000  62.000000  1.414214
36.300000  62.000000  12.727922
36.400000  61.000000  8.485281
36.500000  61.500000  3.535534
36.600000  62.000000  16.970563
36.700000  55.000000  5.656854
36.800000  60.000000  4.242641
36.900000  56.500000  4.949747
37.000000  57.500000  7.778175
37.100000  62.000000  1.414214
37.200000  63.000000  1.414214
37.300000  60.500000  2.121320
37.400000  59.500000  0.707107
37.500000  56.500000  13.435029
37.600000  59.500000  7.778175
37.700000  63.500000  0.707107
37.800000  73.500000  0.707107
37.900000  58.000000  9.899495
38.000000  60.000000  4.242641
38.100000  65.000000  9.899495
38.200000  70.000000  2.828427
38.300000  68.500000  4.949747
38.400000  63.000000  14.142136
38.500000  60.000000  1.414214
38.600000  61.000000  12.727922
38.700000  57.500000  2.121320
38.800000  57.000000  4.242641
38.900000  54.000000  2.828427
39.000000  60.000000  5.656854
39.100000  62.500000  7.778175
39.200000  62.500000  10.606602
39.300000  58.000000  0.000000
39.400000  58.000000  1.414214
39.500000  60.500000  20.506097
39.600000  62.000000  4.242641
39.700000  52.000000  2.828427
39.800000  60.000000  5.656854
39.900000  65.500000  6.363961
40.000000  56.000000  4.242641
40.100000  56.000000  0.000000
40.200000  57.000000  15.556349
40.300000  65.500000  0.707107
40.400000  66.000000  4.242641
40.500000  64.500000  0.707107
40.600000  60.000000  0.000000
40.700000  63.500000  12.020815
40.800000  57.500000  9.192388
40.900000  61.000000  8.485281
41.000000  63.000000  1.414214
41.100000  55.500000  2.121320
41.200000  64.000000  9.899495
41.300000  67.500000  4.949747
41.400000  64.500000  12.020815
41.500000  69.000000  12.727922
41.600000  63.000000  1.414214
41.700000  64.500000  13.435029
41.800000  64.000000  1.414214
41.900000  61.000000  1.414214
42.000000  55.500000  2.121320
42.100000  70.500000  4.949747
42.200000  64.500000  0.707107
42.300000  69.000000  8.485281
42.400000  67.000000  1.414214
42.500000  63.000000  4.242641
42.600000  59.000000  1.414214
42.700000  55.500000  16.263456
42.800000  61.500000  0.707107
42.900000  63.000000  7.071068
43.000000  56.500000  4.949747
43.100000  66.000000  1.414214
43.200000  54.000000  5.656854
43.300000  65.000000  9.899495
43.400000  50.000000  2.828427
43.500000  64.000000  1.414214
43.600000  59.500000  2.121320
43.700000  59.500000  7.778175
43.800000  59.500000  6.363961
43.900000  61.500000  2.121320
44.000000  67.000000  0.000000
44.100000  54.500000  3.535534
44.200000  69.000000  4.242641
44.300000  69.500000  0.707107
44.400000  57.500000  10.606602
44.500000  60.000000  15.556349
44.600000  65.000000  2.828427
44.700000  69.500000  4.949747
44.800000  63.500000  4.949747
44.900000  59.500000  3.535534
45.000000  59.000000  2.828427
45.100000  57.000000  5.656854
45.200000  54.000000  2.828427
45.300000  58.000000  5.656854
45.400000  58.000000  1.414214
45.500000  59.000000  4.242641
45.600000  64.500000  4.949747
45.700000  53.500000  0.707107
45.800000  67.000000  8.485281
45.900000  59.000000  14.142136
46.000000  67.000000  4.242641
46.100000  64.000000  5.656854
46.200000  62.000000  7.071068
46.300000  53.500000  4.949747
46.400000  62.000000  0.000000
46.500000  56.500000  21.920310
46.600000  57.000000  1.414214
46.700000  67.000000  4.242641
46.800000  61.000000  11.313708
46.900000  58.500000  4.949747
47.000000  56.500000  9.192388
47.100000  62.500000  6.363961
47.200000  56.500000  3.535534
47.300000  56.500000  4.949747
47.400000  57.500000  4.949747
47.500000  59.500000  10.606602
47.600000  58.000000  5.656854
47.700000  66.000000  0.000000
47.800000  56.000000  4.242641
47.900000  63.000000  9.899495
48.000000  56.000000  5.656854
48.100000  64.500000  14.849242
48.200000  65.500000  3.535534
48.300000  65.000000  12.727922
48.400000  54.500000  7.778175
48.500000  54.000000  1.414214
48.600000  62.000000  1.414214
48.700000  53.500000  6.363961
48.800000  67.500000  4.949747
48.900000  60.500000  4.949747
49.000000  56.000000  7.071068
49.100000  66.000000  1.414214
49.200000  62.500000  6.363961
49.300000  61.500000  3.535534
49.400000  59.500000  9.192388
49.500000  74.500000  2.121320
49.600000  57.000000  5.656854
49.700000  58.500000  19.091883
49.800000  65.500000  0.707107
49.900000  59.000000  4.242641
50.000000  58.000000  2.828427
50.100000  54.500000  6.363961
50.200000  63.500000  4.949747
50.300000  58.500000  2.121320
50.400000  55.500000  0.707107
50.500000  61.500000  10.606602
50.600000  58.500000  0.707107
50.700000  61.000000  5.656854
50.800000  64.000000  5.656854
50.900000  63.000000  1.414214
51.000000  56.000000  7.071068
51.100000  55.500000  4.949747
51.200000  58.500000  2.121320
51.300000  60.000000  1.414214
51.400000  58.500000  3.535534
51.500000  62.500000  3.535534
51.600000  62.000000  7.071068
51.700000  62.500000  12.020815
51.800000  63.000000  1.414214
51.900000  57.500000  16.263456
52.000000  59.500000  0.707107
52.100000  60.000000  5.656854
52.200000  60.000000  11.313708
52.300000  57.500000  16.263456
52.400000  52.500000  6.363961
52.500000  59.500000  4.949747
52.600000  70.000000  8.485281
52.700000  57.000000  14.142136
52.800000  68.500000  3.535534
52.900000  53.500000  0.707107
53.000000  55.000000  4.242641
53.100000  57.000000  4.242641
53.200000  66.500000  0.707107
53.300000  47.500000  16.263456
53.400000  62.000000  12.727922
53.500000  53.000000  4.242641
53.600000  55.500000  9.192388
53.700000  59.500000  2.121320
53.800000  57.500000  13.435029
53.900000  65.500000  12.020815
54.000000  54.500000  4.949747
54.100000  58.000000  8.485281
54.200000  65.000000  7.071068
54.300000  62.500000  9.192388
54.400000  60.000000  0.000000
54.500000  63.500000  0.707107
54.600000  58.000000  4.242641
54.700000  58.000000  9.899495
54.800000  60.000000  11.313708
54.900000  57.500000  13.435029
55.000000  57.000000  0.000000
55.100000  59.000000  1.414214
55.200000  61.000000  7.071068
55.300000  56.500000  4.949747
55.400000  56.000000  11.313708
55.500000  58.000000  2.828427
55.600000  54.500000  0.707107
55.700000  53.000000  1.414214
55.800000  59.000000  2.828427
55.900000  63.500000  4.949747
56.000000  65.000000  5.656854
56.100000  66.000000  2.828427
56.200000  59.500000  2.121320
56.300000  60.000000  9.899495
56.400000  59.500000  2.121320
56.500000  60.000000  5.656854
56.600000  61.500000  9.192388
56.700000  54.500000  10.606602
56.800000  55.500000  9.192388
56.900000  61.000000  2.828427
57.000000  62.500000  7.778175
57.100000  61.000000  1.414214
57.200000  63.000000  7.071068
57.300000  65.000000  8.485281
57.400000  64.000000  1.414214
57.500000  69.000000  2.828427
57.600000  64.000000  4.242641
57.700000  60.500000  6.363961
57.800000  60.500000  9.192388
57.900000  60.500000  3.535534
58.000000  66.000000  7.071068
58.100000  60.500000  3.535534
58.200000  55.000000  4.242641
58.300000  61.000000  5.656854
58.400000  59.000000  5.656854
58.500000  57.000000  1.414214
58.600000  56.000000  5.656854
58.700000  61.000000  12.727922
58.800000  73.500000  2.121320
58.900000  56.000000  5.656854
59.000000  50.500000  2.121320
59.100000  58.500000  14.849242
59.200000  63.000000  2.828427
59.300000  56.500000  4.949747
59.400000  55.000000  7.071068
59.500000  49.500000  0.707107
59.600000  62.500000  3.535534
59.700000  63.000000  4.242641
59.800000  68.500000  10.606602
59.900000  64.000000  0.000000
60.000000  67.000000  1.414214
60.100000  61.000000  5.656854
60.200000  59.500000  4.949747
60.300000  61.500000  4.949747
60.400000  62.000000  2.828427
60.500000  62.000000  7.071068
60.600000  60.000000  8.485281
60.700000  60.500000  7.778175
60.800000  55.000000  8.485281
60.900000  53.500000  12.020815
61.000000  58.500000  3.535534
61.100000  57.500000  6.363961
61.200000  58.500000  3.535534
61.300000  57.000000  12.727922
61.400000  60.000000  2.828427
61.500000  62.000000  1.414214
61.600000  59.500000  6.363961
61.700000  65.000000  11.313708
61.800000  62.500000  21.920310
61.900000  58.000000  2.828427
62.000000  72.000000  8.485281
62.100000  54.500000  12.020815
62.200000  63.000000  5.656854
62.300000  62.500000  9.192388
62.400000  61.000000  0.000000
62.500000  57.000000  0.000000
62.600000  61.500000  6.363961
62.700000  63.000000  1.414214
62.800000  52.500000  9.192388
62.900000  61.000000  1.414214
63.000000  56.000000  15.556349
63.100000  64.500000  0.707107
63.200000  66.000000  5.656854
63.300000  64.000000  4.242641
63.400000  60.000000  1.414214
63.500000  61.000000  7.071068
63.600000  63.000000  5.656854
63.700000  57.500000  3.535534
63.800000  61.000000  1.414214
63.900000  51.500000  3.535534
64.000000  58.500000  12.020815
64.100000  61.000000  1.414214
64.200000  58.000000  8.485281
64.300000  60.000000  21.213203
64.400000  57.500000  2.121320
64.500000  64.000000  4.242641
64.600000  66.000000  1.414214
64.700000  60.500000  4.949747
64.800000  64.000000  2.828427
64.900000  63.000000  2.828427
65.000000  62.500000  3.535534
65.100000  54.500000  6.363961
65.200000  61.000000  0.000000
65.300000  51.000000  1.414214
65.400000  55.500000  6.363961
65.500000  57.500000  2.121320
65.600000  62.000000  4.242641
65.700000  63.000000  1.414214
65.800000  55.000000  14.142136
65.900000  56.000000  11.313708
66.000000  66.000000  12.727922
66.100000  56.000000  1.414214
66.200000  58.500000  6.363961
66.300000  64.500000  0.707107
66.400000  50.000000  2.828427
66.500000  68.000000  4.242641
66.600000  54.500000  7.778175
66.700000  67.500000  0.707107
66.800000  58.000000  1.414214
66.900000  59.000000  7.071068
67.000000  51.500000  9.192388
67.100000  57.500000  4.949747
67.200000  66.000000  12.727922
67.300000  52.000000  8.485281
67.400000  53.000000  14.142136
67.500000  55.000000  16.970563
67.600000  63.000000  5.656854
67.700000  70.000000  7.071068
67.800000  60.000000  14.142136
67.900000  50.000000  1.414214
68.000000  54.000000  14.142136
68.100000  61.500000  0.707107
68.200000  65.500000  2.121320
68.300000  64.000000  11.313708
68.400000  68.000000  5.656854
68.500000  55.500000  4.949747
68.600000  56.000000  12.727922
68.700000  57.000000  8.485281
68.800000  58.000000  16.970563
68.900000  65.500000  4.949747
69.000000  57.500000  2.121320
69.100000  64.000000  16.970563
69.200000  58.500000  3.535534
69.300000  59.000000  12.727922
69.400000  55.000000  4.242641
69.500000  55.500000  14.849242
69.600000  58.000000  0.000000
69.700000  57.000000  4.242641
69.800000  48.000000  5.656854
69.900000  51.000000  5.656854
70.000000  39.500000  10.606602
70.100000  60.500000  6.363961
70.200000  50.500000  4.949747
70.300000  59.000000  1.414214
70.400000  52.500000  2.121320
70.500000  60.000000  16.970563
70.600000  60.000000  0.000000
70.700000  58.500000  2.121320
70.800000  53.500000  4.949747
70.900000  58.500000  7.778175
71.000000  62.000000  5.656854
71.100000  47.500000  9.192388
71.200000  63.500000  19.091883
71.300000  65.000000  14.142136
71.400000  66.500000  6.363961
71.500000  55.000000  2.828427
71.600000  61.500000  2.121320
71.700000  61.000000  9.899495
71.800000  60.000000  11.313708
71.900000  49.500000  4.949747
72.000000  62.500000  3.535534
72.100000  53.000000  2.828427
72.200000  55.000000  8.485281
72.300000  57.500000  4.949747
72.400000  60.500000  2.121320
72.500000  62.500000  4.949747
72.600000  65.500000  3.535534
72.700000  68.500000  6.363961
72.800000  63.500000  3.535534
72.900000  65.000000  2.828427
73.000000  57.500000  0.707107
73.100000  55.500000  7.778175
73.200000  58.500000  10.606602
73.300000  53.000000  8.485281
73.400000  68.000000  0.000000
73.500000  54.500000  0.707107
73.600000  60.500000  3.535534
73.700000  62.500000  4.949747
73.800000  56.000000  1.414214
73.900000  62.000000  1.414214
74.000000  54.000000  5.656854
74.100000  70.000000  19.798990
74.200000  63.500000  3.535534
74.300000  59.000000  4.242641
74.400000  56.500000  6.363961
74.500000  62.000000  4.242641
74.600000  69.000000  8.485281
74.700000  64.000000  8.485281
74.800000  67.500000  0.707107
74.900000  61.000000  2.828427
75.000000  63.000000  1.414214
75.100000  59.000000  5.656854
75.200000  56.500000  10.606602
75.300000  53.500000  2.121320
75.400000  54.000000  15.556349
75.500000  61.500000  4.949747
75.600000  71.000000  14.142136
75.700000  71.500000  13.435029
75.800000  73.500000  0.707107
75.900000  55.000000  8.485281
76.000000  57.000000  11.313708
76.100000  68.000000  1.414214
76.200000  59.000000  4.242641
76.300000  58.500000  4.949747
76.400000  61.000000  1.414214
76.500000  61.000000  2.828427
76.600000  56.500000  0.707107
76.700000  64.000000  4.242641
76.800000  60.000000  1.414214
76.900000  68.000000  4.242641
77.000000  68.500000  10.606602
77.100000  61.000000  8.485281
77.200000  65.000000  2.828427
77.300000  67.000000  2.828427
77.400000  57.000000  0.000000
77.500000  69.500000  2.121320
77.600000  67.000000  4.242641
77.700000  63.500000  3.535534
77.800000  64.000000  8.485281
77.900000  54.500000  4.949747
78.000000  56.000000  1.414214
78.100000  64.000000  5.656854
78.200000  62.500000  4.949747
78.300000  64.000000  0.000000
78.400000  59.500000  3.535534
78.500000  66.000000  2.828427
78.600000  62.500000  4.949747
78.700000  64.500000  12.020815
78.800000  61.000000  1.414214
78.900000  60.000000  8.485281
79.000000  69.500000  9.192388
79.100000  67.000000  1.414214
79.200000  73.500000  3.535534
79.300000  67.000000  7.071068
79.400000  64.000000  1.414214
79.500000  67.000000  11.313708
79.600000  65.500000  0.707107
79.700000  59.500000  10.606602
79.800000  64.500000  0.707107
79.900000  70.500000  0.707107
80.000000  70.000000  2.828427
80.100000  75.000000  1.414214
80.200000  71.500000  0.707107
80.300000  71.000000  8.485281
80.400000  65.500000  2.121320
80.500000  60.000000  2.828427
80.600000  56.000000  0.000000
80.700000  59.500000  0.707107
80.800000  70.500000  13.435029
80.900000  55.000000  16.970563
81.000000  55.000000  12.727922
81.100000  61.000000  15.556349
81.200000  65.000000  9.899495
81.300000  59.000000  4.242641
81.400000  68.500000  4.949747
81.500000  69.500000  6.363961
81.600000  65.500000  4.949747
81.700000  62.000000  7.071068
81.800000  67.500000  4.949747
81.900000  66.000000  7.071068
82.000000  59.500000  10.606602
82.100000  65.000000  9.899495
82.200000  71.500000  0.707107
82.300000  58.500000  2.121320
82.400000  62.500000  10.606602
82.500000  64.500000  0.707107
82.600000  62.500000  6.363961
82.700000  61.500000  9.192388
82.800000  60.000000  1.414214
82.900000  60.500000  9.192388
83.000000  65.000000  11.313708
83.100000  53.500000  2.121320
83.200000  62.000000  2.828427
83.300000  61.500000  13.435029
83.400000  61.500000  4.949747
83.500000  56.000000  18.384776
83.600000  65.000000  4.242641
83.700000  60.500000  2.121320
83.800000  57.500000  6.363961
83.900000  65.000000  4.242641
84.000000  57.000000  1.414214
84.100000  56.500000  13.435029
84.200000  62.000000  15.556349
84.300000  54.000000  0.000000
84.400000  57.500000  0.707107
84.500000  58.000000  1.414214
84.600000  68.000000  18.384776
84.700000  62.000000  7.071068
84.800000  58.000000  7.071068
84.900000  59.500000  10.606602
85.000000  70.000000  1.414214
85.100000  68.000000  5.656854
85.200000  59.500000  13.435029
85.300000  67.000000  0.000000
85.400000  66.500000  0.707107
85.500000  74.500000  2.121320
85.600000  57.500000  7.778175
85.700000  58.000000  11.313708
85.800000  62.000000  5.656854
85.900000  53.500000  0.707107
86.000000  63.000000  8.485281
86.100000  61.500000  2.121320
86.200000  62.500000  6.363961
86.300000  64.500000  2.121320
86.400000  64.500000  7.778175
86.500000  65.500000  0.707107
86.600000  57.500000  10.606602
86.700000  65.500000  2.121320
86.800000  58.000000  2.828427
86.900000  54.500000  6.363961
87.000000  64.500000  0.707107
87.100000  62.500000  2.121320
87.200000  61.500000  4.949747
87.300000  58.500000  4.949747
87.400000  63.500000  6.363961
87.500000  65.000000  1.414214
87.600000  59.000000  7.071068
87.700000  62.500000  7.778175
87.800000  60.000000  1.414214
87.900000  65.500000  9.192388
88.000000  57.000000  1.414214
88.100000  61.000000  4.242641
88.200000  53.000000  2.828427
88.300000  58.500000  0.707107
88.400000  61.500000  2.121320
88.500000  62.500000  2.121320
88.600000  52.000000  4.242641
88.700000  59.500000  7.778175
88.800000  58.500000  6.363961
88.900000  60.500000  10.606602
89.000000  59.000000  4.242641
89.100000  62.500000  9.192388
89.200000  54.000000  4.242641
89.300000  64.500000  7.778175
89.400000  63.500000  0.707107
89.500000  57.500000  2.121320
89.600000  68.000000  1.414214
89.700000  63.500000  6.363961
89.800000  50.500000  9.192388
89.900000  66.000000  0.000000
90.000000  61.000000  4.242641
90.100000  57.000000  7.071068
90.200000  63.500000  6.363961
90.300000  62.000000  1.414214
90.400000  64.000000  1.414214
90.500000  65.000000  1.414214
90.600000  66.000000  11.313708
90.700000  65.000000  1.414214
90.800000  54.000000  19.798990
90.900000  58.000000  1.414214
91.000000  61.000000  2.828427
91.100000  60.500000  7.778175
91.200000  60.000000  2.828427
91.300000  60.000000  5.656854
91.400000  58.000000  2.828427
91.500000  60.500000  0.707107
91.600000  57.000000  0.000000
91.700000  63.500000  6.363961
91.800000  61.500000  10.606602
91.900000  60.000000  4.242641
92.000000  53.500000  6.363961
92.100000  63.500000  0.707107
92.200000  66.000000  4.242641
92.300000  59.000000  4.242641
92.400000  64.000000  1.414214
92.500000  62.500000  0.707107
92.600000  66.500000  4.949747
92.700000  62.000000  1.414214
92.800000  50.500000  4.949747
92.900000  57.000000  7.071068
93.000000  66.000000  9.899495
93.100000  61.500000  0.707107
93.200000  66.000000  4.242641
93.300000  51.000000  4.242641
93.400000  62.500000  12.020815
93.500000  60.500000  3.535534
93.600000  62.000000  1.414214
93.700000  63.000000  8.485281
93.800000  72.500000  4.949747
93.900000  66.000000  4.242641
94.000000  56.500000  2.121320
94.100000  57.000000  5.656854
94.200000  63.500000  3.535534
94.300000  68.000000  5.656854
94.400000  52.500000  0.707107
94.500000  57.500000  4.949747
94.600000  62.500000  6.363961
94.700000  53.500000  14.849242
94.800000  64.500000  2.121320
94.900000  60.500000  6.363961
95.000000  55.000000  7.071068
95.100000  60.000000  4.242641
95.200000  70.500000  2.121320
95.300000  60.500000  2.121320
95.400000  59.500000  0.707107
95.500000  63.000000  9.899495
95.600000  64.000000  11.313708
95.700000  67.000000  7.071068
95.800000  58.000000  11.313708
95.900000  64.000000  7.071068
96.000000  60.000000  12.727922
96.100000  64.000000  5.656854
96.200000  55.500000  2.121320
96.300000  54.000000  9.899495
96.400000  65.000000  2.828427
96.500000  60.500000  2.121320
96.600000  62.000000  1.414214
96.700000  65.000000  2.828427
96.800000  65.500000  2.121320
96.900000  61.000000  0.000000
97.000000  53.500000  2.121320
97.100000  61.000000  1.414214
97.200000  58.000000  2.828427
97.300000  59.500000  3.535534
97.400000  64.500000  4.949747
97.500000  58.500000  2.121320
97.600000  55.500000  3.535534
97.700000  56.500000  6.363961
97.800000  59.000000  8.485281
97.900000  56.500000  2.121320
98.000000  62.000000  1.414214
98.100000  59.500000  12.020815
98.200000  65.000000  5.656854
98.300000  63.000000  11.313708
98.400000  62.500000  9.192388
98.500000  60.000000  2.828427
98.600000  65.000000  5.656854
98.700000  64.500000  3.535534
98.800000  58.000000  5.656854
98.900000  54.000000  1.414214
99.000000  54.500000  0.707107
99.100000  64.000000  1.414214
99.200000  62.500000  2.121320
99.300000  60.000000  5.656854
99.400000  59.500000  9.192388
99.500000  57.000000  0.000000
99.600000  53.000000  7.071068
99.700000  65.500000  9.192388
99.800000  56.000000  2.828427
99.900000  54.000000  2.828427
100.000000  58.500000  9.192388
100.100000  57.500000  4.949747
100.200000  61.000000  8.485281
100.300000  55.500000  0.707107
100.400000  61.500000  2.121320
100.500000  57.500000  6.363961
100.600000  59.000000  9.899495
100.700000  65.500000  2.121320
100.800000  62.000000  2.828427
100.900000  59.500000  9.192388
101.000000  68.000000  2.828427
101.100000  59.500000  2.121320
101.200000  58.500000  7.778175
101.300000  64.000000  18.384776
101.400000  53.000000  19.798990
101.500000  50.500000  7.778175
101.600000  48.500000  3.535534
101.700000  48.000000  2.828427
101.800000  59.500000  7.778175
101.900000  57.500000  12.020815
102.000000  58.000000  1.414214
102.100000  59.000000  9.899495
102.200000  59.000000  9.899495
102.300000  55.000000  5.656854
102.400000  62.000000  2.828427
102.500000  63.000000  5.656854
102.600000  63.500000  2.121320
102.700000  58.000000  1.414214
102.800000  52.000000  5.656854
102.900000  54.000000  1.414214
103.000000  63.000000  5.656854
103.100000  56.000000  2.828427
103.200000  58.500000  2.121320
103.300000  59.500000  10.606602
103.400000  54.500000  4.949747
103.500000  63.500000  4.949747
103.600000  61.000000  5.656854
103.700000  63.500000  0.707107
103.800000  55.500000  0.707107
103.900000  58.000000  5.656854
104.000000  57.500000  12.020815
104.100000  60.000000  1.414214
104.200000  57.000000  4.242641
104.300000  52.500000  3.535534
104.400000  57.000000  2.828427
104.500000  48.500000  9.192388
104.600000  56.000000  2.828427
104.700000  55.000000  12.727922
104.800000  54.500000  6.363961
104.900000  61.000000  0.000000
105.000000  61.500000  2.121320
105.100000  64.500000  6.363961
105.200000  65.500000  6.363961
105.300000  61.000000  1.414214
105.400000  59.500000  14.849242
105.500000  51.000000  0.000000
105.600000  58.500000  0.707107
105.700000  53.500000  10.606602
105.800000  59.000000  1.414214
105.900000  58.500000  0.707107
106.000000  64.500000  4.949747
106.100000  56.000000  11.313708
106.200000  60.500000  6.363961
106.300000  65.500000  3.535534
106.400000  64.000000  2.828427
106.500000  62.500000  3.535534
106.600000  48.500000  7.778175
106.700000  58.500000  6.363961
106.800000  59.500000  9.192388
106.900000  52.000000  7.071068
107.000000  70.500000  6.363961
107.100000  57.500000  4.949747
107.200000  67.500000  4.949747
107.300000  58.000000  12.727922
107.400000  59.500000  3.535534
107.500000  55.500000  7.778175
107.600000  54.000000  4.242641
107.700000  52.500000  3.535534
107.800000  62.000000  1.414214
107.900000  61.500000  4.949747
108.000000  51.000000  2.828427
108.100000  56.000000  8.485281
108.200000  53.000000  5.656854
108.300000  69.000000  8.485281
108.400000  57.500000  4.949747
108.500000  59.000000  11.313708
108.600000  59.500000  10.606602
108.700000  62.000000  1.414214
108.800000  51.000000  4.242641
108.900000  62.500000  6.363961
109.000000  54.000000  0.000000
109.100000  54.000000  4.242641
109.200000  54.000000  2.828427
109.300000  65.000000  0.000000
109.400000  51.000000  1.414214
109.500000  61.000000  4.242641
109.600000  60.000000  1.414214
109.700000  62.500000  6.363961
109.800000  60.500000  10.606602
109.900000  70.000000  4.242641
110.000000  55.500000  7.778175
110.100000  64.500000  3.535534
110.200000  51.500000  10.606602
110.300000  56.000000  8.485281
110.400000  64.000000  2.828427
110.500000  57.000000  9.899495
110.600000  60.500000  7.778175
110.700000  67.000000  1.414214
110.800000  65.000000  4.242641
110.900000  58.500000  7.778175
111.000000  61.500000  9.192388
111.100000  60.500000  3.535534
111.200000  61.000000  2.828427
111.300000  55.000000  2.828427
111.400000  55.500000  0.707107
111.500000  63.000000  2.828427
111.600000  55.500000  13.435029
111.700000  57.000000  4.242641
111.800000  61.500000  0.707107
111.900000  57.000000  5.656854
112.000000  61.000000  8.485281
112.100000  55.000000  15.556349
112.200000  58.000000  5.656854
112.300000  62.500000  12.020815
112.400000  64.000000  0.000000
112.500000  63.000000  9.899495
112.600000  59.500000  4.949747
112.700000  55.500000  2.121320
112.800000  51.000000  5.656854
112.900000  56.500000  13.435029
113.000000  62.500000  3.535534
113.100000  59.000000  8.485281
113.200000  53.500000  3.535534
113.300000  64.500000  4.949747
113.400000  63.000000  9.899495
113.500000  59.500000  0.707107
113.600000  65.500000  4.949747
113.700000  54.500000  0.707107
113.800000  62.000000  16.970563
113.900000  58.500000  13.435029
114.000000  57.000000  5.656854
114.100000  59.500000  10.606602
114.200000  57.500000  9.192388
114.300000  64.000000  8.485281
114.400000  57.500000  10.606602
114.500000  58.500000  2.121320
114.600000  58.500000  13.435029
114.700000  57.000000  5.656854
114.800000  62.500000  21.920310
114.900000  54.500000  13.435029
115.000000  64.000000  9.899495
115.100000  56.000000  15.556349
115.200000  54.000000  1.414214
115.300000  63.000000  1.414214
115.400000  68.000000  8.485281
115.500000  53.500000  9.192388
115.600000  52.000000  1.414214
115.700000  58.500000  6.363961
115.800000  58.500000  9.192388
115.900000  63.000000  9.899495
116.000000  57.000000  8.485281
116.100000  54.500000  0.707107
116.200000  55.000000  7.071068
116.300000  62.000000  0.000000
116.400000  56.500000  3.535534
116.500000  58.000000  7.071068
116.600000  55.000000  2.828427
116.700000  52.500000  3.535534
116.800000  56.500000  0.707107
116.900000  53.000000  1.414214
117.000000  53.000000  0.000000
117.100000  66.000000  4.242641
117.200000  58.500000  4.949747
117.300000  57.000000  7.071068
117.400000  54.500000  7.778175
117.500000  63.000000  4.242641
117.600000  52.000000  19.798990
117.700000  52.500000  16.263456
117.800000  57.000000  7.071068
117.900000  48.500000  10.606602
118.000000  65.000000  2.828427
118.100000  61.500000  3.535534
118.200000  53.500000  16.263456
118.300000  53.000000  4.242641
118.400000  58.500000  4.949747
118.500000  57.500000  7.778175
118.600000  53.000000  15.556349
118.700000  56.500000  2.121320
118.800000  56.000000  4.242641
118.900000  52.500000  0.707107
119.000000  52.000000  9.899495
119.100000  59.000000  1.414214
119.200000  50.500000  10.606602
119.300000  63.000000  1.414214
119.400000  63.500000  3.535534
119.500000  57.000000  5.656854
119.600000  59.500000  13.435029
119.700000  52.000000  12.727922
119.800000  55.500000  2.121320
119.900000  58.000000  8.485281
120.000000  54.500000  3.535534
120.100000  57.500000  6.363961
120.200000  57.000000  18.384776
120.300000  56.500000  12.020815
120.400000  63.000000  1.414214
120.500000  57.500000  14.849242
120.600000  57.500000  3.535534
120.700000  54.000000  9.899495
120.800000  56.000000  2.828427
120.900000  53.000000  9.899495
121.000000  61.500000  6.363961
121.100000  55.500000  10.606602
121.200000  61.000000  4.242641
121.300000  55.500000  4.949747
121.400000  57.000000  0.000000
121.500000  49.500000  0.707107
121.600000  61.500000  3.535534
121.700000  53.000000  14.142136
121.800000  60.000000  0.000000
121.900000  57.500000  13.435029
122.000000  55.500000  3.535534
122.100000  57.000000  15.556349
122.200000  52.500000  13.435029
122.300000  57.500000  14.849242
122.400000  60.000000  0.000000
122.500000  56.500000  2.121320
122.600000  59.000000  1.414214
122.700000  60.000000  2.828427
122.800000  59.000000  5.656854
122.900000  54.500000  0.707107
123.000000  62.000000  8.485281
123.100000  63.000000  2.828427
123.200000  54.000000  12.727922
123.300000  51.000000  15.556349
123.400000  48.000000  5.656854
123.500000  53.500000  20.506097
123.600000  50.000000  15.556349
123.700000  52.000000  9.899495
123.800000  61.000000  9.899495
123.900000  56.000000  7.071068
124.000000  65.500000  3.535534
124.100000  46.000000  8.485281
124.200000  54.500000  16.263456
124.300000  56.500000  0.707107
124.400000  53.500000  3.535534
124.500000  50.000000  21.213203
124.600000  55.000000  9.899495
124.700000  53.500000  9.192388
124.800000  47.000000  5.656854
124.900000  45.500000  16.263456
125.000000  52.500000  19.091883
125.100000  47.500000  13.435029
125.200000  41.000000  15.556349
125.300000  51.500000  20.506097
125.400000  49.500000  10.606602
125.500000  51.000000  2.828427
125.600000  49.000000  4.242641
125.700000  52.000000  9.899495
125.800000  53.500000  10.606602
125.900000  52.000000  8.485281
126.000000  54.000000  11.313708
126.100000  59.000000  19.798990
126.200000  53.000000  11.313708
126.300000  50.500000  6.363961
126.400000  57.500000  0.707107
126.500000  51.000000  19.798990
126.600000  54.500000  3.535534
126.700000  55.000000  1.414214
126.800000  50.000000  1.414214
126.900000  61.000000  2.828427
127.000000  57.500000  6.363961
127.100000  55.000000  7.071068
127.200000  60.500000  3.535534
127.300000  54.500000  0.707107
127.400000  57.500000  23.334524
127.500000  47.500000  14.849242
127.600000  48.000000  5.656854
127.700000  55.000000  19.798990
127.800000  42.000000  4.242641
127.900000  58.500000  28.991378
128.000000  61.500000  2.121320
128.100000  55.000000  8.485281
128.200000  58.500000  9.192388
128.300000  51.000000  1.414214
128.400000  53.000000  11.313708
128.500000  51.000000  8.485281
128.600000  55.500000  13.435029
128.700000  53.500000  17.677670
128.800000  46.500000  10.606602
128.900000  48.500000  14.849242
129.000000  57.500000  2.121320
129.100000  45.500000  6.363961
129.200000  48.500000  9.192388
129.300000  53.500000  10.606602
129.400000  49.000000  19.798990
129.500000  62.000000  11.313708
129.600000  51.500000  2.121320
129.700000  50.000000  12.727922
129.800000  52.500000  12.020815
129.900000  59.000000  21.213203
130.000000  58.000000  11.313708
130.100000  49.000000  11.313708
130.200000  57.000000  1.414214
130.300000  46.500000  14.849242
130.400000  51.000000  8.485281
130.500000  47.000000  15.556349
130.600000  51.000000  8.485281
130.700000  55.000000  18.384776
130.800000  55.000000  7.071068
130.900000  55.500000  12.020815
131.000000  59.500000  9.192388
131.100000  57.000000  2.828427
131.200000  61.000000  5.656854
131.300000  39.000000  2.828427
131.400000  55.500000  9.192388
131.500000  50.500000  9.192388
131.600000  55.500000  17.677670
131.700000  48.500000  14.849242
131.800000  55.500000  21.920310
131.900000  55.000000  21.213203
132.000000  62.000000  16.970563
132.100000  58.500000  20.506097
132.200000  44.500000  12.020815
132.300000  48.000000  2.828427
132.400000  57.000000  11.313708
132.500000  51.000000  8.485281
132.600000  46.000000  8.485281
132.700000  49.000000  0.000000
132.800000  49.500000  16.263456
132.900000  52.500000  7.778175
133.000000  56.500000  14.849242
133.100000  55.500000  0.707107
133.200000  49.500000  16.263456
133.300000  48.500000  13.435029
133.400000  59.000000  12.727922
133.500000  53.000000  9.899495
133.600000  49.000000  12.727922
133.700000  54.500000  13.435029
133.800000  47.000000  19.798990
133.900000  46.000000  1.414214
134.000000  55.000000  11.313708
134.100000  59.500000  10.606602
134.200000  45.500000  3.535534
134.300000  50.500000  16.263456
134.400000  52.000000  9.899495
134.500000  53.000000  15.556349
134.600000  53.500000  20.506097
134.700000  55.000000  11.313708
134.800000  52.500000  6.363961
134.900000  54.000000  9.899495
135.000000  55.000000  15.556349
135.100000  48.500000  21.920310
135.200000  53.000000  9.899495
135.300000  58.000000  7.071068
135.400000  64.500000  12.020815
135.500000  53.500000  10.606602
135.600000  56.000000  7.071068
135.700000  55.500000  17.677670
135.800000  49.500000  7.778175
135.900000  52.000000  8.485281
136.000000  53.500000  13.435029
136.100000  53.000000  16.970563
136.200000  57.500000  4.949747
136.300000  54.500000  13.435029
136.400000  54.500000  10.606602
136.500000  58.500000  0.707107
136.600000  58.000000  14.142136
136.700000  55.000000  14.142136
136.800000  49.500000  7.778175
136.900000  48.500000  6.363961
137.000000  48.000000  8.485281
137.100000  54.500000  12.020815
137.200000  53.000000  12.727922
137.300000  51.000000  4.242641
137.400000  55.500000  20.506097
137.500000  56.500000  0.707107
137.600000  56.000000  2.828427
137.700000  52.500000  16.263456
137.800000  48.000000  18.384776
137.900000  54.000000  15.556349
138.000000  54.500000  3.535534
138.100000  56.500000  20.506097
138.200000  50.000000  11.313708
138.300000  54.500000  9.192388
138.400000  52.000000  18.384776
138.500000  57.500000  9.192388
138.600000  49.500000  19.091883
138.700000  49.500000  19.091883
138.800000  50.000000  9.899495
138.900000  49.000000  19.798990
139.000000  49.000000  12.727922
139.100000  55.000000  22.627417
139.200000  48.500000  14.849242
139.300000  62.500000  23.334524
139.400000  56.000000  14.142136
139.500000  62.000000  9.899495
139.600000  59.500000  17.677670
139.700000  62.000000  12.727922
139.800000  56.500000  16.263456
139.900000  53.000000  16.970563
140.000000  51.000000  14.142136
140.100000  50.000000  8.485281
140.200000  49.000000  15.556349
140.300000  52.500000  10.606602
140.400000  55.000000  11.313708
140.500000  54.500000  12.020815
140.600000  55.000000  7.071068
140.700000  57.000000  7.071068
140.800000  60.000000  8.485281
140.900000  58.000000  1.414214
141.000000  53.000000  8.485281
141.100000  52.500000  9.192388
141.200000  62.000000  14.142136
141.300000  51.000000  12.727922
141.400000  54.000000  19.798990
141.500000  55.500000  12.020815
141.600000  56.000000  11.313708
141.700000  44.000000  8.485281
141.800000  56.500000  10.606602
141.900000  55.000000  14.142136
142.000000  50.000000  7.071068
142.100000  50.500000  9.192388
142.200000  56.000000  11.313708
142.300000  53.000000  11.313708
142.400000  55.000000  12.727922
142.500000  53.000000  4.242641
142.600000  53.500000  4.949747
142.700000  62.000000  9.899495
142.800000  53.000000  5.656854
142.900000  52.000000  14.142136
143.000000  52.000000  9.899495
143.100000  54.000000  12.727922
143.200000  55.500000  7.778175
143.300000  48.500000  12.020815
143.400000  54.000000  15.556349
143.500000  54.000000  5.656854
143.600000  58.000000  9.899495
143.700000  58.500000  3.535534
143.800000  54.000000  18.384776
143.900000  56.000000  9.899495
144.000000  51.000000  8.485281
144.100000  56.500000  4.949747
144.200000  52.500000  12.020815
144.300000  56.000000  8.485281
144.400000  60.500000  23.334524
144.500000  52.000000  7.071068
144.600000  48.000000  1.414214
144.700000  59.000000  7.071068
144.800000  51.000000  18.384776
144.900000  57.000000  26.870058
145.000000  52.500000  13.435029
145.100000  50.000000  2.828427
145.200000  54.000000  21.213203
145.300000  59.500000  12.020815
145.400000  62.500000  7.778175
145.500000  43.500000  0.707107
145.600000  64.000000  12.727922
145.700000  60.500000  3.535534
145.800000  55.500000  14.849242
145.900000  57.500000  17.677670
146.000000  61.500000  7.778175
146.100000  57.000000  2.828427
146.200000  53.500000  6.363961
146.300000  57.500000  4.949747
146.400000  62.500000  4.949747
146.500000  58.500000  0.707107
146.600000  55.500000  16.263456
146.700000  50.500000  4.949747
146.800000  58.000000  18.384776
146.900000  55.000000  4.242641
147.000000  55.000000  1.414214
147.100000  54.500000  10.606602
147.200000  59.000000  7.071068
147.300000  49.500000  20.506097
147.400000  59.500000  12.020815
147.500000  60.500000  0.707107
147.600000  52.500000  0.707107
147.700000  55.000000  2.828427
147.800000  55.000000  11.313708
147.900000  52.500000  14.849242
148.000000  57.500000  20.506097
148.100000  53.500000  10.606602
148.200000  54.500000  12.020815
148.300000  59.500000  10.606602
148.400000  46.500000  12.020815
148.500000  56.500000  7.778175
148.600000  52.500000  19.091883
148.700000  53.000000  15.556349
148.800000  58.500000  13.435029
148.900000  55.000000  9.899495
149.000000  53.500000  17.677670
149.100000  57.500000  9.192388
149.200000  64.500000  13.435029
149.300000  51.500000  13.435029
149.400000  56.000000  14.142136
149.500000  54.500000  14.849242
149.600000  57.000000  15.556349
149.700000  55.000000  16.970563
149.800000  54.500000  13.435029
149.900000  54.500000  2.121320
150.000000  57.500000  10.606602
150.100000  52.500000  4.949747
150.200000  54.000000  14.142136
150.300000  47.000000  9.899495
150.400000  56.500000  0.707107
150.500000  49.000000  16.970563
150.600000  51.000000  8.485281
150.700000  55.500000  14.849242
150.800000  59.000000  9.899495
150.900000  59.000000  9.899495
151.000000  53.500000  10.606602
151.100000  58.000000  4.242641
151.200000  52.000000  8.485281
151.300000  56.000000  16.970563
151.400000  58.000000  14.142136
151.500000  51.000000  4.242641
151.600000  55.000000  5.656854
151.700000  63.000000  8.485281
151.800000  64.000000  5.656854
151.900000  51.500000  4.949747
152.000000  58.500000  4.949747
152.100000  52.500000  6.363961
152.200000  52.500000  7.778175
152.300000  58.500000  16.263456
152.400000  62.000000  2.828427
152.500000  58.500000  3.535534
152.600000  54.500000  0.707107
152.700000  53.000000  9.899495
152.800000  50.500000  6.363961
152.900000  54.500000  16.263456
153.000000  51.000000  4.242641
153.100000  51.000000  1.414214
153.200000  52.000000  0.000000
153.300000  47.000000  5.656854
153.400000  56.500000  13.435029
153.500000  57.000000  1.414214
153.600000  58.500000  14.849242
153.700000  47.000000  16.970563
153.800000  55.500000  9.192388
153.900000  60.000000  8.485281
154.000000  47.500000  2.121320
154.100000  59.000000  24.041631
154.200000  52.500000  10.606602
154.300000  53.000000  1.414214
154.400000  58.000000  9.899495
154.500000  60.500000  3.535534
154.600000  55.000000  7.071068
154.700000  62.500000  0.707107
154.800000  51.500000  9.192388
154.900000  58.000000  11.313708
155.000000  59.500000  6.363961
155.100000  57.500000  10.606602
155.200000  51.000000  1.414214
155.300000  46.000000  8.485281
155.400000  53.000000  12.727922
155.500000  45.500000  20.506097
155.600000  51.500000  3.535534
155.700000  52.000000  7.071068
155.800000  49.000000  7.071068
155.900000  49.500000  7.778175
156.000000  66.500000  7.778175
156.100000  53.000000  16.970563
156.200000  58.000000  9.899495
156.300000  60.000000  18.384776
156.400000  59.000000  11.313708
156.500000  56.500000  6.363961
156.600000  53.500000  20.506097
156.700000  53.500000  12.020815
156.800000  57.500000  14.849242
156.900000  66.000000  1.414214
157.000000  58.500000  13.435029
157.100000  56.500000  3.535534
157.200000  52.000000  2.828427
157.300000  57.000000  2.828427
157.400000  45.000000  4.242641
157.500000  52.500000  9.192388
157.600000  50.000000  9.899495
157.700000  56.000000  5.656854
157.800000  60.000000  2.828427
157.900000  57.500000  2.121320
158.000000  56.000000  15.556349
158.100000  55.000000  5.656854
158.200000  53.500000  14.849242
158.300000  59.000000  12.727922
158.400000  42.500000  9.192388
158.500000  50.500000  13.435029
158.600000  60.500000  16.263456
158.700000  57.000000  2.828427
158.800000  60.000000  5.656854
158.900000  54.000000  15.556349
159.000000  60.000000  11.313708
159.100000  53.000000  5.656854
159.200000  59.500000  14.849242
159.300000  55.500000  13.435029
159.400000  61.500000  14.849242
159.500000  56.500000  2.121320
159.600000  59.000000  18.384776
159.700000  57.000000  11.313708
159.800000  54.000000  16.970563
159.900000  52.500000  4.949747
160.000000  61.500000  10.606602
160.100000  62.500000  12.020815
160.200000  64.500000  10.606602
160.300000  50.000000  9.899495
160.400000  58.500000  14.849242
160.500000  52.500000  16.263456
160.600000  55.500000  9.192388
160.700000  49.000000  2.828427
160.800000  50.000000  9.899495
160.900000  63.500000  19.091883
161.000000  56.000000  16.970563
161.100000  65.500000  9.192388
161.200000  50.000000  9.899495
161.300000  52.000000  9.899495
161.400000  60.500000  26.162951
161.500000  51.000000  9.899495
161.600000  56.000000  15.556349
161.700000  59.500000  12.020815
161.800000  58.500000  9.192388
161.900000  66.000000  5.656854
162.000000  54.500000  14.849242
162.100000  61.000000  5.656854
162.200000  59.500000  21.920310
162.300000  63.000000  12.727922
162.400000  62.000000  11.313708
162.500000  66.000000  11.313708
162.600000  61.500000  7.778175
162.700000  59.000000  19.798990
162.800000  57.000000  2.828427
162.900000  51.000000  11.313708
163.000000  56.000000  16.970563
163.100000  56.500000  12.020815
163.200000  54.000000  14.142136
163.300000  59.500000  9.192388
163.400000  56.000000  16.970563
163.500000  61.500000  9.192388
163.600000  52.000000  14.142136
163.700000  55.500000  0.707107
163.800000  52.500000  10.606602
163.900000  58.500000  9.192388
164.000000  53.000000  12.727922
164.100000  53.000000  18.384776
164.200000  52.500000  20.506097
164.300000  52.500000  10.606602
164.400000  62.500000  13.435029
164.500000  53.000000  12.727922
164.600000  53.500000  16.263456
164.700000  61.500000  7.778175
164.800000  60.500000  7.778175
164.900000  48.500000  12.020815
165.000000  60.000000  9.899495
165.100000  51.500000  2.121320
165.200000  45.000000  16.970563
165.300000  56.000000  7.071068
165.400000  47.000000  8.485281
165.500000  65.500000  10.606602
165.600000  56.000000  12.727922
165.700000  50.500000  12.020815
165.800000  58.000000  9.899495
165.900000  53.000000  9.899495
166.000000  48.500000  10.606602
166.100000  46.500000  3.535534
166.200000  44.500000  7.778175
166.300000  61.000000  7.071068
166.400000  56.000000  8.485281
166.500000  57.000000  8.485281
166.600000  59.500000  10.606602
166.700000  62.500000  17.677670
166.800000  49.000000  11.313708
166.900000  66.500000  10.606602
167.000000  53.000000  5.656854
167.100000  58.500000  12.020815
167.200000  66.000000  11.313708
167.300000  62.000000  9.899495
167.400000  59.500000  6.363961
167.500000  55.000000  11.313708
167.600000  57.500000  13.435029
167.700000  57.000000  18.384776
167.800000  64.500000  19.091883
167.900000  60.500000  13.435029
168.000000  54.500000  7.778175
168.100000  62.500000  9.192388
168.200000  49.000000  15.556349
168.300000  50.000000  11.313708
168.400000  57.000000  9.899495
168.500000  51.000000  8.485281
168.600000  56.500000  3.535534
168.700000  55.000000  15.556349
168.800000  59.500000  13.435029
168.900000  63.000000  9.899495
169.000000  59.000000  11.313708
169.100000  46.000000  7.071068
169.200000  60.000000  16.970563
169.300000  48.500000  13.435029
169.400000  68.000000  14.142136
169.500000  56.000000  14.142136
169.600000  62.500000  0.707107
169.700000  50.000000  11.313708
169.800000  48.500000  12.020815
169.900000  50.500000  2.121320
170.000000  60.500000  13.435029
170.100000  52.500000  3.535534
170.200000  50.500000  6.363961
170.300000  55.000000  5.656854
170.400000  46.000000  11.313708
170.500000  54.500000  20.506097
170.600000  53.000000  4.242641
170.700000  53.000000  2.828427
170.800000  60.000000  9.899495
170.900000  55.500000  14.849242
171.000000  59.500000  9.192388
171.100000  49.500000  14.849242
171.200000  54.000000  4.242641
171.300000  50.000000  7.071068
171.400000  54.500000  12.020815
171.500000  69.000000  0.000000
171.600000  54.000000  11.313708
171.700000  53.000000  15.556349
171.800000  53.000000  0.000000
171.900000  53.500000  0.707107
172.000000  59.000000  7.071068
172.100000  53.000000  12.727922
172.200000  49.500000  7.778175
172.300000  56.500000  3.535534
172.400000  53.500000  19.091883
172.500000  58.500000  3.535534
172.600000  59.000000  14.142136
172.700000  58.000000  18.384776
172.800000  60.500000  13.435029
172.900000  56.500000  13.435029
173.000000  51.000000  15.556349
173.100000  57.000000  5.656854
173.200000  48.500000  9.192388
173.300000  55.500000  17.677670
173.400000  54.500000  6.363961
173.500000  58.500000  6.363961
173.600000  52.500000  16.263456
173.700000  57.500000  2.121320
173.800000  57.500000  16.263456
173.900000  63.500000  7.778175
174.000000  53.500000  9.192388
174.100000  56.500000  12.020815
174.200000  56.500000  6.363961
174.300000  61.500000  12.020815
174.400000  53.000000  9.899495
174.500000  56.500000  10.606602
174.600000  51.000000  1.414214
174.700000  55.500000  6.363961
174.800000  50.500000  16.263456
174.900000  52.000000  9.899495
175.000000  61.000000  15.556349
175.100000  57.500000  2.121320
175.200000  58.500000  17.677670
175.300000  59.000000  12.727922
175.400000  51.000000  18.384776
175.500000  55.500000  7.778175
175.600000  53.000000  9.899495
175.700000  50.500000  21.920310
175.800000  50.500000  9.192388
175.900000  55.000000  5.656854
176.000000  51.500000  7.778175
176.100000  64.500000  17.677670
176.200000  56.000000  7.071068
176.300000  51.500000  14.849242
176.400000  46.500000  2.121320
176.500000  46.500000  19.091883
176.600000  57.000000  9.899495
176.700000  51.500000  2.121320
176.800000  48.000000  18.384776
176.900000  59.000000  16.970563
177.000000  54.500000  6.363961
177.100000  51.000000  9.899495
177.200000  50.000000  8.485281
177.300000  60.000000  11.313708
177.400000  52.500000  12.020815
177.500000  50.500000  7.778175
177.600000  58.000000  24.041631
177.700000  51.000000  14.142136
177.800000  47.000000  12.727922
177.900000  51.500000  4.949747
178.000000  44.500000  9.192388
178.100000  54.000000  11.313708
178.200000  53.500000  12.020815
178.300000  59.000000  5.656854
178.400000  56.500000  9.192388
178.500000  55.000000  11.313708
178.600000  49.500000  12.020815
178.700000  45.500000  6.363961
178.800000  53.500000  16.263456
178.900000  55.500000  16.263456
179.000000  50.500000  13.435029
179.100000  49.000000  19.798990
179.200000  48.500000  17.677670
179.300000  49.500000  13.435029
179.400000  54.000000  7.071068
179.500000  50.000000  9.899495
179.600000  52.000000  7.071068
179.700000  48.500000  14.849242
179.800000  44.000000  11.313708
179.900000  47.500000  20.506097
180.000000  48.000000  21.213203
180.100000  48.500000  17.677670
180.200000  50.000000  15.556349
180.300000  58.000000  11.313708
180.400000  55.500000  10.606602
180.500000  55.500000  16.263456
180.600000  54.000000  7.071068
180.700000  62.500000  6.363961
180.800000  56.000000  21.213203
180.900000  49.500000  7.778175
181.000000  43.500000  17.677670
181.100000  49.500000  16.263456
181.200000  48.500000  19.091883
181.300000  46.500000  12.020815
181.400000  53.000000  22.627417
181.500000  57.500000  13.435029
181.600000  54.000000  4.242641
181.700000  58.500000  7.778175
181.800000  53.000000  4.242641
181.900000  49.000000  11.313708
182.000000  54.500000  14.849242
182.100000  56.500000  2.121320
182.200000  47.500000  10.606602
182.300000  45.500000  2.121320
182.400000  56.500000  20.506097
182.500000  53.000000  5.656854
182.600000  54.000000  16.970563
182.700000  45.500000  13.435029
182.800000  55.000000  11.313708
182.900000  61.000000  9.899495
183.000000  60.500000  13.435029
183.100000  49.500000  16.263456
183.200000  54.000000  9.899495
183.300000  56.500000  26.162951
183.400000  53.500000  17.677670
183.500000  54.000000  19.798990
183.600000  56.500000  14.849242
183.700000  56.000000  11.313708
183.800000  50.500000  10.606602
183.900000  48.500000  24.748737
184.000000  52.000000  15.556349
184.100000  51.000000  14.142136
184.200000  63.000000  0.000000
184.300000  52.500000  17.677670
184.400000  56.000000  1.414214
184.500000  57.500000  7.778175
184.600000  60.500000  9.192388
184.700000  51.500000  3.535534
184.800000  60.500000  14.849242
184.900000  50.000000  8.485281
185.000000  58.500000  20.506097
185.100000  48.500000  23.334524
185.200000  51.500000  14.849242
185.300000  59.000000  21.213203
185.400000  55.000000  5.656854
185.500000  58.500000  13.435029
185.600000  53.500000  9.192388
185.700000  65.000000  2.828427
185.800000  51.500000  9.192388
185.900000  52.500000  13.435029
186.000000  56.500000  10.606602
186.100000  57.000000  11.313708
186.200000  51.000000  9.899495
186.300000  52.000000  14.142136
186.400000  57.000000  0.000000
186.500000  53.000000  11.313708
186.600000  52.500000  12.020815
186.700000  51.000000  14.142136
186.800000  57.000000  12.727922
186.900000  54.000000  12.727922
187.000000  53.500000  9.192388
187.100000  64.500000  10.606602
187.200000  48.500000  7.778175
187.300000  59.500000  4.949747
187.400000  57.500000  10.606602
187.500000  59.500000  4.949747
187.600000  46.000000  15.556349
187.700000  52.000000  9.899495
187.800000  55.000000  18.384776
187.900000  52.000000  12.727922
188.000000  50.000000  16.970563
188.100000  69.000000  4.242641
188.200000  58.000000  4.242641
188.300000  50.500000  13.435029
188.400000  53.000000  2.828427
188.500000  55.500000  17.677670
188.600000  51.000000  11.313708
188.700000  50.500000  9.192388
188.800000  51.500000  7.778175
188.900000  55.000000  7.071068
189.000000  57.500000  6.363961
189.100000  50.000000  15.556349
189.200000  56.000000  5.656854
189.300000  51.500000  19.091883
189.400000  56.500000  13.435029
189.500000  48.500000  12.020815
189.600000  52.500000  2.121320
189.700000  52.000000  11.313708
189.800000  51.500000  10.606602
189.900000  56.000000  1.414214
190.000000  51.500000  14.849242
190.100000  54.000000  11.313708
190.200000  56.000000  12.727922
190.300000  51.000000  7.071068
190.400000  63.500000  0.707107
190.500000  53.000000  12.727922
190.600000  53.000000  9.899495
190.700000  56.500000  4.949747
190.800000  53.000000  12.727922
190.900000  55.000000  0.000000
191.000000  51.500000  4.949747
191.100000  57.000000  12.727922
191.200000  51.000000  25.455844
191.300000  50.000000  11.313708
191.400000  53.000000  12.727922
191.500000  64.000000  9.899495
191.600000  50.500000  13.435029
191.700000  57.000000  12.727922
191.800000  52.500000  10.606602
191.900000  58.000000  8.485281
192.000000  53.000000  8.485281
192.100000  56.000000  14.142136
192.200000  48.000000  18.384776
192.300000  55.000000  11.313708
192.400000  52.000000  16.970563
192.500000  54.500000  0.707107
192.600000  56.000000  0.000000
192.700000  49.500000  0.707107
192.800000  55.000000  15.556349
192.900000  56.500000  9.192388
193.000000  51.000000  19.798990
193.100000  53.500000  9.192388
193.200000  54.500000  7.778175
193.300000  49.500000  0.707107
193.400000  51.500000  10.606602
193.500000  52.500000  2.121320
193.600000  53.500000  3.535534
193.700000  53.500000  0.707107
193.800000  51.000000  11.313708
193.900000  49.500000  14.849242
194.000000  54.000000  8.485281
194.100000  54.500000  13.435029
194.200000  55.500000  19.091883
194.300000  51.000000  7.071068
194.400000  56.500000  7.778175
194.500000  56.000000  2.828427
194.600000  52.500000  9.192388
194.700000  54.500000  0.707107
194.800000  44.000000  9.899495
194.900000  55.000000  14.142136
195.000000  53.000000  1.414214
195.100000  54.500000  3.535534
195.200000  56.000000  14.142136
195.300000  58.000000  4.242641
195.400000  55.000000  5.656854
195.500000  54.500000  10.606602
195.600000  52.000000  7.071068
195.700000  56.000000  5.656854
195.800000  62.500000  2.121320
195.900000  56.500000  13.435029
196.000000  56.500000  19.091883
196.100000  52.500000  9.192388
196.200000  54.000000  9.899495
196.300000  50.500000  10.606602
196.400000  61.000000  15.556349
196.500000  57.500000  12.020815
196.600000  59.000000  7.071068
196.700000  55.500000  14.849242
196.800000  54.500000  4.949747
196.900000  53.500000  4.949747
197.000000  51.500000  7.778175
197.100000  51.500000  14.849242
197.200000  51.500000  17.677670
197.300000  62.000000  12.727922
197.400000  49.500000  2.121320
197.500000  59.000000  9.899495
197.600000  59.500000  4.949747
197.700000  51.000000  7.071068
197.800000  50.000000  11.313708
197.900000  57.500000  7.778175
198.000000  45.500000  3.535534
198.100000  60.000000  8.485281
198.200000  51.000000  11.313708
198.300000  62.000000  8.485281
198.400000  55.000000  7.071068
198.500000  61.000000  16.970563
198.600000  53.500000  9.192388
198.700000  56.000000  14.142136
198.800000  52.500000  6.363961
198.900000  48.500000  6.363961
199.000000  61.500000  19.091883
199.100000  61.500000  10.606602
199.200000  47.500000  7.778175
199.300000  49.500000  9.192388
199.400000  53.000000  5.656854
199.500000  46.000000  12.727922
199.600000  54.000000  7.071068
199.700000  47.000000  8.485281
199.800000  43.500000  13.435029
199.900000  56.000000  14.142136
200.000000  49.500000  6.363961
