# aggregated from 2 replicates
# x  mean  std
0.000000  60.564500  1.069287
1.000000  67.541450  0.588949
2.000000  24.739350  6.069592
5.000000  23.465300  23.616518
6.000000  10.505050  2.158019
7.000000  21.940900  15.773572
10.000000  58.685700  1.798738
11.000000  20.734600  12.390632
12.000000  14.870150  1.367757
13.000000  20.738900  15.073820
14.000000  41.183900  25.913908
15.000000  48.061250  6.092361
16.000000  37.080650  28.080695
19.000000  69.628000  29.885302
20.000000  60.499550  7.386791
21.000000  29.639050  5.237469
22.000000  8.845000  0.353695
23.000000  81.795100  0.390323
24.000000  6.986150  0.018455
25.000000  31.730050  2.511148
26.000000  42.933600  39.997212
27.000000  48.070950  17.051809
29.000000  97.018900  6.765032
30.000000  81.806750  4.129009
31.000000  23.110200  10.369721
32.000000  38.559600  4.294542
33.000000  18.081650  11.886111
34.000000  57.861650  17.641254
35.000000  10.500500  0.682499
36.000000  48.079200  34.522509
37.000000  18.870250  4.288108
39.000000  55.840000  23.832044
40.000000  19.924400  10.842068
41.000000  13.102100  5.421105
42.000000  80.185600  3.658853
43.000000  84.355200  8.102737
45.000000  57.368700  18.928824
46.000000  41.511650  33.100871
48.000000  8.066100  1.097854
49.000000  10.271550  2.696835
52.000000  7.975000  0.411960
53.000000  19.662750  0.469872
54.000000  13.451350  1.236093
55.000000  14.005850  0.365786
56.000000  34.461550  4.256005
57.000000  40.730300  14.708811
58.000000  6.723300  0.186111
60.000000  9.593700  0.386222
61.000000  10.245550  2.353039
63.000000  11.492050  4.946424
64.000000  9.791000  0.493561
65.000000  40.972350  43.710301
66.000000  17.264250  1.319673
67.000000  38.807550  4.009649
68.000000  14.615700  2.903805
69.000000  7.909950  0.292530
70.000000  12.434000  2.290036
71.000000  8.739700  0.059256
72.000000  26.348750  26.782871
73.000000  7.991200  0.731290
74.000000  19.239450  5.482694
76.000000  63.130700  38.159159
77.000000  22.426250  2.290672
78.000000  32.477400  3.117917
83.000000  6.604750  0.106844
84.000000  6.992050  0.233699
85.000000  69.907900  4.075481
86.000000  23.539250  1.146856
87.000000  18.987200  0.663125
88.000000  9.015400  0.073963
89.000000  33.875400  5.277562
90.000000  27.145550  7.362042
91.000000  28.105500  0.341250
92.000000  43.234300  3.098542
93.000000  99.522250  24.940858
94.000000  8.607450  0.444275
95.000000  12.262200  0.572756
96.000000  7.001950  0.155210
97.000000  12.007550  3.684663
98.000000  8.981050  0.654993
100.000000  12.917600  0.178615
101.000000  8.540650  0.980404
102.000000  41.752800  5.881007
103.000000  7.650800  0.287934
104.000000  43.508100  12.764833
105.000000  19.106550  16.174714
106.000000  13.176900  1.725623
107.000000  67.186500  24.862582
109.000000  32.000750  8.907212
110.000000  11.814250  0.925956
111.000000  12.067050  5.335333
112.000000  18.377100  3.437670
113.000000  10.895100  2.271368
114.000000  41.676900  1.050619
115.000000  10.077150  0.705763
116.000000  49.654950  1.414709
117.000000  44.585400  0.172675
120.000000  50.381800  6.672967
121.000000  13.725600  4.424226
122.000000  25.525800  0.485641
124.000000  27.133650  0.264104
126.000000  46.989350  17.894822
127.000000  21.664600  6.158900
128.000000  8.673050  0.710006
129.000000  9.041800  0.093621
130.000000  24.580200  4.396507
131.000000  41.934900  7.137112
132.000000  24.188900  0.567807
133.000000  9.828650  0.307662
134.000000  17.664100  1.152867
135.000000  39.810400  4.482916
136.000000  6.992050  0.217718
137.000000  36.665550  8.965478
138.000000  17.178800  0.499783
139.000000  43.902050  18.142027
