# aggregated from 2 replicates
# x  mean  std
0.000000  62.327037  0.091652
0.100000  60.580866  0.675433
0.200000  59.542766  6.212526
0.300000  61.031713  1.165615
0.400000  59.129767  3.786528
0.500000  60.828437  3.935741
0.600000  60.525016  0.627203
0.700000  60.579261  2.046925
0.800000  60.883277  4.359123
0.900000  60.198456  1.385808
1.000000  60.097051  4.713799
1.100000  61.879867  5.218110
1.200000  62.557832  2.165278
1.300000  61.453111  3.159355
1.400000  65.289032  8.538573
1.500000  61.576268  9.582816
1.600000  61.142319  5.410298
1.700000  63.071302  3.256168
1.800000  63.254205  5.373266
1.900000  62.444151  7.664492
2.000000  63.025543  4.147422
2.100000  62.422688  3.675377
2.200000  61.552343  7.130489
2.300000  65.868645  3.055384
2.400000  60.539738  7.233449
2.500000  62.188372  7.293549
2.600000  63.356581  7.128071
2.700000  62.261543  5.601626
2.800000  60.877225  8.261547
2.900000  60.517290  7.366387
3.000000  59.593902  5.166768
3.100000  64.012013  6.223513
3.200000  62.065756  7.529063
3.300000  60.712684  7.352661
3.400000  62.810891  5.561484
3.500000  63.652737  2.610109
3.600000  62.825433  10.656245
3.700000  60.496975  10.281221
3.800000  60.475656  2.783778
3.900000  62.753381  0.020564
4.000000  60.624422  0.892538
4.100000  60.495857  7.053684
4.200000  58.011594  6.798134
4.300000  62.031354  8.188074
4.400000  60.307572  9.201675
4.500000  64.408115  9.958430
4.600000  60.777426  11.653137
4.700000  63.889210  6.385033
4.800000  63.372929  7.833407
4.900000  64.065103  7.935782
5.000000  62.562048  4.776250
5.100000  61.634132  3.083583
5.200000  62.423039  3.244850
5.300000  63.597337  6.055114
5.400000  61.261251  6.306883
5.500000  61.579097  3.875942
5.600000  60.381580  3.095239
5.700000  65.183918  2.641342
5.800000  61.729291  4.214712
5.900000  62.218520  4.650092
6.000000  63.978454  5.669099
6.100000  61.048273  3.398866
6.200000  63.025720  7.419729
6.300000  62.277192  4.378829
6.400000  62.578788  4.497118
6.500000  63.004169  7.712672
6.600000  64.545431  3.861103
6.700000  62.767768  6.457662
6.800000  62.898085  4.330657
6.900000  64.349037  2.243728
7.000000  59.128338  7.342619
7.100000  59.833916  0.966299
7.200000  58.626869  2.894537
7.300000  60.057337  6.391562
7.400000  63.055736  1.178799
7.500000  60.125181  2.388780
7.600000  64.086629  0.215869
7.700000  62.556648  3.499236
7.800000  60.087069  2.588355
7.900000  61.021443  1.012027
8.000000  65.615403  3.273154
8.100000  59.341186  0.202025
8.200000  61.505696  0.036591
8.300000  63.608851  0.467322
8.400000  60.721832  0.079628
8.500000  62.051092  2.434180
8.600000  64.580893  2.193647
8.700000  60.868506  2.259909
8.800000  60.157186  0.921554
8.900000  61.115492  1.253215
9.000000  61.318570  0.889286
9.100000  62.548567  2.183150
9.200000  64.598339  0.120914
9.300000  63.142591  1.001028
9.400000  63.154969  3.344974
9.500000  61.671518  0.754016
9.600000  65.011736  5.806713
9.700000  64.380595  1.183292
9.800000  65.541278  1.349893
9.900000  65.091520  3.090003
10.000000  63.416764  0.742522
10.100000  59.686729  1.279143
10.200000  63.051835  1.397645
10.300000  62.064985  2.506136
10.400000  63.579649  5.805724
10.500000  66.017663  2.468060
10.600000  61.167437  6.183216
10.700000  59.195745  4.378206
10.800000  64.301908  2.746851
10.900000  65.022855  3.294240
11.000000  59.328225  6.820027
11.100000  63.606369  0.796601
11.200000  62.986873  6.424174
11.300000  65.517686  1.861577
11.400000  58.849694  6.605116
11.500000  60.668659  7.727894
11.600000  61.261370  2.916460
11.700000  63.230625  2.600573
11.800000  62.938938  1.786851
11.900000  63.595707  0.890302
12.000000  63.602122  1.348844
12.100000  64.500167  4.097864
12.200000  61.367247  6.038288
12.300000  59.579284  3.708113
12.400000  61.809598  4.979095
12.500000  62.849821  3.248200
12.600000  62.970285  5.953388
12.700000  60.780653  7.050731
12.800000  59.839016  5.010549
12.900000  61.326084  6.935160
13.000000  63.161842  9.682709
13.100000  61.708349  8.798412
13.200000  60.012856  4.906335
13.300000  60.444157  5.999763
13.400000  61.029460  6.395548
13.500000  61.419521  4.949859
13.600000  61.365043  5.025956
13.700000  61.922075  6.799513
13.800000  61.389172  3.951661
13.900000  61.635257  6.832991
14.000000  61.724066  3.480918
14.100000  62.426091  2.098997
14.200000  63.715029  3.115069
14.300000  62.398255  6.224375
14.400000  62.974763  3.022325
14.500000  63.158296  6.553734
14.600000  59.971379  6.340237
14.700000  59.586676  5.616561
14.800000  64.087831  5.588947
14.900000  63.132672  2.750352
15.000000  62.018349  8.848114
15.100000  62.451389  8.943698
15.200000  61.440502  7.867104
15.300000  56.514798  6.550281
15.400000  60.084778  5.621343
15.500000  58.928391  7.338332
15.600000  63.014284  5.102320
15.700000  61.942676  8.188950
15.800000  62.206037  7.353729
15.900000  64.904766  5.019519
16.000000  66.610397  4.004722
16.100000  63.639418  7.761727
16.200000  61.737656  3.653993
16.300000  61.684559  7.189326
16.400000  60.144919  6.124300
16.500000  61.557005  3.541520
16.600000  60.996592  4.999647
16.700000  63.692824  2.552783
16.800000  60.712982  3.384309
16.900000  63.588604  7.072326
17.000000  64.772101  3.340013
17.100000  61.225946  7.140252
17.200000  59.946130  4.815033
17.300000  60.477234  10.872147
17.400000  61.890662  9.236903
17.500000  64.105556  5.041770
17.600000  62.637407  5.561594
17.700000  62.701700  7.992878
17.800000  61.359504  5.976242
17.900000  62.720208  7.098032
18.000000  64.439926  7.478781
18.100000  60.050700  6.950279
18.200000  62.073065  4.947727
18.300000  62.826504  2.850101
18.400000  64.039445  4.703145
18.500000  64.125803  5.540330
18.600000  62.494982  5.589630
18.700000  63.118995  4.466052
18.800000  63.792306  3.528395
18.900000  60.966712  1.213228
19.000000  59.358936  7.562641
19.100000  60.220031  5.769677
19.200000  60.459135  7.387345
19.300000  62.457551  5.326982
19.400000  61.766403  5.458942
19.500000  59.739932  4.238370
19.600000  60.451391  7.877624
19.700000  60.510235  10.017314
19.800000  59.917624  4.531239
19.900000  61.792719  4.830016
20.000000  62.624508  4.411622
20.100000  61.523082  8.443398
20.200000  64.370980  7.693462
20.300000  62.540191  7.046166
20.400000  61.682435  7.320925
20.500000  63.750178  4.200516
20.600000  62.585748  1.746764
20.700000  64.480056  8.960060
20.800000  62.077411  4.627433
20.900000  61.312983  3.959895
21.000000  62.683703  8.688585
21.100000  62.901872  6.015806
21.200000  62.935795  6.854382
21.300000  61.405983  5.062832
21.400000  63.231603  7.782778
21.500000  61.492834  8.848983
21.600000  62.305659  6.015639
21.700000  61.356668  5.320619
21.800000  65.557221  1.870524
21.900000  63.116154  4.236158
22.000000  62.501445  5.399324
22.100000  62.735124  8.669027
22.200000  64.680854  4.794291
22.300000  62.541435  6.191620
22.400000  62.177127  6.037296
22.500000  64.346266  4.001679
22.600000  62.399954  4.951585
22.700000  62.943804  3.881972
22.800000  60.539437  7.676517
22.900000  63.069315  7.798626
23.000000  62.419410  4.948265
23.100000  62.991600  4.609616
23.200000  61.602797  7.548160
23.300000  63.567926  9.541210
23.400000  63.085135  8.138530
23.500000  62.977654  4.883172
23.600000  64.300081  5.729546
23.700000  63.072736  5.135923
23.800000  62.092941  4.621367
23.900000  61.886291  5.740900
24.000000  62.147102  7.834278
24.100000  62.144871  5.635070
24.200000  62.280246  9.594870
24.300000  63.506341  8.981135
24.400000  61.633299  5.542607
24.500000  60.038647  6.378958
24.600000  62.868892  7.209006
24.700000  61.539490  3.728571
24.800000  62.349524  8.409212
24.900000  62.178832  10.057316
25.000000  63.185138  8.073655
25.100000  61.445843  4.731506
25.200000  64.628478  6.873335
25.300000  63.733584  7.028344
25.400000  62.353493  5.457128
25.500000  61.432061  6.718419
25.600000  63.000694  9.947606
25.700000  64.534020  7.764172
25.800000  62.818424  5.905091
25.900000  63.140881  3.077867
26.000000  62.814944  5.785936
26.100000  64.911210  3.812615
26.200000  63.021821  7.179187
26.300000  63.120581  1.455453
26.400000  63.743727  5.970438
26.500000  62.385659  1.859507
26.600000  62.177391  1.865299
26.700000  63.401834  5.789492
26.800000  63.121284  4.741268
26.900000  62.066585  3.605442
27.000000  60.169303  3.619620
27.100000  60.699698  2.759925
27.200000  61.520355  4.518153
27.300000  60.497594  6.903672
27.400000  61.245112  8.046666
27.500000  62.495985  3.469585
27.600000  63.200786  5.551077
27.700000  62.336114  3.072306
27.800000  61.043024  1.840675
27.900000  62.197339  4.865026
28.000000  65.008509  1.670189
28.100000  61.174928  3.114746
28.200000  62.638917  2.979822
28.300000  63.641312  6.197077
28.400000  62.716223  2.160963
28.500000  62.989553  3.417300
28.600000  62.647099  0.165590
28.700000  62.815382  3.050753
28.800000  61.573084  6.848589
28.900000  64.236639  8.492435
29.000000  63.704147  7.272296
29.100000  63.729983  4.024530
29.200000  61.769865  3.320801
29.300000  63.224157  5.974637
29.400000  63.282435  3.918712
29.500000  59.565269  6.728748
29.600000  60.924994  5.476531
29.700000  63.099027  7.189877
29.800000  60.707231  7.488808
29.900000  64.063297  5.651171
30.000000  62.746275  6.438735
30.100000  62.110613  6.926325
30.200000  65.539676  5.456390
30.300000  61.596219  6.934258
30.400000  60.137521  5.872964
30.500000  62.285905  7.529137
30.600000  60.511126  7.907702
30.700000  61.960442  6.695083
30.800000  60.678996  9.487850
30.900000  61.195175  5.464456
31.000000  61.463799  4.562039
31.100000  62.557943  5.272091
31.200000  60.213515  4.647654
31.300000  62.788536  5.188791
31.400000  60.656874  3.079442
31.500000  60.874978  7.433614
31.600000  60.072899  7.009796
31.700000  61.894918  2.469001
31.800000  63.731885  2.604993
31.900000  60.697984  4.060056
32.000000  60.342096  6.787685
32.100000  59.553669  7.118200
32.200000  64.329919  5.110476
32.300000  62.643135  4.408881
32.400000  60.356647  6.671703
32.500000  64.110590  5.019697
32.600000  60.845394  6.568509
32.700000  61.362495  9.246292
32.800000  62.755150  9.932632
32.900000  62.919264  4.105760
33.000000  62.217644  3.689598
33.100000  62.753916  8.751156
33.200000  61.777676  7.761960
33.300000  60.005563  7.795386
33.400000  58.825617  6.714147
33.500000  63.546903  8.080253
33.600000  62.338720  9.509458
33.700000  60.981288  5.856744
33.800000  61.230102  5.229037
33.900000  60.790217  7.751225
34.000000  59.278341  7.889190
34.100000  60.281705  5.931283
34.200000  61.368290  6.176301
34.300000  61.259443  6.589422
34.400000  63.322522  8.275119
34.500000  63.865690  6.108420
34.600000  59.641478  6.387430
34.700000  62.479694  6.784001
34.800000  64.577069  4.027493
34.900000  62.334311  2.838974
35.000000  61.662222  7.502042
35.100000  64.951478  3.841134
35.200000  62.735764  4.439829
35.300000  63.182015  4.418919
35.400000  61.330764  3.640590
35.500000  62.698154  6.196062
35.600000  63.767640  2.391499
35.700000  62.836509  7.617873
35.800000  63.952953  4.364038
35.900000  61.936654  5.445217
36.000000  62.206024  6.609298
36.100000  63.832359  8.194024
36.200000  63.639257  5.940664
36.300000  61.946088  9.339804
36.400000  64.757015  9.068703
36.500000  62.365133  4.466398
36.600000  63.654969  3.721188
36.700000  62.264133  5.948437
36.800000  60.535768  8.570693
36.900000  63.702614  4.628544
37.000000  65.004064  7.017680
37.100000  64.729843  4.146809
37.200000  67.773068  11.984644
37.300000  62.595355  9.713054
37.400000  64.504404  7.621173
37.500000  59.911794  10.482927
37.600000  61.669086  8.016335
37.700000  62.008791  4.048013
37.800000  63.811469  2.276714
37.900000  63.466859  0.016141
38.000000  64.716932  4.691302
38.100000  66.941024  5.542670
38.200000  62.411946  10.217340
38.300000  64.539009  5.858552
38.400000  64.974891  5.870662
38.500000  64.475234  5.583969
38.600000  62.606972  2.227111
38.700000  65.178657  8.756386
38.800000  63.829640  7.368217
38.900000  63.205490  7.188348
39.000000  62.324491  8.379740
39.100000  63.886838  7.984782
39.200000  60.524064  6.604317
39.300000  64.466302  6.090368
39.400000  60.550252  7.532467
39.500000  62.335470  8.545102
39.600000  62.821182  7.757532
39.700000  59.917009  7.290078
39.800000  61.790442  8.963254
39.900000  60.924082  5.075432
40.000000  61.591923  7.525337
40.100000  61.665594  4.480193
40.200000  64.985302  2.753069
40.300000  62.065393  2.466553
40.400000  63.852964  9.093483
40.500000  61.627104  7.219960
40.600000  63.002195  7.187035
40.700000  63.006783  3.377298
40.800000  62.593756  6.320545
40.900000  59.656520  6.080350
41.000000  61.189004  6.631472
41.100000  62.805841  5.848333
41.200000  63.528851  5.518986
41.300000  62.210778  3.563769
41.400000  60.468130  4.709418
41.500000  63.116738  6.206973
41.600000  61.893957  5.797898
41.700000  60.482947  4.129542
41.800000  60.581901  5.038861
41.900000  62.732167  5.099827
42.000000  60.296079  6.601430
42.100000  61.713835  2.934401
42.200000  62.101146  11.558239
42.300000  61.320930  4.140321
42.400000  62.844668  6.163626
42.500000  60.777549  5.315604
42.600000  63.905827  2.243189
42.700000  65.167014  3.023872
42.800000  66.220791  2.009347
42.900000  61.309620  5.922859
43.000000  64.484863  1.046399
43.100000  65.943450  3.732417
43.200000  64.491980  2.543085
43.300000  62.336323  4.985130
43.400000  61.113163  7.397284
43.500000  64.984398  1.736461
43.600000  61.231009  6.994948
43.700000  63.193375  5.890167
43.800000  63.576778  3.979395
43.900000  64.050011  2.720456
44.000000  63.361669  2.557845
44.100000  62.551764  2.097697
44.200000  65.055402  6.284598
44.300000  63.344120  8.394674
44.400000  61.159634  7.749715
44.500000  64.677179  6.356869
44.600000  63.798571  6.768497
44.700000  61.869473  10.780462
44.800000  64.827662  3.574494
44.900000  62.951699  8.580786
45.000000  66.521005  6.607853
45.100000  62.183965  6.368340
45.200000  61.189121  6.410453
45.300000  65.426058  7.722778
45.400000  62.619395  5.151122
45.500000  64.592757  5.433797
45.600000  62.424867  10.723596
45.700000  64.131597  7.810110
45.800000  63.982465  7.019697
45.900000  60.802717  4.627580
46.000000  63.994484  8.940896
46.100000  61.155565  6.777759
46.200000  63.313813  7.503242
46.300000  64.139314  8.132914
46.400000  61.777963  5.545752
46.500000  64.202283  2.865549
46.600000  65.835963  5.821377
46.700000  64.661501  10.314029
46.800000  65.768763  5.234498
46.900000  64.803258  5.312552
47.000000  67.073256  5.737201
47.100000  63.470201  7.297522
47.200000  63.490554  7.615510
47.300000  64.521671  4.467412
47.400000  65.599255  4.911285
47.500000  65.500435  3.459809
47.600000  66.061019  0.744632
47.700000  64.884196  4.459351
47.800000  64.712811  3.519447
47.900000  64.982900  2.676262
48.000000  61.585712  6.100812
48.100000  60.760779  4.939533
48.200000  59.514204  7.883859
48.300000  61.450032  6.085726
48.400000  59.997915  7.656136
48.500000  60.461809  5.301166
48.600000  63.213934  4.933290
48.700000  64.985488  4.107614
48.800000  64.347961  7.682439
48.900000  63.650534  7.109370
49.000000  62.775317  7.540124
49.100000  63.817531  10.574969
49.200000  65.130299  7.868647
49.300000  63.647694  9.214629
49.400000  62.472808  10.926991
49.500000  61.994152  9.851760
49.600000  60.605790  11.150030
49.700000  64.042146  7.018856
49.800000  63.911556  10.162194
49.900000  62.028345  10.162913
50.000000  60.881284  9.477905
50.100000  62.610465  8.700124
50.200000  60.201701  11.511041
50.300000  63.231117  8.601379
50.400000  61.224886  9.683233
50.500000  61.213134  9.251449
50.600000  61.302231  8.630623
50.700000  64.252933  8.883932
50.800000  61.142484  8.127313
50.900000  61.492815  9.156088
51.000000  62.491492  7.321526
51.100000  62.538849  9.508714
51.200000  62.832433  5.929731
51.300000  59.261174  5.170354
51.400000  63.314820  5.954418
51.500000  59.889280  6.338267
51.600000  61.929408  6.236014
51.700000  58.974057  7.620883
51.800000  59.549977  5.584224
51.900000  60.336869  7.316902
52.000000  60.592782  4.974464
52.100000  61.180895  6.053164
52.200000  60.957657  4.517255
52.300000  60.590051  6.012491
52.400000  58.924880  6.301943
52.500000  59.957730  7.627707
52.600000  59.048251  7.103532
52.700000  61.791247  5.421220
52.800000  61.384882  4.555321
52.900000  58.713814  6.691765
53.000000  59.173455  4.567497
53.100000  56.506012  7.892201
53.200000  60.511499  5.667924
53.300000  61.403968  4.432883
53.400000  59.037690  8.855911
53.500000  62.673386  7.536973
53.600000  61.555389  7.330582
53.700000  59.897701  7.288997
53.800000  60.965464  6.873710
53.900000  60.707482  8.673088
54.000000  59.383458  6.235647
54.100000  59.066732  4.034110
54.200000  61.164194  5.570734
54.300000  60.778693  4.857576
54.400000  60.397647  7.806508
54.500000  60.921436  2.420020
54.600000  59.477942  7.565122
54.700000  61.229694  6.688639
54.800000  62.673573  4.163332
54.900000  61.508617  5.756669
55.000000  60.629180  4.339437
55.100000  60.299478  2.846613
55.200000  62.329883  5.056534
55.300000  62.572283  7.587302
55.400000  59.986179  5.023417
55.500000  62.855106  3.826837
55.600000  62.285314  5.445319
55.700000  61.501878  6.022016
55.800000  61.587727  7.032291
55.900000  60.713713  7.338971
56.000000  63.217888  4.755968
56.100000  64.013991  1.754609
56.200000  59.390969  3.868851
56.300000  60.356137  3.829843
56.400000  65.253484  7.885812
56.500000  61.327880  6.516892
56.600000  62.542962  7.193317
56.700000  62.279500  3.670176
56.800000  62.918103  0.865715
56.900000  62.511345  3.476882
57.000000  64.877186  4.766634
57.100000  62.104898  0.704086
57.200000  60.343353  0.063259
57.300000  62.947359  5.162906
57.400000  64.614553  2.373962
57.500000  64.217910  0.219999
57.600000  62.686412  2.705390
57.700000  62.965140  2.935882
57.800000  61.158391  5.592609
57.900000  61.878423  4.308199
58.000000  61.753411  3.554157
58.100000  61.320521  5.401169
58.200000  63.128994  4.430152
58.300000  64.348449  1.276240
58.400000  62.177970  8.473000
58.500000  65.073491  5.147396
58.600000  61.071168  6.532799
58.700000  63.196601  3.408929
58.800000  62.484719  3.662475
58.900000  60.267392  6.428178
59.000000  63.551082  2.009836
59.100000  67.838521  6.103872
59.200000  63.660196  3.362042
59.300000  64.981847  1.102693
59.400000  64.866545  2.502877
59.500000  62.773925  1.705300
59.600000  61.213111  0.976775
59.700000  61.326575  4.515906
59.800000  60.711563  1.910173
59.900000  63.666450  1.589353
60.000000  64.150359  4.823985
60.100000  58.933246  0.216812
60.200000  63.314006  3.071984
60.300000  61.037547  1.607188
60.400000  64.403139  0.528733
60.500000  62.856877  2.554854
60.600000  63.767782  2.497693
60.700000  61.923200  7.001234
60.800000  60.470566  7.398791
60.900000  64.266826  4.567594
61.000000  61.507149  4.665648
61.100000  62.576754  5.133950
61.200000  61.587149  1.545016
61.300000  62.462944  2.477726
61.400000  62.407052  3.217035
61.500000  59.002376  4.783995
61.600000  61.710577  3.904207
61.700000  60.952345  1.707018
61.800000  62.219244  0.474058
61.900000  61.962007  1.810863
62.000000  63.671319  3.707213
62.100000  65.976701  7.696502
62.200000  63.227809  7.244082
62.300000  64.059291  2.877552
62.400000  64.073583  1.087365
62.500000  63.272835  3.315506
62.600000  62.347559  3.662544
62.700000  61.081789  4.654781
62.800000  63.649282  1.341879
62.900000  65.373812  3.305417
63.000000  64.518772  3.887126
63.100000  66.652893  5.105569
63.200000  63.505751  0.835655
63.300000  63.219952  2.704188
63.400000  67.957806  0.135535
63.500000  62.431158  4.336218
63.600000  63.115299  0.385006
63.700000  61.090349  2.733410
63.800000  64.254496  5.690597
63.900000  61.327923  2.671953
64.000000  63.219810  4.586037
64.100000  67.144458  3.732666
64.200000  67.026743  4.927022
64.300000  62.303542  4.303850
64.400000  63.247017  6.480070
64.500000  63.251416  4.143337
64.600000  62.053784  4.364960
64.700000  64.822824  5.197530
64.800000  63.519407  4.486539
64.900000  60.951517  5.877865
65.000000  61.259929  3.970685
65.100000  61.413800  7.463984
65.200000  58.790301  8.437870
65.300000  62.581103  5.970991
65.400000  62.241263  4.861996
65.500000  61.934567  2.309415
65.600000  60.286438  1.982585
65.700000  61.015547  8.068037
65.800000  61.984393  8.301007
65.900000  64.590220  1.617369
66.000000  62.502089  8.441670
66.100000  60.913540  3.254059
66.200000  61.508995  7.083324
66.300000  62.104056  10.431021
66.400000  61.774840  9.906445
66.500000  63.193791  4.266990
66.600000  61.118412  6.212945
66.700000  62.105162  4.938956
66.800000  60.722899  5.096375
66.900000  64.577986  7.000994
67.000000  62.705043  4.816170
67.100000  64.223619  1.549758
67.200000  63.128920  1.970615
67.300000  62.351017  1.968989
67.400000  63.643386  0.735040
67.500000  61.136780  3.662679
67.600000  64.104948  2.156072
67.700000  64.720611  2.659571
67.800000  63.735893  4.832381
67.900000  64.713742  4.625737
68.000000  64.793646  3.642035
68.100000  61.548491  2.616608
68.200000  62.075402  3.530597
68.300000  62.580267  5.524673
68.400000  62.403236  1.944206
68.500000  63.419625  2.448958
68.600000  63.387031  3.855565
68.700000  61.215795  0.328424
68.800000  63.642040  6.035302
68.900000  62.428370  3.460653
69.000000  63.471452  7.999142
69.100000  62.771493  5.549789
69.200000  61.062877  4.037305
69.300000  61.270367  4.192418
69.400000  60.693891  6.152295
69.500000  62.418300  6.970758
69.600000  60.457290  5.082164
69.700000  62.489843  3.004642
69.800000  63.412643  3.345229
69.900000  60.632476  7.167994
70.000000  64.105461  4.732950
70.100000  61.533916  6.711831
70.200000  62.884413  4.940406
70.300000  63.186384  1.316515
70.400000  61.897626  4.685803
70.500000  60.869627  5.442573
70.600000  61.121633  5.996356
70.700000  60.685575  5.044685
70.800000  61.248395  6.310975
70.900000  61.885501  7.602827
71.000000  62.009707  4.659264
71.100000  64.914413  4.059976
71.200000  63.121490  4.951191
71.300000  60.918878  4.130624
71.400000  64.676832  5.194589
71.500000  63.302801  5.037907
71.600000  63.755685  6.454126
71.700000  62.940830  5.054722
71.800000  60.689459  6.744849
71.900000  61.625690  8.420108
72.000000  64.895333  7.134555
72.100000  64.190520  6.211259
72.200000  64.337369  6.086739
72.300000  61.085262  4.602351
72.400000  65.324925  2.292821
72.500000  62.716228  7.766572
72.600000  62.202785  8.143906
72.700000  62.125768  7.709915
72.800000  62.721208  5.536841
72.900000  58.978139  8.609409
73.000000  62.846267  4.305572
73.100000  61.688471  6.658455
73.200000  62.253934  5.178825
73.300000  61.968190  7.086858
73.400000  61.414970  6.413734
73.500000  64.750773  6.820675
73.600000  66.803380  0.686081
73.700000  61.422809  5.482120
73.800000  63.034393  6.230713
73.900000  62.645156  8.061574
74.000000  60.329968  3.634798
74.100000  62.968492  1.900714
74.200000  62.678418  2.949427
74.300000  62.493983  6.080638
74.400000  63.145157  1.797915
74.500000  63.251466  4.863488
74.600000  64.916473  4.878591
74.700000  61.385050  3.265718
74.800000  60.439931  4.971015
74.900000  63.621884  6.650698
75.000000  62.423530  3.357762
75.100000  61.749742  2.371420
75.200000  62.670367  0.560463
75.300000  62.064991  3.245395
75.400000  63.780580  1.201884
75.500000  64.007054  2.970528
75.600000  62.570365  2.770856
75.700000  59.689620  3.295914
75.800000  61.543992  1.373570
75.900000  63.053079  0.330248
76.000000  61.395641  2.084049
76.100000  62.457808  2.655383
76.200000  61.706795  0.065286
76.300000  61.730153  3.470324
76.400000  61.536335  3.658247
76.500000  61.907268  0.871675
76.600000  62.753594  2.995749
76.700000  64.235375  0.443138
76.800000  64.104544  1.750391
76.900000  61.992014  0.209649
77.000000  61.874917  0.317183
77.100000  60.799645  1.652692
77.200000  62.322648  3.322349
77.300000  62.780957  0.001336
77.400000  58.142810  2.209685
77.500000  65.745969  4.735512
77.600000  61.992462  1.088213
77.700000  62.024203  1.907449
77.800000  59.937863  1.321274
77.900000  60.727170  3.903589
78.000000  62.349531  0.478189
78.100000  63.595124  2.712322
78.200000  60.356015  3.449094
78.300000  60.506838  2.219073
78.400000  61.728948  2.958552
78.500000  60.699140  1.397776
78.600000  61.231963  2.452996
78.700000  61.141781  1.138605
78.800000  65.335110  3.002148
78.900000  59.604904  3.842495
79.000000  61.831586  0.014528
79.100000  65.419994  0.287718
79.200000  63.468487  0.317043
79.300000  61.844321  2.103761
79.400000  60.808901  4.638395
79.500000  65.563910  4.873289
79.600000  61.900245  2.061367
79.700000  62.069992  5.520037
79.800000  62.304520  4.996906
79.900000  62.290169  1.079953
80.000000  60.490443  2.919498
80.100000  61.155388  0.577034
80.200000  62.977688  1.766928
80.300000  65.028835  0.535707
80.400000  58.609704  1.527425
80.500000  60.797805  0.908953
80.600000  62.136609  3.170576
80.700000  61.396007  2.260169
80.800000  61.352859  0.160612
80.900000  61.382195  2.511092
81.000000  60.027823  0.346734
81.100000  58.457785  0.315638
81.200000  63.987336  2.416255
81.300000  61.769834  2.078536
81.400000  62.088403  0.608271
81.500000  61.695200  0.568481
81.600000  59.962265  0.759484
81.700000  61.915319  0.906118
81.800000  60.565342  5.671076
81.900000  60.412202  0.615268
82.000000  61.788531  3.984895
82.100000  62.486054  0.181025
82.200000  61.252787  0.008108
82.300000  60.811359  2.382245
82.400000  61.391404  1.110829
82.500000  64.260793  5.836141
82.600000  62.269813  3.940534
82.700000  63.099168  4.738373
82.800000  61.458333  0.762386
82.900000  63.570900  3.324395
83.000000  59.385503  3.190198
83.100000  60.307235  2.712238
83.200000  58.652780  4.102542
83.300000  62.074718  2.597436
83.400000  58.983933  3.277284
83.500000  58.404813  4.778255
83.600000  60.331777  6.726903
83.700000  62.165064  3.350144
83.800000  62.727246  1.615876
83.900000  63.006074  1.659879
84.000000  62.288052  4.227212
84.100000  61.610120  4.023902
84.200000  61.435147  1.120805
84.300000  62.183387  0.091297
84.400000  61.614856  3.608650
84.500000  59.717202  1.004652
84.600000  58.016150  1.842778
84.700000  61.019883  1.421922
84.800000  56.317899  2.982510
84.900000  60.964579  4.603457
85.000000  60.632492  2.620765
85.100000  59.810845  4.724912
85.200000  59.037157  2.211177
85.300000  57.689875  8.065156
85.400000  59.461702  6.308016
85.500000  58.656579  3.600424
85.600000  60.813543  2.620330
85.700000  60.143075  2.821604
85.800000  58.725016  0.480849
85.900000  60.488896  7.317977
86.000000  64.361008  4.118560
86.100000  59.119101  2.855039
86.200000  59.852053  1.217600
86.300000  62.210076  3.515482
86.400000  63.463516  0.756099
86.500000  59.965355  0.593956
86.600000  60.128607  7.511591
86.700000  59.357752  3.291210
86.800000  63.903234  4.814018
86.900000  59.917004  10.349790
87.000000  58.411368  5.700269
87.100000  62.177197  7.559567
87.200000  59.825166  9.127889
87.300000  62.297096  7.974363
87.400000  62.088394  9.675937
87.500000  63.463949  7.128176
87.600000  60.433470  6.575184
87.700000  62.580123  12.415660
87.800000  63.106459  7.862107
87.900000  59.519459  8.554890
88.000000  62.120687  8.713313
88.100000  60.255902  6.346763
88.200000  61.467526  11.345711
88.300000  61.846624  10.365198
88.400000  60.730096  10.032048
88.500000  63.456593  8.793622
88.600000  59.456772  8.204117
88.700000  61.550536  9.358867
88.800000  63.154055  6.065382
88.900000  62.214295  2.285491
89.000000  60.658964  2.410033
89.100000  61.732137  10.283506
89.200000  63.932232  8.374601
89.300000  64.229911  7.421316
89.400000  60.601078  5.269201
89.500000  61.729296  9.855428
89.600000  59.717405  7.338257
89.700000  61.116496  8.892955
89.800000  60.679423  6.396566
89.900000  61.963246  7.726073
90.000000  62.837465  6.962745
90.100000  63.641355  7.822874
90.200000  64.411431  6.607187
90.300000  63.749330  8.113222
90.400000  58.666615  4.619199
90.500000  60.541752  7.317336
90.600000  63.448803  9.442060
90.700000  57.746223  7.522678
90.800000  62.920198  10.500683
90.900000  61.279996  4.637519
91.000000  60.552349  4.821700
91.100000  60.607444  5.229804
91.200000  60.768570  4.335632
91.300000  61.215122  7.116668
91.400000  60.568862  10.486525
91.500000  62.911410  8.464609
91.600000  61.258692  7.220923
91.700000  62.109758  8.975736
91.800000  61.069672  7.940096
91.900000  61.823531  7.644164
92.000000  59.463979  6.395325
92.100000  61.901642  5.382538
92.200000  64.165211  7.749183
92.300000  59.036216  7.842448
92.400000  62.300616  6.165869
92.500000  62.037744  6.198758
92.600000  61.499513  8.139471
92.700000  61.584975  3.303069
92.800000  61.729262  8.824974
92.900000  63.013305  8.323378
93.000000  63.440275  7.258094
93.100000  62.812052  7.051253
93.200000  64.064127  2.874979
93.300000  65.277125  9.343148
93.400000  63.195644  6.821226
93.500000  61.343196  10.016648
93.600000  62.143845  7.957437
93.700000  59.994012  8.333253
93.800000  62.817010  9.164209
93.900000  60.193021  5.774134
94.000000  60.512409  6.822015
94.100000  59.717417  9.617344
94.200000  61.259511  4.822345
94.300000  61.476918  7.336672
94.400000  62.511575  4.880206
94.500000  63.161350  2.763011
94.600000  65.611958  5.653750
94.700000  64.484504  4.979861
94.800000  63.995085  9.203336
94.900000  64.119325  10.582990
95.000000  62.129225  6.009208
95.100000  62.737534  8.143141
95.200000  61.488349  6.254845
95.300000  61.770109  6.788248
95.400000  62.852492  9.002078
95.500000  62.290667  9.771079
95.600000  61.794933  8.207348
95.700000  62.382322  4.284069
95.800000  61.493325  5.582991
95.900000  64.202024  6.297844
96.000000  61.192585  3.897165
96.100000  60.504588  4.186363
96.200000  59.473539  3.344699
96.300000  60.266474  5.661445
96.400000  59.801758  8.177520
96.500000  62.112944  7.106780
96.600000  61.757851  3.857675
96.700000  61.793188  8.931953
96.800000  62.391222  5.616008
96.900000  61.438473  4.594655
97.000000  62.178218  7.254318
97.100000  62.314670  5.519142
97.200000  60.543301  7.813876
97.300000  64.419801  10.058380
97.400000  66.506558  7.919265
97.500000  63.611785  8.281548
97.600000  63.533583  7.065311
97.700000  62.103966  7.987775
97.800000  61.201017  9.034323
97.900000  63.147956  6.767324
98.000000  61.419356  7.264186
98.100000  62.043948  9.098993
98.200000  61.825164  6.991372
98.300000  60.196151  8.419852
98.400000  59.430138  9.069378
98.500000  60.328220  11.562731
98.600000  61.958608  11.292317
98.700000  62.968308  8.886435
98.800000  62.660610  9.085518
98.900000  61.413624  9.002038
99.000000  64.434539  6.818948
99.100000  65.642684  9.285781
99.200000  62.990921  6.163394
99.300000  62.050860  12.043330
99.400000  59.661355  7.435897
99.500000  63.058053  10.776250
99.600000  64.616920  8.607370
99.700000  61.945142  8.300045
99.800000  63.025065  9.414686
99.900000  60.003450  9.907535
100.000000  60.937889  8.559933
100.100000  65.575864  7.672003
100.200000  63.932130  7.410819
100.300000  60.872017  9.692220
100.400000  63.061934  8.123843
100.500000  61.444315  6.599911
100.600000  63.797635  7.228603
100.700000  61.060082  8.823930
100.800000  61.169800  10.874336
100.900000  61.209805  7.693682
101.000000  62.870151  8.475834
101.100000  61.693171  2.945576
101.200000  61.333456  4.420928
101.300000  60.001673  3.421148
101.400000  59.613771  4.673425
101.500000  63.489143  5.861023
101.600000  61.985443  3.041278
101.700000  62.800894  4.560077
101.800000  64.882738  3.075587
101.900000  63.732528  3.560914
102.000000  61.876398  6.594937
102.100000  62.650098  5.291863
102.200000  64.125363  3.062822
102.300000  63.391691  7.569543
102.400000  62.185051  3.000531
102.500000  62.142785  5.947721
102.600000  62.655451  3.943595
102.700000  64.168480  4.186194
102.800000  63.962411  8.624795
102.900000  62.464098  6.199890
103.000000  62.548271  7.372183
103.100000  62.705750  8.053044
103.200000  65.579536  4.867234
103.300000  61.326906  7.015423
103.400000  62.022525  7.261153
103.500000  61.284126  6.703415
103.600000  61.777406  7.351420
103.700000  63.350301  3.526572
103.800000  62.452865  6.588260
103.900000  61.252684  3.227520
104.000000  59.865755  6.734533
104.100000  61.139339  4.526940
104.200000  60.309144  6.347287
104.300000  60.064394  1.969402
104.400000  60.790287  8.451966
104.500000  62.664314  4.460412
104.600000  62.544674  4.595020
104.700000  65.504896  6.669610
104.800000  60.228974  6.890913
104.900000  60.635328  8.320429
105.000000  63.341825  5.690317
105.100000  61.929085  7.544219
105.200000  60.438744  8.242750
105.300000  62.998537  4.197118
105.400000  60.789361  8.294095
105.500000  63.016846  6.148169
105.600000  63.206932  5.460334
105.700000  62.431896  8.927068
105.800000  64.560403  3.306249
105.900000  61.081832  6.899220
106.000000  59.620734  5.547630
106.100000  61.488644  5.418414
106.200000  60.398597  6.164178
106.300000  60.296412  4.567047
106.400000  61.962093  4.678200
106.500000  62.516860  5.012746
106.600000  62.488435  6.241058
106.700000  59.885336  8.962347
106.800000  63.375801  7.003422
106.900000  61.060862  10.046927
107.000000  61.422613  7.212662
107.100000  60.560498  7.452261
107.200000  64.760119  4.024817
107.300000  63.466465  4.841830
107.400000  63.541977  6.585949
107.500000  62.217904  4.681642
107.600000  61.384092  7.087859
107.700000  61.485573  5.598964
107.800000  60.675837  6.892397
107.900000  62.340122  8.262381
108.000000  64.298581  4.227535
108.100000  59.648815  9.142945
108.200000  62.908276  2.518482
108.300000  61.707538  2.071119
108.400000  61.057022  6.684104
108.500000  59.561731  7.842577
108.600000  61.641459  7.228669
108.700000  62.011280  7.923453
108.800000  61.967883  9.168729
108.900000  62.742491  6.669569
109.000000  62.960223  6.884565
109.100000  59.880266  6.875796
109.200000  59.995832  5.535190
109.300000  62.722722  4.102697
109.400000  59.295673  6.132626
109.500000  61.332287  6.545644
109.600000  58.708655  1.658219
109.700000  61.194391  4.389525
109.800000  62.243536  0.581482
109.900000  63.496941  3.390523
110.000000  61.841180  9.775009
110.100000  61.397251  4.254534
110.200000  61.603739  3.260534
110.300000  62.413815  6.694633
110.400000  64.013578  1.212005
110.500000  64.948032  3.794457
110.600000  66.816598  5.272243
110.700000  63.722171  3.366711
110.800000  65.169740  4.902684
110.900000  65.592926  1.567947
111.000000  63.055172  6.950051
111.100000  59.980863  4.431139
111.200000  64.385507  3.382561
111.300000  65.476779  1.964685
111.400000  66.052695  4.951755
111.500000  61.809840  4.160030
111.600000  64.211630  5.162034
111.700000  61.988694  0.690549
111.800000  64.138856  5.263284
111.900000  64.737483  2.941916
112.000000  64.548575  1.882641
112.100000  63.048190  5.814036
112.200000  62.500944  0.203577
112.300000  64.333109  0.578452
112.400000  62.105936  5.933694
112.500000  60.879584  7.236575
112.600000  64.528112  4.062756
112.700000  65.027754  7.869148
112.800000  64.592679  4.886025
112.900000  63.766404  4.220983
113.000000  61.563258  5.669082
113.100000  63.084321  7.619496
113.200000  62.999058  2.685923
113.300000  63.528977  4.622939
113.400000  65.195095  3.899242
113.500000  62.810690  4.286596
113.600000  63.431258  5.636878
113.700000  61.725550  5.740580
113.800000  65.285668  6.081278
113.900000  63.553412  2.382174
114.000000  64.833952  4.283871
114.100000  64.600718  3.978984
114.200000  65.394023  0.365770
114.300000  64.132509  1.370206
114.400000  64.735606  3.946420
114.500000  62.472320  5.191026
114.600000  61.958619  6.318247
114.700000  63.260643  5.793320
114.800000  62.775436  4.264672
114.900000  65.767180  8.344380
115.000000  65.575717  1.840218
115.100000  63.637296  8.212750
115.200000  65.616494  2.835254
115.300000  62.361454  1.559310
115.400000  63.266589  5.414257
115.500000  66.172563  2.262428
115.600000  65.804635  3.158662
115.700000  63.585241  2.263692
115.800000  62.634092  1.201555
115.900000  61.594811  4.581359
116.000000  66.116856  4.850926
116.100000  64.049318  0.878336
116.200000  66.139257  5.719688
116.300000  65.605389  1.180770
116.400000  63.213244  5.091027
116.500000  64.634064  4.547520
116.600000  62.843014  3.565956
116.700000  63.980759  1.012514
116.800000  63.039915  2.348155
116.900000  63.503971  5.789140
117.000000  61.835915  1.285054
117.100000  64.281751  0.336632
117.200000  62.882066  2.978153
117.300000  63.182725  2.949066
117.400000  66.271918  6.233648
117.500000  60.820345  5.821464
117.600000  61.097245  5.091744
117.700000  65.810463  1.112164
117.800000  62.243043  5.677102
117.900000  66.535465  2.564566
118.000000  64.865849  2.415165
118.100000  60.134090  6.586543
118.200000  66.920789  1.197792
118.300000  65.599048  2.892397
118.400000  61.652669  5.972715
118.500000  62.693765  4.220512
118.600000  60.913428  5.125771
118.700000  63.683808  5.419780
118.800000  63.631980  3.228273
118.900000  63.428500  2.629558
119.000000  64.194568  3.163342
119.100000  61.503567  3.837953
119.200000  63.344016  0.384957
119.300000  60.877944  5.259297
119.400000  66.425936  0.450822
119.500000  61.491029  5.520253
119.600000  64.794989  0.092498
119.700000  61.319393  2.689410
119.800000  63.869824  5.101971
119.900000  65.347167  0.256832
120.000000  63.266153  2.443504
120.100000  63.645819  2.308122
120.200000  64.168698  0.039081
120.300000  62.515153  4.679373
120.400000  61.814234  0.886114
120.500000  61.868667  2.728016
120.600000  64.497783  2.775292
120.700000  61.653421  5.420233
120.800000  62.885899  2.661390
120.900000  61.668347  2.262441
121.000000  61.545148  3.848798
121.100000  62.606163  3.941020
121.200000  64.324730  3.035177
121.300000  64.694543  0.461152
121.400000  64.065636  4.102255
121.500000  61.812984  6.910154
121.600000  62.831642  2.769724
121.700000  64.562280  0.086454
121.800000  62.891694  2.845343
121.900000  63.342710  4.464457
122.000000  63.104164  2.586769
122.100000  64.869933  0.089771
122.200000  65.724019  2.555066
122.300000  63.876280  0.640705
122.400000  66.161508  3.143788
122.500000  65.806625  1.240569
122.600000  62.633813  4.598568
122.700000  63.213934  2.658876
122.800000  67.925777  2.092582
122.900000  62.526102  3.580349
123.000000  64.853565  1.410093
123.100000  63.175618  5.563793
123.200000  62.041043  3.421429
123.300000  65.341155  0.238420
123.400000  64.526770  2.812788
123.500000  63.050610  1.439300
123.600000  65.635470  3.615544
123.700000  63.356226  4.670910
123.800000  64.742805  2.107235
123.900000  63.217742  2.933077
124.000000  62.536049  7.359272
124.100000  63.442305  3.969004
124.200000  61.578903  3.309867
124.300000  66.158056  3.512738
124.400000  59.543830  5.900742
124.500000  64.863193  5.072401
124.600000  64.067078  2.651531
124.700000  64.283588  1.019020
124.800000  64.022261  0.224307
124.900000  63.466389  4.843911
125.000000  64.294701  2.793642
125.100000  63.817440  1.958025
125.200000  63.157623  3.094478
125.300000  62.936873  3.651379
125.400000  66.627275  2.515828
125.500000  66.856539  0.541788
125.600000  63.080768  3.616672
125.700000  63.385940  7.003787
125.800000  62.448367  3.992029
125.900000  63.998513  9.683100
126.000000  65.292994  2.112696
126.100000  64.169402  4.626808
126.200000  66.161523  4.207433
126.300000  63.307074  2.306091
126.400000  61.546953  4.398245
126.500000  63.383058  2.347240
126.600000  62.506093  5.264689
126.700000  67.824345  0.905261
126.800000  62.587049  0.711800
126.900000  64.615610  4.290976
127.000000  64.436972  4.544864
127.100000  63.619542  7.300424
127.200000  64.232832  4.349456
127.300000  64.856401  4.862000
127.400000  65.793819  0.030487
127.500000  66.256556  4.887562
127.600000  65.882525  3.218592
127.700000  64.952990  1.561495
127.800000  65.698904  0.392684
127.900000  63.532882  7.614329
128.000000  60.105887  4.610049
128.100000  62.804104  9.599425
128.200000  63.450354  8.146560
128.300000  65.072246  4.739470
128.400000  62.803539  5.338599
128.500000  63.650068  2.181499
128.600000  62.747558  5.595252
128.700000  62.594877  9.265687
128.800000  63.565185  8.457162
128.900000  61.269731  3.185109
129.000000  61.966107  8.022738
129.100000  61.776924  7.441252
129.200000  62.272361  0.313358
129.300000  61.920167  6.283352
129.400000  60.030286  3.930285
129.500000  61.448613  7.663584
129.600000  62.400400  6.884724
129.700000  61.457525  5.491895
129.800000  63.046174  6.662721
129.900000  61.365328  7.439578
130.000000  64.355589  2.827813
130.100000  65.881936  4.619177
130.200000  63.818167  5.391545
130.300000  62.878144  6.976782
130.400000  64.162085  8.835711
130.500000  63.164176  5.880481
130.600000  63.993944  5.994028
130.700000  63.708772  6.037472
130.800000  63.812785  0.644977
130.900000  62.819370  5.895245
131.000000  62.892600  0.445955
131.100000  61.010422  1.949502
131.200000  64.212384  1.883032
131.300000  64.900941  0.705137
131.400000  61.868072  5.255434
131.500000  64.517544  8.134074
131.600000  61.418887  4.028485
131.700000  64.479299  2.938672
131.800000  65.204676  2.928106
131.900000  63.354875  0.771057
132.000000  63.001446  4.875491
132.100000  63.195090  5.412174
132.200000  63.439464  6.097034
132.300000  59.740875  5.849818
132.400000  62.457444  2.238060
132.500000  62.902251  1.241708
132.600000  61.562224  5.554560
132.700000  59.131431  4.746871
132.800000  60.245661  2.545146
132.900000  61.959857  6.407971
133.000000  60.220736  6.890306
133.100000  58.460959  10.665552
133.200000  60.168173  5.193735
133.300000  60.368834  7.173129
133.400000  59.984246  5.824938
133.500000  57.417017  6.280106
133.600000  58.991881  5.863741
133.700000  58.845800  3.294374
133.800000  61.750653  7.331396
133.900000  58.867956  6.549594
134.000000  59.438277  4.587337
134.100000  61.253906  5.157676
134.200000  62.228049  8.563098
134.300000  60.069224  6.381541
134.400000  60.320251  7.505064
134.500000  58.580952  8.512526
134.600000  60.764818  8.041206
134.700000  60.464850  6.375561
134.800000  57.607858  5.954830
134.900000  60.383176  7.613933
135.000000  60.213975  5.981597
135.100000  63.068436  6.143347
135.200000  60.226504  4.010010
135.300000  60.792884  3.425843
135.400000  58.178679  6.787904
135.500000  62.523381  3.520181
135.600000  61.458393  4.770663
135.700000  60.897716  5.621760
135.800000  61.265555  5.966058
135.900000  61.572427  5.204879
136.000000  60.416173  3.886544
136.100000  61.992941  4.071246
136.200000  61.417000  5.282580
136.300000  60.574026  6.956621
136.400000  61.925201  6.848719
136.500000  61.774168  6.438096
136.600000  60.506649  4.221422
136.700000  63.118279  7.182356
136.800000  61.882893  3.851089
136.900000  64.757322  9.865987
137.000000  62.526699  3.580234
137.100000  62.359616  7.767326
137.200000  66.267448  7.335920
137.300000  61.049273  11.569926
137.400000  60.800795  6.405096
137.500000  63.227110  5.594339
137.600000  62.807845  5.244530
137.700000  64.427053  5.058697
137.800000  59.545220  5.199137
137.900000  63.579451  8.423961
138.000000  62.890603  7.618762
138.100000  62.142698  4.374994
138.200000  63.588938  6.755873
138.300000  61.930931  3.729721
138.400000  63.892156  5.189098
138.500000  65.931863  6.134962
138.600000  63.286614  7.104023
138.700000  63.216091  10.012175
138.800000  66.334142  5.691749
138.900000  63.402016  5.835583
139.000000  65.191652  7.321051
139.100000  63.580484  8.138050
139.200000  64.209315  0.267449
139.300000  62.883068  5.169315
139.400000  64.342471  2.284605
139.500000  62.550178  1.379731
139.600000  60.804715  5.433749
139.700000  60.757176  5.421972
139.800000  62.574476  5.905077
139.900000  63.070341  8.245482
140.000000  65.761684  9.288425
140.100000  64.279555  8.938912
140.200000  63.366656  11.613950
140.300000  62.855149  8.010919
140.400000  63.718811  9.609511
140.500000  63.591014  6.001422
140.600000  65.088323  9.857852
140.700000  60.995012  9.134845
140.800000  64.486923  9.168827
140.900000  62.097711  6.311209
141.000000  61.663030  8.529673
141.100000  60.995096  9.416871
141.200000  64.917191  5.528989
141.300000  64.012122  8.191404
141.400000  62.762834  7.030030
141.500000  59.932582  8.325765
141.600000  64.235459  7.194150
141.700000  63.354178  8.829610
141.800000  63.154156  10.037320
141.900000  62.239671  7.570492
142.000000  62.821807  9.560323
142.100000  62.215137  4.095770
142.200000  63.529759  8.722974
142.300000  60.031484  3.926539
142.400000  64.747561  8.564067
142.500000  66.530750  6.997118
142.600000  64.098613  4.774053
142.700000  65.345045  8.244373
142.800000  61.708280  6.180999
142.900000  62.477938  5.995187
143.000000  59.755725  3.146352
143.100000  64.859521  4.355809
143.200000  59.828902  5.720834
143.300000  62.542029  6.568309
143.400000  61.907664  2.805288
143.500000  62.106316  5.015524
143.600000  61.876289  5.984966
143.700000  61.629537  8.007349
143.800000  61.675406  9.760536
143.900000  62.747942  9.990047
144.000000  61.715187  6.852670
144.100000  59.774608  9.940280
144.200000  64.288853  9.192043
144.300000  62.983944  7.965933
144.400000  60.727484  7.435703
144.500000  63.055496  7.943044
144.600000  60.142460  9.852983
144.700000  62.151317  2.140336
144.800000  62.543873  5.580080
144.900000  60.892096  7.506207
145.000000  61.071268  3.564955
145.100000  68.152801  0.279507
145.200000  61.273559  4.016359
145.300000  61.819201  3.620438
145.400000  64.242969  2.907016
145.500000  61.115509  3.932958
145.600000  63.759074  1.763970
145.700000  62.423567  5.818122
145.800000  59.627087  6.155343
145.900000  62.163975  1.100909
146.000000  62.984759  4.055728
146.100000  64.471850  7.938220
146.200000  66.494677  4.641513
146.300000  64.952230  5.278523
146.400000  65.898048  2.697836
146.500000  64.772025  3.145578
146.600000  65.258847  4.555176
146.700000  64.439188  3.737537
146.800000  64.435832  2.612115
146.900000  65.927187  7.211900
147.000000  64.423900  3.916493
147.100000  63.406644  10.540979
147.200000  64.866904  9.728407
147.300000  64.283755  2.503842
147.400000  63.570895  5.195509
147.500000  63.391206  3.318700
147.600000  62.721623  4.301396
147.700000  64.883071  5.186605
147.800000  65.975972  3.770549
147.900000  61.749519  8.048422
148.000000  64.418103  3.384538
148.100000  62.239243  4.853397
148.200000  61.442411  6.669170
148.300000  60.945992  7.096734
148.400000  64.575771  9.666957
148.500000  62.475218  4.074827
148.600000  61.826194  6.897979
148.700000  66.330890  3.177275
148.800000  64.985186  9.585361
148.900000  63.068565  10.259680
149.000000  61.277634  6.084489
149.100000  63.373165  6.533621
149.200000  64.186887  8.100429
149.300000  60.457760  9.059198
149.400000  63.854525  4.786752
149.500000  61.146172  6.474922
149.600000  63.678630  5.970996
149.700000  62.627071  8.576947
149.800000  61.098490  1.748901
149.900000  63.321194  3.796665
150.000000  63.933979  2.001719
150.100000  63.467057  8.346022
150.200000  61.989260  6.770689
150.300000  63.141484  5.846170
150.400000  63.803753  3.474468
150.500000  63.951689  1.964879
150.600000  63.667625  0.173586
150.700000  64.034319  2.535261
150.800000  63.371351  2.866319
150.900000  63.534546  0.819557
151.000000  62.286306  5.977901
151.100000  59.611651  4.964960
151.200000  65.444502  5.361398
151.300000  63.797243  5.892244
151.400000  62.788910  1.871347
151.500000  68.630661  4.480161
151.600000  63.632289  3.577537
151.700000  61.432050  7.036142
151.800000  65.017646  3.136607
151.900000  65.749524  3.722288
152.000000  61.887553  7.550739
152.100000  65.467385  7.607868
152.200000  62.914749  13.217432
152.300000  62.710895  11.803695
152.400000  61.245191  10.081689
152.500000  58.345349  6.509889
152.600000  62.352626  9.168451
152.700000  64.036754  3.799422
152.800000  60.324155  7.465145
152.900000  63.540520  5.326680
153.000000  66.534871  3.448395
153.100000  63.341024  2.917764
153.200000  62.089112  3.219152
153.300000  64.429029  2.599860
153.400000  62.902730  8.689070
153.500000  64.467236  8.725359
153.600000  62.720275  2.255032
153.700000  60.655914  1.261924
153.800000  64.068534  4.829616
153.900000  63.066902  7.110474
154.000000  63.286912  6.653060
154.100000  61.843488  6.463678
154.200000  61.907511  6.477041
154.300000  61.665016  9.317127
154.400000  62.873746  4.542585
154.500000  62.773836  7.302744
154.600000  60.292049  7.885003
154.700000  59.825791  4.515673
154.800000  61.317164  5.934066
154.900000  62.966569  2.032675
155.000000  59.594876  1.520400
155.100000  59.920884  4.798981
155.200000  60.434286  8.572376
155.300000  60.312790  5.896271
155.400000  59.854748  4.337866
155.500000  59.669951  2.111883
155.600000  61.523716  5.672860
155.700000  60.241869  2.165395
155.800000  59.800887  7.265205
155.900000  62.458369  6.535924
156.000000  60.374678  4.591293
156.100000  61.265429  4.560368
156.200000  59.975578  2.529170
156.300000  60.744159  4.436879
156.400000  61.959913  4.063605
156.500000  64.638717  8.185256
156.600000  62.874749  0.369650
156.700000  63.791117  2.772663
156.800000  58.388061  4.813315
156.900000  61.844034  1.595572
157.000000  62.261093  6.504723
157.100000  65.937678  4.460496
157.200000  63.136837  1.985545
157.300000  59.210271  4.997766
157.400000  61.666260  7.383837
157.500000  59.321723  9.960520
157.600000  59.607047  3.662573
157.700000  61.234812  4.305920
157.800000  62.889949  6.019716
157.900000  62.726298  3.724085
158.000000  61.029761  5.695018
158.100000  63.628037  7.748115
158.200000  61.794008  4.605146
158.300000  65.118649  5.945229
158.400000  66.827420  4.112909
158.500000  61.695296  4.779775
158.600000  64.631912  1.490978
158.700000  59.296881  5.867170
158.800000  59.653721  1.533254
158.900000  60.567145  4.361651
159.000000  62.553396  0.978250
159.100000  61.399788  0.615663
159.200000  57.572181  7.047841
159.300000  61.208013  1.659215
159.400000  61.894193  0.958318
159.500000  60.725752  4.309652
159.600000  61.245890  3.355660
159.700000  61.940628  2.620925
159.800000  62.380851  0.938286
159.900000  62.324287  0.968157
160.000000  61.741443  1.059868
160.100000  60.351797  2.455055
160.200000  60.109716  2.127397
160.300000  60.005915  2.607002
160.400000  58.889888  4.572983
160.500000  63.699748  1.690192
160.600000  62.846056  5.046801
160.700000  60.495187  3.041219
160.800000  59.623865  0.470652
160.900000  58.877057  0.190098
161.000000  59.509292  0.136355
161.100000  61.321487  2.297620
161.200000  58.837674  3.063371
161.300000  61.376061  3.942489
161.400000  59.729085  0.448114
161.500000  63.124883  2.904469
161.600000  59.402742  3.101706
161.700000  61.666027  1.566986
161.800000  61.301250  3.477656
161.900000  61.585859  4.516627
162.000000  65.040620  2.662048
162.100000  61.790126  1.390834
162.200000  60.004002  0.373921
162.300000  58.648297  4.946317
162.400000  61.006377  5.002062
162.500000  61.669228  1.172133
162.600000  60.355109  4.236942
162.700000  61.630839  6.770738
162.800000  60.200750  5.012247
162.900000  60.258160  1.648846
163.000000  62.053564  5.227350
163.100000  60.344827  5.929945
163.200000  59.497802  5.431414
163.300000  59.274973  3.271683
163.400000  63.039499  3.345391
163.500000  58.229354  2.671170
163.600000  59.324512  3.217207
163.700000  60.433324  2.347578
163.800000  60.364551  5.384795
163.900000  60.667658  3.615168
164.000000  59.291404  5.334643
164.100000  61.863922  4.763274
164.200000  60.739487  3.887510
164.300000  60.882316  4.607945
164.400000  61.460972  8.290021
164.500000  60.780625  6.034360
164.600000  58.955334  5.143667
164.700000  62.826274  4.849396
164.800000  61.973471  3.389823
164.900000  60.512624  0.669720
165.000000  61.992625  5.825405
165.100000  62.025368  3.391092
165.200000  61.677753  5.002940
165.300000  60.989990  1.449222
165.400000  59.312425  4.602312
165.500000  60.856618  1.874126
165.600000  62.784408  5.943851
165.700000  61.456461  4.088775
165.800000  61.854862  6.395441
165.900000  60.143621  6.130276
166.000000  61.277630  4.888929
166.100000  60.280834  4.789421
166.200000  60.519182  7.858527
166.300000  62.675178  3.586330
166.400000  61.647197  5.521518
166.500000  61.226699  6.942583
166.600000  62.819774  7.341429
166.700000  61.856938  3.587095
166.800000  59.332490  4.120176
166.900000  62.482769  3.906749
167.000000  59.745587  7.899911
167.100000  61.596926  4.379989
167.200000  64.780113  7.459810
167.300000  61.746598  3.265167
167.400000  63.041551  3.219700
167.500000  63.166821  3.821674
167.600000  60.933753  8.494417
167.700000  62.728718  5.160293
167.800000  61.465019  4.471529
167.900000  61.414007  2.081508
168.000000  62.176681  7.672932
168.100000  64.310983  5.753502
168.200000  63.590408  7.033372
168.300000  61.717733  5.283925
168.400000  64.355338  3.545079
168.500000  61.073799  4.736927
168.600000  63.765793  3.051264
168.700000  61.018600  1.472556
168.800000  64.452932  6.174818
168.900000  61.505528  5.057821
169.000000  60.206398  8.775326
169.100000  64.471371  6.014960
169.200000  62.204036  4.982048
169.300000  64.427584  2.484191
169.400000  63.640496  6.327267
169.500000  65.172086  1.973874
169.600000  61.581126  5.477060
169.700000  59.470361  5.888177
169.800000  61.429427  4.646527
169.900000  60.647410  5.289424
170.000000  62.893110  8.503728
170.100000  62.589592  5.617058
170.200000  60.654664  7.562590
170.300000  62.247558  9.798359
170.400000  62.832643  10.851051
170.500000  62.137149  4.480163
170.600000  60.411590  4.462388
170.700000  59.892983  3.456538
170.800000  63.004262  5.000271
170.900000  63.937442  4.753956
171.000000  63.617232  8.969616
171.100000  61.409354  6.558691
171.200000  63.142088  6.724828
171.300000  61.878740  5.628844
171.400000  66.843694  2.174241
171.500000  63.198480  3.007511
171.600000  63.637360  8.481305
171.700000  58.980973  4.978948
171.800000  62.201879  5.705089
171.900000  63.754194  5.902902
172.000000  61.416701  9.215257
172.100000  60.104014  10.485623
172.200000  62.844256  4.451075
172.300000  64.176217  7.570887
172.400000  63.218595  4.597852
172.500000  57.867527  6.785527
172.600000  62.819299  9.286320
172.700000  60.622049  7.537635
172.800000  59.284833  5.262382
172.900000  59.444674  5.258689
173.000000  62.302251  0.324964
173.100000  61.021003  4.759990
173.200000  61.597204  5.479737
173.300000  62.982361  2.240298
173.400000  61.212137  3.082955
173.500000  59.900378  5.716480
173.600000  61.636184  6.081859
173.700000  63.067421  3.203281
173.800000  61.927796  1.017346
173.900000  64.574618  3.445230
174.000000  63.354805  4.583825
174.100000  63.638433  3.262024
174.200000  60.498382  4.790148
174.300000  63.156475  2.002527
174.400000  63.331562  8.384353
174.500000  63.092616  4.902108
174.600000  63.394693  5.538040
174.700000  60.422988  6.322657
174.800000  61.517852  4.478354
174.900000  63.092500  4.880295
175.000000  60.855314  9.418242
175.100000  63.102547  4.739535
175.200000  64.199652  4.060254
175.300000  64.182176  2.870332
175.400000  65.079161  6.559877
175.500000  62.165171  3.822250
175.600000  64.093132  1.912317
175.700000  64.188876  4.558057
175.800000  66.387067  4.437603
175.900000  67.663084  6.267596
176.000000  68.186952  5.567202
176.100000  64.528402  9.890681
176.200000  62.776439  5.660622
176.300000  62.447743  9.167949
176.400000  63.648059  3.158022
176.500000  63.612164  5.626876
176.600000  62.861148  7.799921
176.700000  64.528078  6.453008
176.800000  63.579337  7.256065
176.900000  62.217070  4.319068
177.000000  60.628039  1.425544
177.100000  61.368995  4.601721
177.200000  63.110384  5.309931
177.300000  63.085313  2.556686
177.400000  64.150485  3.231933
177.500000  63.990671  3.238888
177.600000  63.307991  5.510152
177.700000  61.776434  4.171900
177.800000  60.807940  1.112864
177.900000  59.809796  0.985950
178.000000  60.170178  1.539437
178.100000  60.065766  4.556822
178.200000  60.116051  2.214052
178.300000  61.915474  3.282151
178.400000  60.237847  1.402815
178.500000  56.961253  4.685686
178.600000  60.740422  1.011764
178.700000  58.473151  3.983793
178.800000  62.251919  1.324528
178.900000  60.057210  1.565064
179.000000  61.665121  0.630643
179.100000  64.851943  7.177656
179.200000  62.401111  0.456700
179.300000  62.344617  1.624301
179.400000  58.764009  5.675598
179.500000  59.688416  6.546808
179.600000  57.258657  1.379546
179.700000  58.963506  5.898767
179.800000  61.909706  0.034751
179.900000  60.369960  1.491543
180.000000  59.045068  2.199881
180.100000  60.357206  1.593492
180.200000  59.033798  2.467074
180.300000  62.593469  2.497920
180.400000  60.081043  0.487218
180.500000  60.101957  2.997061
180.600000  57.433552  0.248139
180.700000  61.401765  8.461436
180.800000  61.143417  10.508781
180.900000  60.339243  6.248589
181.000000  59.107389  4.592688
181.100000  59.413157  4.409804
181.200000  61.501878  6.137321
181.300000  62.280771  3.260457
181.400000  59.663376  5.105402
181.500000  63.140158  7.318334
181.600000  62.670709  0.377482
181.700000  59.646112  0.548653
181.800000  59.988981  6.789224
181.900000  62.542657  3.548927
182.000000  61.159710  6.550810
182.100000  60.463358  3.525695
182.200000  60.464438  8.421530
182.300000  63.234870  6.473435
182.400000  61.625104  5.181920
182.500000  61.237257  3.817899
182.600000  65.425235  9.697118
182.700000  61.627440  8.170330
182.800000  62.340245  8.510384
182.900000  59.754041  9.759819
183.000000  62.130654  9.377879
183.100000  62.925672  4.817793
183.200000  59.792065  10.731934
183.300000  62.327802  5.206205
183.400000  64.808319  5.723909
183.500000  63.036149  0.856473
183.600000  60.095389  4.688512
183.700000  61.947536  8.949788
183.800000  64.776857  6.771811
183.900000  62.595439  10.585313
184.000000  61.150740  7.339961
184.100000  63.373789  1.192280
184.200000  61.340526  7.986350
184.300000  64.636657  7.135805
184.400000  63.477846  4.521284
184.500000  63.594515  6.567130
184.600000  62.955808  5.318393
184.700000  61.976877  3.875013
184.800000  63.552041  5.833167
184.900000  59.443298  8.097218
185.000000  61.818146  1.956219
185.100000  63.007454  9.594621
185.200000  67.310429  7.249634
185.300000  64.373203  9.485169
185.400000  62.499991  3.277596
185.500000  64.023057  8.916714
185.600000  66.574714  5.299246
185.700000  63.999827  7.085235
185.800000  63.352608  2.644130
185.900000  63.921114  7.062181
186.000000  65.763083  3.049986
186.100000  66.389250  5.302727
186.200000  63.939465  0.540288
186.300000  63.992412  9.269234
186.400000  64.484517  8.360809
186.500000  62.997625  6.077603
186.600000  65.228770  6.949718
186.700000  66.644782  6.656712
186.800000  63.731395  4.705306
186.900000  62.106375  9.034260
187.000000  63.765906  9.670788
187.100000  65.029502  2.666081
187.200000  64.820218  8.785588
187.300000  65.415105  6.741378
187.400000  63.277456  8.805676
187.500000  65.668167  3.584533
187.600000  61.526928  6.881390
187.700000  63.286631  5.143456
187.800000  66.663285  3.874972
187.900000  63.682354  6.008869
188.000000  63.123044  7.966962
188.100000  62.927963  4.487199
188.200000  64.849587  0.917413
188.300000  64.268163  6.598546
188.400000  66.013793  4.015136
188.500000  63.605221  4.725683
188.600000  63.514837  4.679809
188.700000  65.009772  6.439815
188.800000  65.120755  8.614358
188.900000  64.253935  8.965163
189.000000  63.992801  8.693061
189.100000  63.583679  8.961690
189.200000  63.471097  7.159431
189.300000  64.957422  8.898546
189.400000  64.189332  9.151962
189.500000  62.039702  8.505273
189.600000  64.668386  6.583448
189.700000  64.835180  8.650017
189.800000  65.592343  7.540163
189.900000  64.777269  8.336704
190.000000  61.362589  4.234981
190.100000  62.852060  8.281880
190.200000  64.915132  8.772513
190.300000  62.699648  8.810461
190.400000  63.866400  6.664928
190.500000  63.324709  6.331423
190.600000  64.337788  4.797521
190.700000  63.317509  5.751305
190.800000  62.978643  11.900140
190.900000  64.271280  5.060868
191.000000  59.925632  7.293932
191.100000  63.751094  9.703473
191.200000  63.964322  9.246673
191.300000  62.557721  7.990616
191.400000  63.747739  8.319768
191.500000  62.018314  6.723600
191.600000  62.321497  5.433802
191.700000  64.482534  10.993163
191.800000  63.973050  5.615655
191.900000  62.431722  9.158715
192.000000  62.338188  5.942024
192.100000  60.869917  9.211392
192.200000  62.557750  5.809206
192.300000  63.199931  5.222803
192.400000  60.751044  6.550370
192.500000  64.210538  8.751791
192.600000  63.193588  12.163664
192.700000  62.318277  6.273009
192.800000  63.411447  7.065789
192.900000  61.668152  5.553583
193.000000  64.565725  6.336648
193.100000  61.438182  7.570871
193.200000  62.275670  9.239777
193.300000  64.804307  7.170161
193.400000  62.530355  6.428525
193.500000  62.110743  7.076535
193.600000  62.644384  1.906325
193.700000  63.727025  5.621496
193.800000  64.572605  10.220538
193.900000  63.986124  9.205827
194.000000  61.070792  5.948765
194.100000  62.717513  3.568006
194.200000  61.525551  2.549419
194.300000  61.133573  3.816370
194.400000  63.261655  0.409279
194.500000  60.566661  2.983488
194.600000  59.349662  2.816553
194.700000  58.284806  1.496360
194.800000  58.440880  2.651577
194.900000  59.319066  3.743812
195.000000  59.128642  0.848355
195.100000  57.863597  1.175349
195.200000  62.330725  7.203030
195.300000  62.191779  6.518861
195.400000  60.526619  6.384504
195.500000  62.894497  9.273495
195.600000  64.435249  7.192284
195.700000  59.164438  7.436916
195.800000  61.926587  9.043568
195.900000  62.060899  5.098119
196.000000  60.548844  7.010377
196.100000  61.323830  5.300805
196.200000  59.529049  2.860254
196.300000  56.736635  5.080262
196.400000  58.969511  1.522628
196.500000  58.490177  0.090335
196.600000  60.052645  4.387861
196.700000  59.297099  4.952619
196.800000  59.495407  2.330594
196.900000  57.995016  0.676027
197.000000  59.647703  5.472344
197.100000  61.837666  6.030452
197.200000  60.979465  8.259564
197.300000  64.351311  8.845506
197.400000  66.176678  8.001762
197.500000  60.916106  6.326067
197.600000  61.684326  9.980232
197.700000  62.002968  2.567395
197.800000  62.046547  9.265811
197.900000  62.420566  6.238706
198.000000  61.607977  5.928321
198.100000  59.168193  3.516653
198.200000  59.321353  3.398832
198.300000  61.491721  3.478214
198.400000  59.554545  9.136473
198.500000  59.636762  5.702620
198.600000  58.909882  2.889593
198.700000  62.895469  1.226233
198.800000  60.115534  8.102192
198.900000  60.612338  6.064157
199.000000  60.444990  5.136389
199.100000  62.947169  8.093185
199.200000  63.491036  6.026950
199.300000  62.005070  8.529484
199.400000  61.854847  3.730183
199.500000  60.485916  7.646334
199.600000  61.826217  4.021265
199.700000  60.950313  7.057502
199.800000  63.383263  6.823717
199.900000  64.045046  6.426478
200.000000  60.050881  4.570811
