# aggregated from 2 replicates
# x  mean  std
0.000000  6.582050  0.014637
0.100000  6.407850  0.653013
0.200000  6.406000  0.515057
0.300000  6.647700  0.493419
0.400000  6.621350  0.573534
0.500000  6.684700  0.748402
0.600000  6.739950  0.863731
0.700000  6.728150  0.596020
0.800000  6.779650  0.989455
0.900000  6.662450  0.856094
1.000000  6.633350  0.833750
1.100000  6.666400  1.084560
1.200000  6.732700  1.185959
1.300000  6.803400  1.055852
1.400000  6.560000  0.999283
1.500000  6.699650  1.174151
1.600000  6.749950  0.869246
1.700000  6.538400  0.823638
1.800000  6.939700  1.243518
1.900000  6.743550  1.157605
2.000000  6.914100  1.028275
2.100000  6.787700  0.733977
2.200000  6.668050  1.074307
2.300000  6.789750  1.050407
2.400000  6.730550  1.191404
2.500000  6.723900  1.143250
2.600000  6.788650  1.200455
2.700000  6.869300  1.039306
2.800000  6.538950  0.883954
2.900000  6.816450  0.953251
3.000000  6.850700  1.119067
3.100000  7.066150  0.914925
3.200000  6.934900  1.380838
3.300000  6.757300  1.319037
3.400000  6.772500  1.080883
3.500000  6.584900  0.723512
3.600000  6.698500  1.154423
3.700000  6.904200  1.117370
3.800000  6.689900  0.995324
3.900000  6.743350  0.726835
4.000000  6.829050  0.665882
4.100000  6.863650  0.811971
4.200000  6.731000  1.124583
4.300000  7.047000  1.031245
4.400000  6.916300  0.969443
4.500000  6.929750  0.897955
4.600000  6.508950  0.826113
4.700000  6.697850  0.942361
4.800000  6.792150  1.031457
4.900000  6.846850  1.164958
5.000000  6.756900  1.297541
5.100000  6.702300  0.998718
5.200000  6.865250  0.648063
5.300000  6.963500  1.041144
5.400000  6.808150  0.762049
5.500000  6.421450  0.658953
5.600000  6.817800  0.723653
5.700000  6.869750  0.936422
5.800000  6.889850  0.802778
5.900000  7.114700  0.935078
6.000000  6.973700  0.674721
6.100000  7.071200  0.746563
6.200000  6.883500  1.010738
6.300000  6.974150  0.812678
6.400000  6.746000  1.149756
6.500000  6.867650  0.935856
6.600000  6.733300  1.060660
6.700000  7.238300  1.240407
6.800000  7.126400  0.933522
6.900000  6.958700  1.274489
7.000000  6.788500  0.967322
7.100000  6.876650  0.771524
7.200000  6.766600  1.023184
7.300000  6.684250  0.904036
7.400000  6.766650  0.961029
7.500000  6.932750  0.969090
7.600000  6.953950  1.035416
7.700000  6.810000  0.749392
7.800000  6.862050  0.689076
7.900000  6.788400  0.894349
8.000000  7.081450  1.041215
8.100000  6.961250  0.863165
8.200000  6.819900  0.817981
8.300000  7.002400  0.674014
8.400000  6.789800  0.703430
8.500000  7.051500  0.695227
8.600000  6.797750  0.580040
8.700000  7.038950  0.729239
8.800000  6.902450  0.602526
8.900000  6.927250  0.530118
9.000000  7.186350  0.739280
9.100000  6.851450  0.418678
9.200000  7.142150  0.615112
9.300000  7.342000  0.437133
9.400000  7.123350  0.139512
9.500000  6.922200  0.300520
9.600000  7.242000  0.143260
9.700000  7.247000  0.338280
9.800000  7.331550  0.260427
9.900000  7.314150  0.468317
10.000000  7.094050  0.393081
10.100000  7.030850  0.380494
10.200000  7.113950  0.559109
10.300000  7.164150  0.434234
10.400000  7.305700  0.579545
10.500000  7.306900  0.560453
10.600000  7.494250  0.260710
10.700000  7.249900  0.854185
10.800000  7.197950  0.775767
10.900000  7.190000  0.692823
11.000000  7.009200  0.866064
11.100000  7.231550  0.466337
11.200000  7.090250  0.248831
11.300000  7.139050  0.553877
11.400000  7.403800  0.024607
11.500000  7.248900  0.066892
11.600000  7.012300  0.598495
11.700000  7.076550  0.247982
11.800000  7.096200  0.714602
11.900000  6.804850  0.630386
12.000000  7.034900  0.413233
12.100000  7.072000  0.520431
12.200000  6.980400  0.341957
12.300000  7.527200  0.847255
12.400000  7.464100  0.230517
12.500000  7.272850  0.698692
12.600000  7.034500  0.216658
12.700000  7.329650  0.425890
12.800000  7.330600  0.279449
12.900000  7.234450  0.136967
13.000000  7.344200  0.085418
13.100000  7.309400  0.274075
13.200000  7.216050  0.273862
13.300000  7.130150  0.478782
13.400000  7.516900  0.078347
13.500000  7.183300  0.164473
13.600000  7.006350  0.216728
13.700000  7.442800  0.228820
13.800000  7.191800  0.516612
13.900000  6.939750  0.713400
14.000000  7.099600  0.429497
14.100000  7.086050  0.765302
14.200000  6.921400  0.561584
14.300000  6.922850  0.392374
14.400000  6.855950  0.431830
14.500000  7.218600  0.464428
14.600000  6.949600  0.353412
14.700000  7.069500  0.626921
14.800000  7.244600  0.550978
14.900000  6.855200  0.263327
15.000000  7.018000  0.559180
15.100000  7.072100  0.752362
15.200000  7.209700  0.743311
15.300000  7.025450  0.206404
15.400000  7.068100  0.043134
15.500000  7.279200  0.024042
15.600000  7.266350  0.212768
15.700000  7.336750  0.404536
15.800000  7.401750  0.444982
15.900000  6.857850  0.249397
16.000000  6.814200  0.458064
16.100000  7.284050  0.417829
16.200000  6.989200  0.234901
16.300000  6.873650  0.693460
16.400000  7.236600  0.075378
16.500000  7.046100  0.475741
16.600000  7.186000  0.491581
16.700000  7.085300  0.181019
16.800000  7.091450  0.530684
16.900000  7.152800  0.504450
17.000000  6.934000  0.336441
17.100000  6.895450  0.142623
17.200000  7.236450  0.082661
17.300000  6.951950  0.456720
17.400000  7.199400  0.313814
17.500000  6.927750  0.678045
17.600000  7.100550  0.619638
17.700000  6.940050  0.465913
17.800000  6.931750  0.407081
17.900000  6.810000  0.358079
18.000000  6.973350  0.430982
18.100000  7.031350  0.556139
18.200000  7.024950  0.524037
18.300000  6.936850  0.506218
18.400000  7.128950  0.454458
18.500000  6.960250  0.434093
18.600000  6.991350  0.670832
18.700000  7.050050  0.451063
18.800000  6.902550  0.341462
18.900000  7.063700  0.897601
19.000000  6.823500  0.360200
19.100000  7.125150  0.142906
19.200000  7.042900  0.327815
19.300000  6.981050  0.036699
19.400000  6.915650  0.415142
19.500000  7.082750  0.394919
19.600000  7.024250  0.675358
19.700000  7.354150  0.096803
19.800000  7.231400  0.729734
19.900000  7.193700  0.337997
20.000000  6.922250  0.717077
20.100000  7.187250  0.503106
20.200000  6.848200  0.804829
20.300000  7.111500  0.590576
20.400000  7.085950  0.385161
20.500000  7.075350  0.060033
20.600000  6.976250  0.585414
20.700000  7.127750  0.070357
20.800000  7.148500  0.364301
20.900000  7.347900  0.266721
21.000000  6.983150  0.629679
21.100000  7.028300  0.468529
21.200000  6.998950  0.250528
21.300000  7.192750  0.505228
21.400000  7.118400  0.232072
21.500000  6.978000  0.248619
21.600000  6.974050  0.537613
21.700000  6.911200  0.004243
21.800000  7.161200  0.282136
21.900000  6.874150  0.449508
22.000000  6.755100  0.536128
22.100000  6.846100  0.361614
22.200000  6.827300  0.395697
22.300000  6.932000  0.432891
22.400000  6.971350  0.218425
22.500000  6.896400  0.778666
22.600000  7.024350  0.448094
22.700000  6.655450  0.498015
22.800000  6.905750  0.251094
22.900000  6.994300  0.348462
23.000000  6.927100  0.249750
23.100000  6.960450  0.082944
23.200000  7.093700  0.243952
23.300000  7.125000  0.058266
23.400000  7.220150  0.213900
23.500000  7.007600  0.523825
23.600000  6.971100  0.282560
23.700000  7.102600  0.427658
23.800000  6.996150  0.355463
23.900000  6.898400  0.622537
24.000000  7.126850  0.603091
24.100000  7.047650  0.175150
24.200000  7.288500  0.419031
24.300000  6.812350  0.511167
24.400000  7.031350  0.732633
24.500000  7.060550  0.226345
24.600000  6.856100  0.205344
24.700000  7.193650  0.045891
24.800000  6.996200  0.409273
24.900000  7.224300  0.342381
25.000000  7.178050  0.007283
25.100000  7.229600  0.393434
25.200000  7.226550  0.062438
25.300000  7.120600  0.333613
25.400000  7.184500  0.332199
25.500000  6.995600  0.051902
25.600000  7.094350  0.185474
25.700000  7.102300  0.191909
25.800000  7.041750  0.118723
25.900000  7.235150  0.199051
26.000000  7.190600  0.343937
26.100000  7.011550  0.000636
26.200000  7.126750  0.091146
26.300000  7.297750  0.026375
26.400000  7.114200  0.336583
26.500000  6.839650  0.643255
26.600000  7.126450  0.217152
26.700000  7.318150  0.203435
26.800000  6.999250  0.369746
26.900000  6.977750  0.278247
27.000000  7.187150  0.056356
27.100000  7.053450  0.173029
27.200000  7.316250  0.045467
27.300000  7.214650  0.163271
27.400000  7.178500  0.059963
27.500000  7.118350  0.029486
27.600000  6.964750  0.200323
27.700000  6.968600  0.528633
27.800000  7.015500  0.588030
27.900000  7.054100  0.213122
28.000000  6.801150  0.587818
28.100000  6.940000  0.107622
28.200000  6.988450  0.353200
28.300000  7.023700  0.293166
28.400000  7.042200  0.063357
28.500000  7.068450  0.648912
28.600000  7.175850  0.197354
28.700000  7.291100  0.217082
28.800000  7.082700  0.020789
28.900000  7.207150  0.093126
29.000000  7.170950  0.091429
29.100000  6.915650  0.165534
29.200000  7.084400  0.055013
29.300000  7.312300  0.206051
29.400000  7.360050  0.185191
29.500000  7.172100  0.408283
29.600000  6.909550  0.128764
29.700000  7.133250  0.000636
29.800000  7.100850  0.339341
29.900000  7.063000  0.281711
30.000000  7.241200  0.291045
30.100000  7.248000  0.179039
30.200000  7.655400  0.103238
30.300000  7.321950  0.198485
30.400000  7.082300  0.435861
30.500000  7.299700  0.226133
30.600000  7.251500  0.311127
30.700000  7.350300  0.481115
30.800000  7.400650  0.232143
30.900000  7.366150  0.356453
31.000000  7.183600  0.428931
31.100000  7.513600  0.106207
31.200000  7.118900  0.454953
31.300000  7.216700  0.523966
31.400000  7.102150  0.915633
31.500000  7.122900  0.380848
31.600000  7.384350  0.322794
31.700000  7.065850  0.645659
31.800000  6.996700  0.529340
31.900000  7.226550  0.512016
32.000000  7.174300  0.322441
32.100000  7.183700  0.494833
32.200000  7.381950  0.326330
32.300000  7.423200  0.055013
32.400000  7.446600  0.253851
32.500000  7.153750  0.434659
32.600000  7.265800  0.587747
32.700000  7.221750  0.554584
32.800000  7.185100  0.389333
32.900000  6.800450  0.578060
33.000000  7.241500  0.325835
33.100000  7.311850  0.232002
33.200000  7.106700  0.577989
33.300000  7.314000  0.310420
33.400000  7.496950  0.129330
33.500000  7.413000  0.182292
33.600000  7.508800  0.229103
33.700000  7.080850  0.335664
33.800000  7.114000  0.554372
33.900000  7.112050  0.180807
34.000000  7.221700  0.446184
34.100000  7.128350  0.481610
34.200000  6.950300  0.461882
34.300000  7.389150  0.146300
34.400000  7.281500  0.262619
34.500000  7.062850  0.417264
34.600000  7.464300  0.279590
34.700000  7.042150  0.471852
34.800000  7.044950  0.300591
34.900000  7.093950  0.545391
35.000000  7.077200  0.454528
35.100000  7.233200  0.265165
35.200000  7.254750  0.167938
35.300000  6.890000  0.599485
35.400000  6.827850  0.412455
35.500000  6.980400  0.715875
35.600000  7.022400  0.922067
35.700000  7.227000  0.543765
35.800000  7.202800  0.482813
35.900000  7.108150  0.477085
36.000000  7.048500  0.843154
36.100000  7.078050  0.571413
36.200000  7.114650  0.344149
36.300000  7.176800  0.632861
36.400000  7.163250  0.540725
36.500000  7.346750  0.782131
36.600000  7.171550  0.537613
36.700000  7.071050  0.436214
36.800000  7.101400  0.204071
36.900000  6.978500  0.704561
37.000000  7.259450  0.485429
37.100000  6.978450  0.611718
37.200000  7.116000  0.534148
37.300000  7.202150  0.575797
37.400000  6.979900  0.418607
37.500000  7.016200  0.681792
37.600000  7.054200  0.473054
37.700000  6.830100  0.895763
37.800000  7.156850  0.558826
37.900000  6.975300  0.460185
38.000000  6.911450  0.525027
38.100000  7.171200  0.662418
38.200000  7.090800  0.240275
38.300000  7.001300  0.632012
38.400000  7.276450  0.235820
38.500000  6.893900  0.335169
38.600000  6.976150  0.482742
38.700000  7.029750  0.659094
38.800000  7.167050  0.222385
38.900000  7.430600  0.369534
39.000000  7.058850  0.468883
39.100000  6.944850  0.211920
39.200000  7.178550  0.203717
39.300000  7.000100  0.563847
39.400000  6.977150  0.678328
39.500000  7.024250  0.564483
39.600000  7.083850  0.493631
39.700000  7.319600  0.328380
39.800000  7.127900  0.084004
39.900000  7.531100  0.659448
40.000000  6.999100  0.657892
40.100000  7.306350  0.105995
40.200000  6.969050  0.173736
40.300000  6.993200  0.737795
40.400000  7.139250  0.429143
40.500000  7.149000  0.188798
40.600000  7.240950  0.134138
40.700000  7.185300  0.035214
40.800000  7.202850  0.064983
40.900000  7.228800  0.009475
41.000000  6.953050  0.480903
41.100000  7.123650  0.423062
41.200000  7.069400  0.325976
41.300000  7.067700  0.169847
41.400000  6.892950  0.230870
41.500000  7.063250  0.419668
41.600000  7.074300  0.226416
41.700000  7.090050  0.117450
41.800000  7.148250  0.024254
41.900000  7.029400  0.132936
42.000000  7.056350  0.143048
42.100000  7.027100  0.127421
42.200000  7.070000  0.050912
42.300000  7.195250  0.362534
42.400000  7.054700  0.337856
42.500000  7.434700  0.031396
42.600000  7.117200  0.046810
42.700000  7.274000  0.103379
42.800000  7.252350  0.566463
42.900000  7.178250  0.238224
43.000000  7.063750  0.681297
43.100000  7.043400  0.788707
43.200000  7.056200  0.674863
43.300000  7.128900  0.291894
43.400000  7.107500  0.511238
43.500000  7.142300  0.666660
43.600000  7.312000  0.215950
43.700000  7.085000  0.512087
43.800000  6.946450  0.521774
43.900000  7.122800  0.488045
44.000000  7.002550  0.533088
44.100000  7.089100  0.498369
44.200000  6.957250  0.481328
44.300000  7.112700  0.551968
44.400000  7.129200  0.562291
44.500000  7.149350  0.456013
44.600000  7.347800  0.340825
44.700000  7.078700  0.171827
44.800000  6.969400  0.413516
44.900000  7.223950  0.378231
45.000000  7.133500  0.270115
45.100000  7.415600  0.267569
45.200000  6.973250  0.278105
45.300000  7.186050  0.520218
45.400000  7.077200  0.357513
45.500000  7.282550  0.239497
45.600000  7.188550  0.436073
45.700000  7.115000  0.167726
45.800000  7.137950  0.308511
45.900000  6.837600  0.684762
46.000000  6.821550  0.657114
46.100000  7.147800  0.277893
46.200000  6.978950  0.298328
46.300000  7.087700  0.276054
46.400000  6.750600  0.692965
46.500000  6.806400  0.887843
46.600000  6.869650  0.679742
46.700000  7.067600  0.271812
46.800000  7.026100  0.104652
46.900000  6.958600  0.734825
47.000000  7.057250  1.163827
47.100000  7.058100  0.450851
47.200000  6.759300  1.123168
47.300000  7.024300  0.706824
47.400000  6.714600  1.028416
47.500000  6.827600  0.791818
47.600000  6.946050  1.011233
47.700000  6.995400  0.825759
47.800000  6.823550  0.588384
47.900000  7.017200  0.778100
48.000000  6.646900  0.645306
48.100000  6.925950  0.531108
48.200000  7.235650  0.357160
48.300000  7.058850  0.242325
48.400000  7.001200  0.192050
48.500000  6.673900  0.194030
48.600000  7.187800  0.399940
48.700000  7.131350  0.303137
48.800000  6.926800  0.452124
48.900000  7.056100  0.618718
49.000000  7.020700  0.634275
49.100000  6.795250  0.844922
49.200000  6.910550  0.741543
49.300000  6.994750  0.335239
49.400000  7.043050  0.712127
49.500000  6.921250  0.634345
49.600000  6.865250  0.681439
49.700000  6.931900  0.652094
49.800000  7.027950  0.751584
49.900000  7.180750  0.271883
50.000000  7.097700  0.683631
50.100000  7.211900  0.441235
50.200000  7.155200  0.520713
50.300000  7.255150  0.420234
50.400000  7.079500  0.707814
50.500000  7.083550  0.498298
50.600000  6.956050  0.008980
50.700000  6.973200  0.565261
50.800000  6.921750  0.479065
50.900000  7.111300  0.519299
51.000000  7.059750  0.039952
51.100000  6.952100  0.361473
51.200000  7.100550  0.021708
51.300000  7.109400  0.064205
51.400000  7.136750  0.185474
51.500000  6.948500  0.461882
51.600000  7.344400  0.372362
51.700000  7.102600  0.171403
51.800000  7.045350  0.547230
51.900000  7.072450  0.259437
52.000000  7.193850  0.139229
52.100000  7.068500  0.281428
52.200000  6.892700  0.268701
52.300000  7.277650  0.282206
52.400000  6.967200  0.359776
52.500000  6.998900  0.203222
52.600000  6.830600  0.345775
52.700000  7.008700  0.224153
52.800000  7.137650  0.039386
52.900000  7.086750  0.050841
53.000000  7.029800  0.671751
53.100000  7.032950  0.104723
53.200000  7.093050  0.482318
53.300000  7.056300  0.081883
53.400000  7.242000  0.014566
53.500000  7.123700  0.005515
53.600000  7.076250  0.503814
53.700000  6.911100  0.203081
53.800000  7.107900  0.014566
53.900000  7.081600  0.367696
54.000000  7.115450  0.429285
54.100000  6.947350  0.674085
54.200000  7.079950  0.297480
54.300000  6.837950  0.790333
54.400000  7.045700  0.314238
54.500000  6.981650  0.661781
54.600000  6.922950  0.174160
54.700000  6.760400  0.650397
54.800000  7.028150  0.368332
54.900000  6.962750  0.382757
55.000000  6.764950  0.776615
55.100000  6.776500  0.413092
55.200000  7.061050  0.352493
55.300000  7.236900  0.264458
55.400000  6.963800  0.436426
55.500000  7.137400  0.249750
55.600000  7.163600  0.143118
55.700000  6.985500  0.542775
55.800000  6.714550  0.429426
55.900000  6.900350  0.342735
56.000000  7.042700  0.309147
56.100000  7.175250  0.515976
56.200000  7.048300  0.283691
56.300000  6.998200  0.342664
56.400000  6.911550  0.360129
56.500000  7.006150  0.655559
56.600000  7.044900  0.425537
56.700000  7.087300  0.280580
56.800000  6.787850  0.146442
56.900000  7.187750  0.425608
57.000000  7.093000  0.624658
57.100000  7.049500  0.606132
57.200000  7.396700  0.633709
57.300000  7.142550  0.500844
57.400000  7.203800  0.393151
57.500000  7.186800  0.210152
57.600000  7.202200  0.382969
57.700000  7.250650  0.420516
57.800000  7.077200  0.436568
57.900000  7.255300  0.522835
58.000000  7.356550  0.233982
58.100000  7.412800  0.437558
58.200000  7.361750  0.750594
58.300000  7.035200  0.583080
58.400000  7.186650  0.528987
58.500000  7.115400  0.040729
58.600000  7.058650  0.419385
58.700000  7.035350  0.597010
58.800000  6.957100  0.394141
58.900000  6.952250  0.408354
59.000000  6.991200  0.557059
59.100000  6.684050  0.487974
59.200000  7.141050  0.637740
59.300000  7.010550  0.506642
59.400000  7.247500  0.461458
59.500000  7.086600  0.434871
59.600000  7.174600  0.605425
59.700000  7.071100  0.736381
59.800000  7.142200  0.402344
59.900000  7.200450  0.912097
60.000000  7.190400  0.627769
60.100000  7.302400  0.636113
60.200000  7.399550  0.571837
60.300000  7.255400  0.816284
60.400000  7.251000  0.389333
60.500000  7.293000  0.902834
60.600000  7.003900  0.894631
60.700000  7.123550  1.050690
60.800000  7.356000  0.280863
60.900000  7.221800  0.340401
61.000000  7.350900  0.363594
61.100000  7.287600  0.819112
61.200000  7.223400  0.561726
61.300000  7.345850  0.647356
61.400000  7.506300  0.474044
61.500000  7.589050  0.696854
61.600000  7.675750  0.751725
61.700000  7.580700  0.800303
61.800000  7.164800  0.827881
61.900000  7.321450  0.693884
62.000000  7.156850  0.687520
62.100000  7.204700  0.729027
62.200000  7.334750  0.533371
62.300000  7.268050  0.562928
62.400000  7.264550  0.765585
62.500000  7.064800  0.833679
62.600000  7.149500  0.809779
62.700000  7.175900  0.594253
62.800000  7.224650  0.770676
62.900000  7.290900  0.750523
63.000000  7.188650  0.707460
63.100000  7.040150  0.651457
63.200000  7.121350  0.740553
63.300000  7.380250  0.616102
63.400000  7.164000  0.059680
63.500000  7.144900  0.482671
63.600000  7.152100  0.635265
63.700000  7.403800  0.548149
63.800000  7.047150  0.498864
63.900000  7.339900  0.401495
64.000000  7.408200  0.512935
64.100000  7.231550  0.750877
64.200000  7.104400  0.474751
64.300000  7.078350  0.554160
64.400000  7.367150  0.396758
64.500000  7.199500  0.579403
64.600000  7.412900  0.664539
64.700000  7.137250  0.679742
64.800000  7.179200  0.571059
64.900000  7.429700  0.835942
65.000000  7.098550  0.607475
65.100000  7.198900  0.833396
65.200000  7.097150  0.723300
65.300000  7.214000  0.521562
65.400000  7.366600  0.521562
65.500000  7.402600  0.649548
65.600000  7.272050  0.373140
65.700000  7.321850  0.336795
65.800000  7.340200  0.618153
65.900000  7.277500  0.639649
66.000000  7.165750  0.416981
66.100000  7.170900  0.481681
66.200000  7.126850  0.582444
66.300000  7.143550  0.470721
66.400000  7.253650  0.409203
66.500000  7.063100  0.618577
66.600000  7.296100  0.231224
66.700000  7.152950  0.423486
66.800000  7.093050  0.521774
66.900000  7.120700  0.702440
67.000000  7.279400  0.745149
67.100000  7.128300  0.695793
67.200000  7.307050  0.834740
67.300000  7.087750  0.639437
67.400000  6.907800  0.792101
67.500000  7.114100  0.703854
67.600000  6.991000  0.701450
67.700000  7.086000  0.614759
67.800000  7.251750  0.374696
67.900000  7.025950  0.748331
68.000000  6.922750  0.733340
68.100000  7.240650  0.799384
68.200000  7.264600  0.857862
68.300000  7.280350  0.587676
68.400000  7.110100  0.704420
68.500000  6.849750  0.731502
68.600000  7.049300  0.663125
68.700000  7.000150  0.706329
68.800000  7.240400  0.778525
68.900000  6.932200  0.751655
69.000000  6.897400  0.346482
69.100000  7.144450  0.611294
69.200000  7.055050  0.547513
69.300000  7.187600  0.539522
69.400000  7.202150  0.739704
69.500000  7.101700  0.545321
69.600000  7.103400  0.675146
69.700000  7.121550  0.802920
69.800000  7.063500  0.317632
69.900000  6.974250  0.279802
70.000000  7.153100  0.692823
70.100000  7.062500  0.816284
70.200000  7.009400  0.978919
70.300000  7.052300  0.710077
70.400000  7.236600  0.697349
70.500000  7.106700  0.413799
70.600000  7.024750  0.690066
70.700000  7.133150  0.800233
70.800000  7.169250  0.310491
70.900000  6.745100  0.771171
71.000000  7.016250  0.751867
71.100000  7.091350  0.822153
71.200000  7.254350  0.875469
71.300000  7.147550  0.726976
71.400000  7.155400  0.536977
71.500000  7.389300  1.066600
71.600000  7.142800  0.679105
71.700000  7.147600  0.663266
71.800000  7.333450  0.557412
71.900000  6.998650  0.563635
72.000000  7.189800  1.230931
72.100000  7.147250  0.738290
72.200000  7.041200  0.793657
72.300000  7.176300  0.658175
72.400000  7.106000  0.497945
72.500000  7.143550  0.631234
72.600000  7.218700  0.856589
72.700000  7.227100  0.464852
72.800000  7.326300  0.427375
72.900000  7.076350  0.472559
73.000000  7.233900  0.472347
73.100000  7.101700  0.790263
73.200000  7.276050  0.859488
73.300000  7.370950  0.426032
73.400000  7.291550  0.336088
73.500000  7.346450  0.602526
73.600000  7.022750  0.633921
73.700000  7.415550  0.355321
73.800000  7.277800  0.496955
73.900000  7.237000  0.258660
74.000000  7.329750  0.453750
74.100000  6.900850  0.844639
74.200000  6.981400  0.625365
74.300000  7.405750  0.166382
74.400000  7.135900  0.633992
74.500000  7.183900  0.362180
74.600000  6.936050  0.382757
74.700000  7.140350  0.406940
74.800000  7.089100  0.330926
74.900000  6.842100  0.367978
75.000000  6.936350  0.518380
75.100000  6.866050  0.257175
75.200000  6.937700  0.478994
75.300000  6.841450  0.143189
75.400000  6.865650  0.293661
75.500000  6.840900  0.134209
75.600000  6.804200  0.330502
75.700000  7.046950  0.110379
75.800000  6.943800  0.255690
75.900000  6.781150  0.241901
76.000000  7.023500  0.081317
76.100000  6.753250  0.021425
76.200000  6.869650  0.246427
76.300000  6.882350  0.243457
76.400000  6.976850  0.236810
76.500000  6.994600  0.102530
76.600000  6.741800  0.181019
76.700000  6.877300  0.313814
76.800000  7.145250  0.159028
76.900000  6.783250  0.461246
77.000000  7.155100  0.073963
77.100000  6.962850  0.255761
77.200000  6.829900  0.178049
77.300000  6.953350  0.052679
77.400000  6.721600  0.075519
77.500000  6.872300  0.251589
77.600000  6.769750  0.333401
77.700000  6.967150  0.319542
77.800000  6.889650  0.409768
77.900000  7.022600  0.168009
78.000000  7.032550  0.386292
78.100000  6.881300  0.455377
78.200000  6.646800  0.471499
78.300000  6.948200  0.003677
78.400000  6.710350  0.300874
78.500000  6.908100  0.211425
78.600000  6.901800  0.201808
78.700000  6.937350  0.356311
78.800000  6.741300  0.471640
78.900000  7.011600  0.465418
79.000000  6.933400  0.608253
79.100000  6.691800  0.424547
79.200000  6.804050  0.188161
79.300000  6.992400  0.213546
79.400000  6.761100  0.188232
79.500000  6.712550  0.155069
79.600000  6.930650  0.102318
79.700000  6.782150  0.214465
79.800000  6.784350  0.032173
79.900000  6.640500  0.122329
80.000000  6.625500  0.184696
80.100000  6.572700  0.249750
80.200000  6.570900  0.240558
80.300000  6.399900  0.169706
80.400000  6.360100  0.203364
80.500000  6.566850  0.261842
80.600000  6.680250  0.158180
80.700000  6.624550  0.039810
80.800000  6.469250  0.044477
80.900000  6.713450  0.044618
81.000000  6.806850  0.279236
81.100000  6.788850  0.335522
81.200000  6.662250  0.367059
81.300000  6.858800  0.198414
81.400000  6.818100  0.454811
81.500000  7.165700  1.108602
81.600000  6.927350  0.207819
81.700000  6.831000  0.300379
81.800000  6.781150  0.196081
81.900000  6.878250  0.317420
82.000000  7.094800  0.091358
82.100000  6.839150  0.673519
82.200000  6.815450  0.262266
82.300000  6.908950  0.426880
82.400000  6.828300  0.288924
82.500000  6.956500  0.175362
82.600000  6.843950  0.183494
82.700000  6.985300  0.064064
82.800000  6.810200  0.201243
82.900000  6.790300  0.342381
83.000000  7.010050  0.295217
83.100000  7.066400  0.057558
83.200000  7.050550  0.041649
83.300000  7.058250  0.093550
83.400000  7.004000  0.313107
83.500000  6.979500  0.038608
83.600000  6.975400  0.027153
83.700000  6.853750  0.083226
83.800000  6.883400  0.178049
83.900000  7.005750  0.178403
84.000000  6.877850  0.325057
84.100000  6.793650  0.293520
84.200000  6.849650  0.104298
84.300000  7.025900  0.377736
84.400000  7.087800  0.147078
84.500000  6.930800  0.198131
84.600000  6.848150  0.002899
84.700000  6.653950  0.353058
84.800000  6.920600  0.057841
84.900000  7.145650  0.032315
85.000000  6.829350  0.074034
85.100000  7.054200  0.021496
85.200000  7.170850  0.189858
85.300000  6.867500  0.118087
85.400000  6.886800  0.149907
85.500000  7.014350  0.331845
85.600000  6.961650  0.329724
85.700000  6.764750  0.142623
85.800000  6.873450  0.043770
85.900000  6.748100  0.251164
86.000000  7.056050  0.179959
86.100000  6.921550  0.465064
86.200000  6.973650  0.090015
86.300000  6.892450  0.214041
86.400000  6.765800  0.060528
86.500000  7.172350  0.208809
86.600000  7.098200  0.118653
86.700000  7.090000  0.025739
86.800000  6.927900  0.047800
86.900000  7.087900  0.004667
87.000000  7.142400  0.073115
87.100000  7.216950  0.093126
87.200000  7.167700  0.188232
87.300000  7.018300  0.063922
87.400000  7.157950  0.044336
87.500000  7.031450  0.009829
87.600000  7.050500  0.189363
87.700000  7.389050  0.018173
87.800000  7.213800  0.001556
87.900000  7.088350  0.043063
88.000000  7.222000  0.045396
88.100000  6.828650  0.282772
88.200000  7.282400  0.246215
88.300000  7.139250  0.057771
88.400000  7.194450  0.560948
88.500000  7.221250  0.593475
88.600000  7.054250  0.074176
88.700000  7.214800  0.076085
88.800000  7.002600  0.055013
88.900000  7.013550  0.000778
89.000000  7.076550  0.055791
89.100000  7.180600  0.110450
89.200000  7.442550  0.429709
89.300000  7.448050  0.249114
89.400000  7.363850  0.373847
89.500000  7.111600  0.133077
89.600000  7.252300  0.458205
89.700000  7.332700  0.141139
89.800000  7.193050  0.341179
89.900000  7.393900  0.382969
90.000000  7.435200  0.199404
90.100000  7.429750  0.458276
90.200000  7.391850  0.286590
90.300000  7.203800  0.061235
90.400000  6.896150  0.162422
90.500000  7.134350  0.159170
90.600000  7.039350  0.200748
90.700000  7.164900  0.140856
90.800000  7.001150  0.458983
90.900000  6.842100  0.341250
91.000000  7.245700  0.267711
91.100000  7.331950  0.418961
91.200000  7.018050  0.133007
91.300000  6.933850  0.000071
91.400000  7.371700  0.188373
91.500000  7.257150  0.095530
91.600000  7.189750  0.237659
91.700000  7.029150  0.010677
91.800000  6.903750  0.073044
91.900000  6.920600  0.124875
92.000000  7.117450  0.100338
92.100000  7.100300  0.125158
92.200000  7.085000  0.078630
92.300000  7.005400  0.234759
92.400000  6.726650  0.116743
92.500000  7.094350  0.285176
92.600000  7.099750  0.043487
92.700000  7.152550  0.133290
92.800000  7.084100  0.223729
92.900000  7.104650  0.121834
93.000000  7.032950  0.163837
93.100000  7.038400  0.155563
93.200000  7.069400  0.217930
93.300000  7.172500  0.211991
93.400000  6.985600  0.242396
93.500000  7.122400  0.031113
93.600000  7.099000  0.081176
93.700000  7.070750  0.548220
93.800000  7.078500  0.074670
93.900000  7.159450  0.109531
94.000000  6.831600  0.280580
94.100000  7.056550  0.243315
94.200000  6.806750  0.199333
94.300000  6.992500  0.289772
94.400000  6.752350  0.360695
94.500000  6.592100  0.048366
94.600000  7.081250  0.070781
94.700000  7.127000  0.007354
94.800000  7.209200  0.095884
94.900000  7.166350  0.192828
95.000000  7.107000  0.417476
95.100000  7.017550  0.047871
95.200000  7.182150  0.326188
95.300000  6.899400  0.039739
95.400000  7.142150  0.117592
95.500000  6.994400  0.063074
95.600000  7.216150  0.200889
95.700000  7.122900  0.042426
95.800000  7.161300  0.034931
95.900000  7.162150  0.079550
96.000000  6.960800  0.112430
96.100000  6.940150  0.031466
96.200000  7.021900  0.163625
96.300000  7.154650  0.194384
96.400000  7.156000  0.080610
96.500000  7.148950  0.013930
96.600000  7.110250  0.001485
96.700000  7.027700  0.028567
96.800000  6.919300  0.076933
96.900000  7.023350  0.069084
97.000000  7.217000  0.245366
97.100000  7.014550  0.019587
97.200000  7.188550  0.020294
97.300000  6.929150  0.173736
97.400000  7.023500  0.181161
97.500000  6.951250  0.221678
97.600000  7.009100  0.125582
97.700000  6.883750  0.001485
97.800000  7.045750  0.408637
97.900000  6.858750  0.284186
98.000000  6.880650  0.027082
98.100000  6.878700  0.141704
98.200000  6.758500  0.070852
98.300000  6.702050  0.169635
98.400000  6.925850  0.461670
98.500000  6.731600  0.093338
98.600000  6.833700  0.072832
98.700000  6.976850  0.203435
98.800000  6.890150  0.422779
98.900000  6.936600  0.435154
99.000000  6.930000  0.496530
99.100000  7.163650  0.116602
99.200000  6.851850  0.224224
99.300000  6.865400  0.071559
99.400000  6.659150  0.125370
99.500000  7.278150  0.128057
99.600000  7.045150  0.234830
99.700000  7.076450  0.432254
99.800000  7.025850  0.494621
99.900000  6.942150  0.008132
100.000000  7.090900  0.132512
100.100000  7.151200  0.105076
100.200000  7.047650  0.204566
100.300000  6.874950  0.247558
100.400000  6.829750  0.118865
100.500000  6.810050  0.028214
100.600000  6.689100  0.080044
100.700000  7.069600  0.201950
100.800000  6.860250  0.758089
100.900000  6.639750  0.688934
101.000000  6.666100  0.793091
101.100000  6.665000  0.534290
101.200000  6.354900  0.262337
101.300000  6.551900  0.354826
101.400000  6.375700  0.325269
101.500000  6.475900  0.652801
101.600000  6.560150  0.372575
101.700000  6.723800  0.278176
101.800000  6.430900  0.419739
101.900000  6.446250  0.622042
102.000000  6.544650  0.583999
102.100000  6.276850  0.146583
102.200000  6.054700  0.309571
102.300000  6.436600  0.411253
102.400000  6.289750  0.255053
102.500000  6.682200  0.799172
102.600000  6.351550  0.805041
102.700000  6.576150  0.578908
102.800000  6.860600  0.523542
102.900000  6.605750  0.729663
103.000000  6.306100  0.591566
103.100000  6.565750  0.062862
103.200000  6.531750  0.537896
103.300000  6.434950  0.424052
103.400000  6.679450  0.577918
103.500000  6.645650  0.521350
103.600000  6.500600  0.655912
103.700000  6.422800  0.453397
103.800000  6.350750  0.480196
103.900000  6.886350  0.701803
104.000000  6.681050  0.556422
104.100000  6.630150  0.761342
104.200000  6.723800  1.068014
104.300000  6.576500  0.489884
104.400000  6.717100  0.839477
104.500000  6.449600  0.579686
104.600000  6.448250  0.081671
104.700000  6.250400  0.717996
104.800000  6.573100  0.949644
104.900000  6.684300  1.072398
105.000000  6.558000  0.885581
105.100000  6.479700  0.799455
105.200000  6.680650  0.824699
105.300000  6.548850  0.972767
105.400000  6.714550  1.051538
105.500000  6.628550  0.810415
105.600000  6.434900  0.580676
105.700000  6.508500  0.476024
105.800000  6.451350  0.583010
105.900000  6.473800  0.496672
106.000000  6.415000  0.662135
106.100000  6.817850  0.844639
106.200000  6.637600  0.554089
106.300000  6.589000  0.872287
106.400000  6.756150  0.450639
106.500000  6.812500  0.971282
106.600000  6.591500  0.607546
106.700000  6.731600  0.522410
106.800000  6.454450  0.248548
106.900000  6.440600  0.420021
107.000000  6.415350  0.600970
107.100000  6.656950  0.735179
107.200000  6.569550  0.394353
107.300000  6.645400  0.401919
107.400000  6.509100  0.611930
107.500000  6.470050  0.423486
107.600000  6.569350  0.701945
107.700000  6.631850  0.495328
107.800000  6.646050  0.540300
107.900000  6.515500  0.342947
108.000000  6.512050  0.862882
108.100000  6.455600  0.564271
108.200000  6.598850  0.676772
108.300000  6.747250  0.717926
108.400000  6.627400  0.961524
108.500000  6.531850  0.685257
108.600000  6.762000  1.011021
108.700000  6.542850  0.905167
108.800000  6.626750  0.752432
108.900000  6.579150  0.664893
109.000000  6.621950  0.849306
109.100000  6.480900  0.998576
109.200000  6.522550  0.738997
109.300000  6.511700  0.880631
109.400000  6.556850  0.852559
109.500000  6.407450  0.632790
109.600000  6.610200  0.579262
109.700000  6.516550  0.866842
109.800000  6.366000  0.720118
109.900000  6.382550  0.532239
110.000000  6.565700  0.801011
110.100000  6.624750  0.320107
110.200000  6.704600  0.736098
110.300000  6.731550  0.911107
110.400000  6.484500  0.210011
110.500000  6.438800  0.384525
110.600000  6.251600  0.279590
110.700000  6.324900  0.544614
110.800000  6.346100  0.622678
110.900000  6.451800  0.322158
111.000000  6.407900  0.442649
111.100000  6.477150  0.550483
111.200000  6.473700  0.456508
111.300000  6.354550  0.052538
111.400000  6.472300  0.179181
111.500000  6.388550  0.283903
111.600000  6.295400  0.340401
111.700000  6.336050  0.449791
111.800000  6.174550  0.635053
111.900000  6.400400  0.582515
112.000000  6.294750  0.437487
112.100000  6.321050  0.584141
112.200000  6.335900  0.563140
112.300000  6.524200  0.743311
112.400000  6.191450  0.367201
112.500000  6.414300  0.584919
112.600000  6.164850  0.275560
112.700000  6.190800  0.287934
112.800000  6.371550  0.563211
112.900000  6.221950  0.301440
113.000000  6.606550  0.794293
113.100000  6.514650  0.579898
113.200000  6.282650  0.324633
113.300000  6.426400  0.482105
113.400000  6.505900  0.631305
113.500000  6.036950  0.223658
113.600000  6.583450  0.467468
113.700000  6.582350  0.335805
113.800000  6.640850  0.734896
113.900000  6.304250  0.490803
114.000000  6.439750  0.611435
114.100000  6.208600  0.295429
114.200000  6.402500  0.619426
114.300000  6.115750  0.263680
114.400000  6.342500  0.456932
114.500000  6.383900  0.739634
114.600000  6.294050  0.499571
114.700000  6.388600  0.283974
114.800000  6.415450  0.404253
114.900000  6.540600  0.078206
115.000000  6.233850  0.226486
115.100000  6.604100  0.240699
115.200000  6.298550  0.094964
115.300000  6.222950  0.447245
115.400000  6.424950  0.068519
115.500000  6.239100  0.132370
115.600000  6.517550  0.078984
115.700000  6.428450  0.155776
115.800000  6.369050  0.242891
115.900000  6.333450  0.223516
116.000000  6.619050  0.018031
116.100000  6.564150  0.453326
116.200000  6.414350  0.408213
116.300000  6.385250  0.376110
116.400000  6.417150  0.521916
116.500000  6.562400  0.323431
116.600000  6.643300  0.421577
116.700000  6.242300  0.476449
116.800000  6.360800  0.016971
116.900000  6.265250  0.653013
117.000000  6.170450  0.464357
117.100000  6.276850  0.252225
117.200000  6.127600  0.320178
117.300000  6.221450  0.014496
117.400000  6.406050  0.534078
117.500000  6.572100  0.789838
117.600000  6.320950  0.552887
117.700000  6.064400  0.141421
117.800000  6.158800  0.278600
117.900000  6.231450  0.262124
118.000000  6.061950  0.399162
118.100000  6.521600  0.341391
118.200000  6.264650  0.393505
118.300000  6.384850  0.575656
118.400000  6.207600  0.628618
118.500000  6.425300  0.710218
118.600000  6.548900  0.500066
118.700000  6.293150  0.481752
118.800000  6.124500  0.047942
118.900000  6.467600  0.605001
119.000000  6.277600  0.676277
119.100000  6.225500  0.412243
119.200000  6.147500  0.347755
119.300000  6.470850  0.851144
119.400000  6.271100  0.229385
119.500000  6.352800  0.481964
119.600000  6.272000  0.379575
119.700000  6.366200  0.655912
119.800000  6.446450  0.480479
119.900000  6.206300  0.576433
120.000000  6.413350  0.347967
120.100000  6.262050  0.423486
120.200000  6.413200  0.447740
120.300000  6.506550  0.298046
120.400000  6.461950  0.314309
120.500000  6.317200  0.489459
120.600000  6.334500  0.147927
120.700000  6.533200  0.293449
120.800000  6.594850  0.624305
120.900000  6.468050  0.341462
121.000000  6.554800  0.339694
121.100000  6.297150  0.202445
121.200000  6.285300  0.488469
121.300000  6.224150  0.208950
121.400000  6.344100  0.207465
121.500000  6.624350  0.621759
121.600000  6.532250  0.580888
121.700000  6.220850  0.272873
121.800000  6.499950  0.482318
121.900000  6.446400  0.719128
122.000000  6.325600  0.058831
122.100000  6.420400  0.380989
122.200000  6.421300  0.644457
122.300000  6.315950  0.640285
122.400000  6.333700  0.433739
122.500000  6.348550  0.695298
122.600000  6.495250  0.377383
122.700000  6.145400  0.483237
122.800000  6.558600  0.669630
122.900000  6.500650  0.690490
123.000000  6.338500  0.501622
123.100000  6.279600  0.319329
123.200000  6.543700  0.943988
123.300000  6.382150  0.527855
123.400000  6.196800  0.443780
123.500000  6.095700  0.369958
123.600000  6.263500  0.455094
123.700000  6.385100  0.334179
123.800000  6.348500  0.487338
123.900000  6.188400  0.613627
124.000000  6.347200  0.687166
124.100000  6.247100  0.372080
124.200000  6.463400  0.699470
124.300000  6.188350  0.405809
124.400000  6.497850  0.701096
124.500000  6.354250  0.582161
124.600000  6.403300  0.543482
124.700000  6.284750  0.607900
124.800000  6.191700  0.700319
124.900000  6.220900  0.309713
125.000000  6.424950  0.431123
125.100000  6.225350  0.601819
125.200000  6.450500  0.505864
125.300000  6.222250  0.503106
125.400000  6.158750  0.323360
125.500000  6.306950  0.522057
125.600000  6.311350  0.593475
125.700000  6.359400  0.601324
125.800000  6.289650  0.533653
125.900000  6.366250  0.667721
126.000000  6.304550  0.368191
126.100000  6.250000  0.385939
126.200000  6.284250  0.335098
126.300000  6.218400  0.672317
126.400000  6.282600  0.695510
126.500000  6.264750  0.627133
126.600000  6.509300  0.383110
126.700000  6.295000  0.422426
126.800000  6.149000  0.324421
126.900000  6.363750  0.330997
127.000000  6.393800  0.398101
127.100000  6.357850  0.613415
127.200000  6.231950  0.428153
127.300000  6.173750  0.436921
127.400000  6.272450  0.348674
127.500000  6.258950  0.539169
127.600000  6.221150  0.647498
127.700000  6.123650  0.238790
127.800000  6.290300  0.331067
127.900000  6.308150  0.476095
128.000000  6.222400  0.394424
128.100000  6.452600  0.521279
128.200000  6.432050  0.757948
128.300000  6.351900  0.188232
128.400000  6.441400  0.473903
128.500000  6.443000  0.319612
128.600000  6.661300  0.989808
128.700000  6.426600  0.728037
128.800000  6.455100  0.858428
128.900000  6.355050  0.775343
129.000000  6.493900  0.889682
129.100000  6.347150  0.503672
129.200000  6.394350  0.788919
129.300000  6.331400  0.809779
129.400000  6.242650  0.356453
129.500000  6.278600  0.428082
129.600000  6.192450  0.311198
129.700000  6.329100  0.443639
129.800000  6.370700  0.309571
129.900000  6.428800  0.583222
130.000000  6.434600  0.792384
130.100000  6.556850  0.777605
130.200000  6.509000  0.740765
130.300000  6.380950  0.512157
130.400000  6.234700  0.327673
130.500000  6.539700  0.673166
130.600000  6.396950  0.356311
130.700000  6.346350  0.637598
130.800000  6.302300  0.600758
130.900000  6.206300  0.557342
131.000000  6.412200  0.763675
131.100000  6.219850  0.704632
131.200000  6.286950  0.546099
131.300000  6.197900  0.443356
131.400000  6.088100  0.162210
131.500000  6.121350  0.274287
131.600000  6.351800  0.673448
131.700000  6.178700  0.474327
131.800000  6.020300  0.324138
131.900000  6.122400  0.568797
132.000000  6.313200  0.682499
132.100000  6.378400  0.689853
132.200000  6.429050  0.777464
132.300000  6.643800  0.682924
132.400000  6.373500  0.247063
132.500000  6.348700  0.350725
132.600000  6.742350  0.904602
132.700000  6.458500  1.062357
132.800000  6.633400  1.017810
132.900000  6.365350  0.838841
133.000000  6.316900  0.519016
133.100000  6.127000  0.586050
133.200000  6.289050  0.688368
133.300000  6.456400  0.786586
133.400000  6.296750  0.814799
133.500000  6.356850  1.017456
133.600000  6.524500  0.793657
133.700000  6.399200  1.173514
133.800000  6.397600  0.940311
133.900000  6.294800  0.507278
134.000000  6.557950  0.822012
134.100000  6.285650  0.670832
134.200000  6.372300  1.082863
134.300000  6.387400  0.672459
134.400000  6.288750  0.467185
134.500000  6.269550  0.629254
134.600000  6.501200  0.781070
134.700000  6.700350  0.762473
134.800000  6.340150  1.000061
134.900000  6.429550  0.677196
135.000000  6.275450  0.862741
135.100000  6.424450  0.611011
135.200000  6.373150  0.689076
135.300000  6.344500  0.813738
135.400000  6.405150  0.659943
135.500000  6.215500  0.289207
135.600000  6.243000  0.577989
135.700000  6.483900  0.705693
135.800000  6.456000  0.731431
135.900000  6.273950  0.690066
136.000000  6.159250  0.555291
136.100000  5.986300  0.382969
136.200000  6.222600  0.677833
136.300000  6.120050  0.415567
136.400000  6.122150  0.541007
136.500000  6.099100  0.483520
136.600000  6.248100  0.560311
136.700000  6.071150  0.405101
136.800000  6.219650  0.494480
136.900000  6.220250  0.305117
137.000000  6.085300  0.103238
137.100000  5.909550  0.425183
137.200000  6.304650  0.570140
137.300000  6.088500  0.181161
137.400000  6.135200  0.279307
137.500000  6.165050  0.210081
137.600000  6.186000  0.240699
137.700000  6.283150  0.207253
137.800000  5.966300  0.350301
137.900000  6.248100  0.242255
138.000000  6.201550  0.222668
138.100000  6.228750  0.258872
138.200000  6.272550  0.536340
138.300000  6.325800  0.415355
138.400000  6.241850  0.227193
138.500000  6.277250  0.394353
138.600000  6.110900  0.556776
138.700000  6.335800  0.505299
138.800000  6.205050  0.484722
138.900000  6.208950  0.635618
139.000000  6.298200  0.411536
139.100000  6.322500  0.286237
139.200000  5.929000  0.557200
139.300000  6.153950  0.529835
139.400000  6.109200  0.500773
139.500000  6.294550  0.201172
139.600000  6.420300  1.060377
139.700000  6.382150  0.792737
139.800000  6.033150  0.541290
139.900000  6.406500  0.568797
140.000000  6.235800  0.654781
140.100000  6.524400  0.591848
140.200000  6.109000  0.716723
140.300000  6.313850  0.932886
140.400000  6.205200  0.618860
140.500000  6.238350  0.754129
140.600000  6.178300  0.871438
140.700000  6.559250  0.855528
140.800000  6.319650  0.648063
140.900000  6.498550  0.658670
141.000000  6.074900  0.577141
141.100000  6.444950  0.587676
141.200000  6.150700  0.657609
141.300000  6.195500  0.493843
141.400000  6.515300  0.754624
141.500000  6.372850  0.756534
141.600000  6.091350  0.833891
141.700000  6.063300  0.657468
141.800000  6.053950  0.745786
141.900000  6.315300  1.027709
142.000000  6.437450  0.854256
142.100000  6.079350  0.683560
142.200000  6.431000  0.772019
142.300000  6.110050  0.449791
142.400000  6.282100  0.743876
142.500000  6.189650  0.824274
142.600000  6.312150  0.701662
142.700000  6.392600  0.631164
142.800000  6.278950  0.840821
142.900000  6.150350  0.902198
143.000000  6.378400  0.798465
143.100000  6.261750  0.597152
143.200000  6.249950  0.795990
143.300000  6.130050  0.550058
143.400000  6.411350  0.806314
143.500000  6.208250  0.665317
143.600000  6.311400  0.591848
143.700000  6.230000  0.689995
143.800000  6.438600  0.702864
143.900000  6.050600  0.750947
144.000000  6.570100  0.690702
144.100000  6.094650  0.372292
144.200000  6.232350  0.677479
144.300000  6.163500  0.292035
144.400000  6.201700  0.749957
144.500000  6.288250  0.703783
144.600000  6.245300  0.679954
144.700000  6.241250  0.647215
144.800000  6.397700  0.458488
144.900000  6.162150  0.534078
145.000000  6.395800  0.648134
145.100000  6.253150  0.710996
145.200000  6.369850  0.888763
145.300000  6.168350  0.985070
145.400000  6.247100  0.789697
145.500000  6.355600  0.722522
145.600000  6.279300  0.715026
145.700000  6.247050  0.315016
145.800000  6.445900  0.393151
145.900000  6.483550  0.786373
146.000000  6.100100  0.611365
146.100000  5.924350  0.266791
146.200000  6.085650  0.780292
146.300000  6.000700  0.338280
146.400000  6.060500  0.688863
146.500000  6.195000  0.447316
146.600000  5.997550  0.458276
146.700000  6.139200  0.562998
146.800000  6.016400  0.989808
146.900000  6.243700  0.816567
147.000000  6.153150  0.896541
147.100000  6.371650  0.872923
147.200000  6.215700  0.824628
147.300000  6.145850  0.897248
147.400000  6.122050  0.254063
147.500000  6.014150  0.616809
147.600000  6.118100  0.543482
147.700000  6.465950  0.756251
147.800000  6.185000  0.328380
147.900000  6.337100  0.797475
148.000000  6.181500  0.839901
148.100000  6.294150  1.059034
148.200000  6.266800  0.960392
148.300000  6.327950  0.684267
148.400000  6.221500  0.824345
148.500000  6.149000  0.746280
148.600000  6.358650  0.876317
148.700000  6.328250  1.027073
148.800000  6.245600  1.077631
148.900000  6.259150  0.657680
149.000000  6.115550  0.653862
149.100000  6.187250  0.513430
149.200000  6.361500  0.793091
149.300000  6.254150  0.582727
149.400000  6.322700  0.613627
149.500000  6.486850  0.704632
149.600000  6.267750  0.620769
149.700000  6.309600  0.320319
149.800000  6.346200  0.824911
149.900000  6.201900  0.684338
150.000000  6.337850  0.928078
150.100000  6.079000  0.791535
150.200000  6.071200  0.481540
150.300000  6.320950  0.597293
150.400000  6.366300  0.241689
150.500000  6.199350  0.209799
150.600000  6.246750  0.470014
150.700000  6.044150  0.627982
150.800000  6.288200  0.299248
150.900000  6.291050  0.264953
151.000000  5.923850  0.478358
151.100000  6.219800  0.518309
151.200000  6.177800  0.664398
151.300000  6.067350  0.321380
151.400000  6.044000  0.262761
151.500000  6.114500  0.626355
151.600000  6.252900  0.869317
151.700000  6.186550  0.456720
151.800000  6.322450  0.834315
151.900000  6.280650  0.464074
152.000000  6.396500  0.765655
152.100000  6.343600  0.676277
152.200000  6.624400  0.458912
152.300000  6.550800  0.651670
152.400000  6.614850  0.683560
152.500000  6.590700  0.473762
152.600000  6.364700  0.557200
152.700000  6.159800  0.515198
152.800000  6.554550  0.490803
152.900000  6.315400  0.245366
153.000000  6.195850  0.543977
153.100000  6.091800  0.534148
153.200000  6.108350  0.384595
153.300000  6.232200  0.405172
153.400000  6.215200  0.873277
153.500000  6.334450  0.427305
153.600000  6.352350  0.357442
153.700000  6.400000  0.873701
153.800000  6.457950  0.195515
153.900000  6.415750  0.664327
154.000000  6.412800  0.699753
154.100000  6.239400  0.393717
154.200000  6.509900  0.524390
154.300000  6.361300  0.622678
154.400000  6.323950  0.571554
154.500000  6.392650  0.475812
154.600000  6.357850  0.618082
154.700000  6.317650  0.515127
154.800000  6.401100  0.644174
154.900000  6.150150  0.288005
155.000000  6.304950  0.584707
155.100000  6.247650  0.486136
155.200000  6.394150  0.528704
155.300000  6.533750  0.744937
155.400000  6.218350  0.729805
155.500000  6.223200  0.853761
155.600000  6.261850  0.461104
155.700000  6.421000  0.625648
155.800000  6.461600  0.738502
155.900000  6.366200  0.796626
156.000000  6.473000  0.735815
156.100000  6.189400  0.163907
156.200000  6.262000  0.869458
156.300000  6.462550  0.579757
156.400000  6.517200  0.824062
156.500000  6.416200  0.825901
156.600000  6.282400  0.371090
156.700000  6.717050  0.441305
156.800000  6.448300  0.548149
156.900000  6.242150  0.441305
157.000000  6.398200  0.731573
157.100000  6.650300  0.655771
157.200000  6.397900  0.761554
157.300000  6.303500  0.720542
157.400000  6.520000  0.442366
157.500000  6.367700  0.601324
157.600000  6.477500  0.235891
157.700000  6.184350  0.206829
157.800000  6.269450  0.326613
157.900000  6.452850  0.380636
158.000000  6.436350  0.746068
158.100000  6.399350  0.351927
158.200000  6.293950  0.503955
158.300000  6.365300  0.566251
158.400000  6.480150  0.423062
158.500000  6.341650  0.647781
158.600000  6.214500  0.653084
158.700000  6.184500  0.448447
158.800000  6.419800  0.434164
158.900000  6.317250  0.771241
159.000000  6.279050  0.728108
159.100000  6.313150  0.676913
159.200000  6.230600  0.645306
159.300000  6.417550  0.704632
159.400000  6.187450  0.664185
159.500000  6.398950  0.703359
159.600000  6.227100  0.573464
159.700000  6.261100  0.523825
159.800000  6.104650  0.665317
159.900000  6.189150  0.894278
160.000000  6.305150  0.593050
160.100000  6.184300  0.626921
160.200000  6.113600  0.578272
160.300000  6.175750  0.591353
160.400000  6.461000  0.795354
160.500000  6.213300  0.699753
160.600000  6.129150  0.551190
160.700000  6.224300  0.486348
160.800000  6.185100  0.685328
160.900000  6.139300  0.689429
161.000000  6.271300  0.761695
161.100000  6.061900  0.319754
161.200000  6.495300  0.858852
161.300000  6.165000  0.590010
161.400000  6.263550  0.754695
161.500000  6.052100  0.479418
161.600000  6.371150  0.661216
161.700000  6.126900  0.592697
161.800000  6.296800  0.821658
161.900000  6.367700  0.587747
162.000000  6.289400  0.373777
162.100000  6.349350  0.791323
162.200000  6.418400  0.430062
162.300000  6.066250  0.592768
162.400000  6.454600  0.508693
162.500000  6.434600  0.354260
162.600000  6.363100  0.434446
162.700000  6.238850  0.464216
162.800000  6.267900  0.364019
162.900000  6.369000  0.331633
163.000000  6.243400  0.545604
163.100000  6.547200  0.871721
163.200000  6.363650  0.165675
163.300000  6.345550  0.723582
163.400000  6.278700  0.613203
163.500000  6.269350  0.752432
163.600000  6.214450  0.488823
163.700000  6.267250  0.484015
163.800000  6.162400  0.247912
163.900000  6.120700  0.544472
164.000000  6.408450  0.478358
164.100000  6.497950  0.464357
164.200000  6.420100  0.445053
164.300000  6.208200  0.643184
164.400000  6.244000  0.692823
164.500000  6.172150  0.667862
164.600000  6.420150  0.771241
164.700000  6.356900  1.028699
164.800000  6.335500  0.818264
164.900000  6.459600  0.609667
165.000000  6.128500  0.579403
165.100000  6.354850  0.638447
165.200000  6.298050  0.362534
165.300000  6.095250  0.408354
165.400000  6.542500  0.471216
165.500000  6.261800  0.805253
165.600000  6.537250  0.642689
165.700000  6.724900  0.625224
165.800000  6.431200  0.464145
165.900000  6.176000  0.671186
166.000000  6.426450  0.694591
166.100000  6.170050  0.629537
166.200000  6.142700  0.681792
166.300000  6.449900  0.721107
166.400000  6.430200  0.585060
166.500000  6.302450  0.749745
166.600000  6.406500  0.283126
166.700000  6.503050  0.907854
166.800000  6.531900  0.343371
166.900000  6.496550  0.366918
167.000000  6.131500  0.287368
167.100000  6.477700  0.296278
167.200000  6.312950  0.381060
167.300000  6.482750  0.485429
167.400000  6.075800  0.356948
167.500000  6.160950  0.946321
167.600000  6.154600  0.595667
167.700000  6.374150  0.476802
167.800000  6.235450  0.186181
167.900000  6.231450  0.643114
168.000000  6.097600  0.285247
168.100000  6.261750  0.306389
168.200000  6.287900  0.263327
168.300000  6.263250  0.454175
168.400000  6.293950  0.588666
168.500000  6.410450  0.645942
168.600000  6.234550  0.282489
168.700000  6.109550  0.521916
168.800000  6.215950  0.654286
168.900000  6.387600  0.748119
169.000000  6.297100  0.796061
169.100000  6.470250  0.408637
169.200000  6.244400  0.160230
169.300000  6.491900  0.294156
169.400000  6.449550  0.076297
169.500000  6.483600  0.176494
169.600000  6.516800  0.254983
169.700000  5.971050  0.231719
169.800000  6.464400  0.210011
169.900000  6.138250  0.013081
170.000000  6.098050  0.004172
170.100000  6.207450  0.174585
170.200000  6.178250  0.020577
170.300000  6.003000  0.054306
170.400000  6.071400  0.034365
170.500000  6.126950  0.387848
170.600000  6.265950  0.162281
170.700000  6.188750  0.042214
170.800000  6.043400  0.006081
170.900000  6.135750  0.161574
171.000000  5.875700  0.076226
171.100000  5.776600  0.068589
171.200000  5.829700  0.008910
171.300000  6.175250  0.024112
171.400000  5.937250  0.128764
171.500000  5.950900  0.129683
171.600000  5.881450  0.172322
171.700000  5.669750  0.291964
171.800000  5.886900  0.241406
171.900000  6.021900  0.054306
172.000000  5.866050  0.303985
172.100000  6.408850  0.464357
172.200000  6.047800  0.171261
172.300000  6.371300  0.344078
172.400000  6.321200  0.288782
172.500000  6.155850  0.793020
172.600000  6.202200  0.131380
172.700000  6.225250  0.140361
172.800000  6.567550  0.353766
172.900000  6.439150  0.650043
173.000000  6.382400  0.239992
173.100000  6.148150  0.204849
173.200000  6.278200  0.057558
173.300000  6.347800  0.036770
173.400000  6.299450  0.086196
173.500000  6.376200  0.245790
173.600000  6.394600  0.274499
173.700000  6.191750  0.006293
173.800000  6.034300  0.431618
173.900000  5.856850  0.135552
174.000000  5.973300  0.108470
174.100000  6.200950  0.131027
174.200000  6.038150  0.029345
174.300000  6.047200  0.081317
174.400000  5.799850  0.220122
174.500000  6.036450  0.027931
174.600000  6.006500  0.056710
174.700000  6.294650  0.258589
174.800000  6.131650  0.252225
174.900000  5.884200  0.218072
175.000000  5.872450  0.073751
175.100000  5.971200  0.047800
175.200000  5.862500  0.209586
175.300000  6.104450  0.270893
175.400000  6.248700  0.349876
175.500000  6.188950  0.413728
175.600000  6.248050  0.146725
175.700000  6.243600  0.536977
175.800000  6.201700  0.662418
175.900000  6.041000  0.567382
176.000000  6.048100  0.851922
176.100000  6.501050  0.924401
176.200000  6.429600  0.533159
176.300000  5.946950  0.016476
176.400000  6.018000  0.107904
176.500000  6.141150  0.517390
176.600000  6.133150  0.482742
176.700000  6.014300  0.232780
176.800000  5.868250  0.339623
176.900000  5.944100  0.400505
177.000000  5.917750  0.330148
177.100000  5.972300  0.198697
177.200000  5.932500  0.181302
177.300000  5.895300  0.562150
177.400000  5.919150  0.418961
177.500000  6.190200  0.337856
177.600000  6.096900  0.339694
177.700000  6.192650  0.054659
177.800000  6.020250  0.151533
177.900000  6.051900  0.235467
178.000000  5.929150  0.054518
178.100000  5.988050  0.048578
178.200000  6.151200  0.222173
178.300000  6.085950  0.162281
178.400000  5.973300  0.058548
178.500000  6.088400  0.094328
178.600000  5.974600  0.151462
178.700000  6.101250  0.476236
178.800000  5.951150  0.248407
178.900000  6.021000  0.256397
179.000000  5.872800  0.395556
179.100000  5.846700  0.087540
179.200000  5.865100  0.148210
179.300000  6.029400  0.332057
179.400000  6.012850  0.161715
179.500000  6.184850  0.581595
179.600000  5.823800  0.369110
179.700000  6.318500  0.574878
179.800000  6.107450  0.336936
179.900000  5.964900  0.326683
180.000000  6.206000  0.824345
180.100000  6.126550  0.549210
180.200000  6.440200  0.458771
180.300000  6.398250  0.391666
180.400000  6.272050  0.711703
180.500000  6.142400  0.384808
180.600000  6.213300  1.172383
180.700000  6.291100  0.780504
180.800000  6.471950  0.516117
180.900000  6.396950  0.709864
181.000000  6.295250  0.861892
181.100000  6.422850  0.400717
181.200000  6.396600  0.481398
181.300000  6.057000  0.609809
181.400000  6.267000  0.395838
181.500000  6.107000  0.364867
181.600000  6.235900  0.775696
181.700000  6.326600  0.731573
181.800000  6.421700  0.854751
181.900000  6.064100  0.226416
182.000000  6.295400  0.596374
182.100000  6.368300  0.856872
182.200000  6.110200  0.360342
182.300000  6.065950  0.476802
182.400000  6.158900  0.455801
182.500000  6.505500  0.927724
182.600000  6.019200  0.118370
182.700000  6.200200  0.432042
182.800000  6.408150  0.507208
182.900000  6.359450  0.353624
183.000000  6.229400  0.242679
183.100000  6.385250  0.585555
183.200000  6.223100  0.632153
183.300000  6.313100  0.588313
183.400000  6.081150  0.615678
183.500000  6.248100  0.689995
183.600000  6.124300  0.007354
183.700000  6.354300  0.459902
183.800000  6.147950  0.089732
183.900000  6.230900  0.525663
184.000000  6.187250  0.440740
184.100000  5.965100  0.163200
184.200000  5.923850  0.048861
184.300000  6.005750  0.471852
184.400000  6.394900  0.693247
184.500000  6.013650  0.343017
184.600000  6.359750  0.427587
184.700000  6.119050  0.272165
184.800000  6.124150  0.340755
184.900000  5.974100  0.159665
185.000000  6.012550  0.126643
185.100000  5.941150  0.032598
185.200000  5.978650  0.229456
185.300000  6.143700  0.107339
185.400000  6.228250  0.212061
185.500000  6.160650  0.044477
185.600000  6.172250  0.472135
185.700000  6.207650  0.175999
185.800000  6.076500  0.355250
185.900000  5.996200  0.017395
186.000000  6.262550  0.257033
186.100000  5.840100  0.271529
186.200000  5.970650  0.017748
186.300000  6.082700  0.135906
186.400000  5.818700  0.010607
186.500000  6.155100  0.021779
186.600000  6.107100  0.139441
186.700000  6.015650  0.098076
186.800000  5.963450  0.051831
186.900000  6.137100  0.111016
187.000000  6.320250  0.555432
187.100000  5.979550  0.448518
187.200000  5.903950  0.299884
187.300000  6.122850  0.181373
187.400000  6.233900  0.107480
187.500000  6.367850  0.321946
187.600000  6.195850  0.158463
187.700000  6.287350  0.104723
187.800000  6.155750  0.013364
187.900000  6.006750  0.389262
188.000000  6.053950  0.056215
188.100000  6.034250  0.134562
188.200000  6.146300  0.175928
188.300000  5.919400  0.180029
188.400000  6.206150  0.015344
188.500000  6.059900  0.233204
188.600000  6.099600  0.138876
188.700000  6.312750  0.228890
188.800000  5.886500  0.022062
188.900000  6.108700  0.132512
189.000000  6.042750  0.163271
189.100000  6.079150  0.015910
189.200000  6.040500  0.222314
189.300000  6.045550  0.139229
189.400000  6.187450  0.265943
189.500000  6.225800  0.128411
189.600000  6.253700  0.517602
189.700000  6.310900  0.496813
189.800000  6.195050  0.300591
189.900000  6.292400  0.236881
190.000000  5.960100  0.291045
190.100000  5.893400  0.204354
190.200000  6.159800  0.221183
190.300000  6.316800  0.309571
190.400000  6.163600  0.460751
190.500000  5.990600  0.134209
190.600000  6.163000  0.044689
190.700000  5.867450  0.016617
190.800000  5.982600  0.073539
190.900000  5.994350  0.274004
191.000000  6.160500  0.101258
191.100000  6.454850  0.649902
191.200000  6.160250  0.283762
191.300000  6.224600  0.180736
191.400000  6.286650  0.152099
191.500000  6.063200  0.073398
191.600000  6.048150  0.353907
191.700000  6.056050  0.135835
191.800000  6.185100  0.148351
191.900000  5.892050  0.139654
192.000000  6.134250  0.153796
192.100000  6.088400  0.013859
192.200000  6.170350  0.346977
192.300000  6.089000  0.106349
192.400000  6.196350  0.345987
192.500000  5.955550  0.305117
192.600000  6.110700  0.395131
192.700000  6.071900  0.305470
192.800000  6.182100  0.310703
192.900000  5.979150  0.088176
193.000000  6.065800  0.125441
193.100000  6.091100  0.124875
193.200000  6.242200  0.483520
193.300000  6.118100  0.436568
193.400000  6.236500  0.692399
193.500000  6.527000  0.769332
193.600000  5.941400  0.361190
193.700000  6.321050  0.559675
193.800000  6.359100  0.372221
193.900000  6.414100  0.820102
194.000000  5.926900  0.466690
194.100000  6.171050  0.387282
194.200000  6.169000  0.359069
194.300000  6.281000  0.578696
194.400000  6.211750  0.326613
194.500000  6.357200  0.431052
194.600000  6.273950  0.697278
194.700000  5.984700  0.859559
194.800000  6.291950  0.539169
194.900000  6.281300  0.454811
195.000000  6.222350  0.894844
195.100000  5.976800  0.491722
195.200000  6.249900  0.408001
195.300000  6.224800  0.336441
195.400000  6.230750  0.580747
195.500000  6.176900  0.359210
195.600000  6.269700  0.643043
195.700000  6.537050  0.658104
195.800000  6.258500  0.674438
195.900000  6.079150  0.584282
196.000000  6.027750  0.840114
196.100000  5.856650  0.454458
196.200000  6.107250  0.839406
196.300000  6.243700  0.466832
196.400000  6.254400  0.618153
196.500000  6.093200  0.812183
196.600000  6.039100  0.697632
196.700000  6.128550  0.507632
196.800000  6.057450  0.678893
196.900000  5.997400  0.679105
197.000000  6.206000  0.446609
197.100000  6.401600  0.579828
197.200000  6.227150  0.330148
197.300000  6.230550  0.506642
197.400000  6.284950  0.638022
197.500000  6.081300  0.521279
197.600000  6.332500  0.688015
197.700000  6.205400  0.777110
197.800000  6.169800  0.547866
197.900000  6.196000  0.487055
198.000000  6.499450  1.038952
198.100000  6.094900  0.578555
198.200000  6.490900  1.043548
198.300000  6.156900  1.001405
198.400000  6.268350  0.876742
198.500000  6.287800  1.143816
198.600000  6.246950  0.872499
198.700000  6.392500  1.015405
198.800000  6.509750  0.669277
198.900000  6.351100  0.985707
199.000000  6.195900  0.806385
199.100000  6.183000  0.914289
199.200000  6.524850  0.916198
199.300000  6.428150  0.581454
199.400000  6.277800  1.314653
199.500000  6.474550  0.773928
199.600000  6.495550  1.232982
199.700000  6.451250  0.885368
199.800000  6.462500  0.883176
199.900000  6.719850  1.270883
200.000000  6.438400  1.216365
