# aggregated from 2 replicates
# x  mean  std
0.000000  52.311113  0.000000
0.100000  56.918289  1.470335
0.200000  64.326172  2.264390
0.300000  64.841176  2.054077
0.400000  64.530321  4.411111
0.500000  64.707901  8.515886
0.600000  66.614300  3.368913
0.700000  61.306100  3.256878
0.800000  64.925638  0.587680
0.900000  60.253740  0.178820
1.000000  60.693216  2.390299
1.100000  58.040759  7.486706
1.200000  59.455231  2.722587
1.300000  61.790279  1.053274
1.400000  60.444183  13.281657
1.500000  59.307711  3.128551
1.600000  61.338360  0.331890
1.700000  53.834533  0.990062
1.800000  60.396802  9.183996
1.900000  58.632571  3.834523
2.000000  59.778392  4.163192
2.100000  59.148274  2.372624
2.200000  53.943728  2.439285
2.300000  54.323997  1.527658
2.400000  55.154778  3.523092
2.500000  58.495697  5.865590
2.600000  55.288395  2.898178
2.700000  62.129411  9.389807
2.800000  58.600100  0.832416
2.900000  59.848572  6.480260
3.000000  60.314920  4.756110
3.100000  56.431704  8.516255
3.200000  56.140789  0.705596
3.300000  57.159849  4.111252
3.400000  53.435306  1.145234
3.500000  58.288422  3.245433
3.600000  52.444311  3.594901
3.700000  52.561094  0.011896
3.800000  54.592898  2.988146
3.900000  54.850214  5.804913
4.000000  54.158249  4.891594
4.100000  55.076121  4.207558
4.200000  56.971999  7.702132
4.300000  53.360894  8.861495
4.400000  51.944170  3.628118
4.500000  53.356972  9.089479
4.600000  57.085203  0.196920
4.700000  55.813768  2.517387
4.800000  55.298288  0.753330
4.900000  56.570227  3.807252
5.000000  55.861810  0.307072
5.100000  56.412098  9.165864
5.200000  54.337754  1.400616
5.300000  59.346049  4.535928
5.400000  59.371437  7.913470
5.500000  55.591386  8.078264
5.600000  56.456738  5.656355
5.700000  60.438978  3.929296
5.800000  54.743182  0.769816
5.900000  55.807342  1.788106
6.000000  62.034754  1.185779
6.100000  55.171847  6.445460
6.200000  55.919500  4.479286
6.300000  55.456045  3.251558
6.400000  57.663471  4.526495
6.500000  54.562753  5.834883
6.600000  56.083798  0.773647
6.700000  56.762941  1.404318
6.800000  56.083658  0.002250
6.900000  58.175456  1.275993
7.000000  56.867252  4.644518
7.100000  62.115780  8.570911
7.200000  59.849564  3.481435
7.300000  57.661986  4.478532
7.400000  61.390170  2.289061
7.500000  58.782675  0.253697
7.600000  57.129756  1.191793
7.700000  59.676981  0.389221
7.800000  63.327535  0.787653
7.900000  59.591936  7.133748
8.000000  57.909565  2.786449
8.100000  59.243349  0.623969
8.200000  60.320312  3.682122
8.300000  59.404517  0.845276
8.400000  63.688906  0.317439
8.500000  58.129945  1.054093
8.600000  62.247748  2.514331
8.700000  64.705063  4.232839
8.800000  63.563245  5.144271
8.900000  62.383775  7.289869
9.000000  65.341206  5.464251
9.100000  62.366400  4.728603
9.200000  60.718831  10.921285
9.300000  60.095441  3.418547
9.400000  63.101037  0.983846
9.500000  64.030546  3.933972
9.600000  61.981442  7.030953
9.700000  60.099240  1.530528
9.800000  58.667271  3.046080
9.900000  64.741701  5.417755
10.000000  65.516317  0.969582
10.100000  62.407718  1.319283
10.200000  61.966316  0.314230
10.300000  63.365449  3.029634
10.400000  62.100761  3.800070
10.500000  65.784958  1.012468
10.600000  63.713493  2.335702
10.700000  61.457728  1.610941
10.800000  59.415363  0.683732
10.900000  61.898766  0.721484
11.000000  58.191081  2.831111
11.100000  60.720737  1.929760
11.200000  64.967909  2.329507
11.300000  63.367717  3.424480
11.400000  63.388527  0.102404
11.500000  60.131352  1.538638
11.600000  63.375302  2.979042
11.700000  61.494790  5.152263
11.800000  64.841123  2.669112
11.900000  64.940532  3.246836
12.000000  61.322118  7.734158
12.100000  65.349516  1.029368
12.200000  62.556213  1.520319
12.300000  64.001080  6.543449
12.400000  62.604791  2.946605
12.500000  64.538343  3.911001
12.600000  61.670530  4.903585
12.700000  63.190713  0.623831
12.800000  63.271981  5.054616
12.900000  62.436273  6.580319
13.000000  62.822675  4.151232
13.100000  62.814502  4.791583
13.200000  64.214508  2.514725
13.300000  62.723383  4.736675
13.400000  62.077590  3.765913
13.500000  61.421233  2.627928
13.600000  65.694054  1.214609
13.700000  66.048682  1.400158
13.800000  68.089059  1.383096
13.900000  63.186476  2.673119
14.000000  60.576952  7.970622
14.100000  61.385678  2.157679
14.200000  65.139508  0.942658
14.300000  60.200206  2.016482
14.400000  62.932477  5.380607
14.500000  64.401798  9.924384
14.600000  60.941938  4.852902
14.700000  59.155039  7.022436
14.800000  63.202323  1.911557
14.900000  63.712332  0.709641
15.000000  64.872289  0.852485
15.100000  65.254762  2.629319
15.200000  59.397734  8.821076
15.300000  59.105503  4.699785
15.400000  63.278245  0.738209
15.500000  62.481354  3.761059
15.600000  58.595620  3.737755
15.700000  58.709249  0.090161
15.800000  60.319712  3.819806
15.900000  57.561324  0.424089
16.000000  57.271241  0.324561
16.100000  55.322116  1.094137
16.200000  58.655929  1.381254
16.300000  58.170801  4.317329
16.400000  57.599041  2.303023
16.500000  62.339818  6.506509
16.600000  57.136628  6.975140
16.700000  59.637527  6.441713
16.800000  61.579144  0.109244
16.900000  60.538911  1.187714
17.000000  62.392000  8.536521
17.100000  62.206248  7.504876
17.200000  59.329933  2.428753
17.300000  60.120054  1.165089
17.400000  57.161666  2.268090
17.500000  63.212387  10.448259
17.600000  57.169048  2.531422
17.700000  60.885636  6.037571
17.800000  56.385130  3.340722
17.900000  54.750416  1.420438
18.000000  53.379559  0.014861
18.100000  63.848654  4.271685
18.200000  64.068223  9.228328
18.300000  62.698260  1.007559
18.400000  62.285823  2.748818
18.500000  64.766091  4.369452
18.600000  62.412494  8.804966
18.700000  59.036326  4.187519
18.800000  57.817118  3.857164
18.900000  54.904727  5.895444
19.000000  60.261757  4.139362
19.100000  56.776735  5.277441
19.200000  58.641001  4.228081
19.300000  55.998430  6.192057
19.400000  59.779705  5.820058
19.500000  55.344316  1.194987
19.600000  58.035765  1.121408
19.700000  55.869788  5.680819
19.800000  59.553060  1.725883
19.900000  57.815742  5.221147
20.000000  55.158328  6.289341
20.100000  58.151324  1.540624
20.200000  56.900751  1.373773
20.300000  60.003007  9.081737
20.400000  59.318165  2.865740
20.500000  61.299940  6.788804
20.600000  65.763701  4.370548
20.700000  60.341613  4.758977
20.800000  62.576777  0.372304
20.900000  60.831384  4.052260
21.000000  60.571210  1.324086
21.100000  60.336185  1.536342
21.200000  62.162525  2.610648
21.300000  61.333749  8.223390
21.400000  61.258432  6.580294
21.500000  59.844951  6.154500
21.600000  61.444878  5.604141
21.700000  57.427000  3.812270
21.800000  59.159103  0.614306
21.900000  58.704599  4.394747
22.000000  60.173077  4.766373
22.100000  61.146988  4.135246
22.200000  60.490946  4.175103
22.300000  61.622807  8.358257
22.400000  58.999188  5.866813
22.500000  58.816144  1.447934
22.600000  58.874622  3.537470
22.700000  58.985545  7.632373
22.800000  63.744041  6.021253
22.900000  62.133825  6.566675
23.000000  59.146063  2.167130
23.100000  61.748578  6.545042
23.200000  58.530289  6.204960
23.300000  57.351500  3.484358
23.400000  60.491494  1.015441
23.500000  60.069153  4.379117
23.600000  61.910498  3.740166
23.700000  67.574509  6.506029
23.800000  61.405002  3.220333
23.900000  64.826469  11.961075
24.000000  65.830163  13.825690
24.100000  64.017950  8.949184
24.200000  66.905449  5.846426
24.300000  64.710051  2.170234
24.400000  65.467063  9.656978
24.500000  60.361270  9.376461
24.600000  58.796081  2.011932
24.700000  62.303218  7.590960
24.800000  63.273135  2.235464
24.900000  61.639363  1.603984
25.000000  60.092141  1.446583
25.100000  62.062771  0.265513
25.200000  58.342956  5.941484
25.300000  61.499983  4.155004
25.400000  62.582335  2.999553
25.500000  60.354485  0.465281
25.600000  59.348124  0.229714
25.700000  59.448566  2.403933
25.800000  62.071339  1.621259
25.900000  64.512989  2.208098
26.000000  63.375233  2.737072
26.100000  64.111127  2.025707
26.200000  67.907097  2.954282
26.300000  64.107254  1.226516
26.400000  65.574371  4.078922
26.500000  66.084469  3.587176
26.600000  61.976062  0.504547
26.700000  63.293190  1.190816
26.800000  66.748455  2.702519
26.900000  65.927178  4.931544
27.000000  59.309405  1.101526
27.100000  61.097995  6.416669
27.200000  60.771666  3.041093
27.300000  65.173133  0.286761
27.400000  61.337748  0.213251
27.500000  58.682425  1.269155
27.600000  62.725206  1.020900
27.700000  59.773551  2.496993
27.800000  62.869034  2.761881
27.900000  55.601546  2.918904
28.000000  59.986356  0.771848
28.100000  59.974631  0.258882
28.200000  56.204375  3.528466
28.300000  56.178834  0.728723
28.400000  53.963037  4.371639
28.500000  60.057954  1.795607
28.600000  53.994293  9.289960
28.700000  58.508507  3.794889
28.800000  53.339342  2.284748
28.900000  59.365601  4.229324
29.000000  66.695596  9.889064
29.100000  63.949203  14.337155
29.200000  69.982933  11.958844
29.300000  69.667623  11.985405
29.400000  65.351737  10.035696
29.500000  72.231620  16.479248
29.600000  71.158815  13.849418
29.700000  72.740697  22.496090
29.800000  63.640532  4.738052
29.900000  67.153014  0.783344
30.000000  60.602324  5.970514
30.100000  65.149678  7.038936
30.200000  70.393401  13.616455
30.300000  65.441765  8.847372
30.400000  60.513423  0.893400
30.500000  57.101600  3.452486
30.600000  72.066561  15.894179
30.700000  66.260160  6.305816
30.800000  54.073662  7.550016
30.900000  57.078381  3.545357
31.000000  56.003534  8.065610
31.100000  60.140895  2.258409
31.200000  58.259732  4.309346
31.300000  60.080083  3.610338
31.400000  58.046691  10.517408
31.500000  61.383510  6.337628
31.600000  57.942765  5.281323
31.700000  63.537729  4.284185
31.800000  67.455077  8.348053
31.900000  65.012657  11.960570
32.000000  67.799201  7.210650
32.100000  54.554678  15.751430
32.200000  58.012660  8.090188
32.300000  54.014594  10.953450
32.400000  59.094929  7.546645
32.500000  52.740121  9.071069
32.600000  56.782851  13.752572
32.700000  52.382617  14.217730
32.800000  54.776114  4.039456
32.900000  56.222567  12.935614
33.000000  53.678199  9.003568
33.100000  53.039291  11.913631
33.200000  52.198194  10.924535
33.300000  40.629196  29.325042
33.400000  47.082892  24.134923
33.500000  39.082172  27.191567
33.600000  40.360475  25.064185
33.700000  41.645511  26.668825
33.800000  39.422179  30.131347
33.900000  40.731941  31.181175
34.000000  42.994677  30.737071
34.100000  41.004532  32.430163
34.200000  37.774335  31.006400
34.300000  42.226033  35.338680
34.400000  46.185452  31.282475
34.500000  44.126315  29.087279
34.600000  47.187792  20.894563
34.700000  53.656095  13.404514
34.800000  51.528073  18.600999
34.900000  46.908781  21.883423
35.000000  53.239251  22.941329
35.100000  49.648100  24.215776
35.200000  51.594954  18.994572
35.300000  49.946693  19.764604
35.400000  43.874101  23.744830
35.500000  49.562100  21.198979
35.600000  46.517941  21.411658
35.700000  47.129447  22.544264
35.800000  50.052112  25.435433
35.900000  50.057825  15.107817
36.000000  47.701537  18.259512
36.100000  50.786950  20.643699
36.200000  46.925078  28.136857
36.300000  47.309028  21.526807
36.400000  45.484764  21.156378
36.500000  48.500898  28.020098
36.600000  48.076243  25.887485
36.700000  47.283141  26.925300
36.800000  52.851627  16.785915
36.900000  50.807455  19.937529
37.000000  48.118125  20.673158
37.100000  48.271006  28.509989
37.200000  50.411616  18.411749
37.300000  49.777242  20.327141
37.400000  49.497903  17.733786
37.500000  50.716256  16.851149
37.600000  51.040578  21.425729
37.700000  47.787929  23.384184
37.800000  48.674474  15.851474
37.900000  48.794467  13.884218
38.000000  46.214574  15.430640
38.100000  46.938814  14.117371
38.200000  40.839890  20.520749
38.300000  44.531971  19.292554
38.400000  49.195213  17.316288
38.500000  40.971557  19.788774
38.600000  46.823171  16.307780
38.700000  47.205662  15.710257
38.800000  48.136429  13.947815
38.900000  45.232495  20.264344
39.000000  45.832217  25.378310
39.100000  48.731222  19.926308
39.200000  46.968272  16.880919
39.300000  50.412627  15.155846
39.400000  45.924026  17.631587
39.500000  52.652349  14.794681
39.600000  47.173748  15.431689
39.700000  44.856602  21.487637
39.800000  40.753608  24.232687
39.900000  44.232306  23.419309
40.000000  48.328307  17.171009
40.100000  46.419689  24.536793
40.200000  50.194413  13.418802
40.300000  49.203715  16.736244
40.400000  48.127556  12.506448
40.500000  48.788565  21.305076
40.600000  48.912436  17.154166
40.700000  54.088360  14.776722
40.800000  54.923190  19.017491
40.900000  54.987620  16.256344
41.000000  48.179596  18.772441
41.100000  49.147708  19.659390
41.200000  46.183428  24.349532
41.300000  49.800466  13.459381
41.400000  50.535472  10.567676
41.500000  45.303494  19.237410
41.600000  42.248460  20.567476
41.700000  51.514590  12.441758
41.800000  47.657430  16.134873
41.900000  49.737757  16.923036
42.000000  48.057515  16.431395
42.100000  44.788389  17.587123
42.200000  47.366339  12.856356
42.300000  50.584176  13.834569
42.400000  50.269228  16.879968
42.500000  53.496640  11.714168
42.600000  52.166884  12.929282
42.700000  52.404516  16.995144
42.800000  50.557322  13.138030
42.900000  52.652785  16.237131
43.000000  53.530882  20.419466
43.100000  51.901796  19.039773
43.200000  54.972415  19.486842
43.300000  55.672568  14.278282
43.400000  53.017375  18.061129
43.500000  51.897207  22.094678
43.600000  50.165649  15.892701
43.700000  52.899409  18.271001
43.800000  55.265036  21.787672
43.900000  50.029118  24.302928
44.000000  55.595498  6.364235
44.100000  51.427911  19.361518
44.200000  52.162616  12.109781
44.300000  50.212642  23.863416
44.400000  51.460401  18.200236
44.500000  51.655763  13.957733
44.600000  54.790315  15.452018
44.700000  53.329826  19.668872
44.800000  53.303064  19.824562
44.900000  54.388794  25.040680
45.000000  53.226180  13.402727
45.100000  51.117328  20.120102
45.200000  51.713220  19.386950
45.300000  49.833277  24.523858
45.400000  50.885495  19.869207
45.500000  54.784241  15.978064
45.600000  50.337435  21.102652
45.700000  51.180510  19.205430
45.800000  56.300356  17.095965
45.900000  49.532642  20.779606
46.000000  54.892861  10.846010
46.100000  49.116729  14.365209
46.200000  51.120543  20.983743
46.300000  49.315766  16.343074
46.400000  52.108300  13.983977
46.500000  46.795592  11.356575
46.600000  48.606054  10.133194
46.700000  49.190001  12.750398
46.800000  46.870873  19.538802
46.900000  45.327951  22.283419
47.000000  55.344503  10.819118
47.100000  48.987245  17.180832
47.200000  50.682445  11.268269
47.300000  49.073945  21.868215
47.400000  51.638371  13.957008
47.500000  50.498407  17.855853
47.600000  44.439207  31.650380
47.700000  47.661631  19.813619
47.800000  48.808589  24.582618
47.900000  49.486551  19.768441
48.000000  50.951140  19.461536
48.100000  52.912295  16.853287
48.200000  50.257855  20.862914
48.300000  53.036608  21.199157
48.400000  47.670671  18.347659
48.500000  50.260288  18.149056
48.600000  51.335739  21.315103
48.700000  49.070594  17.713411
48.800000  52.182483  12.265501
48.900000  46.955285  19.338847
49.000000  54.542957  17.867960
49.100000  50.865499  16.292912
49.200000  54.108903  14.265010
49.300000  50.772975  28.282737
49.400000  50.479438  17.358014
49.500000  51.487714  21.247823
49.600000  53.104257  25.076753
49.700000  51.576058  16.085652
49.800000  52.277245  13.946333
49.900000  49.953800  12.849281
50.000000  49.389685  20.324710
50.100000  52.863822  15.797364
50.200000  48.777169  20.970648
50.300000  52.822930  17.530482
50.400000  52.259268  23.772524
50.500000  54.149830  26.777352
50.600000  52.876053  21.820180
50.700000  52.357912  24.839202
50.800000  54.314801  26.687997
50.900000  51.247232  28.181457
51.000000  54.147601  25.769718
51.100000  53.400918  28.222022
51.200000  49.721637  26.982053
51.300000  50.377192  23.602510
51.400000  44.509749  19.328941
51.500000  49.410378  25.215415
51.600000  47.669683  26.974654
51.700000  48.814025  20.589217
51.800000  45.376866  18.181364
51.900000  50.004745  17.999504
52.000000  51.728030  18.447111
52.100000  53.390664  24.861748
52.200000  53.637174  27.112378
52.300000  58.892030  18.513297
52.400000  55.499632  24.241523
52.500000  50.617644  26.088677
52.600000  55.634706  23.030348
52.700000  54.583825  25.271445
52.800000  57.035495  22.812783
52.900000  56.119138  18.055394
53.000000  56.779283  24.189820
53.100000  52.940390  34.202961
53.200000  51.364577  21.466247
53.300000  58.405542  17.978358
53.400000  58.131692  24.517786
53.500000  56.158585  25.808833
53.600000  54.117378  29.842777
53.700000  52.214984  24.194584
53.800000  55.496944  23.891124
53.900000  59.798797  18.970759
54.000000  54.905489  19.018570
54.100000  55.067219  24.362347
54.200000  51.560967  22.096011
54.300000  60.964983  21.447901
54.400000  55.759075  24.768812
54.500000  52.378180  24.053429
54.600000  51.759888  29.730092
54.700000  57.167689  26.898215
54.800000  52.259400  19.811651
54.900000  53.213877  15.333043
55.000000  53.523960  24.863490
55.100000  53.198855  20.986588
55.200000  63.561447  10.323329
55.300000  52.570783  20.588729
55.400000  49.187743  28.110607
55.500000  52.013137  21.636307
55.600000  55.232088  21.107521
55.700000  48.719274  25.755809
55.800000  50.116777  20.646054
55.900000  48.090619  27.705055
56.000000  56.096435  23.932283
56.100000  47.768227  27.789287
56.200000  54.086172  20.647391
56.300000  57.881647  30.741068
56.400000  54.343894  21.075369
56.500000  45.643348  28.883466
56.600000  56.553327  25.503936
56.700000  59.440840  23.379913
56.800000  55.152939  28.226808
56.900000  54.086267  27.669765
57.000000  57.742853  23.530363
57.100000  52.888760  24.390550
57.200000  57.447055  25.909997
57.300000  54.327428  27.179266
57.400000  54.718145  29.917278
57.500000  56.847460  22.768364
57.600000  57.988335  25.062674
57.700000  59.558007  18.292903
57.800000  52.790921  27.388803
57.900000  52.324951  34.461209
58.000000  50.772551  20.737388
58.100000  49.622135  21.719908
58.200000  55.521238  12.229480
58.300000  53.276265  19.006291
58.400000  51.318398  26.011135
58.500000  55.385373  22.154923
58.600000  59.510903  13.702455
58.700000  51.186419  28.522991
58.800000  56.274504  31.208466
58.900000  55.631009  24.004135
59.000000  53.618091  24.181578
59.100000  51.583776  31.418995
59.200000  54.130885  25.329593
59.300000  60.328158  24.901805
59.400000  53.524168  24.584698
59.500000  54.336053  24.158811
59.600000  54.064037  23.301131
59.700000  56.632810  21.539013
59.800000  54.993233  18.594948
59.900000  54.198493  20.178873
60.000000  53.656677  24.880073
60.100000  56.510423  24.993828
60.200000  55.517777  22.580401
60.300000  56.140238  18.712517
60.400000  50.526345  22.756994
60.500000  52.014916  28.608584
60.600000  56.550136  22.907868
60.700000  52.457996  33.255706
60.800000  56.371647  22.010390
60.900000  55.854609  24.760659
61.000000  56.929066  19.386803
61.100000  53.314492  21.952290
61.200000  55.566097  13.524327
61.300000  58.913011  20.323452
61.400000  59.557938  20.821448
61.500000  56.343211  29.460032
61.600000  57.027940  22.127620
61.700000  53.376898  22.510742
61.800000  55.012717  23.645760
61.900000  52.646052  27.024845
62.000000  52.681046  26.589680
62.100000  54.582598  29.361449
62.200000  56.314318  18.436209
62.300000  56.660807  24.431232
62.400000  57.623264  21.060157
62.500000  58.595289  17.472799
62.600000  56.980724  16.388805
62.700000  54.353368  25.685727
62.800000  54.804385  27.336523
62.900000  57.591426  21.668504
63.000000  60.302695  20.643062
63.100000  58.156225  27.468687
63.200000  52.309982  22.852728
63.300000  55.601508  26.922190
63.400000  51.758894  21.953256
63.500000  53.005471  34.406897
63.600000  53.245289  25.148140
63.700000  55.596808  22.561324
63.800000  60.183152  26.897635
63.900000  58.963105  29.108813
64.000000  54.689872  28.013560
64.100000  53.659670  22.509206
64.200000  55.100723  26.786413
64.300000  49.068578  26.041411
64.400000  52.579173  16.537615
64.500000  55.308886  24.775643
64.600000  56.188806  22.206869
64.700000  52.029456  22.506973
64.800000  53.616528  19.836609
64.900000  55.099806  29.709543
65.000000  48.219036  31.508368
65.100000  52.399701  25.426306
65.200000  51.326818  32.202165
65.300000  48.211614  26.781722
65.400000  54.723561  19.868723
65.500000  52.022506  27.207220
65.600000  58.399839  21.767272
65.700000  50.919017  29.683492
65.800000  52.325742  27.488638
65.900000  53.395324  27.342862
66.000000  54.539673  25.439102
66.100000  50.400601  25.098903
66.200000  50.773059  23.252241
66.300000  56.730812  18.429358
66.400000  53.683420  23.828130
66.500000  46.560235  32.660731
66.600000  50.448775  29.186591
66.700000  48.503762  24.941227
66.800000  46.641406  25.860215
66.900000  49.915506  32.439394
67.000000  54.102236  22.700665
67.100000  49.398306  28.731989
67.200000  51.476146  22.034247
67.300000  50.061656  25.390365
67.400000  48.643171  25.237579
67.500000  55.064424  22.217797
67.600000  50.786725  25.432768
67.700000  51.484538  28.669617
67.800000  52.541723  28.678086
67.900000  53.442466  25.154526
68.000000  49.420084  33.095831
68.100000  53.357831  17.797421
68.200000  48.996098  25.313289
68.300000  52.815446  24.178183
68.400000  56.699129  21.837773
68.500000  51.513856  31.576981
68.600000  47.154955  30.830291
68.700000  49.182858  26.128126
68.800000  50.016791  24.948186
68.900000  51.027906  25.056474
69.000000  48.410885  28.206257
69.100000  54.726681  23.990116
69.200000  51.371062  31.960439
69.300000  51.174865  31.442085
69.400000  49.713019  26.998881
69.500000  51.612471  27.499075
69.600000  55.498975  22.770558
69.700000  55.172929  29.073479
69.800000  51.155949  27.671305
69.900000  48.734027  28.014019
70.000000  49.247706  29.235256
70.100000  49.770080  27.089736
70.200000  49.626613  26.405909
70.300000  51.763985  21.080586
70.400000  51.853993  27.649151
70.500000  56.307311  25.589903
70.600000  57.478096  16.696091
70.700000  52.850524  24.373352
70.800000  50.522408  19.875715
70.900000  53.332804  19.895254
71.000000  54.906753  25.746724
71.100000  52.969577  25.499274
71.200000  58.598351  14.582177
71.300000  56.670806  27.649624
71.400000  56.077058  26.353003
71.500000  51.488208  20.835599
71.600000  45.323878  33.659394
71.700000  54.958148  26.157079
71.800000  52.061405  23.004050
71.900000  53.700248  23.514439
72.000000  52.030946  25.371042
72.100000  54.465446  16.002314
72.200000  57.074056  25.662806
72.300000  53.028777  23.016146
72.400000  54.461598  23.914073
72.500000  53.801350  22.810401
72.600000  51.324270  29.129581
72.700000  53.091144  24.630903
72.800000  56.437790  17.111570
72.900000  51.380571  29.672744
73.000000  54.074257  28.436006
73.100000  51.341270  22.745795
73.200000  52.967303  25.286009
73.300000  58.316752  22.960968
73.400000  50.799299  31.688612
73.500000  50.577960  24.481937
73.600000  56.193538  23.494241
73.700000  53.682714  24.857838
73.800000  48.933965  35.701147
73.900000  51.440919  31.705354
74.000000  53.270856  27.729068
74.100000  50.930478  27.794902
74.200000  58.398002  26.174048
74.300000  51.121251  29.422235
74.400000  49.561692  26.413977
74.500000  52.750133  20.308713
74.600000  51.707813  22.037568
74.700000  54.296527  31.370308
74.800000  49.558881  32.469448
74.900000  52.098234  27.502059
75.000000  54.025087  25.063545
75.100000  57.106703  24.294664
75.200000  49.970621  37.627253
75.300000  55.075662  26.708181
75.400000  52.883789  31.611674
75.500000  50.361097  21.124026
75.600000  51.773010  29.065775
75.700000  51.654325  30.098625
75.800000  52.079791  29.118391
75.900000  59.220716  24.756960
76.000000  51.953705  32.738352
76.100000  56.862656  26.088366
76.200000  52.663630  31.643675
76.300000  52.132189  37.675883
76.400000  50.157757  31.887069
76.500000  51.395961  29.183917
76.600000  53.566751  26.220034
76.700000  49.399764  29.890816
76.800000  51.153604  30.070040
76.900000  49.571893  30.265026
77.000000  48.660981  29.486093
77.100000  54.689528  22.518948
77.200000  48.431681  26.397645
77.300000  47.492149  30.047524
77.400000  44.130814  24.858466
77.500000  47.903143  27.728616
77.600000  53.315506  21.634924
77.700000  51.803134  25.453584
77.800000  53.274982  18.689931
77.900000  51.421585  19.194390
78.000000  52.231217  24.298041
78.100000  46.410605  31.768256
78.200000  51.354309  28.872791
78.300000  48.198699  31.784047
78.400000  52.187697  23.874096
78.500000  45.844378  22.992699
78.600000  47.991254  24.789199
78.700000  50.149381  21.486106
78.800000  55.889340  22.888232
78.900000  50.376331  29.658480
79.000000  49.779241  20.765139
79.100000  43.590785  36.538338
79.200000  54.287554  27.048099
79.300000  49.134021  36.659480
79.400000  49.069608  30.554708
79.500000  50.000755  35.091983
79.600000  57.923944  25.808359
79.700000  57.425980  22.819802
79.800000  50.525249  29.883888
79.900000  49.967045  27.147562
80.000000  49.423503  28.386755
80.100000  49.646923  28.935491
80.200000  42.986374  32.655610
80.300000  44.781045  30.434012
80.400000  51.656688  18.845094
80.500000  52.076613  31.748058
80.600000  49.123900  32.616039
80.700000  46.878970  30.651920
80.800000  51.232789  30.444893
80.900000  54.608862  23.021113
81.000000  51.967487  17.866238
81.100000  59.318764  15.209980
81.200000  57.079828  20.511399
81.300000  47.931663  29.147318
81.400000  48.336117  30.673178
81.500000  55.820898  20.748180
81.600000  46.416858  33.915309
81.700000  51.554595  23.886134
81.800000  50.619359  32.585794
81.900000  56.373117  25.230920
82.000000  49.330269  29.914990
82.100000  46.592572  33.535501
82.200000  53.030508  24.274461
82.300000  53.643664  26.566147
82.400000  54.152750  24.708969
82.500000  47.366778  35.310699
82.600000  53.653864  25.859103
82.700000  50.076467  34.508369
82.800000  48.263521  33.343739
82.900000  53.630750  23.793899
83.000000  51.007332  28.510755
83.100000  58.658874  24.219594
83.200000  53.752507  24.167418
83.300000  47.785986  27.911398
83.400000  41.582887  31.101178
83.500000  53.336733  19.954849
83.600000  45.342892  26.765456
83.700000  47.845935  31.299775
83.800000  54.843603  24.268425
83.900000  47.816453  31.020056
84.000000  50.001445  27.654031
84.100000  53.683367  29.278816
84.200000  45.481749  35.335578
84.300000  48.945172  31.534128
84.400000  51.225431  24.330892
84.500000  55.341521  30.349420
84.600000  48.533255  31.202537
84.700000  46.219359  32.608481
84.800000  48.198456  23.541005
84.900000  46.562935  28.542864
85.000000  53.263165  25.850495
85.100000  47.645242  32.551470
85.200000  50.241482  35.793645
85.300000  44.193896  38.785813
85.400000  52.669784  31.080334
85.500000  50.160062  33.220497
85.600000  52.459646  25.984635
85.700000  52.495500  24.915624
85.800000  51.053782  27.404351
85.900000  58.878798  18.720596
86.000000  52.443858  30.756030
86.100000  48.053126  25.915505
86.200000  53.129486  31.128977
86.300000  53.260850  32.990354
86.400000  52.750478  25.522695
86.500000  51.875472  24.412005
86.600000  47.664524  21.620442
86.700000  45.439079  31.188783
86.800000  47.334682  26.326047
86.900000  50.377475  29.321139
87.000000  49.734196  28.913710
87.100000  52.582209  30.254972
87.200000  52.432231  29.331472
87.300000  50.198559  28.645682
87.400000  50.542986  28.766454
87.500000  52.997394  28.348486
87.600000  50.359279  33.058746
87.700000  51.690736  28.462834
87.800000  54.528917  32.242461
87.900000  51.078328  29.941201
88.000000  51.767855  30.088742
88.100000  53.100925  31.235617
88.200000  54.177706  29.810275
88.300000  53.465957  28.034948
88.400000  47.690010  32.599834
88.500000  52.283487  30.356147
88.600000  54.710442  27.913020
88.700000  50.808810  33.877856
88.800000  54.504624  30.551857
88.900000  56.713408  24.633331
89.000000  56.353336  25.417900
89.100000  47.348605  35.519996
89.200000  50.252367  33.878134
89.300000  50.594952  31.926029
89.400000  49.562840  32.783973
89.500000  52.264498  32.414021
89.600000  52.329531  30.671762
89.700000  56.718069  29.744815
89.800000  56.931325  25.885226
89.900000  50.622587  31.904239
90.000000  55.799222  30.430724
90.100000  55.205906  25.208124
90.200000  57.880295  22.384288
90.300000  51.803127  31.583609
90.400000  51.804271  27.287441
90.500000  53.624038  26.595927
90.600000  52.711283  23.993443
90.700000  50.712796  26.092104
90.800000  48.684199  27.507394
90.900000  48.948649  29.050456
91.000000  55.794861  18.443838
91.100000  54.680107  27.952490
91.200000  51.214085  26.140664
91.300000  51.236764  25.030802
91.400000  51.553291  19.505634
91.500000  49.715229  28.878976
91.600000  46.992359  24.997212
91.700000  48.718606  21.308341
91.800000  45.956640  33.196704
91.900000  47.654221  24.848302
92.000000  50.561508  22.226345
92.100000  53.214156  21.435475
92.200000  45.701509  24.913062
92.300000  50.678334  20.536632
92.400000  53.106548  21.624440
92.500000  49.112232  34.079422
92.600000  48.387346  20.653666
92.700000  50.626465  22.417158
92.800000  51.224704  23.635860
92.900000  44.601711  32.180060
93.000000  41.463745  32.715726
93.100000  48.721001  13.804241
93.200000  41.055628  32.004198
93.300000  44.610472  23.996313
93.400000  45.806825  20.441157
93.500000  54.131394  30.933947
93.600000  55.365555  24.869182
93.700000  48.030251  27.602706
93.800000  48.158610  27.759705
93.900000  46.761280  27.658245
94.000000  43.711579  29.572413
94.100000  48.585169  24.622360
94.200000  53.226010  16.580673
94.300000  43.065365  22.367016
94.400000  44.853183  28.030949
94.500000  53.350771  13.601530
94.600000  49.128796  28.301690
94.700000  47.422177  20.397701
94.800000  47.331746  19.526192
94.900000  52.459178  14.867119
95.000000  50.486366  23.328303
95.100000  47.544603  23.800555
95.200000  47.720244  25.183348
95.300000  47.850504  23.407834
95.400000  50.826949  20.335025
95.500000  57.566527  16.575432
95.600000  52.577298  22.095613
95.700000  50.603009  26.321391
95.800000  52.136267  17.318029
95.900000  51.854944  27.344593
96.000000  52.506736  23.587975
96.100000  51.863102  20.494995
96.200000  54.454927  24.990141
96.300000  48.980579  25.904912
96.400000  52.493259  24.694388
96.500000  46.122005  26.040388
96.600000  55.589901  18.360063
96.700000  48.947191  23.843713
96.800000  54.457358  21.470150
96.900000  55.435745  19.418091
97.000000  51.040734  27.774956
97.100000  51.024821  19.171376
97.200000  57.779690  18.508374
97.300000  52.826633  21.064494
97.400000  53.262853  20.885995
97.500000  51.817212  23.213864
97.600000  48.760285  25.990763
97.700000  48.962362  28.329249
97.800000  52.446158  23.804198
97.900000  46.576552  31.329014
98.000000  51.167122  22.991213
98.100000  45.834958  25.470553
98.200000  50.558888  32.437025
98.300000  46.173386  28.796877
98.400000  50.655220  24.010188
98.500000  54.443939  15.406825
98.600000  51.597302  18.982346
98.700000  54.590417  20.132218
98.800000  52.425678  25.595409
98.900000  49.877030  21.813400
99.000000  52.819742  23.217743
99.100000  49.822311  27.791410
99.200000  51.836216  25.819492
99.300000  51.102062  22.480650
99.400000  49.387266  23.830145
99.500000  46.534565  28.791919
99.600000  45.989683  27.691581
99.700000  52.585887  24.394088
99.800000  49.767477  24.937794
99.900000  51.355412  19.509822
100.000000  48.888680  19.335837
100.100000  46.549357  22.108447
100.200000  51.136535  26.807752
100.300000  49.678211  29.361399
100.400000  55.763278  22.746222
100.500000  48.517051  25.554950
100.600000  49.071155  29.552746
100.700000  50.436725  21.436164
100.800000  53.188532  26.511050
100.900000  49.820912  27.502283
101.000000  48.844594  22.143878
101.100000  48.676155  23.017102
101.200000  51.275361  20.573198
101.300000  50.419016  27.395700
101.400000  52.087477  19.839831
101.500000  50.137893  21.934178
101.600000  46.105548  31.545168
101.700000  52.853192  24.692749
101.800000  55.570346  20.894791
101.900000  50.005797  27.198756
102.000000  43.987181  30.791747
102.100000  49.112779  25.818504
102.200000  51.195745  23.083991
102.300000  51.196322  27.106656
102.400000  54.398950  18.019364
102.500000  49.357603  25.320676
102.600000  46.815203  24.769980
102.700000  50.848160  21.213604
102.800000  49.584452  20.979435
102.900000  50.898223  25.095804
103.000000  53.547871  19.115908
103.100000  56.831407  16.035850
103.200000  52.401973  23.442462
103.300000  50.835387  22.254588
103.400000  52.758868  23.417303
103.500000  53.819282  22.272254
103.600000  50.069010  26.770467
103.700000  52.618521  25.268884
103.800000  53.902748  15.080077
103.900000  51.206973  27.319235
104.000000  49.808786  24.111150
104.100000  58.840559  14.510429
104.200000  47.924545  27.981876
104.300000  53.260384  16.130864
104.400000  49.703980  20.309191
104.500000  50.565782  26.155191
104.600000  51.479736  26.563344
104.700000  56.044298  13.245405
104.800000  43.914170  29.096894
104.900000  50.276645  24.586370
105.000000  48.709866  23.099078
105.100000  54.889428  15.114351
105.200000  56.901533  21.861840
105.300000  49.015619  29.660568
105.400000  51.079852  17.162929
105.500000  50.241213  17.583404
105.600000  47.871733  22.597743
105.700000  55.050260  13.563196
105.800000  49.160049  24.046449
105.900000  46.118884  21.264394
106.000000  51.485703  24.253744
106.100000  47.696123  30.665511
106.200000  51.221065  22.170994
106.300000  48.328418  23.426671
106.400000  44.980740  34.960676
106.500000  53.850499  16.973241
106.600000  51.061281  25.673828
106.700000  52.991497  19.560148
106.800000  47.510728  24.339261
106.900000  54.080770  17.279957
107.000000  50.792092  22.004788
107.100000  47.011583  27.008793
107.200000  46.981722  28.931837
107.300000  47.044292  22.809657
107.400000  51.757466  26.189472
107.500000  50.309937  25.000593
107.600000  52.912220  17.799749
107.700000  45.804007  32.373692
107.800000  52.697930  24.515469
107.900000  53.853360  28.890878
108.000000  48.910256  24.235484
108.100000  55.334649  18.184990
108.200000  52.075906  27.045252
108.300000  49.714886  25.011887
108.400000  48.445306  21.288789
108.500000  55.450860  14.318659
108.600000  47.892823  25.881851
108.700000  53.377420  25.613037
108.800000  51.902795  23.228598
108.900000  52.357163  23.417683
109.000000  53.045585  16.190295
109.100000  48.432614  20.390174
109.200000  54.991684  22.919770
109.300000  53.646898  22.852418
109.400000  50.658094  24.304097
109.500000  55.030253  27.200122
109.600000  54.880112  18.961828
109.700000  55.288519  23.816042
109.800000  53.113317  15.722811
109.900000  54.097053  19.601546
110.000000  55.429070  21.032678
110.100000  58.140406  20.651161
110.200000  61.521098  8.496938
110.300000  55.562432  16.877899
110.400000  55.169411  18.550566
110.500000  55.227981  19.377592
110.600000  55.790346  18.822322
110.700000  54.839810  22.147856
110.800000  51.260477  20.569820
110.900000  56.300910  17.893436
111.000000  53.908922  18.629253
111.100000  54.421934  21.040521
111.200000  56.523575  13.949824
111.300000  50.329194  35.565277
111.400000  43.977716  29.452025
111.500000  50.978737  29.428111
111.600000  48.625712  26.335640
111.700000  51.846847  18.660793
111.800000  58.757075  18.587151
111.900000  53.287249  23.545675
112.000000  53.533226  19.638910
112.100000  45.854024  28.705201
112.200000  49.431865  24.550194
112.300000  50.343964  20.705745
112.400000  52.609420  26.078302
112.500000  46.493048  33.999391
112.600000  50.582424  17.388398
112.700000  46.611505  25.179014
112.800000  51.484027  23.194461
112.900000  52.385722  15.958844
113.000000  52.800109  21.391838
113.100000  58.402496  11.975351
113.200000  56.275524  17.810172
113.300000  55.977170  21.105840
113.400000  58.033322  21.048095
113.500000  53.520055  19.615361
113.600000  52.592083  23.533385
113.700000  52.115555  21.288527
113.800000  49.254032  24.984240
113.900000  55.702115  11.158946
114.000000  51.301330  17.957021
114.100000  51.153175  23.456861
114.200000  54.967364  17.341288
114.300000  50.920199  15.397906
114.400000  56.530652  11.074473
114.500000  54.866808  12.419633
114.600000  52.783305  21.418824
114.700000  48.138033  25.031598
114.800000  51.377550  27.181634
114.900000  49.626691  30.376723
115.000000  52.655552  19.811562
115.100000  50.077157  25.451814
115.200000  51.909405  25.963538
115.300000  53.239614  20.505486
115.400000  61.245480  11.990032
115.500000  52.614472  22.425583
115.600000  50.548376  23.964867
115.700000  51.905907  20.179223
115.800000  49.735103  20.290088
115.900000  52.991252  18.027130
116.000000  52.242899  18.332079
116.100000  46.784877  17.487478
116.200000  46.664043  22.035892
116.300000  47.896130  28.286751
116.400000  48.150739  25.295634
116.500000  51.690660  22.602385
116.600000  50.166744  28.671061
116.700000  52.071235  13.258888
116.800000  45.142926  27.048451
116.900000  52.564065  15.210800
117.000000  50.966361  17.701275
117.100000  49.718852  16.313596
117.200000  50.891281  20.702213
117.300000  54.786558  15.130306
117.400000  54.462856  14.457081
117.500000  49.977696  17.990296
117.600000  47.890594  20.256357
117.700000  51.721848  14.749997
117.800000  50.225724  17.305093
117.900000  53.997723  14.102724
118.000000  52.607748  23.172808
118.100000  52.852480  13.943742
118.200000  53.929017  20.433354
118.300000  53.422129  18.699807
118.400000  55.166673  9.637346
118.500000  48.727246  20.585235
118.600000  54.546156  16.090189
118.700000  49.025987  21.986249
118.800000  53.681118  10.220233
118.900000  58.801838  3.143982
119.000000  52.928459  19.081243
119.100000  49.460561  23.900573
119.200000  56.158730  13.913070
119.300000  52.538702  12.725630
119.400000  49.670327  19.437968
119.500000  54.308372  18.165737
119.600000  46.872006  21.677988
119.700000  48.218808  23.347428
119.800000  48.145198  22.123862
119.900000  50.451501  18.019207
120.000000  49.053068  18.073230
120.100000  42.339125  32.668309
120.200000  51.027008  20.550485
120.300000  53.145260  17.679236
120.400000  51.947610  21.907021
120.500000  51.292419  22.591798
120.600000  54.309106  12.312903
120.700000  50.953738  16.101031
120.800000  50.367378  22.688596
120.900000  52.780263  19.091956
121.000000  52.478036  27.387598
121.100000  52.442333  29.572561
121.200000  52.957932  20.879472
121.300000  53.683596  13.359273
121.400000  48.119369  26.844184
121.500000  49.070355  27.393699
121.600000  50.934744  24.980612
121.700000  61.542986  9.585353
121.800000  57.933829  15.091379
121.900000  50.772175  19.203466
122.000000  51.437280  16.654396
122.100000  55.027101  17.147315
122.200000  52.701560  15.573649
122.300000  53.039130  20.726155
122.400000  52.295646  14.627970
122.500000  63.525911  7.231325
122.600000  47.431770  21.433014
122.700000  61.537244  6.294079
122.800000  54.841846  14.898441
122.900000  56.978941  8.411406
123.000000  56.223573  8.618251
123.100000  67.138383  3.921712
123.200000  65.697422  0.575938
123.300000  62.140891  6.567506
123.400000  63.669139  6.134213
123.500000  50.173292  19.557668
123.600000  55.469097  11.730971
123.700000  61.230045  14.315054
123.800000  56.274096  18.043131
123.900000  53.519149  13.345310
124.000000  53.405990  20.890154
124.100000  53.170053  12.512290
124.200000  49.181515  21.526459
124.300000  51.272492  22.629273
124.400000  51.386494  18.227483
124.500000  54.458582  14.828876
124.600000  53.800038  16.393347
124.700000  46.844883  18.977925
124.800000  46.347713  24.631547
124.900000  53.457137  15.661506
125.000000  54.001550  20.011323
125.100000  52.342957  16.876943
125.200000  57.950642  12.426395
125.300000  59.031185  1.597976
125.400000  53.242276  19.290409
125.500000  56.593719  18.422520
125.600000  59.301355  11.044333
125.700000  57.500354  10.139662
125.800000  49.690873  20.868981
125.900000  50.493386  15.093742
126.000000  48.811730  14.008567
126.100000  49.833069  20.136406
126.200000  54.365403  19.756682
126.300000  54.959216  19.490058
126.400000  53.927406  19.949797
126.500000  52.086212  17.934071
126.600000  52.050638  17.155161
126.700000  53.608629  15.541771
126.800000  57.318362  10.128193
126.900000  63.352801  5.241356
127.000000  49.921372  18.975650
127.100000  55.714748  14.602625
127.200000  52.260686  5.144954
127.300000  52.958450  19.733963
127.400000  48.874887  19.992847
127.500000  54.148988  10.913181
127.600000  51.364556  14.478818
127.700000  54.277642  13.423399
127.800000  53.274670  14.746416
127.900000  50.062957  25.445894
128.000000  55.318696  18.096145
128.100000  54.135944  13.851789
128.200000  57.945965  17.741797
128.300000  56.143452  13.714777
128.400000  53.544010  17.238331
128.500000  53.484235  14.184582
128.600000  56.872342  14.666313
128.700000  52.582837  9.215726
128.800000  53.250872  11.767680
128.900000  54.238631  10.006134
129.000000  48.294026  19.103239
129.100000  47.605298  18.986847
129.200000  53.336254  18.163876
129.300000  54.527217  16.245749
129.400000  51.280072  15.154565
129.500000  48.909686  17.718531
129.600000  46.109966  19.056149
129.700000  53.719459  16.528907
129.800000  51.312091  16.640923
129.900000  49.679341  18.419420
130.000000  51.210435  20.561774
130.100000  50.126151  22.326299
130.200000  50.502172  16.039317
130.300000  48.266102  18.113452
130.400000  51.348476  12.737549
130.500000  50.874065  13.910183
130.600000  58.644072  6.125589
130.700000  54.387592  11.828011
130.800000  52.969387  16.314291
130.900000  53.872173  15.105105
131.000000  53.414332  17.066697
131.100000  53.732069  20.064639
131.200000  53.250617  19.617828
131.300000  56.374011  7.812423
131.400000  49.220050  21.744437
131.500000  53.327811  17.783847
131.600000  53.099624  22.430694
131.700000  48.761494  19.805001
131.800000  54.479157  20.986115
131.900000  48.570009  20.673918
132.000000  51.407539  18.377303
132.100000  47.796923  21.731549
132.200000  45.976187  26.170497
132.300000  49.075472  17.418441
132.400000  45.973446  21.458851
132.500000  54.147492  10.247684
132.600000  46.711076  23.808418
132.700000  44.459425  24.444533
132.800000  44.805959  23.419292
132.900000  46.475977  18.653046
133.000000  49.860751  19.202626
133.100000  52.032216  19.722340
133.200000  45.371082  22.225056
133.300000  46.721722  16.590632
133.400000  46.675927  15.240750
133.500000  51.396126  21.988814
133.600000  48.321825  16.153159
133.700000  45.861615  22.642527
133.800000  49.592203  14.447427
133.900000  52.551054  12.981991
134.000000  52.713661  7.381622
134.100000  52.680119  13.354416
134.200000  47.262799  20.160184
134.300000  47.720927  19.868502
134.400000  50.236036  16.693094
134.500000  51.717401  17.114960
134.600000  51.996285  15.801517
134.700000  48.138743  17.656293
134.800000  48.787990  19.943653
134.900000  44.074736  20.087409
135.000000  50.453952  23.407935
135.100000  49.185253  27.595875
135.200000  47.406842  22.094329
135.300000  52.401953  12.349768
135.400000  45.873605  18.265743
135.500000  46.571448  17.521283
135.600000  52.983645  17.177785
135.700000  54.824367  18.787025
135.800000  51.060306  12.912817
135.900000  51.384529  13.185014
136.000000  50.478170  12.535093
136.100000  53.505568  9.427390
136.200000  52.821019  11.283286
136.300000  51.224637  12.902406
136.400000  51.216575  12.358209
136.500000  50.640991  13.188650
136.600000  52.410317  14.100572
136.700000  56.349533  12.259943
136.800000  51.901072  12.791568
136.900000  56.154635  7.501975
137.000000  57.302262  8.922145
137.100000  56.765062  0.976179
137.200000  50.301615  10.039828
137.300000  57.646529  1.074701
137.400000  58.160770  4.671517
137.500000  56.631870  5.796955
137.600000  49.639943  15.412534
137.700000  55.827713  7.693838
137.800000  55.464149  10.033694
137.900000  52.474840  11.768431
138.000000  52.225599  8.926102
138.100000  47.122218  18.232932
138.200000  55.005164  5.243055
138.300000  52.904348  17.815638
138.400000  54.130140  6.572977
138.500000  58.436188  4.686668
138.600000  51.216839  13.475005
138.700000  56.163165  6.863888
138.800000  52.952516  13.487857
138.900000  52.229049  13.401904
139.000000  57.807945  8.353699
139.100000  53.563413  11.697125
139.200000  51.439277  10.900632
139.300000  55.772099  11.078641
139.400000  53.314789  15.387891
139.500000  62.318677  7.894706
139.600000  57.414765  1.969876
139.700000  63.460618  0.878688
139.800000  52.522123  11.186177
139.900000  58.459136  1.879335
140.000000  51.777493  18.931906
140.100000  51.617527  9.650088
140.200000  52.881678  13.114654
140.300000  53.640574  12.381430
140.400000  50.577059  17.910391
140.500000  53.491324  18.476153
140.600000  50.360259  19.240820
140.700000  46.654166  17.644580
140.800000  47.810058  16.330095
140.900000  48.079790  20.133334
141.000000  51.065411  16.685442
141.100000  56.617170  7.520133
141.200000  49.746197  21.300607
141.300000  51.033988  16.733690
141.400000  55.015277  10.606981
141.500000  53.900819  19.834547
141.600000  47.798659  16.882553
141.700000  53.738399  11.135755
141.800000  52.701294  19.121261
141.900000  47.323427  21.370076
142.000000  54.643943  22.331998
142.100000  54.044537  10.763700
142.200000  52.080051  14.716340
142.300000  54.368319  11.799190
142.400000  54.844302  9.920261
142.500000  62.595462  2.955682
142.600000  46.852490  21.193527
142.700000  44.903895  29.000807
142.800000  48.374975  22.351002
142.900000  48.820503  16.064890
143.000000  48.934972  18.225638
143.100000  50.935613  15.566611
143.200000  51.860194  19.522230
143.300000  48.673120  15.115846
143.400000  49.209685  20.434906
143.500000  40.890079  25.105151
143.600000  46.340711  16.365021
143.700000  38.384062  32.614811
143.800000  46.184824  22.488000
143.900000  45.740744  21.161158
144.000000  46.878805  21.230930
144.100000  52.649183  20.271240
144.200000  41.751936  29.712843
144.300000  41.037025  32.879600
144.400000  38.385469  36.299797
144.500000  43.933978  29.613696
144.600000  41.039713  36.174745
144.700000  41.586509  30.652049
144.800000  41.922056  33.051998
144.900000  40.500014  30.748245
145.000000  38.039400  33.973285
145.100000  38.038019  29.583181
145.200000  40.243431  31.177550
145.300000  39.038067  30.541413
145.400000  40.533923  32.647859
145.500000  35.796441  28.170245
145.600000  42.871703  30.030129
145.700000  36.680238  34.397713
145.800000  34.898401  33.723392
145.900000  37.530051  31.868310
146.000000  41.039712  30.322434
146.100000  40.088870  32.459774
146.200000  35.912971  34.711137
146.300000  37.232679  30.749586
146.400000  39.518996  32.401560
146.500000  41.055090  29.658466
146.600000  39.540692  33.797091
146.700000  45.776409  31.367041
146.800000  40.115327  28.489918
146.900000  43.709682  29.791947
147.000000  39.657934  33.129008
147.100000  35.279054  34.921876
147.200000  39.493319  28.740401
147.300000  36.518867  35.026221
147.400000  35.959657  32.753782
147.500000  37.862362  31.742623
147.600000  41.627547  27.868459
147.700000  39.911598  32.092400
147.800000  42.302486  29.387738
147.900000  43.506173  32.781581
148.000000  38.739632  28.446206
148.100000  42.196252  32.930212
148.200000  44.629133  27.754845
148.300000  39.718049  32.632087
148.400000  37.279689  34.699072
148.500000  38.696542  33.502310
148.600000  39.659600  29.999159
148.700000  36.656215  39.662499
148.800000  40.289006  31.658673
148.900000  40.873821  26.770965
149.000000  39.035373  29.281655
149.100000  38.813069  34.568687
149.200000  37.253678  30.692718
149.300000  37.603893  36.344657
149.400000  40.612235  33.903220
149.500000  35.831038  37.823437
149.600000  36.635090  38.445531
149.700000  37.940389  37.118605
149.800000  34.375326  33.424047
149.900000  36.398494  37.210492
150.000000  37.575423  35.843823
150.100000  41.098614  32.932023
150.200000  36.985746  28.355297
150.300000  38.249886  33.285744
150.400000  41.008488  33.945872
150.500000  35.298441  32.270554
150.600000  34.890704  37.139222
150.700000  36.039570  37.001525
150.800000  36.166543  36.539452
150.900000  36.147269  36.103609
151.000000  38.325845  38.284953
151.100000  32.960785  39.984830
151.200000  41.843874  35.746098
151.300000  44.733823  33.463596
151.400000  37.219262  42.624417
151.500000  42.272618  35.475307
151.600000  37.739373  40.779538
151.700000  40.814803  41.917807
151.800000  38.341451  40.911981
151.900000  36.763696  39.437377
152.000000  40.677225  38.647300
152.100000  37.822765  35.025484
152.200000  37.216212  38.078067
152.300000  43.177070  35.353911
152.400000  44.232084  36.253817
152.500000  39.879145  41.141178
152.600000  39.113613  40.846426
152.700000  40.444659  34.235737
152.800000  38.976854  36.671149
152.900000  39.397736  32.724924
153.000000  35.273659  43.674464
153.100000  36.303506  47.509190
153.200000  32.396644  42.518821
153.300000  35.754414  42.283465
153.400000  38.065157  40.834268
153.500000  36.766351  36.925176
153.600000  33.969030  39.381336
153.700000  35.598215  38.056787
153.800000  45.127965  30.247536
153.900000  36.904862  40.173353
154.000000  36.962792  41.292754
154.100000  34.176832  39.103510
154.200000  34.428336  44.248914
154.300000  38.001856  39.955938
154.400000  39.112172  38.522490
154.500000  48.083205  23.296730
154.600000  43.688811  30.228743
154.700000  42.934643  31.948704
154.800000  44.182522  32.963605
154.900000  41.874956  29.399368
155.000000  40.037476  33.266492
155.100000  42.305901  35.937444
155.200000  37.158906  39.427586
155.300000  39.349044  35.742017
155.400000  40.620265  36.938202
155.500000  36.920746  36.880522
155.600000  36.735765  33.205277
155.700000  38.732999  33.424600
155.800000  38.386721  32.593511
155.900000  38.194460  30.570453
156.000000  37.590943  32.799923
156.100000  42.081053  36.189492
156.200000  38.679980  32.036154
156.300000  39.982567  29.523166
156.400000  37.093687  39.316455
156.500000  38.461430  41.371095
156.600000  40.750140  32.966379
156.700000  39.568005  36.509395
156.800000  37.308169  38.090171
156.900000  39.679862  34.433483
157.000000  38.806444  37.045966
157.100000  37.927860  34.189454
157.200000  38.574148  34.300875
157.300000  40.295304  37.434117
157.400000  40.619832  32.969221
157.500000  38.953459  39.766902
157.600000  35.604202  34.797775
157.700000  45.228893  28.170082
157.800000  42.644620  26.410979
157.900000  43.717010  29.459125
158.000000  36.759920  31.425346
158.100000  42.141261  38.071091
158.200000  41.956896  37.586776
158.300000  43.920487  37.643840
158.400000  45.679897  34.741101
158.500000  42.094354  31.327460
158.600000  43.963858  32.330383
158.700000  45.311615  27.874005
158.800000  42.635841  38.657392
158.900000  40.265549  34.307086
159.000000  46.549862  35.412263
159.100000  41.685338  37.704286
159.200000  44.032660  31.313579
159.300000  41.683065  35.201029
159.400000  43.262338  38.725418
159.500000  40.649498  38.302463
159.600000  44.520531  36.124522
159.700000  43.292793  38.255135
159.800000  41.876923  38.654757
159.900000  39.785468  31.760506
160.000000  45.691689  28.007181
160.100000  44.256411  31.863225
160.200000  41.376361  35.278255
160.300000  44.180433  35.660763
160.400000  44.948924  38.089594
160.500000  44.773642  40.545173
160.600000  44.083869  34.772897
160.700000  45.438520  31.967225
160.800000  41.034693  35.900599
160.900000  42.923236  41.260388
161.000000  42.764771  34.682383
161.100000  44.912563  36.113640
161.200000  46.968885  33.467203
161.300000  44.081595  32.579907
161.400000  44.691303  34.641411
161.500000  42.026638  42.161238
161.600000  44.260672  38.319101
161.700000  46.073711  31.473510
161.800000  48.306336  35.970212
161.900000  42.849880  35.205723
162.000000  40.579051  34.623459
162.100000  44.012350  28.770790
162.200000  41.044933  39.727771
162.300000  42.534895  35.365345
162.400000  37.984924  37.271516
162.500000  43.002201  37.141410
162.600000  40.968707  30.812830
162.700000  36.849815  36.955554
162.800000  41.228019  36.962058
162.900000  35.836210  41.442861
163.000000  38.203201  35.702700
163.100000  38.796011  35.311423
163.200000  41.974642  30.416734
163.300000  40.308130  32.210665
163.400000  40.165886  34.843086
163.500000  37.976284  35.352756
163.600000  39.269017  30.012292
163.700000  40.416569  32.704380
163.800000  41.868192  40.993723
163.900000  43.122160  34.163813
164.000000  41.104045  32.571013
164.100000  43.258214  38.249967
164.200000  46.321239  32.438352
164.300000  43.653020  33.555876
164.400000  44.960870  34.229153
164.500000  43.490149  32.177799
164.600000  40.895473  31.436999
164.700000  39.388042  28.776106
164.800000  40.294419  30.672128
164.900000  40.171313  28.032403
165.000000  39.855404  31.810679
165.100000  44.540006  28.177281
165.200000  40.294704  33.634754
165.300000  44.278797  32.972913
165.400000  42.937454  31.290458
165.500000  43.120912  38.468867
165.600000  41.141815  34.847415
165.700000  41.927265  37.987780
165.800000  43.884347  28.947079
165.900000  42.282536  28.202992
166.000000  43.750080  28.812023
166.100000  39.842149  32.829047
166.200000  41.709586  33.197024
166.300000  48.533819  23.371438
166.400000  45.239749  30.307609
166.500000  43.224609  34.588573
166.600000  42.382615  41.122489
166.700000  41.740177  35.522250
166.800000  41.894493  37.241968
166.900000  42.688873  30.224975
167.000000  42.936829  35.532990
167.100000  41.660139  35.624730
167.200000  40.656210  40.926822
167.300000  40.154457  34.209114
167.400000  40.667511  33.404702
167.500000  40.210861  35.206449
167.600000  39.921771  35.227377
167.700000  40.605484  34.255626
167.800000  44.117280  38.379333
167.900000  45.251117  26.125563
168.000000  43.088763  32.105483
168.100000  41.141483  33.451796
168.200000  37.635469  38.537107
168.300000  39.940962  37.598164
168.400000  41.112766  30.557916
168.500000  43.864717  34.517136
168.600000  41.614133  35.105651
168.700000  40.586323  31.487383
168.800000  40.012869  32.421249
168.900000  43.095111  28.339841
169.000000  39.555329  35.867119
169.100000  43.040477  34.479975
169.200000  44.472781  27.641261
169.300000  41.580678  32.830083
169.400000  42.186910  34.834506
169.500000  43.506310  33.685673
169.600000  42.507953  34.392931
169.700000  43.714669  32.193905
169.800000  47.911543  39.656690
169.900000  42.218551  38.010210
170.000000  40.107672  35.215446
170.100000  44.695711  41.718124
170.200000  41.106681  39.966825
170.300000  40.776599  36.318769
170.400000  39.567757  40.983345
170.500000  44.444468  34.887599
170.600000  43.687774  32.688547
170.700000  40.783023  32.342048
170.800000  40.598191  33.888042
170.900000  37.869120  36.516070
171.000000  44.769296  34.945216
171.100000  44.168780  29.619953
171.200000  43.723394  32.878386
171.300000  43.721987  33.699929
171.400000  43.328072  29.061930
171.500000  42.210105  33.696877
171.600000  43.121212  31.467916
171.700000  38.327730  40.252413
171.800000  41.255993  35.506351
171.900000  41.471036  40.962839
172.000000  42.452126  31.911765
172.100000  45.981148  28.339090
172.200000  42.927822  30.080978
172.300000  40.876525  36.452637
172.400000  38.547335  44.664337
172.500000  43.000045  33.801807
172.600000  41.197936  33.357608
172.700000  41.442497  31.841214
172.800000  41.911597  34.173950
172.900000  45.388769  40.522687
173.000000  45.779507  37.824991
173.100000  43.825177  34.888305
173.200000  42.486640  34.402569
173.300000  43.473414  37.784646
173.400000  42.463003  37.716082
173.500000  44.075235  32.012512
173.600000  44.213138  27.395904
173.700000  43.340775  39.425322
173.800000  42.375522  40.996723
173.900000  35.396394  47.655615
174.000000  42.560901  37.779814
174.100000  44.363457  35.715661
174.200000  43.448875  34.197411
174.300000  42.400471  33.008985
174.400000  43.556917  36.442813
174.500000  41.885639  38.866640
174.600000  45.103092  32.044354
174.700000  43.375924  33.435705
174.800000  43.678002  36.792951
174.900000  45.568695  37.509147
175.000000  36.483200  42.312872
175.100000  37.785339  42.567506
175.200000  43.942203  35.846738
175.300000  41.005918  40.187084
175.400000  44.688373  35.827624
175.500000  43.663311  34.862146
175.600000  39.698878  34.111326
175.700000  40.372169  38.655707
175.800000  43.381695  39.829952
175.900000  40.359482  45.211944
176.000000  42.186510  37.192243
176.100000  38.938156  36.792905
176.200000  37.870191  40.955274
176.300000  39.337344  32.748367
176.400000  41.177835  34.712145
176.500000  39.504867  41.623209
176.600000  40.254863  35.667562
176.700000  41.316904  38.295683
176.800000  45.007259  34.741472
176.900000  41.167968  35.874938
177.000000  42.651508  38.440674
177.100000  43.970645  35.842818
177.200000  40.745131  35.360678
177.300000  42.335294  38.876714
177.400000  43.306700  39.122346
177.500000  44.415310  34.539677
177.600000  41.987051  37.514408
177.700000  41.714974  37.713241
177.800000  43.030613  39.381037
177.900000  43.941953  38.026985
178.000000  43.040014  33.607870
178.100000  36.551992  34.800037
178.200000  40.204448  39.621690
178.300000  39.358923  39.205057
178.400000  43.607941  30.472883
178.500000  42.906410  32.422399
178.600000  43.017665  32.240840
178.700000  44.495405  30.322128
178.800000  44.376201  29.926428
178.900000  44.487293  33.354937
179.000000  41.914386  28.726277
179.100000  47.356116  27.826116
179.200000  43.729571  33.872467
179.300000  42.057639  33.655883
179.400000  46.609458  38.655244
179.500000  39.582389  40.371149
179.600000  44.119386  33.540956
179.700000  43.648759  35.215415
179.800000  41.836489  30.107844
179.900000  43.435915  34.583173
180.000000  44.517077  34.446413
180.100000  42.460558  33.353159
180.200000  43.016089  38.527732
180.300000  47.309883  30.030554
180.400000  45.718502  34.412421
180.500000  40.342468  39.675549
180.600000  40.205321  32.898154
180.700000  41.590186  32.584530
180.800000  39.698954  30.502332
180.900000  39.998013  35.676049
181.000000  41.908560  38.070116
181.100000  39.355184  36.343333
181.200000  40.213602  31.004275
181.300000  40.108066  32.432924
181.400000  41.270519  34.003465
181.500000  40.183419  29.791090
181.600000  41.878913  33.601331
181.700000  40.630813  29.610456
181.800000  37.155334  37.975057
181.900000  41.195414  36.957620
182.000000  42.651764  31.385243
182.100000  41.663684  31.746827
182.200000  41.712250  32.002304
182.300000  42.009557  35.239504
182.400000  41.221767  33.063905
182.500000  43.990592  32.219492
182.600000  43.908098  30.974504
182.700000  43.251408  32.219631
182.800000  44.181431  36.880963
182.900000  42.567991  36.512166
183.000000  43.711006  35.736690
183.100000  39.500321  42.744668
183.200000  35.937793  41.105761
183.300000  39.032922  33.229034
183.400000  44.077086  33.415687
183.500000  43.776942  32.621927
183.600000  39.671434  28.157525
183.700000  41.003876  32.689970
183.800000  42.736209  38.092792
183.900000  39.231839  34.237774
184.000000  40.612028  27.638192
184.100000  41.044630  36.255231
184.200000  33.943017  39.263550
184.300000  36.591084  38.210749
184.400000  36.469996  37.498855
184.500000  38.944979  36.057901
184.600000  41.095011  33.844641
184.700000  32.978959  42.207347
184.800000  38.347997  38.490535
184.900000  41.833597  37.878322
185.000000  38.887991  33.303811
185.100000  39.003326  36.618237
185.200000  38.478507  32.750726
185.300000  43.838744  34.437685
185.400000  38.632176  36.872845
185.500000  39.192305  29.780552
185.600000  40.989198  35.745844
185.700000  39.109710  38.792826
185.800000  41.437926  36.893559
185.900000  40.232271  35.506189
186.000000  37.215114  38.401325
186.100000  40.956530  31.430650
186.200000  38.521723  31.621290
186.300000  40.020565  32.522292
186.400000  37.452757  35.663109
186.500000  41.090446  33.179058
186.600000  40.523452  33.114827
186.700000  42.436318  21.155769
186.800000  48.640488  32.170641
186.900000  46.801675  32.153243
187.000000  44.820475  29.098178
187.100000  36.438241  39.846881
187.200000  37.182027  41.087706
187.300000  37.831805  39.298227
187.400000  36.836049  41.081744
187.500000  39.619750  37.184493
187.600000  36.354895  40.770262
187.700000  39.484336  44.154706
187.800000  38.823338  39.684688
187.900000  37.727037  43.309928
188.000000  44.143920  44.606183
188.100000  39.122436  42.846886
188.200000  42.305425  36.992737
188.300000  38.995730  41.618034
188.400000  39.749471  45.880001
188.500000  37.218968  38.254994
188.600000  38.350126  37.544110
188.700000  37.341206  36.340613
188.800000  39.665338  41.960531
188.900000  35.255211  38.219476
189.000000  36.441119  32.816669
189.100000  40.825623  38.053193
189.200000  35.823387  37.679384
189.300000  41.651545  41.163098
189.400000  39.819066  31.721076
189.500000  33.700756  43.678028
189.600000  33.967301  37.545287
189.700000  38.779060  43.291399
189.800000  40.583080  39.404442
189.900000  38.190928  42.354965
190.000000  38.911257  37.130711
190.100000  39.904124  41.786424
190.200000  36.044643  42.497511
190.300000  37.082645  44.890117
190.400000  36.919654  38.507738
190.500000  41.241594  41.801235
190.600000  33.366436  44.048636
190.700000  33.071241  41.930303
190.800000  34.455477  42.910649
190.900000  35.239142  40.225158
191.000000  31.786783  40.461880
191.100000  38.001812  40.593217
191.200000  35.488953  40.899956
191.300000  33.980519  40.755634
191.400000  36.480415  41.428499
191.500000  41.446796  40.242396
191.600000  34.441210  43.269073
191.700000  36.693508  40.597380
191.800000  38.718282  42.530661
191.900000  38.696176  40.482931
192.000000  41.219634  38.151953
192.100000  35.823189  35.751345
192.200000  33.181574  37.569732
192.300000  35.156651  43.357050
192.400000  33.861918  39.844129
192.500000  37.190270  34.503732
192.600000  39.189431  37.189126
192.700000  35.371806  40.383740
192.800000  35.784805  38.908552
192.900000  33.911349  41.776935
193.000000  37.365251  37.180203
193.100000  36.331777  46.078133
193.200000  37.578343  37.957316
193.300000  37.077900  37.453186
193.400000  30.860221  41.977533
193.500000  36.205727  41.599041
193.600000  37.481888  37.197518
193.700000  33.862715  38.727321
193.800000  32.956522  37.075291
193.900000  34.968719  41.302849
194.000000  38.810889  36.453336
194.100000  33.777688  38.945821
194.200000  40.771377  35.546580
194.300000  36.508342  37.767875
194.400000  36.284205  38.503975
194.500000  36.704698  35.440087
194.600000  36.427864  41.376502
194.700000  36.198902  34.205371
194.800000  36.852438  43.401320
194.900000  33.591122  36.129182
195.000000  30.877161  37.410111
195.100000  40.153144  32.709249
195.200000  37.070118  32.720584
195.300000  34.110042  30.284324
195.400000  38.282745  39.449821
195.500000  31.643562  38.865725
195.600000  33.112194  40.831223
195.700000  33.516100  43.742607
195.800000  33.284720  41.986630
195.900000  36.217469  38.660775
196.000000  36.060383  38.037203
196.100000  37.602944  39.075878
196.200000  36.328176  45.584064
196.300000  35.260070  42.977476
196.400000  37.989128  38.990721
196.500000  35.565613  39.111157
196.600000  29.553075  40.713043
196.700000  39.167785  31.924867
196.800000  31.092657  40.369895
196.900000  38.080066  36.889342
197.000000  29.731628  34.678268
197.100000  35.557970  39.699314
197.200000  34.239181  43.500454
197.300000  32.212018  37.934085
197.400000  36.990423  35.122379
197.500000  36.296220  36.806656
197.600000  36.413013  41.745861
197.700000  33.975946  42.830577
197.800000  35.036907  39.116865
197.900000  34.558690  38.700833
198.000000  35.798739  39.988350
198.100000  36.227752  38.560264
198.200000  36.342927  36.390702
198.300000  35.268748  39.248295
198.400000  34.792693  41.844184
198.500000  35.935975  35.104872
198.600000  38.748183  30.299296
198.700000  36.118719  36.256525
198.800000  38.744525  36.198313
198.900000  36.623342  31.764106
199.000000  34.533254  33.844958
199.100000  33.615519  39.724411
199.200000  32.626376  37.746105
199.300000  32.733092  43.268906
199.400000  36.329102  38.521371
199.500000  32.750880  41.284258
199.600000  35.051364  48.102447
199.700000  35.426581  42.420994
199.800000  40.237879  36.843873
199.900000  33.248331  43.015927
200.000000  32.884666  41.328840
