# aggregated from 2 replicates
# x  mean  std
0.000000  91.473000  0.000000
0.100000  94.325500  0.096874
0.200000  94.403000  1.578262
0.300000  97.051500  0.529623
0.400000  97.255500  1.861812
0.500000  96.068500  0.801152
0.600000  96.179500  0.648417
0.700000  96.093000  2.585182
0.800000  96.936000  3.109856
0.900000  96.457000  1.945958
1.000000  97.933500  1.479974
1.100000  97.208500  4.333857
1.200000  98.900500  1.827871
1.300000  97.271500  1.141977
1.400000  98.536500  2.066873
1.500000  96.359500  1.492702
1.600000  96.509000  0.007071
1.700000  98.845000  0.042426
1.800000  97.275000  0.478004
1.900000  95.952500  0.325976
2.000000  97.250500  2.580233
2.100000  97.169500  3.369364
2.200000  95.925000  3.060358
2.300000  97.744500  2.386485
2.400000  97.479000  3.010861
2.500000  96.990000  1.801708
2.600000  97.819000  1.937473
2.700000  97.716500  2.971970
2.800000  97.744000  3.843832
2.900000  97.567500  2.588718
3.000000  97.260000  4.795598
3.100000  99.064000  3.013689
3.200000  97.927000  1.962928
3.300000  96.369500  1.683621
3.400000  95.240500  0.829436
3.500000  97.796000  0.715592
3.600000  98.237000  1.424113
3.700000  97.521500  0.474469
3.800000  96.555000  0.260215
3.900000  96.047000  1.288349
4.000000  98.537000  2.551241
4.100000  98.761000  0.018385
4.200000  96.657500  0.883176
4.300000  98.123500  0.768625
4.400000  97.827000  1.921916
4.500000  97.059000  1.258650
4.600000  96.621000  0.076368
4.700000  96.963000  2.117078
4.800000  97.334500  2.192738
4.900000  97.069500  0.695086
5.000000  98.631000  0.009899
5.100000  96.711000  1.250165
5.200000  95.379000  1.076217
5.300000  97.642500  0.275065
5.400000  98.540000  0.168291
5.500000  96.945000  0.008485
5.600000  97.374000  0.142836
5.700000  95.952500  1.153291
5.800000  97.445500  1.761403
5.900000  97.511000  0.878227
6.000000  98.481500  0.805395
6.100000  96.471000  0.964494
6.200000  96.034500  0.396687
6.300000  97.597000  0.698621
6.400000  96.493000  0.552958
6.500000  97.243500  1.419163
6.600000  97.386000  0.762261
6.700000  98.046000  1.889389
6.800000  97.728500  0.130815
6.900000  97.446500  2.230922
7.000000  98.145500  2.970556
7.100000  95.895500  1.407850
7.200000  96.711000  1.776252
7.300000  97.681500  4.379112
7.400000  97.602000  1.441084
7.500000  95.506500  1.482803
7.600000  96.641000  1.489167
7.700000  96.652000  2.367394
7.800000  96.439000  0.540230
7.900000  97.444500  2.141826
8.000000  96.689500  0.062933
8.100000  97.274000  0.690136
8.200000  98.262000  0.149907
8.300000  94.552500  0.389616
8.400000  97.006500  0.730441
8.500000  96.930500  0.105359
8.600000  97.380500  0.439113
8.700000  96.115000  0.442649
8.800000  99.346000  1.049346
8.900000  97.385000  1.523108
9.000000  98.015000  1.821507
9.100000  97.116500  2.082429
9.200000  98.636500  0.946816
9.300000  97.741000  1.262893
9.400000  96.550000  0.302642
9.500000  96.328000  0.668923
9.600000  98.474500  2.025861
9.700000  98.393500  0.562150
9.800000  98.452000  3.846661
9.900000  97.879500  0.436285
10.000000  97.984000  0.630739
10.100000  97.910000  0.511945
10.200000  97.092000  2.313653
10.300000  98.242500  0.628618
10.400000  98.065000  2.480531
10.500000  97.506000  0.319612
10.600000  96.870000  0.032527
10.700000  98.550000  1.322290
10.800000  96.774500  0.782767
10.900000  98.764000  0.741048
11.000000  99.493000  0.834386
11.100000  99.012500  0.893076
11.200000  97.714500  0.077075
11.300000  97.265500  3.021467
11.400000  98.399500  2.076773
11.500000  98.418000  0.275772
11.600000  100.208000  1.504723
11.700000  98.775000  0.049497
11.800000  98.046000  0.923481
11.900000  99.051500  0.359917
12.000000  98.917000  1.521694
12.100000  97.958000  1.450983
12.200000  98.859500  0.637103
12.300000  96.743500  2.277591
12.400000  97.920500  2.276177
12.500000  99.284000  1.538664
12.600000  97.943000  0.801859
12.700000  98.707500  2.475581
12.800000  98.934000  1.442498
12.900000  98.787000  0.872570
13.000000  96.758500  1.491288
13.100000  99.657500  0.492853
13.200000  98.854000  1.093187
13.300000  97.023500  0.280721
13.400000  97.180500  0.663973
13.500000  97.758500  0.296278
13.600000  97.065500  0.977929
13.700000  97.536000  1.904946
13.800000  96.097500  1.669479
13.900000  99.360000  0.219203
14.000000  98.975000  0.243245
14.100000  98.240500  0.495682
14.200000  98.096000  0.311127
14.300000  99.741000  0.510531
14.400000  95.842500  0.823779
14.500000  97.474000  0.028284
14.600000  98.322000  0.767918
14.700000  97.590500  0.970858
14.800000  98.567500  0.140714
14.900000  97.683000  4.146474
15.000000  97.889500  0.607405
15.100000  97.156000  1.380272
15.200000  98.399000  1.001263
15.300000  98.422000  2.425376
15.400000  97.443000  1.602304
15.500000  97.389000  0.820244
15.600000  97.135000  0.128693
15.700000  96.636000  0.080610
15.800000  97.303000  0.063640
15.900000  96.756000  2.636094
16.000000  96.758000  3.461995
16.100000  98.478000  1.193596
16.200000  98.382500  0.665387
16.300000  98.709500  0.760140
16.400000  98.292000  1.168140
16.500000  97.292000  2.719533
16.600000  99.421000  0.766504
16.700000  96.792000  0.462448
16.800000  97.802000  0.241831
16.900000  97.339000  1.168140
17.000000  97.850500  0.362746
17.100000  97.973500  2.823477
17.200000  97.318000  0.889540
17.300000  97.645500  1.224002
17.400000  97.337000  0.084853
17.500000  98.118000  1.093187
17.600000  98.223000  0.547301
17.700000  98.497500  0.137886
17.800000  98.857500  0.784181
17.900000  96.729500  0.024749
18.000000  97.925000  0.791960
18.100000  97.936000  0.636396
18.200000  97.156000  0.564271
18.300000  96.950500  1.847670
18.400000  96.893500  0.587606
18.500000  96.741500  0.078489
18.600000  97.467500  0.895904
18.700000  97.811500  2.829134
18.800000  96.834000  0.264458
18.900000  98.179000  0.888126
19.000000  98.140500  0.976514
19.100000  99.957500  0.864792
19.200000  98.827000  0.248902
19.300000  98.633500  0.679530
19.400000  99.080000  0.967322
19.500000  99.796000  1.231780
19.600000  97.527500  1.925452
19.700000  98.851000  0.380423
19.800000  99.031000  0.668923
19.900000  99.634000  2.757716
20.000000  97.690500  2.025861
20.100000  96.545500  1.943837
20.200000  96.114500  0.591848
20.300000  96.430000  1.132785
20.400000  96.646000  1.291177
20.500000  97.549000  0.954594
20.600000  98.464000  0.545886
20.700000  97.389500  0.589020
20.800000  96.684500  0.276479
20.900000  96.941500  0.979343
21.000000  98.029000  0.186676
21.100000  95.801500  1.471489
21.200000  97.626000  0.326683
21.300000  97.381500  3.038438
21.400000  99.802500  0.140714
21.500000  98.974500  1.870297
21.600000  98.094500  0.211425
21.700000  98.741500  0.960958
21.800000  98.302000  0.799031
21.900000  97.194000  1.538664
22.000000  98.053000  0.578413
22.100000  96.765500  0.877520
22.200000  96.230500  0.385373
22.300000  96.858000  0.791960
22.400000  97.274000  0.306884
22.500000  99.282500  0.521138
22.600000  97.438000  0.497803
22.700000  97.799500  1.344210
22.800000  98.460000  0.470933
22.900000  99.391000  1.927573
23.000000  97.817000  1.984142
23.100000  97.151500  0.142128
23.200000  97.029500  0.282136
23.300000  98.139500  0.846407
23.400000  96.761000  1.236023
23.500000  96.491500  1.522401
23.600000  97.307000  2.753474
23.700000  98.284500  0.644174
23.800000  97.632500  0.651245
23.900000  99.223000  1.036619
24.000000  98.458000  0.862670
24.100000  98.845500  1.676550
24.200000  98.354000  0.360624
24.300000  98.816000  0.700036
24.400000  98.321000  0.332340
24.500000  98.503500  0.115258
24.600000  99.531500  0.420729
24.700000  99.024500  0.441942
24.800000  98.619000  1.236023
24.900000  99.262500  1.199960
25.000000  97.557500  0.614476
25.100000  98.873000  0.093338
25.200000  98.263500  0.594677
25.300000  97.513000  0.564271
25.400000  98.472000  0.048083
25.500000  98.837000  1.315219
25.600000  99.144500  2.936614
25.700000  99.208000  1.790394
25.800000  99.657000  0.738219
25.900000  99.291000  3.139554
26.000000  98.389500  1.915552
26.100000  97.504000  0.274357
26.200000  99.025500  1.590283
26.300000  97.757500  1.933937
26.400000  98.460500  0.246780
26.500000  99.987000  1.483510
26.600000  98.820000  0.934795
26.700000  98.259500  0.492853
26.800000  99.211000  0.052326
26.900000  98.256000  1.705542
27.000000  99.104000  1.508966
27.100000  97.759500  0.159099
27.200000  98.867500  0.451841
27.300000  98.393500  0.388202
27.400000  99.503000  1.623517
27.500000  96.806000  0.463862
27.600000  97.356000  3.244206
27.700000  96.656500  2.450125
27.800000  97.928500  2.178596
27.900000  98.005000  0.965908
28.000000  97.430000  0.742462
28.100000  97.767500  0.002121
28.200000  96.685500  0.327390
28.300000  98.467500  0.064347
28.400000  97.838000  1.453812
28.500000  98.032000  3.689683
28.600000  99.088500  1.987677
28.700000  98.211500  0.618718
28.800000  100.328000  1.388758
28.900000  99.157500  2.006062
29.000000  96.753000  0.490732
29.100000  98.444000  1.148341
29.200000  98.675000  0.239002
29.300000  98.993500  0.989242
29.400000  98.294000  1.021062
29.500000  98.630500  0.210011
29.600000  98.263000  0.610940
29.700000  99.079000  0.240416
29.800000  99.135000  2.074651
29.900000  99.742500  0.335876
30.000000  98.513500  0.232638
30.100000  97.550500  2.047074
30.200000  98.088000  1.887975
30.300000  97.658500  1.860398
30.400000  98.243000  0.032527
30.500000  97.264500  0.364160
30.600000  96.754000  1.284106
30.700000  98.052500  0.085560
30.800000  99.644000  1.715441
30.900000  98.219000  2.585182
31.000000  97.890000  1.729583
31.100000  98.994500  0.119501
31.200000  99.137500  1.338553
31.300000  98.763000  0.847114
31.400000  98.680500  0.731856
31.500000  99.066500  1.232487
31.600000  98.284000  0.077782
31.700000  97.787000  1.064903
31.800000  98.467000  0.584070
31.900000  97.641500  0.591848
32.000000  98.239000  0.241831
32.100000  96.597500  0.734684
32.200000  98.541500  0.591848
32.300000  100.087000  0.777817
32.400000  98.725500  2.645286
32.500000  98.629500  0.525380
32.600000  97.697500  1.948079
32.700000  98.385500  3.022881
32.800000  97.798500  0.504167
32.900000  99.185000  0.222032
33.000000  98.459000  0.364867
33.100000  99.455000  0.639225
33.200000  97.500500  0.596091
33.300000  98.722500  1.621396
33.400000  98.336500  0.045962
33.500000  100.600500  1.491288
33.600000  99.576000  0.462448
33.700000  98.374500  2.047074
33.800000  100.216500  1.055710
33.900000  100.305500  2.020204
34.000000  99.180000  2.361737
34.100000  98.157000  3.334716
34.200000  97.906500  2.279005
34.300000  97.080000  2.568212
34.400000  97.607500  2.107885
34.500000  97.309500  2.124856
34.600000  99.882000  3.146625
34.700000  98.069000  1.760696
34.800000  97.944500  3.339665
34.900000  98.157000  2.695491
35.000000  96.760500  2.594375
35.100000  97.241000  1.643316
35.200000  97.977000  1.513209
35.300000  98.507000  0.000000
35.400000  98.765000  3.463409
35.500000  99.183500  3.523513
35.600000  98.244000  2.020911
35.700000  98.044500  2.385071
35.800000  98.632000  1.936058
35.900000  97.279000  0.828729
36.000000  98.139000  1.702713
36.100000  98.326500  0.070004
36.200000  97.340500  0.907218
36.300000  99.090500  1.924038
36.400000  97.597500  1.976363
36.500000  99.142500  0.038891
36.600000  98.949500  1.471489
36.700000  98.150500  0.193040
36.800000  99.118500  1.769888
36.900000  98.281000  0.514774
37.000000  98.899500  0.912875
37.100000  97.453000  1.592404
37.200000  98.399500  0.369817
37.300000  96.937500  0.364160
37.400000  97.651500  1.269257
37.500000  97.342500  0.509824
37.600000  98.816000  0.568514
37.700000  97.606000  2.392849
37.800000  99.125000  1.387344
37.900000  98.811500  0.956715
38.000000  100.253000  1.609375
38.100000  98.789000  2.057681
38.200000  98.553500  0.755897
38.300000  99.363500  1.942422
38.400000  98.084500  3.104906
38.500000  99.133500  0.627204
38.600000  98.779000  1.248751
38.700000  99.694500  1.416335
38.800000  101.331000  1.286934
38.900000  100.019000  0.313955
39.000000  100.908000  1.134199
39.100000  99.265000  0.098995
39.200000  98.195500  1.252286
39.300000  99.402500  0.072832
39.400000  99.610000  1.453812
39.500000  98.006500  2.075358
39.600000  102.011500  0.275065
39.700000  101.732500  2.503865
39.800000  101.679000  0.410122
39.900000  101.484500  2.428912
40.000000  101.958000  2.330624
40.100000  99.515000  1.613618
40.200000  100.243000  4.061621
40.300000  98.932500  4.174051
40.400000  99.343500  2.163040
40.500000  99.271000  3.705240
40.600000  100.332000  1.849791
40.700000  99.384500  3.095006
40.800000  97.690500  0.914289
40.900000  98.699000  0.186676
41.000000  99.323000  1.196425
41.100000  97.839500  0.301935
41.200000  99.125000  0.784889
41.300000  99.391000  3.467652
41.400000  99.694000  0.367696
41.500000  99.946500  0.802566
41.600000  100.583500  3.164303
41.700000  100.530000  2.399920
41.800000  99.459500  0.512652
41.900000  99.413500  1.817972
42.000000  98.517000  1.398657
42.100000  99.721500  0.014849
42.200000  98.589000  1.363302
42.300000  100.341500  1.281985
42.400000  98.796500  2.062630
42.500000  98.339500  1.741604
42.600000  97.966000  3.447853
42.700000  97.157000  0.947523
42.800000  99.022500  1.994748
42.900000  99.380000  0.907925
43.000000  98.810500  0.980757
43.100000  100.131000  0.295571
43.200000  98.471500  1.679379
43.300000  97.539000  1.508966
43.400000  98.761500  3.268955
43.500000  98.687000  2.610638
43.600000  98.585000  2.159504
43.700000  98.346000  2.658721
43.800000  97.860500  1.301784
43.900000  98.153000  0.063640
44.000000  99.148000  0.492146
44.100000  97.157500  2.464267
44.200000  98.102500  3.519270
44.300000  98.371500  1.250872
44.400000  98.129500  2.744281
44.500000  96.198000  1.815850
44.600000  97.864500  1.948079
44.700000  97.238000  0.616597
44.800000  97.674500  1.218345
44.900000  96.923500  3.396234
45.000000  99.370000  3.054701
45.100000  98.421000  1.588162
45.200000  98.786500  2.041417
45.300000  99.178000  1.971414
45.400000  98.101500  3.287339
45.500000  98.174000  4.686704
45.600000  97.936500  2.633973
45.700000  97.896500  0.654074
45.800000  97.849500  1.669479
45.900000  96.850500  0.038891
46.000000  97.530500  2.906916
46.100000  96.396000  2.416891
46.200000  96.932000  3.075914
46.300000  97.399000  0.500632
46.400000  99.065500  3.372192
46.500000  99.721000  2.274055
46.600000  99.730500  0.596091
46.700000  100.032500  2.612760
46.800000  100.177500  2.434569
46.900000  98.680500  2.359615
47.000000  99.104500  1.055710
47.100000  98.286500  1.318754
47.200000  99.608500  0.505581
47.300000  97.851500  0.480126
47.400000  99.512500  1.352695
47.500000  96.724000  4.098391
47.600000  98.113000  0.173948
47.700000  97.483000  1.704127
47.800000  98.375000  1.499066
47.900000  98.526500  0.102530
48.000000  97.606000  1.056418
48.100000  99.153000  0.035355
48.200000  98.474500  0.615890
48.300000  97.953500  1.154705
48.400000  98.183500  0.697914
48.500000  97.838500  0.805395
48.600000  97.124500  1.636952
48.700000  99.199500  1.653923
48.800000  95.979500  1.212688
48.900000  98.541500  2.676399
49.000000  96.960000  1.132785
49.100000  98.261000  1.183697
49.200000  98.027500  0.836507
49.300000  98.183000  3.215922
49.400000  97.044000  1.885147
49.500000  97.163500  2.160211
49.600000  96.242500  0.004950
49.700000  96.231500  0.296278
49.800000  96.642500  1.129250
49.900000  96.649500  2.885703
50.000000  97.937000  0.743876
50.100000  96.465500  1.485631
50.200000  96.556500  1.655337
50.300000  97.473000  0.613769
50.400000  96.986000  3.112684
50.500000  96.338000  1.699885
50.600000  95.391000  2.322139
50.700000  97.840000  0.967322
50.800000  96.181500  0.440528
50.900000  97.832500  1.393707
51.000000  97.509000  0.340825
51.100000  96.839500  0.525380
51.200000  94.950000  0.226274
51.300000  95.873000  0.940452
51.400000  95.222000  1.831407
51.500000  95.817500  1.153291
51.600000  96.545500  1.423406
51.700000  96.099500  1.173090
51.800000  97.748500  1.280570
51.900000  95.155500  0.654074
52.000000  95.831500  2.269106
52.100000  96.441000  2.800143
52.200000  96.475500  2.621245
52.300000  94.713500  0.201525
52.400000  97.022000  1.735240
52.500000  95.558500  1.129250
52.600000  94.168000  0.618011
52.700000  95.627500  0.989242
52.800000  95.400500  1.727462
52.900000  96.073000  0.625082
53.000000  95.745000  0.329512
53.100000  98.489500  0.447599
53.200000  97.091500  0.126572
53.300000  96.437000  1.361888
53.400000  95.566500  0.027577
53.500000  97.678000  1.320875
53.600000  95.703000  3.802820
53.700000  98.004500  0.996313
53.800000  97.443500  1.789687
53.900000  95.411000  0.152735
54.000000  98.046500  0.000707
54.100000  97.139000  1.296834
54.200000  96.583500  0.931260
54.300000  97.603500  0.673873
54.400000  95.331000  1.064903
54.500000  97.249500  1.133492
54.600000  98.081000  0.227688
54.700000  97.224500  2.400628
54.800000  97.434000  1.260064
54.900000  96.818000  0.688722
55.000000  95.829500  1.711906
55.100000  98.362000  0.828729
55.200000  96.858000  0.939038
55.300000  95.936000  0.441235
55.400000  96.017500  0.584777
55.500000  97.337000  1.412799
55.600000  97.239000  1.169555
55.700000  97.619500  1.109451
55.800000  98.136000  2.339109
55.900000  97.406000  0.127279
56.000000  97.142000  1.955857
56.100000  97.991500  0.945402
56.200000  98.276000  1.049346
56.300000  98.413000  1.029547
56.400000  97.988500  1.083995
56.500000  96.798000  1.540079
56.600000  96.976500  0.836507
56.700000  97.221000  0.752362
56.800000  97.033000  1.431184
56.900000  97.651000  0.926310
57.000000  97.331500  1.598768
57.100000  97.207500  1.265014
57.200000  96.505500  2.348302
57.300000  97.461500  1.502602
57.400000  95.747000  0.345068
57.500000  98.028500  1.313097
57.600000  97.817000  1.077631
57.700000  97.526000  1.465125
57.800000  98.327500  0.344361
57.900000  97.517000  0.219203
58.000000  96.538500  0.430628
58.100000  96.111500  0.241123
58.200000  97.071500  0.980757
58.300000  97.217500  1.703420
58.400000  95.790000  0.766504
58.500000  98.220500  0.647003
58.600000  97.471500  1.147634
58.700000  97.259000  0.651952
58.800000  97.452000  0.691550
58.900000  96.377500  3.070965
59.000000  98.264500  0.870448
59.100000  96.728000  1.452397
59.200000  95.593000  1.627760
59.300000  94.845500  1.885854
59.400000  94.798000  1.343503
59.500000  97.079000  1.221881
59.600000  97.348500  1.325825
59.700000  95.097500  3.594224
59.800000  96.074000  1.779081
59.900000  96.149500  0.289207
60.000000  97.982500  1.727462
60.100000  97.955500  0.844993
60.200000  97.208000  0.487904
60.300000  96.193500  2.209709
60.400000  96.217000  2.934493
60.500000  96.324000  2.272641
60.600000  96.473500  1.028840
60.700000  96.355000  0.664680
60.800000  95.057000  1.298248
60.900000  97.431500  0.915703
61.000000  97.865000  1.313804
61.100000  97.934500  0.424971
61.200000  96.716500  0.156271
61.300000  96.005000  0.224860
61.400000  94.764500  0.150614
61.500000  96.147500  2.687713
61.600000  94.540500  0.000707
61.700000  95.826000  0.920653
61.800000  96.145000  0.910754
61.900000  96.478500  0.750240
62.000000  97.502000  3.527049
62.100000  97.481000  0.062225
62.200000  98.112000  0.254558
62.300000  97.898500  0.170413
62.400000  97.860500  0.187383
62.500000  97.535000  1.832821
62.600000  97.448000  1.033790
62.700000  97.601500  1.670893
62.800000  97.250000  0.530330
62.900000  97.563500  0.953887
63.000000  97.853000  1.240265
63.100000  96.960500  0.265165
63.200000  97.838000  0.774989
63.300000  98.638000  2.001112
63.400000  99.387000  0.923481
63.500000  98.607500  2.120613
63.600000  98.314000  0.011314
63.700000  99.690000  0.227688
63.800000  97.809500  0.422143
63.900000  97.105500  1.728876
64.000000  98.160000  0.192333
64.100000  97.137000  2.053438
64.200000  96.638500  2.138998
64.300000  97.953000  1.279863
64.400000  98.119500  0.948230
64.500000  100.426500  0.335876
64.600000  99.267500  0.514067
64.700000  98.804000  1.815850
64.800000  98.777000  1.134199
64.900000  98.936500  1.331482
65.000000  99.628500  0.539522
65.100000  97.428500  0.410829
65.200000  96.545500  0.023335
65.300000  97.316500  0.560736
65.400000  96.718000  0.506288
65.500000  98.677500  1.516744
65.600000  98.186000  2.643165
65.700000  99.863000  2.129806
65.800000  99.453000  2.781758
65.900000  100.515500  3.152989
66.000000  100.408000  2.873682
66.100000  100.473000  1.749382
66.200000  99.625500  0.719128
66.300000  97.077500  1.866055
66.400000  96.770000  2.276884
66.500000  98.730500  1.924038
66.600000  99.328500  1.240972
66.700000  98.359500  1.460176
66.800000  97.084000  0.323855
66.900000  97.647500  0.816708
67.000000  99.283000  0.791960
67.100000  98.196000  1.210567
67.200000  97.696000  0.432749
67.300000  97.902500  2.126270
67.400000  98.677000  0.717006
67.500000  97.839500  1.055710
67.600000  97.236000  0.050912
67.700000  99.180000  1.236023
67.800000  98.074000  0.066468
67.900000  96.682500  0.171827
68.000000  97.710500  2.544877
68.100000  98.816500  1.188646
68.200000  96.525500  0.236881
68.300000  98.974500  0.989242
68.400000  96.784000  0.605283
68.500000  96.375000  0.111723
68.600000  97.111500  0.156271
68.700000  97.140500  2.065459
68.800000  97.971500  1.809486
68.900000  98.603000  1.643316
69.000000  98.047500  1.255115
69.100000  97.570500  1.001970
69.200000  98.661500  0.815294
69.300000  98.855500  1.444619
69.400000  97.328000  3.160767
69.500000  97.794500  2.229508
69.600000  97.607000  2.777515
69.700000  98.495000  1.250165
69.800000  95.890000  2.046367
69.900000  97.117000  0.603869
70.000000  98.112000  1.869590
70.100000  99.092500  0.060104
70.200000  98.988500  2.433154
70.300000  98.439500  1.963636
70.400000  98.156500  0.498510
70.500000  97.740500  1.270671
70.600000  97.987000  0.503460
70.700000  97.370500  2.092329
70.800000  97.499500  1.393707
70.900000  97.560500  0.801152
71.000000  98.166500  0.258094
71.100000  96.731000  0.239002
71.200000  99.304500  0.135057
71.300000  98.471000  2.730846
71.400000  98.837000  0.582656
71.500000  98.489000  0.391737
71.600000  98.028000  2.050610
71.700000  96.397000  1.329361
71.800000  99.139500  1.168848
71.900000  98.150000  0.059397
72.000000  97.600000  1.059246
72.100000  96.632000  1.825750
72.200000  96.094000  1.156827
72.300000  98.038000  1.236023
72.400000  95.933000  2.609224
72.500000  97.057500  0.272236
72.600000  99.184000  2.242943
72.700000  97.838500  1.993334
72.800000  97.838000  1.568363
72.900000  97.671500  0.010607
73.000000  96.980500  0.477297
73.100000  97.667500  0.232638
73.200000  97.558000  1.292591
73.300000  96.704000  0.777817
73.400000  98.847500  0.666802
73.500000  96.661500  2.519421
73.600000  97.367500  2.061216
73.700000  97.775000  0.637810
73.800000  97.442000  0.043841
73.900000  98.098500  1.017527
74.000000  98.023000  0.905097
74.100000  97.636000  2.843983
74.200000  97.838500  0.071418
74.300000  98.235500  0.589020
74.400000  98.930000  3.430882
74.500000  96.873500  0.446184
74.600000  97.831000  1.049346
74.700000  98.308500  0.765797
74.800000  98.345500  2.980455
74.900000  96.693000  1.426941
75.000000  96.971500  2.847519
75.100000  96.502500  2.082429
75.200000  96.018500  1.543614
75.300000  98.426500  1.375323
75.400000  96.933000  0.134350
75.500000  96.660500  0.492853
75.600000  97.332500  0.200111
75.700000  96.212500  1.474318
75.800000  97.023000  1.373201
75.900000  99.042500  1.696349
76.000000  98.717500  2.984698
76.100000  97.506500  1.659580
76.200000  96.294500  1.069853
76.300000  97.658500  0.668216
76.400000  98.652500  0.260922
76.500000  98.106000  2.339109
76.600000  97.221000  2.025154
76.700000  98.977000  0.181019
76.800000  96.606000  0.526087
76.900000  98.871500  1.635538
77.000000  98.244000  1.127128
77.100000  96.635500  2.433154
77.200000  97.269000  2.595082
77.300000  97.352500  1.610082
77.400000  99.630000  3.355929
77.500000  98.883500  2.134755
77.600000  98.756000  2.158090
77.700000  97.193500  0.569221
77.800000  97.418000  0.591141
77.900000  97.315500  4.304159
78.000000  98.734000  0.212132
78.100000  97.179000  1.581091
78.200000  97.658500  0.320319
78.300000  98.194500  1.786859
78.400000  98.613500  2.143241
78.500000  99.993500  2.259206
78.600000  98.680500  2.458610
78.700000  98.804500  1.603011
78.800000  99.179500  1.833528
78.900000  99.182500  2.229508
79.000000  101.018000  0.212132
79.100000  99.733000  1.325118
79.200000  99.519500  2.122027
79.300000  100.053000  1.006920
79.400000  100.074500  0.043134
79.500000  99.802000  0.353553
79.600000  99.949500  0.912875
79.700000  98.692000  0.599627
79.800000  98.113500  2.344059
79.900000  99.537500  0.198697
80.000000  101.073000  1.421285
80.100000  99.982000  0.243245
80.200000  98.484500  1.618567
80.300000  99.158500  1.125007
80.400000  98.865500  0.485782
80.500000  98.379500  0.328805
80.600000  101.053500  1.553514
80.700000  99.346000  0.442649
80.800000  98.494500  1.216931
80.900000  100.323500  1.108036
81.000000  98.698500  1.512501
81.100000  100.378500  0.604576
81.200000  100.269500  3.495229
81.300000  100.489000  0.036770
81.400000  97.300000  1.907774
81.500000  99.326000  0.280014
81.600000  99.160500  0.828022
81.700000  99.334500  1.296127
81.800000  99.654000  0.688722
81.900000  99.971000  2.645994
82.000000  99.919500  0.178898
82.100000  99.975000  3.041973
82.200000  99.921000  0.315370
82.300000  97.939000  1.757867
82.400000  99.754500  0.734684
82.500000  98.637000  1.197839
82.600000  98.714500  1.672308
82.700000  98.412000  1.524522
82.800000  100.192500  1.699178
82.900000  100.125000  1.390172
83.000000  100.329500  0.297692
83.100000  99.912000  1.838478
83.200000  99.268000  0.138593
83.300000  100.403500  1.246629
83.400000  99.638500  2.631144
83.500000  98.020000  1.429770
83.600000  99.869000  0.181019
83.700000  99.666000  1.070560
83.800000  98.648000  0.403051
83.900000  98.658000  0.257387
84.000000  97.777000  0.709935
84.100000  98.134500  0.388202
84.200000  97.858500  1.120764
84.300000  99.040500  0.475883
84.400000  98.174500  0.426385
84.500000  98.051500  0.075660
84.600000  99.088000  3.314917
84.700000  97.990500  2.387900
84.800000  99.452500  3.162889
84.900000  99.186500  1.745847
85.000000  97.952500  3.314209
85.100000  97.338000  0.510531
85.200000  98.752500  1.306026
85.300000  98.740500  0.566393
85.400000  97.737000  1.378858
85.500000  98.338000  1.844134
85.600000  98.592000  1.131371
85.700000  96.704000  0.944695
85.800000  99.127000  2.278298
85.900000  100.016500  0.876105
86.000000  99.092000  3.664227
86.100000  99.508500  3.365121
86.200000  100.214500  1.065610
86.300000  99.476000  0.103238
86.400000  98.830000  2.969848
86.500000  98.337500  0.836507
86.600000  98.260500  0.255266
86.700000  97.497500  0.634275
86.800000  98.799500  2.718826
86.900000  96.559000  0.352139
87.000000  99.359500  1.194303
87.100000  98.712500  0.197283
87.200000  97.256500  1.038740
87.300000  97.462500  2.369515
87.400000  97.527000  2.077480
87.500000  97.720000  1.592404
87.600000  96.520500  2.474167
87.700000  97.896500  3.475430
87.800000  97.658000  1.660287
87.900000  97.320500  1.506845
88.000000  97.041000  3.074500
88.100000  96.678000  2.712462
88.200000  97.240000  1.424113
88.300000  96.888000  1.791809
88.400000  97.900000  3.925857
88.500000  98.127500  1.933937
88.600000  97.603500  0.553665
88.700000  97.078500  0.294864
88.800000  97.705000  2.658721
88.900000  98.045500  1.105208
89.000000  100.053000  1.237437
89.100000  96.630500  1.468661
89.200000  97.305500  0.859135
89.300000  97.475000  0.694379
89.400000  97.931500  0.888833
89.500000  98.374000  1.517451
89.600000  99.647500  3.175617
89.700000  99.188500  3.031367
89.800000  99.124000  0.593970
89.900000  97.682000  2.726604
90.000000  97.548000  1.694228
90.100000  97.383500  0.562150
90.200000  98.572500  1.413506
90.300000  97.556500  0.880348
90.400000  99.058500  0.079903
90.500000  99.608000  1.404314
90.600000  100.849500  1.031669
90.700000  98.413000  2.582354
90.800000  97.943500  0.774282
90.900000  97.123500  1.175919
91.000000  97.890500  1.953736
91.100000  95.828000  0.012728
91.200000  98.679000  0.933381
91.300000  97.881500  0.454670
91.400000  97.847500  1.926866
91.500000  98.980500  0.321734
91.600000  98.211500  0.111016
91.700000  97.722000  1.677257
91.800000  97.679000  0.622254
91.900000  98.536500  1.047225
92.000000  97.728000  1.694228
92.100000  98.276500  1.816557
92.200000  97.990500  0.559321
92.300000  95.702500  2.469924
92.400000  96.192500  3.334008
92.500000  97.529500  2.052731
92.600000  96.398500  0.096874
92.700000  97.965500  1.182990
92.800000  97.246000  0.535987
92.900000  96.567000  0.458205
93.000000  98.027500  2.188495
93.100000  96.062000  0.482247
93.200000  98.119500  1.225416
93.300000  99.097500  0.689429
93.400000  99.526000  0.926310
93.500000  96.579500  0.593263
93.600000  97.418000  1.146927
93.700000  97.799000  0.504874
93.800000  96.705000  1.398657
93.900000  98.911500  0.918532
94.000000  97.699500  1.830699
94.100000  98.154500  0.743169
94.200000  98.680000  0.619426
94.300000  97.716000  0.591141
94.400000  98.423500  0.135057
94.500000  97.923000  0.510531
94.600000  98.184000  1.005506
94.700000  97.690500  0.907218
94.800000  98.377500  0.333047
94.900000  99.091500  0.465983
95.000000  99.204500  0.844993
95.100000  98.378500  2.157383
95.200000  97.466500  0.187383
95.300000  97.007500  1.680793
95.400000  99.269000  0.762261
95.500000  100.621000  1.793223
95.600000  98.070000  0.767918
95.700000  97.949500  1.054296
95.800000  97.042500  2.495380
95.900000  98.229500  0.284964
96.000000  98.577500  2.180010
96.100000  97.470500  0.236881
96.200000  98.194500  1.784030
96.300000  98.174500  0.918532
96.400000  100.242500  1.147634
96.500000  98.511500  1.431891
96.600000  97.318500  0.625790
96.700000  98.238000  2.326381
96.800000  99.499000  1.895046
96.900000  98.540000  0.605283
97.000000  97.799000  0.151321
97.100000  99.413500  0.246780
97.200000  97.818000  0.722663
97.300000  98.257000  0.113137
97.400000  98.042500  0.092631
97.500000  98.922000  3.681198
97.600000  98.995000  1.962928
97.700000  97.898000  0.007071
97.800000  99.001500  0.688015
97.900000  97.557500  2.177182
98.000000  97.542500  1.233901
98.100000  98.428000  1.333603
98.200000  100.194000  0.236174
98.300000  98.268500  1.897167
98.400000  97.338500  0.249609
98.500000  98.687500  1.953736
98.600000  96.626000  2.035053
98.700000  98.166500  0.929845
98.800000  97.395000  1.083288
98.900000  96.607000  1.590990
99.000000  97.515000  1.206324
99.100000  97.423000  1.335018
99.200000  97.164500  1.844842
99.300000  97.664000  2.610638
99.400000  96.680000  0.391737
99.500000  99.088500  0.779939
99.600000  98.439000  1.643316
99.700000  98.854000  1.172383
99.800000  98.455000  2.443761
99.900000  97.018500  2.363858
100.000000  97.534000  1.028133
100.100000  98.012500  1.290470
100.200000  97.793000  2.104350
100.300000  97.504500  2.419012
100.400000  96.598500  0.864792
100.500000  98.983500  1.016112
100.600000  98.156000  0.390323
100.700000  98.556500  2.393556
100.800000  97.851000  3.242792
100.900000  98.465500  0.352846
101.000000  98.405000  4.024852
101.100000  99.066500  1.195718
101.200000  99.463000  1.407142
101.300000  98.151000  0.899440
101.400000  98.135500  1.100965
101.500000  98.434500  0.238295
101.600000  96.055000  2.250014
101.700000  98.793000  3.982425
101.800000  97.251000  4.492956
101.900000  97.873500  2.537806
102.000000  97.611000  2.740746
102.100000  97.223000  0.661852
102.200000  98.210500  1.842013
102.300000  95.885000  2.720947
102.400000  96.409500  0.963787
102.500000  95.569000  2.033639
102.600000  96.074000  1.393000
102.700000  97.954000  0.808930
102.800000  96.878000  1.653216
102.900000  96.144000  0.678823
103.000000  95.891000  2.039296
103.100000  97.507500  0.310420
103.200000  98.259500  0.142128
103.300000  97.931000  1.231780
103.400000  98.116500  1.765646
103.500000  97.278500  2.440226
103.600000  96.833000  1.574020
103.700000  96.168500  2.010305
103.800000  97.234500  0.869034
103.900000  96.853500  0.304763
104.000000  98.517500  2.252135
104.100000  96.832500  0.105359
104.200000  96.979000  1.574020
104.300000  97.506000  1.694228
104.400000  96.549000  1.465125
104.500000  98.563500  0.038891
104.600000  97.072500  0.555079
104.700000  98.803500  0.569221
104.800000  99.093000  0.738219
104.900000  98.021000  2.088793
105.000000  98.087000  1.120057
105.100000  97.819000  0.335169
105.200000  98.350000  1.612203
105.300000  98.181000  0.196576
105.400000  99.389000  2.723775
105.500000  99.166000  0.479418
105.600000  98.050500  0.764382
105.700000  97.960000  0.694379
105.800000  96.690000  1.117229
105.900000  98.615500  1.388051
106.000000  99.518000  0.733977
106.100000  98.226000  2.729432
106.200000  98.172500  0.457498
106.300000  99.138000  2.148190
106.400000  98.478500  1.296127
106.500000  98.113000  0.746705
106.600000  96.643000  1.711198
106.700000  96.254000  1.978485
106.800000  99.513000  1.111572
106.900000  98.870000  2.347595
107.000000  96.989500  0.768625
107.100000  98.982000  2.763373
107.200000  97.910500  1.604425
107.300000  99.021500  0.685186
107.400000  99.519000  0.376181
107.500000  98.556000  0.735391
107.600000  98.735000  0.541644
107.700000  99.164500  0.805395
107.800000  98.581000  0.391737
107.900000  99.317000  0.224860
108.000000  98.372000  0.700036
108.100000  99.334000  1.125714
108.200000  98.324500  1.956564
108.300000  98.066500  0.051619
108.400000  98.418000  3.463409
108.500000  98.955500  1.935351
108.600000  99.736000  1.240265
108.700000  99.477000  0.572756
108.800000  98.706000  0.347897
108.900000  99.775500  2.762666
109.000000  99.759500  0.777110
109.100000  98.734500  0.754483
109.200000  98.050000  3.097128
109.300000  99.305000  2.531442
109.400000  98.741000  1.687157
109.500000  99.246000  0.428507
109.600000  98.820500  0.374059
109.700000  99.671500  1.224002
109.800000  99.597500  1.590283
109.900000  99.489000  0.089095
110.000000  98.670500  2.730139
110.100000  98.812500  0.884591
110.200000  99.640000  0.811759
110.300000  100.107500  0.228395
110.400000  97.576500  2.219608
110.500000  98.201000  0.424264
110.600000  98.949000  1.685743
110.700000  98.451500  0.309006
110.800000  98.817000  2.371636
110.900000  99.527000  1.326532
111.000000  99.211000  1.508966
111.100000  98.613500  2.553363
111.200000  100.086000  1.607961
111.300000  99.360500  3.292996
111.400000  99.114500  2.134755
111.500000  99.129000  2.416891
111.600000  99.370500  1.901410
111.700000  98.972000  0.384666
111.800000  98.991000  2.009597
111.900000  97.176000  2.794486
112.000000  98.700500  1.511087
112.100000  99.695500  0.488611
112.200000  99.573500  2.245064
112.300000  98.031000  0.056569
112.400000  98.386000  1.582505
112.500000  100.208000  0.062225
112.600000  99.057000  2.156676
112.700000  99.498500  1.146220
112.800000  101.597000  1.139856
112.900000  98.504000  1.610789
113.000000  98.665000  0.108894
113.100000  98.138500  0.061518
113.200000  98.410000  2.778930
113.300000  99.120500  3.694633
113.400000  99.487000  2.500330
113.500000  100.297000  0.584070
113.600000  99.623500  2.892774
113.700000  98.004500  3.380678
113.800000  96.885000  3.754737
113.900000  98.847000  1.895046
114.000000  97.828500  3.766758
114.100000  98.698500  1.126421
114.200000  97.316500  0.130815
114.300000  97.211000  0.418607
114.400000  97.995500  2.884289
114.500000  97.770500  1.748675
114.600000  100.036500  2.503865
114.700000  99.383000  1.644730
114.800000  98.448500  1.007627
114.900000  99.399500  1.076924
115.000000  98.671000  0.931967
115.100000  98.254000  1.381687
115.200000  98.607000  2.463560
115.300000  98.851000  0.524673
115.400000  99.647500  0.546594
115.500000  99.668500  3.657863
115.600000  99.653500  2.901259
115.700000  99.621000  0.448306
115.800000  99.597000  0.733977
115.900000  99.385000  0.275772
116.000000  96.551000  1.473611
116.100000  97.595000  1.090359
116.200000  98.050500  1.916966
116.300000  97.166000  0.356382
116.400000  98.730000  0.855599
116.500000  99.058000  1.578262
116.600000  97.856000  0.824487
116.700000  97.432500  2.059802
116.800000  97.431000  0.837214
116.900000  97.808500  0.726199
117.000000  97.397000  1.173797
117.100000  99.043000  0.557200
117.200000  97.549500  1.171676
117.300000  96.850500  0.113844
117.400000  96.395500  0.490025
117.500000  96.636500  1.342796
117.600000  97.109000  0.083439
117.700000  98.001500  1.815143
117.800000  98.099000  1.025305
117.900000  98.319000  0.377595
118.000000  98.679000  0.106066
118.100000  98.032500  0.911461
118.200000  97.679500  1.720391
118.300000  98.411000  1.387344
118.400000  97.379000  1.257236
118.500000  98.726500  0.843578
118.600000  98.602000  3.204608
118.700000  98.178500  0.914289
118.800000  97.867500  0.222739
118.900000  98.311500  1.018941
119.000000  99.518000  1.945958
119.100000  98.914500  0.204354
119.200000  98.220000  0.599627
119.300000  97.856500  1.017527
119.400000  97.456500  1.610082
119.500000  100.066000  0.743876
119.600000  98.668500  1.778374
119.700000  97.723000  0.900854
119.800000  97.839000  2.118492
119.900000  97.061000  0.840043
120.000000  98.509500  2.880046
120.100000  98.553500  2.870146
120.200000  98.328500  1.303198
120.300000  98.980500  1.399364
120.400000  98.903500  0.395273
120.500000  97.078500  0.693672
120.600000  97.745500  1.827871
120.700000  98.077500  1.338553
120.800000  98.841000  1.927573
120.900000  98.521000  2.778930
121.000000  99.330500  2.437397
121.100000  99.550000  2.196274
121.200000  98.790500  1.153291
121.300000  98.966000  2.944393
121.400000  98.768000  1.880904
121.500000  98.618500  1.482803
121.600000  97.230000  1.052175
121.700000  98.183500  0.160513
121.800000  98.637500  1.146220
121.900000  99.513500  1.625638
122.000000  98.144000  1.677257
122.100000  100.382000  1.557049
122.200000  100.122500  0.446184
122.300000  100.188500  0.400930
122.400000  98.646500  0.593263
122.500000  98.572000  0.067882
122.600000  99.029000  0.596798
122.700000  97.649000  0.721249
122.800000  98.277000  0.905097
122.900000  98.463500  1.567656
123.000000  98.852500  0.969443
123.100000  98.167000  1.742311
123.200000  99.187000  0.476590
123.300000  98.228500  0.089803
123.400000  99.133000  0.079196
123.500000  100.499500  1.786859
123.600000  98.469000  1.798880
123.700000  98.321500  1.059953
123.800000  98.122500  2.246478
123.900000  98.582500  1.290470
124.000000  97.989000  2.582354
124.100000  98.666500  2.372343
124.200000  97.556000  1.844134
124.300000  97.582500  0.987828
124.400000  98.987500  4.065157
124.500000  99.121500  1.177333
124.600000  97.018500  0.071418
124.700000  96.463500  1.543614
124.800000  97.324000  0.523259
124.900000  97.177000  1.228952
125.000000  99.170000  1.675843
125.100000  99.129000  0.458205
125.200000  97.844500  1.304612
125.300000  98.107500  1.262186
125.400000  97.394500  1.570484
125.500000  97.578500  0.531037
125.600000  97.748000  0.380423
125.700000  99.054000  1.926159
125.800000  99.443000  0.866913
125.900000  98.648000  2.802971
126.000000  97.888500  0.375474
126.100000  98.277500  1.157534
126.200000  98.783000  3.494522
126.300000  98.930500  1.588869
126.400000  96.901000  1.145513
126.500000  96.799500  2.624073
126.600000  99.097000  0.535987
126.700000  98.061000  0.212132
126.800000  98.675000  0.074953
126.900000  98.811500  0.639932
127.000000  97.541500  1.335725
127.100000  97.782500  0.149200
127.200000  97.827000  1.192182
127.300000  96.923500  2.042831
127.400000  97.930000  1.456640
127.500000  97.965000  1.954443
127.600000  98.266000  0.862670
127.700000  98.469000  0.302642
127.800000  98.330000  1.955857
127.900000  98.596500  1.523815
128.000000  97.896000  0.956008
128.100000  100.069500  0.461741
128.200000  98.736000  1.540079
128.300000  99.076500  2.088086
128.400000  99.405500  2.519421
128.500000  99.039500  0.689429
128.600000  100.070500  1.761403
128.700000  99.240500  0.419314
128.800000  100.343000  2.761959
128.900000  99.226000  1.148341
129.000000  97.958000  0.678823
129.100000  98.375000  4.153545
129.200000  98.550000  0.195161
129.300000  97.451500  0.516895
129.400000  96.640000  0.462448
129.500000  98.394500  0.968029
129.600000  98.580000  1.337846
129.700000  98.757000  1.940301
129.800000  98.068500  0.823779
129.900000  98.794000  0.468105
130.000000  96.987500  2.550534
130.100000  99.470000  0.432749
130.200000  97.439000  2.558312
130.300000  100.440500  3.638064
130.400000  98.506500  0.576292
130.500000  99.524000  0.278600
130.600000  98.989500  0.622961
130.700000  98.936500  0.699329
130.800000  98.593500  0.460327
130.900000  99.793500  2.489723
131.000000  99.073000  0.989949
131.100000  100.957500  3.981718
131.200000  99.502500  0.904390
131.300000  100.006000  0.517602
131.400000  100.830000  0.178191
131.500000  100.117500  0.651245
131.600000  99.734000  1.600890
131.700000  99.496000  0.090510
131.800000  100.541500  0.150614
131.900000  99.050500  0.180312
132.000000  99.260000  1.861105
132.100000  99.634000  0.332340
132.200000  100.028500  1.460176
132.300000  100.226500  1.108036
132.400000  100.227500  0.806809
132.500000  100.591500  1.492702
132.600000  98.572000  2.177889
132.700000  100.657500  0.219910
132.800000  100.641000  0.427092
132.900000  98.838000  0.663266
133.000000  98.565000  1.189354
133.100000  100.559000  0.828729
133.200000  98.700500  0.847821
133.300000  99.558000  0.069296
133.400000  99.665000  0.581242
133.500000  100.764000  1.557049
133.600000  99.636000  0.807516
133.700000  98.839500  1.100965
133.800000  99.944000  1.183697
133.900000  99.410000  1.059246
134.000000  99.246500  0.163342
134.100000  98.581500  0.364160
134.200000  99.107500  1.266428
134.300000  101.663500  2.352544
134.400000  99.504000  0.412950
134.500000  99.069500  1.795344
134.600000  99.048500  1.726048
134.700000  99.307000  1.234608
134.800000  99.514500  0.511238
134.900000  100.484000  3.643014
135.000000  98.134000  0.789131
135.100000  97.996500  1.997577
135.200000  100.781000  0.451134
135.300000  97.772000  0.988535
135.400000  98.429500  1.026012
135.500000  99.405500  1.085409
135.600000  97.916500  0.692258
135.700000  98.891500  1.144806
135.800000  97.999000  1.930402
135.900000  97.400500  1.341382
136.000000  100.420000  2.685592
136.100000  99.734500  2.007476
136.200000  98.701500  1.901410
136.300000  99.225500  0.738927
136.400000  97.934500  0.695086
136.500000  97.181500  1.709077
136.600000  97.749000  0.709935
136.700000  97.472500  0.096874
136.800000  99.041000  2.186374
136.900000  98.724000  0.707107
137.000000  97.861000  2.894895
137.100000  100.575000  1.221881
137.200000  99.077500  0.033234
137.300000  97.857000  0.721249
137.400000  98.569500  0.226981
137.500000  97.922000  0.677408
137.600000  97.862500  0.403758
137.700000  99.242500  1.205617
137.800000  99.110000  2.821356
137.900000  99.995000  2.197688
138.000000  98.266000  1.272792
138.100000  98.127000  1.490581
138.200000  99.657500  3.093592
138.300000  99.858500  2.105057
138.400000  98.889500  0.088388
138.500000  99.664000  0.801859
138.600000  98.153500  0.382545
138.700000  98.077500  0.658316
138.800000  97.961000  0.718420
138.900000  97.337500  2.126270
139.000000  96.839500  2.939443
139.100000  98.857000  1.162484
139.200000  97.459500  2.916815
139.300000  97.138000  2.559727
139.400000  97.494000  2.818528
139.500000  99.830500  0.696500
139.600000  99.704000  0.885298
139.700000  98.802500  0.457498
139.800000  97.258000  0.149907
139.900000  99.167000  1.831407
140.000000  98.892000  0.236174
140.100000  98.404000  0.564271
140.200000  99.034500  1.578969
140.300000  99.809000  0.263044
140.400000  98.829500  1.912724
140.500000  99.533000  1.988384
140.600000  99.307500  0.938331
140.700000  99.593500  3.960505
140.800000  98.227000  0.141421
140.900000  97.785000  0.560029
141.000000  97.701000  0.383252
141.100000  97.525000  0.434164
141.200000  98.404500  0.061518
141.300000  99.606000  0.253144
141.400000  98.862500  0.255266
141.500000  98.286500  1.977778
141.600000  98.995000  0.497803
141.700000  99.070000  1.217638
141.800000  98.647000  2.146776
141.900000  99.960500  1.885854
142.000000  98.291000  2.206173
142.100000  99.938500  4.428610
142.200000  98.296000  0.461034
142.300000  99.992000  2.514472
142.400000  100.611000  2.050610
142.500000  100.455000  2.138291
142.600000  100.065000  0.339411
142.700000  99.029500  1.018941
142.800000  100.068500  0.164756
142.900000  99.996000  1.111572
143.000000  100.957000  1.248751
143.100000  97.413500  2.216780
143.200000  100.839500  1.345624
143.300000  100.202500  0.860549
143.400000  99.179500  0.591848
143.500000  99.093000  1.995455
143.600000  98.522000  1.042275
143.700000  99.848500  0.802566
143.800000  98.222500  0.758726
143.900000  99.531500  1.096723
144.000000  98.413000  0.698621
144.100000  101.046000  3.101370
144.200000  100.041500  0.149200
144.300000  99.589500  3.052580
144.400000  100.425500  2.460024
144.500000  100.572000  0.837214
144.600000  99.866500  0.676701
144.700000  101.758000  0.292742
144.800000  100.093500  0.932674
144.900000  100.855000  0.151321
145.000000  99.728000  1.350574
145.100000  98.657000  1.521694
145.200000  98.885500  2.943686
145.300000  99.323500  1.752918
145.400000  100.427000  1.964343
145.500000  99.016500  2.047074
145.600000  99.696000  2.432447
145.700000  99.657000  0.823072
145.800000  100.126500  0.050205
145.900000  99.879000  2.759131
146.000000  99.394000  0.998435
146.100000  99.132000  0.633568
146.200000  100.207000  0.036770
146.300000  99.787000  0.039598
146.400000  99.790000  1.319461
146.500000  98.999500  2.481238
146.600000  100.284000  3.529877
146.700000  100.449500  0.112430
146.800000  99.758500  0.101116
146.900000  100.128000  0.089095
147.000000  100.004000  1.022476
147.100000  98.157500  0.000707
147.200000  98.889500  0.130815
147.300000  98.602500  3.407548
147.400000  99.811500  1.265014
147.500000  100.020500  3.628165
147.600000  99.485500  3.257641
147.700000  98.851000  1.359059
147.800000  99.239000  0.820244
147.900000  99.880000  1.796051
148.000000  99.254000  1.178040
148.100000  100.459500  1.059953
148.200000  99.927000  0.492146
148.300000  98.395000  1.521694
148.400000  99.903500  0.201525
148.500000  99.732000  1.315219
148.600000  98.477500  1.380980
148.700000  98.221000  1.592404
148.800000  100.130500  1.050054
148.900000  99.054000  0.947523
149.000000  97.861000  0.917825
149.100000  99.635000  2.810042
149.200000  100.603000  1.964343
149.300000  98.830000  0.415779
149.400000  98.283500  0.734684
149.500000  99.626000  0.333754
149.600000  99.375000  0.403051
149.700000  98.110000  1.127128
149.800000  99.766000  0.410122
149.900000  100.155000  1.063489
150.000000  98.655000  0.196576
150.100000  100.589000  0.487904
150.200000  99.001000  1.226123
150.300000  99.221000  0.357796
150.400000  100.099500  0.146371
150.500000  99.807000  0.253144
150.600000  101.266500  0.468812
150.700000  99.791500  0.960958
150.800000  99.165000  3.474723
150.900000  98.028000  1.617860
151.000000  99.722000  0.162635
151.100000  98.929000  2.513058
151.200000  99.733500  1.850498
151.300000  99.539000  3.077329
151.400000  99.256500  2.082429
151.500000  99.250000  1.878076
151.600000  98.007500  2.465681
151.700000  97.801500  2.160211
151.800000  99.029500  2.672157
151.900000  98.477000  1.583919
152.000000  99.116000  3.674127
152.100000  100.474000  2.522957
152.200000  100.006500  3.650792
152.300000  99.400500  0.586192
152.400000  98.982500  0.265165
152.500000  98.153500  0.570635
152.600000  99.619500  2.262035
152.700000  99.334000  0.765090
152.800000  100.176500  2.930958
152.900000  99.595000  0.582656
153.000000  100.578500  2.413355
153.100000  98.900000  0.871156
153.200000  98.936000  1.023891
153.300000  99.720000  1.943129
153.400000  100.231000  1.144099
153.500000  99.143000  2.832670
153.600000  99.642500  0.375474
153.700000  100.090000  2.173646
153.800000  98.497000  2.047781
153.900000  100.321500  2.846105
154.000000  101.449500  5.127231
154.100000  99.335000  1.774838
154.200000  97.962000  1.565534
154.300000  99.153500  3.311381
154.400000  100.055500  1.501188
154.500000  99.152500  1.376737
154.600000  98.879500  3.523513
154.700000  97.390500  2.131927
154.800000  99.032000  0.434164
154.900000  99.620000  0.576999
155.000000  98.480500  1.139149
155.100000  97.853500  0.324562
155.200000  98.468000  1.777666
155.300000  98.054000  0.220617
155.400000  97.080000  0.950352
155.500000  99.499500  0.283550
155.600000  98.579000  0.098995
155.700000  100.021500  0.700743
155.800000  98.618000  0.663266
155.900000  99.326000  0.299813
156.000000  98.708000  0.479418
156.100000  98.359000  0.452548
156.200000  99.561500  0.085560
156.300000  99.723500  0.604576
156.400000  99.413000  1.079045
156.500000  100.228500  2.240821
156.600000  99.303500  0.475883
156.700000  97.809500  0.975100
156.800000  98.538500  2.617002
156.900000  98.777500  2.540635
157.000000  98.202000  2.624780
157.100000  100.140500  3.912422
157.200000  99.676000  3.271076
157.300000  98.289500  3.448560
157.400000  98.417500  1.458761
157.500000  99.301000  2.746403
157.600000  100.960000  1.100258
157.700000  98.015500  0.099702
157.800000  99.410000  2.307997
157.900000  99.477000  0.803273
158.000000  100.083500  0.975100
158.100000  98.846500  3.233599
158.200000  97.475500  1.144806
158.300000  97.071000  1.897875
158.400000  98.371500  0.231224
158.500000  98.238500  2.662257
158.600000  100.244000  1.599476
158.700000  99.416500  1.470075
158.800000  98.021000  0.862670
158.900000  98.366500  1.014698
159.000000  99.757500  1.113693
159.100000  98.394500  1.716148
159.200000  99.329500  1.249458
159.300000  98.551500  0.210011
159.400000  98.252000  3.613316
159.500000  98.170500  2.440226
159.600000  98.474000  1.960100
159.700000  98.419500  1.009041
159.800000  99.608000  2.817113
159.900000  98.008000  4.113947
160.000000  97.427500  2.635387
160.100000  98.225500  2.976212
160.200000  96.971000  0.873984
160.300000  96.995500  3.912422
160.400000  98.462000  2.323553
160.500000  98.464500  2.055559
160.600000  98.844000  2.398506
160.700000  98.368000  0.810344
160.800000  97.293500  3.684733
160.900000  97.902000  3.726453
161.000000  98.608000  1.354817
161.100000  98.679000  1.138442
161.200000  99.765000  4.372748
161.300000  98.463500  3.960505
161.400000  96.064500  1.977778
161.500000  97.221000  1.796051
161.600000  99.447000  1.432598
161.700000  98.800500  5.388861
161.800000  98.246500  2.310118
161.900000  98.229500  2.106471
162.000000  97.931000  2.602153
162.100000  97.940500  0.673873
162.200000  97.300000  1.144099
162.300000  97.609000  2.904795
162.400000  98.262500  0.727613
162.500000  99.927000  0.782060
162.600000  98.835000  2.039296
162.700000  98.832000  2.224558
162.800000  98.847000  1.876661
162.900000  100.463000  3.314917
163.000000  98.378500  2.212537
163.100000  98.700000  3.655742
163.200000  97.636000  0.340825
163.300000  97.931500  0.924189
163.400000  98.522500  0.921360
163.500000  99.185500  0.300520
163.600000  99.118500  0.170413
163.700000  99.912500  1.250872
163.800000  100.325000  0.692965
163.900000  99.203000  0.128693
164.000000  98.069500  0.563564
164.100000  99.506000  0.445477
164.200000  99.627000  1.402900
164.300000  100.327500  0.371231
164.400000  100.237500  1.559170
164.500000  99.408500  2.079601
164.600000  99.366500  1.365423
164.700000  98.818500  1.955150
164.800000  99.223500  3.942120
164.900000  97.865000  3.107027
165.000000  98.099000  2.747817
165.100000  99.372500  1.622810
165.200000  99.542500  3.226528
165.300000  99.133500  5.022579
165.400000  97.827500  0.289207
165.500000  98.973000  0.282843
165.600000  98.362500  1.639781
165.700000  97.996500  2.280419
165.800000  97.524000  2.868025
165.900000  98.114500  2.998840
166.000000  97.563000  2.842569
166.100000  98.593000  2.088793
166.200000  98.149500  2.635387
166.300000  99.567000  2.712462
166.400000  98.412500  0.086974
166.500000  97.267000  2.351837
166.600000  98.082500  1.919795
166.700000  99.333500  0.832265
166.800000  98.722500  2.368101
166.900000  99.306500  1.260771
167.000000  97.568000  1.067731
167.100000  99.344000  0.984293
167.200000  97.677500  0.951059
167.300000  97.014000  0.094752
167.400000  98.360000  0.745291
167.500000  97.782500  1.472903
167.600000  98.176500  0.505581
167.700000  98.525500  1.969292
167.800000  98.358500  2.638215
167.900000  98.468000  2.501744
168.000000  98.448500  3.687562
168.100000  100.797500  5.243197
168.200000  98.616500  2.137584
168.300000  99.023500  4.183951
168.400000  98.894000  3.746252
168.500000  100.109000  4.268097
168.600000  99.038500  3.039852
168.700000  100.216000  3.713725
168.800000  99.765500  3.260469
168.900000  98.759000  5.185921
169.000000  99.609500  3.960505
169.100000  100.067000  2.334867
169.200000  98.969500  2.629730
169.300000  96.904500  3.021467
169.400000  99.157500  0.376888
169.500000  97.121500  0.451841
169.600000  97.530000  2.044953
169.700000  98.140500  0.992071
169.800000  98.096000  2.367394
169.900000  98.745500  0.697914
170.000000  97.681000  3.109856
170.100000  98.876500  3.466945
170.200000  98.823000  3.883430
170.300000  98.305000  2.012426
170.400000  97.544500  3.534827
170.500000  99.184500  1.366837
170.600000  98.508000  1.493410
170.700000  98.943500  2.639630
170.800000  99.328000  2.694077
170.900000  97.603000  2.651650
171.000000  98.628500  2.300218
171.100000  98.896000  0.714178
171.200000  97.296000  1.151170
171.300000  99.830500  2.526493
171.400000  97.437500  1.272085
171.500000  99.668000  3.312088
171.600000  99.348000  0.899440
171.700000  97.432500  1.662408
171.800000  96.579000  0.101823
171.900000  97.729500  1.537957
172.000000  97.792000  1.579677
172.100000  96.496500  0.887419
172.200000  98.906000  0.772161
172.300000  96.376500  1.198546
172.400000  96.509500  3.085107
172.500000  97.721500  0.012021
172.600000  99.564000  0.100409
172.700000  99.855500  0.159099
172.800000  97.911000  0.237588
172.900000  98.063500  1.639781
173.000000  98.998500  1.545028
173.100000  97.537000  2.901966
173.200000  96.572000  1.472196
173.300000  98.630500  3.332594
173.400000  99.081500  1.935351
173.500000  97.839000  1.441084
173.600000  97.683500  1.321583
173.700000  98.618000  1.459468
173.800000  98.529000  0.159806
173.900000  98.119500  3.037024
174.000000  99.398500  1.891511
174.100000  98.260500  3.271783
174.200000  98.299000  4.272339
174.300000  98.274000  1.332189
174.400000  97.621500  2.460024
174.500000  98.261500  0.260922
174.600000  96.445500  0.846407
174.700000  98.374000  1.808779
174.800000  100.445000  1.975656
174.900000  98.440000  1.800294
175.000000  98.278500  0.050205
175.100000  98.036500  2.708926
175.200000  98.353500  2.803678
175.300000  97.449000  2.548413
175.400000  98.451500  5.213498
175.500000  99.760000  2.023740
175.600000  99.692000  2.975505
175.700000  98.683500  3.762515
175.800000  98.306500  0.605991
175.900000  98.902500  1.892925
176.000000  98.749000  0.089095
176.100000  98.601500  1.318754
176.200000  99.223000  2.322139
176.300000  97.111500  0.351432
176.400000  97.707500  1.274914
176.500000  99.345500  2.253549
176.600000  98.482500  1.182990
176.700000  97.372500  1.632710
176.800000  98.889000  0.370524
176.900000  98.033500  0.262337
177.000000  97.038500  0.444770
177.100000  97.889000  0.216375
177.200000  98.717000  0.742462
177.300000  98.252500  0.847821
177.400000  99.427500  0.566393
177.500000  97.883500  1.259357
177.600000  98.945500  0.303349
177.700000  100.342000  1.525936
177.800000  98.119000  0.980050
177.900000  98.293500  1.641195
178.000000  97.068500  1.413506
178.100000  100.333500  0.177484
178.200000  99.683000  0.018385
178.300000  99.132000  2.684177
178.400000  98.260500  0.422143
178.500000  98.565000  1.166726
178.600000  97.934000  0.397394
178.700000  98.916500  0.662559
178.800000  100.071500  0.280721
178.900000  98.856000  2.399920
179.000000  100.320500  0.205768
179.100000  98.975000  0.544472
179.200000  98.351000  0.084853
179.300000  96.733500  0.934088
179.400000  98.620500  2.516593
179.500000  99.347000  1.144099
179.600000  97.140500  1.692107
179.700000  99.871500  2.501037
179.800000  98.698500  1.825043
179.900000  100.195500  0.727613
180.000000  99.057500  1.795344
180.100000  99.562500  0.993485
180.200000  98.606000  0.350725
180.300000  97.580500  1.533715
180.400000  97.790000  0.390323
180.500000  97.744500  1.263600
180.600000  97.581000  2.016669
180.700000  97.784500  2.253549
180.800000  97.352500  2.445882
180.900000  98.702500  1.600183
181.000000  96.672000  3.336130
181.100000  98.552500  0.449013
181.200000  98.033500  0.951059
181.300000  98.180000  4.357192
181.400000  97.777500  0.443356
181.500000  98.005500  2.554777
181.600000  97.809500  2.547706
181.700000  98.058500  0.101116
181.800000  98.141000  0.322441
181.900000  98.894000  0.930553
182.000000  98.959000  3.118341
182.100000  99.624500  1.781202
182.200000  98.424500  2.339816
182.300000  98.990500  0.533866
182.400000  98.547000  2.060509
182.500000  98.626500  1.098137
182.600000  98.856500  2.219608
182.700000  98.375500  0.966615
182.800000  97.798000  2.802971
182.900000  98.929000  1.895046
183.000000  97.820000  1.158241
183.100000  98.979500  2.041417
183.200000  98.539000  2.866611
183.300000  98.284000  2.053438
183.400000  97.561000  0.946109
183.500000  99.354500  2.365272
183.600000  99.335500  0.451841
183.700000  99.008500  0.921360
183.800000  97.278000  2.080308
183.900000  98.133000  0.936209
184.000000  98.581000  0.753776
184.100000  98.491500  1.825043
184.200000  97.974000  2.138291
184.300000  98.574500  1.677964
184.400000  97.760500  0.515481
184.500000  97.812000  0.770746
184.600000  97.734500  1.967878
184.700000  97.687500  0.010607
184.800000  98.292500  0.340118
184.900000  97.579000  1.443912
185.000000  97.394500  0.283550
185.100000  97.753500  0.869034
185.200000  98.562500  1.290470
185.300000  98.340000  0.913582
185.400000  95.695500  0.509824
185.500000  97.995000  0.405879
185.600000  97.481000  2.211830
185.700000  97.560500  1.595940
185.800000  98.385500  1.164605
185.900000  96.831500  1.136321
186.000000  97.590500  0.088388
186.100000  97.426500  0.031820
186.200000  98.864000  3.211679
186.300000  99.489500  1.460176
186.400000  97.395500  2.438811
186.500000  98.016500  0.693672
186.600000  98.473000  1.055003
186.700000  97.552500  1.410678
186.800000  98.438500  1.419163
186.900000  97.285000  0.330926
187.000000  96.927000  0.732563
187.100000  97.368500  0.777110
187.200000  97.751500  1.682207
187.300000  98.674500  3.345322
187.400000  97.568000  1.002677
187.500000  97.366000  3.682612
187.600000  98.708500  0.564978
187.700000  98.188000  2.387192
187.800000  97.983000  1.234608
187.900000  97.366500  0.388202
188.000000  97.360000  0.951766
188.100000  96.630000  1.067731
188.200000  95.983000  2.967020
188.300000  96.860500  2.212537
188.400000  97.810000  0.878227
188.500000  97.237000  3.186223
188.600000  98.959000  1.211981
188.700000  98.052000  4.484471
188.800000  96.542500  1.799587
188.900000  97.244000  4.740444
189.000000  98.930500  2.225265
189.100000  98.265000  3.703825
189.200000  97.586500  1.245215
189.300000  100.382000  2.018083
189.400000  99.843500  3.478258
189.500000  99.676500  2.693370
189.600000  98.096000  0.271529
189.700000  98.150500  0.441942
189.800000  97.365000  2.836912
189.900000  99.579500  0.721956
190.000000  99.444500  0.133643
190.100000  98.581000  1.122886
190.200000  96.311000  0.766504
190.300000  97.961000  2.730846
190.400000  98.004000  0.213546
190.500000  98.168500  0.207182
190.600000  97.271000  0.343654
190.700000  98.684000  1.948786
190.800000  98.645000  0.616597
190.900000  97.956000  0.639225
191.000000  97.463500  0.410829
191.100000  98.948500  0.439113
191.200000  98.673000  1.214809
191.300000  97.704500  0.654074
191.400000  99.070000  0.381838
191.500000  98.310000  0.806102
191.600000  96.379000  1.070560
191.700000  98.688500  3.140261
191.800000  99.401000  3.073086
191.900000  98.118500  2.751352
192.000000  98.830500  1.916966
192.100000  97.757500  1.419163
192.200000  97.433500  0.119501
192.300000  96.429000  0.151321
192.400000  97.098500  1.194303
192.500000  96.633000  0.707107
192.600000  97.833000  0.251730
192.700000  98.194000  1.729583
192.800000  99.496000  1.018234
192.900000  97.165000  0.881055
193.000000  99.314000  0.173948
193.100000  97.755000  2.961363
193.200000  98.000500  0.593263
193.300000  98.196500  1.364009
193.400000  98.770500  1.803829
193.500000  98.812000  2.110007
193.600000  101.086000  2.530028
193.700000  99.861500  3.063894
193.800000  99.958500  1.967878
193.900000  100.288500  1.528058
194.000000  98.796000  3.563818
194.100000  96.594000  1.890804
194.200000  98.640500  2.222437
194.300000  99.043500  1.683621
194.400000  98.984500  2.263449
194.500000  99.870500  0.347189
194.600000  97.810500  1.067024
194.700000  97.867000  1.356231
194.800000  98.607500  3.225114
194.900000  98.550000  2.220315
195.000000  99.725000  0.316784
195.100000  99.931000  0.441235
195.200000  97.663000  1.602304
195.300000  98.435500  1.942422
195.400000  100.782500  2.520836
195.500000  99.996000  1.438255
195.600000  99.312000  1.681500
195.700000  98.508500  2.229508
195.800000  98.255500  2.431740
195.900000  98.939000  2.003941
196.000000  98.044000  1.568363
196.100000  98.359500  0.051619
196.200000  99.289500  0.398101
196.300000  98.311500  1.173090
196.400000  98.916500  1.546443
196.500000  98.630500  1.317340
196.600000  97.967000  0.482247
196.700000  98.626500  1.535129
196.800000  98.095000  0.752362
196.900000  99.168500  2.807921
197.000000  100.132500  2.913987
197.100000  98.811500  3.061065
197.200000  98.560500  1.743018
197.300000  96.740500  3.728574
197.400000  97.854000  1.562706
197.500000  96.496500  1.702006
197.600000  98.822000  1.896460
197.700000  98.879000  0.787717
197.800000  97.761500  1.909895
197.900000  96.339500  3.469773
198.000000  97.714500  3.474016
198.100000  98.258000  1.467954
198.200000  97.777000  0.354968
198.300000  97.566500  1.939594
198.400000  97.384000  1.863933
198.500000  100.550000  1.426941
198.600000  99.145500  1.812315
198.700000  97.531500  0.497096
198.800000  99.345500  0.580535
198.900000  97.714000  0.346482
199.000000  99.151500  2.072530
199.100000  99.732500  0.086974
199.200000  98.862500  2.481238
199.300000  99.163000  0.472347
199.400000  99.556000  2.845398
199.500000  97.402500  0.306177
199.600000  98.609000  2.084551
199.700000  96.908000  2.155261
199.800000  99.092500  1.847670
199.900000  99.541500  4.353656
200.000000  99.897500  4.246176
