# aggregated from 2 replicates
# x  mean  std
0.000000  76.000000  0.000000
0.100000  81.500000  14.849242
0.200000  72.000000  5.656854
0.300000  75.000000  5.656854
0.400000  94.500000  0.707107
0.500000  82.500000  0.707107
0.600000  87.000000  7.071068
0.700000  82.000000  0.000000
0.800000  79.500000  3.535534
0.900000  79.500000  2.121320
1.000000  77.000000  2.828427
1.100000  80.000000  5.656854
1.200000  77.000000  8.485281
1.300000  70.000000  5.656854
1.400000  74.000000  21.213203
1.500000  79.500000  3.535534
1.600000  78.500000  17.677670
1.700000  76.000000  7.071068
1.800000  81.000000  7.071068
1.900000  75.000000  11.313708
2.000000  77.000000  1.414214
2.100000  74.500000  26.162951
2.200000  81.500000  19.091883
2.300000  77.000000  15.556349
2.400000  74.500000  7.778175
2.500000  75.500000  2.121320
2.600000  71.000000  2.828427
2.700000  78.000000  19.798990
2.800000  68.000000  8.485281
2.900000  72.500000  6.363961
3.000000  79.000000  5.656854
3.100000  86.500000  3.535534
3.200000  77.500000  13.435029
3.300000  86.000000  15.556349
3.400000  71.500000  6.363961
3.500000  75.000000  4.242641
3.600000  78.000000  12.727922
3.700000  75.000000  11.313708
3.800000  73.000000  15.556349
3.900000  73.000000  9.899495
4.000000  71.500000  6.363961
4.100000  72.500000  7.778175
4.200000  66.500000  4.949747
4.300000  75.500000  2.121320
4.400000  80.500000  4.949747
4.500000  73.000000  18.384776
4.600000  76.000000  4.242641
4.700000  74.500000  0.707107
4.800000  83.000000  9.899495
4.900000  71.000000  16.970563
5.000000  81.500000  9.192388
5.100000  77.000000  5.656854
5.200000  77.000000  12.727922
5.300000  69.000000  1.414214
5.400000  79.000000  1.414214
5.500000  76.000000  12.727922
5.600000  74.500000  9.192388
5.700000  76.500000  2.121320
5.800000  69.500000  0.707107
5.900000  78.500000  10.606602
6.000000  75.500000  0.707107
6.100000  77.000000  4.242641
6.200000  90.000000  5.656854
6.300000  71.000000  2.828427
6.400000  76.500000  10.606602
6.500000  77.000000  18.384776
6.600000  76.000000  8.485281
6.700000  84.500000  13.435029
6.800000  76.000000  2.828427
6.900000  70.500000  2.121320
7.000000  78.500000  6.363961
7.100000  85.000000  8.485281
7.200000  70.500000  14.849242
7.300000  76.000000  1.414214
7.400000  81.500000  3.535534
7.500000  86.000000  0.000000
7.600000  77.000000  9.899495
7.700000  67.000000  12.727922
7.800000  67.500000  0.707107
7.900000  74.000000  16.970563
8.000000  66.000000  7.071068
8.100000  69.500000  9.192388
8.200000  64.000000  0.000000
8.300000  60.500000  4.949747
8.400000  65.000000  4.242641
8.500000  66.500000  16.263456
8.600000  70.000000  7.071068
8.700000  73.500000  10.606602
8.800000  70.500000  0.707107
8.900000  72.500000  2.121320
9.000000  66.500000  10.606602
9.100000  65.000000  2.828427
9.200000  69.000000  11.313708
9.300000  73.500000  7.778175
9.400000  78.500000  3.535534
9.500000  69.000000  0.000000
9.600000  63.500000  3.535534
9.700000  66.000000  7.071068
9.800000  70.000000  4.242641
9.900000  78.500000  12.020815
10.000000  72.000000  7.071068
10.100000  79.500000  0.707107
10.200000  71.500000  2.121320
10.300000  67.000000  5.656854
10.400000  66.000000  8.485281
10.500000  63.000000  7.071068
10.600000  77.000000  4.242641
10.700000  71.000000  5.656854
10.800000  75.000000  4.242641
10.900000  71.000000  4.242641
11.000000  66.500000  0.707107
11.100000  78.500000  6.363961
11.200000  69.500000  0.707107
11.300000  82.500000  7.778175
11.400000  73.000000  0.000000
11.500000  83.000000  8.485281
11.600000  70.000000  12.727922
11.700000  74.500000  6.363961
11.800000  68.000000  7.071068
11.900000  68.500000  7.778175
12.000000  70.500000  4.949747
12.100000  77.000000  7.071068
12.200000  77.500000  3.535534
12.300000  72.000000  5.656854
12.400000  78.500000  0.707107
12.500000  69.500000  6.363961
12.600000  75.500000  4.949747
12.700000  60.500000  2.121320
12.800000  67.000000  1.414214
12.900000  69.000000  4.242641
13.000000  81.000000  4.242641
13.100000  74.500000  3.535534
13.200000  73.500000  6.363961
13.300000  73.000000  4.242641
13.400000  72.000000  5.656854
13.500000  73.000000  7.071068
13.600000  61.000000  5.656854
13.700000  69.500000  4.949747
13.800000  74.500000  4.949747
13.900000  78.500000  0.707107
14.000000  75.000000  2.828427
14.100000  77.500000  2.121320
14.200000  80.000000  8.485281
14.300000  74.000000  12.727922
14.400000  70.500000  13.435029
14.500000  76.500000  3.535534
14.600000  83.500000  0.707107
14.700000  74.500000  2.121320
14.800000  61.000000  7.071068
14.900000  76.000000  2.828427
15.000000  70.000000  4.242641
15.100000  73.000000  0.000000
15.200000  74.500000  7.778175
15.300000  79.000000  9.899495
15.400000  73.000000  5.656854
15.500000  75.000000  0.000000
15.600000  75.000000  9.899495
15.700000  77.000000  9.899495
15.800000  73.500000  3.535534
15.900000  76.000000  14.142136
16.000000  56.000000  9.899495
16.100000  79.000000  9.899495
16.200000  68.000000  1.414214
16.300000  66.000000  14.142136
16.400000  69.500000  13.435029
16.500000  62.500000  10.606602
16.600000  61.000000  5.656854
16.700000  63.500000  14.849242
16.800000  65.500000  2.121320
16.900000  64.000000  0.000000
17.000000  65.500000  0.707107
17.100000  59.000000  7.071068
17.200000  65.000000  11.313708
17.300000  62.000000  8.485281
17.400000  68.000000  16.970563
17.500000  59.500000  0.707107
17.600000  61.500000  13.435029
17.700000  62.000000  11.313708
17.800000  58.000000  12.727922
17.900000  63.000000  19.798990
18.000000  67.000000  5.656854
18.100000  63.500000  0.707107
18.200000  64.500000  7.778175
18.300000  74.500000  12.020815
18.400000  67.000000  21.213203
18.500000  63.500000  0.707107
18.600000  77.500000  17.677670
18.700000  62.500000  9.192388
18.800000  71.000000  14.142136
18.900000  65.500000  12.020815
19.000000  64.000000  2.828427
19.100000  76.000000  1.414214
19.200000  78.500000  17.677670
19.300000  70.500000  12.020815
19.400000  75.000000  15.556349
19.500000  70.500000  21.920310
19.600000  74.500000  9.192388
19.700000  64.500000  14.849242
19.800000  82.500000  7.778175
19.900000  59.000000  14.142136
20.000000  73.000000  4.242641
20.100000  71.500000  17.677670
20.200000  67.000000  12.727922
20.300000  69.000000  11.313708
20.400000  67.000000  9.899495
20.500000  62.500000  4.949747
20.600000  68.000000  0.000000
20.700000  68.500000  4.949747
20.800000  70.000000  8.485281
20.900000  64.000000  14.142136
21.000000  66.500000  10.606602
21.100000  75.000000  7.071068
21.200000  69.500000  0.707107
21.300000  64.000000  0.000000
21.400000  70.500000  6.363961
21.500000  73.500000  14.849242
21.600000  65.500000  7.778175
21.700000  79.000000  15.556349
21.800000  74.000000  19.798990
21.900000  71.000000  16.970563
22.000000  64.500000  10.606602
22.100000  74.500000  3.535534
22.200000  74.500000  3.535534
22.300000  69.000000  18.384776
22.400000  73.000000  8.485281
22.500000  63.000000  12.727922
22.600000  68.500000  10.606602
22.700000  66.500000  3.535534
22.800000  70.000000  12.727922
22.900000  63.000000  7.071068
23.000000  72.500000  4.949747
23.100000  73.000000  7.071068
23.200000  64.500000  6.363961
23.300000  75.500000  4.949747
23.400000  71.000000  7.071068
23.500000  75.500000  16.263456
23.600000  64.000000  11.313708
23.700000  68.500000  3.535534
23.800000  67.500000  7.778175
23.900000  72.000000  7.071068
24.000000  71.000000  1.414214
24.100000  72.000000  5.656854
24.200000  80.500000  7.778175
24.300000  65.000000  11.313708
24.400000  67.000000  1.414214
24.500000  74.000000  1.414214
24.600000  72.500000  3.535534
24.700000  68.000000  8.485281
24.800000  59.500000  9.192388
24.900000  64.000000  15.556349
25.000000  72.000000  9.899495
25.100000  63.000000  2.828427
25.200000  63.500000  0.707107
25.300000  75.000000  2.828427
25.400000  66.500000  14.849242
25.500000  66.000000  8.485281
25.600000  66.500000  19.091883
25.700000  72.500000  13.435029
25.800000  75.000000  5.656854
25.900000  71.000000  22.627417
26.000000  63.000000  15.556349
26.100000  66.500000  14.849242
26.200000  71.000000  24.041631
26.300000  67.000000  5.656854
26.400000  67.500000  7.778175
26.500000  67.500000  0.707107
26.600000  71.500000  0.707107
26.700000  75.000000  11.313708
26.800000  74.000000  11.313708
26.900000  69.500000  4.949747
27.000000  59.500000  14.849242
27.100000  70.000000  4.242641
27.200000  74.500000  16.263456
27.300000  67.000000  2.828427
27.400000  71.000000  9.899495
27.500000  60.000000  25.455844
27.600000  67.000000  7.071068
27.700000  82.000000  11.313708
27.800000  75.000000  11.313708
27.900000  67.500000  14.849242
28.000000  69.000000  5.656854
28.100000  69.000000  22.627417
28.200000  67.000000  31.112698
28.300000  64.000000  25.455844
28.400000  58.000000  18.384776
28.500000  65.500000  3.535534
28.600000  58.000000  25.455844
28.700000  70.000000  19.798990
28.800000  77.000000  12.727922
28.900000  65.000000  28.284271
29.000000  71.500000  26.162951
29.100000  72.500000  23.334524
29.200000  73.000000  14.142136
29.300000  67.500000  34.648232
29.400000  69.000000  7.071068
29.500000  64.500000  16.263456
29.600000  70.500000  12.020815
29.700000  65.000000  25.455844
29.800000  61.000000  22.627417
29.900000  63.000000  41.012193
30.000000  70.000000  22.627417
30.100000  68.500000  21.920310
30.200000  72.500000  19.091883
30.300000  71.500000  30.405592
30.400000  65.000000  22.627417
30.500000  73.000000  22.627417
30.600000  67.000000  25.455844
30.700000  62.000000  25.455844
30.800000  65.500000  30.405592
30.900000  68.000000  24.041631
31.000000  68.500000  28.991378
31.100000  65.500000  17.677670
31.200000  68.000000  19.798990
31.300000  68.500000  17.677670
31.400000  70.000000  11.313708
31.500000  62.500000  16.263456
31.600000  65.000000  15.556349
31.700000  70.500000  21.920310
31.800000  66.500000  9.192388
31.900000  75.000000  16.970563
32.000000  79.000000  16.970563
32.100000  74.500000  24.748737
32.200000  68.500000  20.506097
32.300000  62.000000  26.870058
32.400000  69.000000  28.284271
32.500000  65.000000  15.556349
32.600000  66.000000  16.970563
32.700000  71.500000  16.263456
32.800000  62.500000  16.263456
32.900000  66.000000  18.384776
33.000000  63.000000  25.455844
33.100000  63.000000  24.041631
33.200000  68.000000  18.384776
33.300000  69.500000  20.506097
33.400000  63.000000  25.455844
33.500000  64.000000  15.556349
33.600000  69.500000  16.263456
33.700000  73.000000  21.213203
33.800000  64.000000  24.041631
33.900000  65.000000  15.556349
34.000000  63.500000  17.677670
34.100000  69.000000  26.870058
34.200000  75.000000  14.142136
34.300000  75.500000  13.435029
34.400000  69.000000  19.798990
34.500000  73.500000  21.920310
34.600000  63.500000  30.405592
34.700000  70.500000  4.949747
34.800000  80.500000  10.606602
34.900000  68.000000  15.556349
35.000000  76.500000  26.162951
35.100000  70.500000  9.192388
35.200000  74.500000  21.920310
35.300000  69.500000  13.435029
35.400000  72.500000  23.334524
35.500000  78.000000  15.556349
35.600000  67.000000  0.000000
35.700000  72.000000  14.142136
35.800000  64.000000  21.213203
35.900000  71.500000  10.606602
36.000000  73.500000  20.506097
36.100000  73.500000  21.920310
36.200000  74.000000  18.384776
36.300000  73.000000  5.656854
36.400000  71.000000  14.142136
36.500000  70.000000  8.485281
36.600000  67.500000  14.849242
36.700000  74.500000  21.920310
36.800000  67.000000  8.485281
36.900000  70.500000  26.162951
37.000000  79.000000  16.970563
37.100000  73.500000  10.606602
37.200000  73.000000  31.112698
37.300000  73.500000  16.263456
37.400000  70.000000  11.313708
37.500000  71.500000  23.334524
37.600000  70.500000  17.677670
37.700000  77.500000  16.263456
37.800000  71.500000  9.192388
37.900000  72.000000  21.213203
38.000000  83.000000  9.899495
38.100000  75.500000  10.606602
38.200000  77.500000  13.435029
38.300000  73.500000  10.606602
38.400000  78.000000  9.899495
38.500000  79.500000  7.778175
38.600000  63.500000  14.849242
38.700000  71.000000  16.970563
38.800000  75.000000  12.727922
38.900000  68.000000  8.485281
39.000000  68.000000  11.313708
39.100000  73.500000  3.535534
39.200000  79.500000  14.849242
39.300000  61.500000  14.849242
39.400000  71.500000  10.606602
39.500000  69.000000  4.242641
39.600000  71.000000  2.828427
39.700000  67.000000  11.313708
39.800000  70.500000  13.435029
39.900000  65.500000  6.363961
40.000000  70.500000  0.707107
40.100000  65.500000  3.535534
40.200000  65.000000  11.313708
40.300000  74.000000  0.000000
40.400000  61.500000  2.121320
40.500000  65.500000  6.363961
40.600000  59.500000  2.121320
40.700000  56.500000  7.778175
40.800000  70.500000  6.363961
40.900000  72.000000  9.899495
41.000000  64.500000  0.707107
41.100000  64.000000  16.970563
41.200000  78.000000  7.071068
41.300000  71.500000  7.778175
41.400000  73.500000  9.192388
41.500000  65.500000  6.363961
41.600000  70.500000  9.192388
41.700000  64.500000  19.091883
41.800000  73.000000  5.656854
41.900000  70.000000  21.213203
42.000000  67.000000  14.142136
42.100000  69.500000  13.435029
42.200000  66.000000  8.485281
42.300000  74.500000  9.192388
42.400000  69.500000  6.363961
42.500000  69.500000  19.091883
42.600000  69.500000  13.435029
42.700000  71.500000  17.677670
42.800000  67.000000  12.727922
42.900000  71.000000  5.656854
43.000000  71.000000  5.656854
43.100000  74.000000  14.142136
43.200000  61.500000  9.192388
43.300000  67.000000  1.414214
43.400000  57.500000  10.606602
43.500000  63.500000  13.435029
43.600000  71.000000  2.828427
43.700000  59.500000  0.707107
43.800000  58.000000  15.556349
43.900000  70.000000  7.071068
44.000000  60.500000  6.363961
44.100000  69.500000  2.121320
44.200000  58.000000  5.656854
44.300000  59.500000  3.535534
44.400000  58.500000  7.778175
44.500000  74.500000  10.606602
44.600000  61.500000  9.192388
44.700000  64.000000  5.656854
44.800000  67.000000  1.414214
44.900000  68.500000  10.606602
45.000000  66.500000  6.363961
45.100000  68.500000  14.849242
45.200000  59.000000  2.828427
45.300000  69.000000  11.313708
45.400000  66.500000  12.020815
45.500000  63.500000  2.121320
45.600000  68.000000  0.000000
45.700000  70.000000  8.485281
45.800000  66.500000  4.949747
45.900000  62.000000  15.556349
46.000000  62.500000  0.707107
46.100000  61.000000  9.899495
46.200000  57.500000  7.778175
46.300000  68.500000  0.707107
46.400000  65.500000  10.606602
46.500000  73.000000  11.313708
46.600000  71.500000  16.263456
46.700000  74.500000  0.707107
46.800000  66.500000  2.121320
46.900000  66.500000  0.707107
47.000000  67.000000  18.384776
47.100000  67.500000  9.192388
47.200000  64.500000  0.707107
47.300000  66.000000  5.656854
47.400000  75.000000  16.970563
47.500000  77.000000  14.142136
47.600000  75.000000  7.071068
47.700000  65.500000  3.535534
47.800000  71.000000  8.485281
47.900000  72.500000  14.849242
48.000000  74.500000  4.949747
48.100000  65.000000  9.899495
48.200000  69.500000  6.363961
48.300000  73.000000  7.071068
48.400000  64.000000  25.455844
48.500000  64.500000  4.949747
48.600000  65.500000  4.949747
48.700000  60.000000  2.828427
48.800000  63.000000  7.071068
48.900000  69.500000  2.121320
49.000000  70.500000  21.920310
49.100000  67.000000  8.485281
49.200000  70.500000  3.535534
49.300000  73.000000  9.899495
49.400000  78.500000  4.949747
49.500000  75.000000  2.828427
49.600000  82.500000  4.949747
49.700000  74.500000  6.363961
49.800000  69.000000  8.485281
49.900000  70.500000  6.363961
50.000000  73.000000  16.970563
50.100000  78.000000  18.384776
50.200000  73.000000  26.870058
50.300000  68.500000  6.363961
50.400000  72.500000  4.949747
50.500000  66.500000  16.263456
50.600000  62.000000  7.071068
50.700000  71.500000  19.091883
50.800000  70.000000  11.313708
50.900000  70.000000  11.313708
51.000000  63.000000  7.071068
51.100000  72.000000  9.899495
51.200000  63.500000  13.435029
51.300000  72.000000  14.142136
51.400000  71.000000  8.485281
51.500000  71.000000  1.414214
51.600000  66.500000  2.121320
51.700000  67.500000  12.020815
51.800000  70.500000  7.778175
51.900000  74.500000  13.435029
52.000000  68.000000  12.727922
52.100000  63.000000  5.656854
52.200000  72.500000  13.435029
52.300000  74.000000  7.071068
52.400000  79.500000  9.192388
52.500000  73.000000  15.556349
52.600000  79.000000  11.313708
52.700000  78.000000  11.313708
52.800000  75.500000  16.263456
52.900000  69.500000  19.091883
53.000000  68.000000  12.727922
53.100000  64.000000  0.000000
53.200000  70.500000  13.435029
53.300000  65.500000  4.949747
53.400000  71.000000  21.213203
53.500000  66.000000  2.828427
53.600000  66.500000  21.920310
53.700000  63.500000  9.192388
53.800000  77.500000  9.192388
53.900000  60.500000  9.192388
54.000000  67.500000  7.778175
54.100000  67.000000  11.313708
54.200000  70.500000  14.849242
54.300000  75.500000  7.778175
54.400000  72.500000  13.435029
54.500000  78.000000  24.041631
54.600000  65.500000  0.707107
54.700000  82.000000  22.627417
54.800000  71.000000  7.071068
54.900000  72.500000  10.606602
55.000000  72.000000  1.414214
55.100000  63.000000  11.313708
55.200000  73.500000  20.506097
55.300000  73.000000  19.798990
55.400000  77.000000  1.414214
55.500000  62.000000  7.071068
55.600000  80.500000  24.748737
55.700000  77.000000  2.828427
55.800000  62.500000  4.949747
55.900000  74.000000  5.656854
56.000000  80.000000  4.242641
56.100000  81.000000  15.556349
56.200000  80.500000  2.121320
56.300000  70.500000  4.949747
56.400000  71.500000  4.949747
56.500000  73.500000  4.949747
56.600000  76.000000  4.242641
56.700000  63.000000  5.656854
56.800000  64.500000  3.535534
56.900000  58.500000  12.020815
57.000000  67.000000  5.656854
57.100000  75.500000  13.435029
57.200000  68.500000  6.363961
57.300000  82.500000  9.192388
57.400000  73.000000  15.556349
57.500000  76.000000  24.041631
57.600000  68.000000  14.142136
57.700000  78.000000  18.384776
57.800000  73.000000  1.414214
57.900000  69.000000  16.970563
58.000000  68.000000  14.142136
58.100000  68.000000  11.313708
58.200000  69.500000  19.091883
58.300000  72.000000  9.899495
58.400000  68.500000  19.091883
58.500000  67.000000  2.828427
58.600000  70.500000  16.263456
58.700000  75.000000  5.656854
58.800000  74.500000  20.506097
58.900000  69.500000  0.707107
59.000000  62.500000  3.535534
59.100000  71.000000  7.071068
59.200000  75.500000  16.263456
59.300000  70.500000  10.606602
59.400000  72.500000  6.363961
59.500000  69.500000  3.535534
59.600000  70.500000  17.677670
59.700000  69.000000  16.970563
59.800000  60.500000  9.192388
59.900000  61.500000  0.707107
60.000000  66.000000  4.242641
60.100000  59.500000  2.121320
60.200000  73.500000  0.707107
60.300000  63.000000  19.798990
60.400000  76.500000  7.778175
60.500000  63.500000  10.606602
60.600000  64.000000  12.727922
60.700000  70.500000  7.778175
60.800000  69.000000  22.627417
60.900000  67.500000  4.949747
61.000000  61.000000  0.000000
61.100000  66.500000  14.849242
61.200000  62.000000  7.071068
61.300000  69.500000  2.121320
61.400000  62.000000  19.798990
61.500000  74.000000  18.384776
61.600000  66.500000  7.778175
61.700000  63.500000  9.192388
61.800000  66.000000  0.000000
61.900000  74.000000  4.242641
62.000000  64.500000  12.020815
62.100000  68.500000  4.949747
62.200000  71.000000  14.142136
62.300000  71.000000  9.899495
62.400000  71.500000  10.606602
62.500000  66.000000  16.970563
62.600000  64.000000  2.828427
62.700000  71.000000  21.213203
62.800000  64.500000  2.121320
62.900000  80.500000  13.435029
63.000000  70.000000  2.828427
63.100000  77.500000  7.778175
63.200000  68.000000  2.828427
63.300000  69.000000  14.142136
63.400000  74.500000  12.020815
63.500000  63.500000  6.363961
63.600000  63.500000  7.778175
63.700000  71.500000  16.263456
63.800000  69.000000  1.414214
63.900000  71.500000  13.435029
64.000000  71.500000  13.435029
64.100000  65.500000  14.849242
64.200000  67.000000  9.899495
64.300000  69.500000  20.506097
64.400000  68.000000  15.556349
64.500000  70.500000  14.849242
64.600000  71.500000  21.920310
64.700000  65.000000  12.727922
64.800000  71.500000  10.606602
64.900000  64.000000  14.142136
65.000000  60.000000  14.142136
65.100000  69.500000  16.263456
65.200000  80.000000  1.414214
65.300000  75.500000  9.192388
65.400000  55.000000  8.485281
65.500000  67.000000  15.556349
65.600000  61.500000  13.435029
65.700000  75.500000  17.677670
65.800000  65.500000  0.707107
65.900000  66.500000  3.535534
66.000000  73.000000  7.071068
66.100000  69.000000  15.556349
66.200000  66.000000  7.071068
66.300000  70.000000  11.313708
66.400000  65.000000  12.727922
66.500000  76.000000  12.727922
66.600000  61.500000  6.363961
66.700000  61.000000  2.828427
66.800000  63.000000  4.242641
66.900000  67.000000  9.899495
67.000000  76.000000  18.384776
67.100000  64.500000  6.363961
67.200000  66.500000  20.506097
67.300000  70.500000  19.091883
67.400000  71.500000  10.606602
67.500000  75.500000  16.263456
67.600000  72.500000  14.849242
67.700000  64.500000  12.020815
67.800000  62.000000  11.313708
67.900000  70.000000  4.242641
68.000000  73.500000  4.949747
68.100000  77.000000  14.142136
68.200000  62.500000  9.192388
68.300000  71.500000  3.535534
68.400000  67.500000  20.506097
68.500000  68.000000  15.556349
68.600000  72.000000  8.485281
68.700000  65.000000  1.414214
68.800000  69.500000  12.020815
68.900000  79.500000  19.091883
69.000000  75.000000  5.656854
69.100000  72.500000  4.949747
69.200000  68.500000  3.535534
69.300000  61.000000  8.485281
69.400000  61.000000  8.485281
69.500000  76.000000  15.556349
69.600000  76.000000  1.414214
69.700000  64.000000  2.828427
69.800000  75.000000  8.485281
69.900000  75.000000  7.071068
70.000000  63.500000  0.707107
70.100000  69.000000  15.556349
70.200000  71.500000  14.849242
70.300000  68.000000  2.828427
70.400000  76.000000  4.242641
70.500000  70.000000  4.242641
70.600000  71.500000  16.263456
70.700000  66.500000  19.091883
70.800000  73.000000  9.899495
70.900000  66.500000  0.707107
71.000000  70.500000  12.020815
71.100000  72.000000  4.242641
71.200000  70.000000  5.656854
71.300000  63.500000  9.192388
71.400000  73.500000  10.606602
71.500000  74.500000  3.535534
71.600000  62.500000  10.606602
71.700000  63.500000  3.535534
71.800000  83.000000  22.627417
71.900000  78.000000  11.313708
72.000000  81.000000  1.414214
72.100000  68.500000  2.121320
72.200000  61.500000  3.535534
72.300000  79.500000  0.707107
72.400000  70.000000  7.071068
72.500000  74.500000  13.435029
72.600000  74.500000  16.263456
72.700000  61.000000  1.414214
72.800000  70.500000  7.778175
72.900000  69.000000  12.727922
73.000000  78.000000  24.041631
73.100000  74.500000  2.121320
73.200000  66.500000  10.606602
73.300000  69.000000  11.313708
73.400000  69.500000  2.121320
73.500000  77.000000  4.242641
73.600000  65.000000  4.242641
73.700000  65.500000  3.535534
73.800000  58.000000  18.384776
73.900000  72.000000  0.000000
74.000000  71.500000  3.535534
74.100000  70.500000  4.949747
74.200000  70.000000  19.798990
74.300000  67.000000  7.071068
74.400000  69.500000  2.121320
74.500000  64.500000  6.363961
74.600000  69.000000  7.071068
74.700000  67.500000  10.606602
74.800000  64.000000  18.384776
74.900000  59.000000  19.798990
75.000000  67.500000  10.606602
75.100000  65.500000  9.192388
75.200000  72.000000  1.414214
75.300000  73.500000  4.949747
75.400000  74.500000  4.949747
75.500000  52.500000  7.778175
75.600000  68.000000  2.828427
75.700000  63.500000  7.778175
75.800000  68.000000  7.071068
75.900000  64.000000  8.485281
76.000000  56.500000  7.778175
76.100000  62.500000  4.949747
76.200000  56.500000  0.707107
76.300000  66.000000  21.213203
76.400000  58.000000  1.414214
76.500000  63.000000  4.242641
76.600000  73.500000  2.121320
76.700000  65.500000  4.949747
76.800000  64.000000  1.414214
76.900000  64.000000  5.656854
77.000000  62.000000  2.828427
77.100000  64.000000  8.485281
77.200000  61.000000  4.242641
77.300000  55.000000  9.899495
77.400000  73.500000  16.263456
77.500000  76.000000  2.828427
77.600000  61.000000  11.313708
77.700000  61.500000  2.121320
77.800000  63.500000  10.606602
77.900000  73.000000  9.899495
78.000000  64.000000  1.414214
78.100000  61.000000  1.414214
78.200000  69.000000  4.242641
78.300000  69.500000  0.707107
78.400000  68.000000  7.071068
78.500000  62.500000  4.949747
78.600000  62.000000  7.071068
78.700000  68.500000  2.121320
78.800000  73.000000  7.071068
78.900000  61.500000  3.535534
79.000000  65.000000  7.071068
79.100000  65.000000  5.656854
79.200000  65.000000  1.414214
79.300000  67.500000  0.707107
79.400000  58.500000  0.707107
79.500000  69.500000  2.121320
79.600000  65.500000  3.535534
79.700000  65.000000  2.828427
79.800000  68.500000  14.849242
79.900000  68.500000  3.535534
80.000000  72.500000  9.192388
80.100000  66.000000  7.071068
80.200000  67.500000  2.121320
80.300000  71.500000  4.949747
80.400000  70.500000  3.535534
80.500000  66.000000  8.485281
80.600000  72.500000  4.949747
80.700000  60.500000  20.506097
80.800000  68.500000  3.535534
80.900000  72.500000  3.535534
81.000000  57.000000  4.242641
81.100000  70.500000  10.606602
81.200000  69.000000  9.899495
81.300000  67.500000  13.435029
81.400000  64.500000  2.121320
81.500000  72.500000  16.263456
81.600000  68.500000  2.121320
81.700000  70.000000  11.313708
81.800000  58.500000  4.949747
81.900000  72.500000  0.707107
82.000000  68.500000  2.121320
82.100000  61.000000  7.071068
82.200000  69.000000  7.071068
82.300000  79.500000  7.778175
82.400000  62.000000  4.242641
82.500000  57.500000  7.778175
82.600000  70.500000  14.849242
82.700000  60.500000  3.535534
82.800000  61.500000  3.535534
82.900000  71.500000  6.363961
83.000000  66.000000  2.828427
83.100000  66.000000  5.656854
83.200000  67.500000  6.363961
83.300000  73.500000  0.707107
83.400000  80.000000  2.828427
83.500000  78.000000  14.142136
83.600000  71.500000  13.435029
83.700000  71.000000  5.656854
83.800000  66.000000  0.000000
83.900000  61.000000  2.828427
84.000000  68.500000  12.020815
84.100000  68.500000  10.606602
84.200000  65.500000  4.949747
84.300000  66.000000  1.414214
84.400000  66.500000  6.363961
84.500000  68.500000  4.949747
84.600000  60.500000  3.535534
84.700000  68.000000  9.899495
84.800000  67.000000  5.656854
84.900000  70.000000  4.242641
85.000000  58.500000  7.778175
85.100000  62.500000  4.949747
85.200000  65.500000  6.363961
85.300000  55.500000  12.020815
85.400000  64.000000  7.071068
85.500000  56.500000  2.121320
85.600000  63.000000  0.000000
85.700000  64.000000  7.071068
85.800000  58.000000  1.414214
85.900000  63.500000  9.192388
86.000000  64.000000  5.656854
86.100000  53.500000  9.192388
86.200000  59.000000  0.000000
86.300000  64.000000  1.414214
86.400000  59.500000  3.535534
86.500000  53.500000  7.778175
86.600000  71.500000  0.707107
86.700000  67.500000  2.121320
86.800000  63.000000  4.242641
86.900000  60.500000  4.949747
87.000000  64.500000  6.363961
87.100000  65.500000  6.363961
87.200000  66.000000  11.313708
87.300000  63.500000  4.949747
87.400000  57.000000  4.242641
87.500000  56.000000  0.000000
87.600000  56.500000  3.535534
87.700000  70.500000  6.363961
87.800000  74.500000  0.707107
87.900000  74.000000  7.071068
88.000000  69.000000  7.071068
88.100000  68.500000  9.192388
88.200000  60.500000  4.949747
88.300000  61.500000  0.707107
88.400000  59.000000  0.000000
88.500000  62.500000  0.707107
88.600000  65.000000  4.242641
88.700000  62.000000  1.414214
88.800000  69.000000  0.000000
88.900000  62.500000  3.535534
89.000000  61.000000  1.414214
89.100000  66.000000  7.071068
89.200000  65.500000  3.535534
89.300000  75.000000  9.899495
89.400000  76.000000  2.828427
89.500000  72.500000  14.849242
89.600000  61.000000  1.414214
89.700000  71.500000  2.121320
89.800000  69.500000  6.363961
89.900000  69.500000  3.535534
90.000000  63.000000  5.656854
90.100000  73.500000  0.707107
90.200000  63.000000  1.414214
90.300000  64.500000  4.949747
90.400000  64.500000  2.121320
90.500000  65.000000  15.556349
90.600000  62.500000  7.778175
90.700000  64.500000  0.707107
90.800000  69.000000  18.384776
90.900000  71.500000  7.778175
91.000000  62.000000  9.899495
91.100000  72.000000  4.242641
91.200000  72.000000  7.071068
91.300000  68.000000  7.071068
91.400000  63.000000  1.414214
91.500000  65.500000  0.707107
91.600000  57.500000  6.363961
91.700000  73.000000  5.656854
91.800000  74.500000  4.949747
91.900000  69.000000  7.071068
92.000000  65.500000  9.192388
92.100000  69.500000  4.949747
92.200000  73.000000  4.242641
92.300000  83.500000  3.535534
92.400000  69.500000  4.949747
92.500000  74.500000  3.535534
92.600000  67.000000  9.899495
92.700000  58.500000  6.363961
92.800000  65.000000  1.414214
92.900000  65.000000  12.727922
93.000000  61.000000  15.556349
93.100000  66.500000  10.606602
93.200000  73.500000  2.121320
93.300000  70.000000  11.313708
93.400000  62.000000  14.142136
93.500000  75.500000  0.707107
93.600000  73.500000  3.535534
93.700000  62.500000  3.535534
93.800000  64.000000  0.000000
93.900000  65.000000  5.656854
94.000000  65.000000  2.828427
94.100000  72.500000  7.778175
94.200000  67.500000  13.435029
94.300000  64.000000  1.414214
94.400000  67.500000  14.849242
94.500000  67.500000  0.707107
94.600000  58.500000  3.535534
94.700000  67.000000  7.071068
94.800000  69.500000  9.192388
94.900000  74.000000  7.071068
95.000000  68.000000  5.656854
95.100000  70.000000  4.242641
95.200000  62.000000  7.071068
95.300000  62.500000  12.020815
95.400000  67.500000  2.121320
95.500000  68.000000  5.656854
95.600000  56.500000  13.435029
95.700000  65.500000  9.192388
95.800000  58.500000  10.606602
95.900000  57.500000  2.121320
96.000000  73.000000  9.899495
96.100000  57.500000  7.778175
96.200000  59.500000  2.121320
96.300000  68.500000  7.778175
96.400000  67.000000  1.414214
96.500000  70.000000  2.828427
96.600000  68.500000  3.535534
96.700000  71.000000  14.142136
96.800000  64.500000  3.535534
96.900000  70.500000  3.535534
97.000000  69.000000  2.828427
97.100000  69.000000  4.242641
97.200000  62.500000  10.606602
97.300000  73.500000  2.121320
97.400000  72.000000  2.828427
97.500000  61.500000  9.192388
97.600000  74.000000  5.656854
97.700000  69.000000  8.485281
97.800000  54.000000  4.242641
97.900000  66.500000  6.363961
98.000000  77.500000  10.606602
98.100000  67.000000  9.899495
98.200000  59.000000  19.798990
98.300000  60.500000  0.707107
98.400000  61.000000  11.313708
98.500000  64.000000  1.414214
98.600000  61.000000  1.414214
98.700000  64.500000  13.435029
98.800000  61.500000  7.778175
98.900000  63.500000  2.121320
99.000000  65.000000  5.656854
99.100000  54.000000  5.656854
99.200000  55.500000  3.535534
99.300000  66.500000  10.606602
99.400000  56.500000  3.535534
99.500000  73.000000  8.485281
99.600000  76.500000  6.363961
99.700000  53.500000  0.707107
99.800000  68.500000  2.121320
99.900000  69.000000  1.414214
100.000000  65.000000  5.656854
100.100000  56.500000  0.707107
100.200000  67.000000  5.656854
100.300000  57.000000  2.828427
100.400000  68.500000  7.778175
100.500000  59.000000  4.242641
100.600000  60.500000  0.707107
100.700000  61.000000  5.656854
100.800000  64.000000  8.485281
100.900000  70.000000  0.000000
101.000000  68.000000  4.242641
101.100000  65.000000  0.000000
101.200000  68.500000  3.535534
101.300000  64.000000  8.485281
101.400000  63.000000  18.384776
101.500000  73.000000  8.485281
101.600000  63.000000  4.242641
101.700000  65.000000  5.656854
101.800000  72.500000  14.849242
101.900000  53.000000  2.828427
102.000000  64.000000  4.242641
102.100000  61.500000  3.535534
102.200000  64.000000  5.656854
102.300000  73.000000  2.828427
102.400000  69.500000  7.778175
102.500000  62.000000  9.899495
102.600000  56.000000  4.242641
102.700000  60.000000  1.414214
102.800000  69.000000  7.071068
102.900000  71.500000  9.192388
103.000000  69.000000  4.242641
103.100000  75.000000  2.828427
103.200000  59.500000  4.949747
103.300000  60.000000  4.242641
103.400000  63.500000  2.121320
103.500000  69.500000  9.192388
103.600000  65.000000  4.242641
103.700000  74.500000  3.535534
103.800000  67.500000  7.778175
103.900000  66.500000  4.949747
104.000000  65.000000  2.828427
104.100000  67.000000  14.142136
104.200000  69.000000  1.414214
104.300000  69.000000  4.242641
104.400000  70.500000  7.778175
104.500000  72.500000  12.020815
104.600000  72.500000  0.707107
104.700000  67.000000  5.656854
104.800000  73.000000  2.828427
104.900000  59.500000  3.535534
105.000000  69.000000  2.828427
105.100000  73.000000  7.071068
105.200000  66.500000  3.535534
105.300000  60.000000  11.313708
105.400000  68.500000  6.363961
105.500000  63.500000  9.192388
105.600000  74.000000  5.656854
105.700000  65.500000  0.707107
105.800000  69.500000  0.707107
105.900000  74.000000  0.000000
106.000000  60.500000  10.606602
106.100000  62.500000  6.363961
106.200000  62.000000  7.071068
106.300000  70.500000  12.020815
106.400000  61.000000  7.071068
106.500000  62.000000  7.071068
106.600000  59.000000  1.414214
106.700000  68.000000  11.313708
106.800000  61.500000  2.121320
106.900000  52.000000  2.828427
107.000000  72.000000  1.414214
107.100000  58.000000  4.242641
107.200000  70.000000  7.071068
107.300000  63.000000  1.414214
107.400000  59.000000  18.384776
107.500000  70.500000  12.020815
107.600000  65.500000  0.707107
107.700000  64.500000  9.192388
107.800000  63.500000  3.535534
107.900000  61.000000  1.414214
108.000000  54.500000  2.121320
108.100000  77.000000  11.313708
108.200000  62.000000  2.828427
108.300000  50.000000  14.142136
108.400000  63.000000  11.313708
108.500000  66.500000  10.606602
108.600000  56.500000  12.020815
108.700000  60.000000  9.899495
108.800000  64.000000  11.313708
108.900000  61.000000  9.899495
109.000000  67.500000  0.707107
109.100000  66.000000  7.071068
109.200000  61.000000  2.828427
109.300000  62.000000  4.242641
109.400000  54.500000  0.707107
109.500000  63.500000  4.949747
109.600000  54.000000  11.313708
109.700000  58.500000  0.707107
109.800000  62.000000  1.414214
109.900000  61.000000  1.414214
110.000000  62.000000  7.071068
110.100000  56.000000  19.798990
110.200000  56.000000  18.384776
110.300000  53.000000  0.000000
110.400000  57.000000  1.414214
110.500000  53.500000  12.020815
110.600000  56.000000  2.828427
110.700000  68.000000  4.242641
110.800000  65.500000  10.606602
110.900000  63.000000  1.414214
111.000000  56.000000  9.899495
111.100000  56.500000  6.363961
111.200000  55.500000  3.535534
111.300000  55.000000  4.242641
111.400000  53.000000  5.656854
111.500000  53.500000  7.778175
111.600000  69.500000  4.949747
111.700000  63.500000  7.778175
111.800000  57.500000  6.363961
111.900000  59.000000  12.727922
112.000000  59.000000  7.071068
112.100000  57.500000  9.192388
112.200000  61.000000  4.242641
112.300000  68.000000  0.000000
112.400000  51.500000  7.778175
112.500000  69.500000  7.778175
112.600000  68.500000  3.535534
112.700000  65.500000  2.121320
112.800000  61.000000  7.071068
112.900000  66.500000  12.020815
113.000000  52.500000  0.707107
113.100000  61.000000  8.485281
113.200000  62.500000  12.020815
113.300000  51.500000  21.920310
113.400000  61.000000  8.485281
113.500000  53.500000  10.606602
113.600000  51.500000  13.435029
113.700000  53.500000  4.949747
113.800000  53.000000  12.727922
113.900000  48.500000  19.091883
114.000000  59.000000  5.656854
114.100000  60.000000  5.656854
114.200000  58.000000  1.414214
114.300000  65.000000  9.899495
114.400000  68.500000  14.849242
114.500000  70.000000  2.828427
114.600000  64.500000  0.707107
114.700000  63.500000  4.949747
114.800000  60.000000  0.000000
114.900000  67.500000  3.535534
115.000000  60.000000  4.242641
115.100000  62.500000  3.535534
115.200000  60.000000  7.071068
115.300000  65.500000  6.363961
115.400000  53.500000  10.606602
115.500000  50.500000  6.363961
115.600000  54.000000  1.414214
115.700000  61.500000  0.707107
115.800000  54.500000  0.707107
115.900000  59.000000  8.485281
116.000000  59.500000  6.363961
116.100000  60.500000  10.606602
116.200000  57.000000  8.485281
116.300000  65.500000  2.121320
116.400000  54.500000  6.363961
116.500000  66.000000  2.828427
116.600000  58.500000  2.121320
116.700000  55.000000  4.242641
116.800000  66.000000  1.414214
116.900000  69.500000  9.192388
117.000000  66.500000  4.949747
117.100000  57.500000  0.707107
117.200000  71.500000  4.949747
117.300000  66.000000  5.656854
117.400000  68.000000  11.313708
117.500000  60.000000  2.828427
117.600000  59.000000  8.485281
117.700000  63.000000  12.727922
117.800000  64.000000  1.414214
117.900000  69.500000  3.535534
118.000000  64.000000  0.000000
118.100000  59.000000  5.656854
118.200000  62.500000  9.192388
118.300000  62.500000  10.606602
118.400000  59.500000  3.535534
118.500000  51.000000  4.242641
118.600000  68.500000  17.677670
118.700000  64.500000  3.535534
118.800000  71.000000  8.485281
118.900000  55.500000  6.363961
119.000000  65.000000  7.071068
119.100000  69.500000  4.949747
119.200000  64.500000  4.949747
119.300000  63.000000  2.828427
119.400000  63.500000  3.535534
119.500000  60.500000  6.363961
119.600000  54.000000  9.899495
119.700000  52.500000  9.192388
119.800000  66.000000  14.142136
119.900000  53.500000  7.778175
120.000000  60.000000  5.656854
120.100000  62.000000  11.313708
120.200000  59.000000  5.656854
120.300000  48.000000  2.828427
120.400000  54.500000  12.020815
120.500000  54.500000  3.535534
120.600000  60.000000  8.485281
120.700000  67.000000  0.000000
120.800000  64.000000  4.242641
120.900000  52.500000  3.535534
121.000000  54.000000  8.485281
121.100000  58.000000  9.899495
121.200000  58.000000  1.414214
121.300000  59.000000  15.556349
121.400000  58.500000  12.020815
121.500000  69.500000  2.121320
121.600000  55.000000  2.828427
121.700000  56.500000  3.535534
121.800000  58.500000  2.121320
121.900000  60.500000  12.020815
122.000000  61.000000  0.000000
122.100000  68.000000  2.828427
122.200000  67.500000  0.707107
122.300000  60.000000  1.414214
122.400000  62.500000  2.121320
122.500000  60.500000  0.707107
122.600000  61.000000  5.656854
122.700000  54.500000  2.121320
122.800000  61.500000  6.363961
122.900000  60.000000  0.000000
123.000000  60.500000  13.435029
123.100000  60.000000  21.213203
123.200000  55.000000  11.313708
123.300000  61.000000  16.970563
123.400000  56.000000  14.142136
123.500000  70.000000  1.414214
123.600000  61.000000  0.000000
123.700000  69.000000  9.899495
123.800000  60.000000  4.242641
123.900000  61.500000  9.192388
124.000000  62.500000  10.606602
124.100000  59.000000  4.242641
124.200000  64.500000  6.363961
124.300000  61.000000  4.242641
124.400000  61.000000  0.000000
124.500000  45.500000  2.121320
124.600000  60.000000  5.656854
124.700000  63.500000  17.677670
124.800000  60.500000  17.677670
124.900000  59.000000  1.414214
125.000000  75.500000  7.778175
125.100000  60.000000  7.071068
125.200000  62.000000  11.313708
125.300000  69.000000  8.485281
125.400000  61.500000  6.363961
125.500000  53.500000  16.263456
125.600000  54.000000  4.242641
125.700000  52.500000  0.707107
125.800000  65.000000  5.656854
125.900000  63.500000  10.606602
126.000000  59.000000  0.000000
126.100000  65.000000  7.071068
126.200000  60.500000  3.535534
126.300000  63.500000  3.535534
126.400000  68.000000  2.828427
126.500000  62.500000  10.606602
126.600000  63.500000  20.506097
126.700000  68.500000  17.677670
126.800000  55.500000  13.435029
126.900000  65.500000  17.677670
127.000000  66.500000  10.606602
127.100000  68.000000  9.899495
127.200000  66.000000  1.414214
127.300000  61.000000  12.727922
127.400000  61.500000  10.606602
127.500000  68.500000  3.535534
127.600000  70.500000  7.778175
127.700000  67.500000  10.606602
127.800000  72.000000  7.071068
127.900000  64.500000  2.121320
128.000000  67.000000  4.242641
128.100000  58.500000  10.606602
128.200000  71.000000  5.656854
128.300000  63.000000  5.656854
128.400000  65.000000  2.828427
128.500000  62.000000  16.970563
128.600000  61.500000  10.606602
128.700000  66.500000  9.192388
128.800000  58.000000  11.313708
128.900000  58.500000  4.949747
129.000000  64.000000  8.485281
129.100000  67.000000  8.485281
129.200000  56.500000  6.363961
129.300000  61.500000  4.949747
129.400000  62.000000  4.242641
129.500000  63.000000  0.000000
129.600000  65.500000  3.535534
129.700000  56.500000  2.121320
129.800000  70.000000  7.071068
129.900000  64.000000  5.656854
130.000000  64.000000  5.656854
130.100000  67.000000  4.242641
130.200000  60.000000  7.071068
130.300000  64.000000  0.000000
130.400000  62.500000  14.849242
130.500000  66.000000  7.071068
130.600000  61.000000  12.727922
130.700000  61.000000  2.828427
130.800000  53.500000  6.363961
130.900000  58.500000  3.535534
131.000000  46.000000  22.627417
131.100000  59.000000  0.000000
131.200000  56.500000  7.778175
131.300000  61.500000  9.192388
131.400000  58.000000  7.071068
131.500000  66.500000  3.535534
131.600000  61.500000  13.435029
131.700000  66.000000  5.656854
131.800000  55.000000  8.485281
131.900000  57.000000  0.000000
132.000000  62.000000  2.828427
132.100000  66.000000  8.485281
132.200000  54.500000  4.949747
132.300000  53.500000  12.020815
132.400000  54.000000  4.242641
132.500000  54.000000  7.071068
132.600000  52.000000  18.384776
132.700000  58.500000  6.363961
132.800000  58.000000  19.798990
132.900000  64.000000  9.899495
133.000000  55.500000  3.535534
133.100000  59.500000  14.849242
133.200000  52.500000  7.778175
133.300000  59.000000  14.142136
133.400000  66.000000  9.899495
133.500000  65.000000  1.414214
133.600000  62.000000  12.727922
133.700000  69.000000  0.000000
133.800000  57.000000  0.000000
133.900000  55.500000  7.778175
134.000000  69.500000  6.363961
134.100000  67.000000  8.485281
134.200000  58.000000  8.485281
134.300000  61.500000  7.778175
134.400000  65.000000  5.656854
134.500000  61.500000  2.121320
134.600000  58.000000  2.828427
134.700000  65.500000  3.535534
134.800000  65.000000  8.485281
134.900000  62.000000  11.313708
135.000000  59.000000  15.556349
135.100000  61.000000  7.071068
135.200000  60.000000  14.142136
135.300000  62.000000  8.485281
135.400000  65.500000  4.949747
135.500000  62.500000  4.949747
135.600000  55.000000  4.242641
135.700000  69.000000  11.313708
135.800000  58.500000  6.363961
135.900000  61.500000  12.020815
136.000000  61.500000  7.778175
136.100000  65.500000  6.363961
136.200000  57.000000  7.071068
136.300000  70.000000  7.071068
136.400000  60.500000  17.677670
136.500000  67.500000  12.020815
136.600000  59.000000  12.727922
136.700000  65.000000  5.656854
136.800000  58.500000  24.748737
136.900000  61.000000  12.727922
137.000000  61.500000  16.263456
137.100000  55.000000  9.899495
137.200000  61.000000  12.727922
137.300000  55.000000  11.313708
137.400000  60.500000  17.677670
137.500000  65.500000  0.707107
137.600000  61.000000  5.656854
137.700000  61.000000  14.142136
137.800000  54.000000  4.242641
137.900000  60.000000  12.727922
138.000000  70.500000  9.192388
138.100000  60.500000  9.192388
138.200000  59.500000  20.506097
138.300000  67.500000  2.121320
138.400000  57.500000  7.778175
138.500000  60.500000  7.778175
138.600000  60.500000  12.020815
138.700000  64.500000  2.121320
138.800000  63.500000  6.363961
138.900000  68.000000  7.071068
139.000000  66.500000  3.535534
139.100000  59.000000  16.970563
139.200000  67.500000  9.192388
139.300000  60.000000  5.656854
139.400000  62.500000  10.606602
139.500000  62.000000  2.828427
139.600000  67.500000  3.535534
139.700000  54.000000  9.899495
139.800000  62.500000  7.778175
139.900000  71.000000  7.071068
140.000000  60.000000  4.242641
140.100000  58.000000  7.071068
140.200000  69.500000  4.949747
140.300000  67.500000  13.435029
140.400000  65.000000  2.828427
140.500000  59.000000  18.384776
140.600000  66.500000  12.020815
140.700000  64.500000  3.535534
140.800000  70.000000  2.828427
140.900000  64.500000  4.949747
141.000000  67.000000  5.656854
141.100000  62.500000  10.606602
141.200000  64.000000  12.727922
141.300000  67.000000  5.656854
141.400000  66.500000  6.363961
141.500000  52.500000  9.192388
141.600000  73.500000  14.849242
141.700000  55.500000  0.707107
141.800000  56.000000  9.899495
141.900000  63.500000  2.121320
142.000000  67.500000  3.535534
142.100000  65.000000  9.899495
142.200000  60.500000  9.192388
142.300000  63.000000  5.656854
142.400000  60.000000  8.485281
142.500000  58.500000  12.020815
142.600000  61.000000  14.142136
142.700000  62.000000  12.727922
142.800000  61.500000  7.778175
142.900000  68.500000  0.707107
143.000000  61.500000  2.121320
143.100000  64.000000  2.828427
143.200000  71.500000  10.606602
143.300000  52.000000  14.142136
143.400000  51.000000  24.041631
143.500000  53.500000  16.263456
143.600000  53.000000  22.627417
143.700000  61.500000  19.091883
143.800000  58.500000  2.121320
143.900000  58.000000  1.414214
144.000000  58.000000  12.727922
144.100000  61.000000  19.798990
144.200000  53.500000  13.435029
144.300000  50.500000  2.121320
144.400000  50.000000  9.899495
144.500000  54.000000  19.798990
144.600000  60.000000  15.556349
144.700000  62.500000  13.435029
144.800000  60.000000  12.727922
144.900000  64.500000  12.020815
145.000000  58.000000  8.485281
145.100000  66.000000  16.970563
145.200000  56.500000  14.849242
145.300000  58.000000  21.213203
145.400000  62.500000  12.020815
145.500000  63.500000  13.435029
145.600000  62.500000  14.849242
145.700000  55.000000  12.727922
145.800000  57.000000  19.798990
145.900000  63.000000  11.313708
146.000000  67.500000  0.707107
146.100000  55.000000  1.414214
146.200000  61.500000  3.535534
146.300000  62.500000  14.849242
146.400000  64.000000  16.970563
146.500000  66.000000  7.071068
146.600000  69.000000  28.284271
146.700000  61.500000  2.121320
146.800000  59.500000  12.020815
146.900000  66.500000  10.606602
147.000000  65.000000  7.071068
147.100000  60.500000  16.263456
147.200000  62.500000  0.707107
147.300000  55.500000  12.020815
147.400000  62.000000  11.313708
147.500000  54.000000  7.071068
147.600000  59.500000  4.949747
147.700000  56.000000  12.727922
147.800000  67.500000  14.849242
147.900000  48.500000  17.677670
148.000000  69.500000  4.949747
148.100000  55.500000  4.949747
148.200000  63.000000  14.142136
148.300000  58.000000  22.627417
148.400000  67.500000  30.405592
148.500000  58.500000  23.334524
148.600000  66.500000  9.192388
148.700000  55.000000  12.727922
148.800000  61.500000  24.748737
148.900000  66.500000  10.606602
149.000000  66.500000  16.263456
149.100000  58.000000  16.970563
149.200000  62.000000  5.656854
149.300000  55.500000  0.707107
149.400000  57.500000  26.162951
149.500000  55.000000  26.870058
149.600000  53.500000  20.506097
149.700000  52.000000  24.041631
149.800000  57.000000  28.284271
149.900000  62.000000  32.526912
150.000000  57.500000  12.020815
150.100000  65.500000  13.435029
150.200000  56.000000  15.556349
150.300000  65.500000  20.506097
150.400000  60.500000  23.334524
150.500000  46.500000  3.535534
150.600000  56.000000  25.455844
150.700000  57.000000  24.041631
150.800000  51.500000  13.435029
150.900000  59.500000  16.263456
151.000000  51.500000  6.363961
151.100000  50.000000  18.384776
151.200000  60.500000  3.535534
151.300000  58.000000  8.485281
151.400000  51.500000  4.949747
151.500000  59.000000  8.485281
151.600000  63.500000  4.949747
151.700000  72.000000  1.414214
151.800000  59.000000  11.313708
151.900000  51.500000  6.363961
152.000000  54.500000  0.707107
152.100000  52.000000  4.242641
152.200000  52.500000  3.535534
152.300000  58.500000  10.606602
152.400000  60.000000  0.000000
152.500000  57.000000  11.313708
152.600000  63.500000  10.606602
152.700000  57.000000  11.313708
152.800000  61.000000  8.485281
152.900000  57.000000  7.071068
153.000000  51.000000  18.384776
153.100000  54.500000  12.020815
153.200000  58.000000  11.313708
153.300000  55.500000  14.849242
153.400000  55.500000  12.020815
153.500000  59.500000  20.506097
153.600000  59.500000  21.920310
153.700000  48.000000  24.041631
153.800000  64.500000  14.849242
153.900000  47.000000  11.313708
154.000000  59.500000  27.577164
154.100000  50.500000  10.606602
154.200000  50.000000  9.899495
154.300000  42.000000  7.071068
154.400000  60.500000  7.778175
154.500000  58.500000  4.949747
154.600000  55.000000  4.242641
154.700000  61.000000  0.000000
154.800000  58.500000  3.535534
154.900000  65.500000  2.121320
155.000000  54.000000  5.656854
155.100000  54.500000  2.121320
155.200000  64.500000  2.121320
155.300000  58.500000  6.363961
155.400000  65.000000  1.414214
155.500000  63.500000  0.707107
155.600000  62.500000  10.606602
155.700000  57.000000  2.828427
155.800000  54.000000  0.000000
155.900000  61.000000  19.798990
156.000000  59.500000  0.707107
156.100000  58.500000  14.849242
156.200000  60.000000  2.828427
156.300000  44.000000  11.313708
156.400000  57.500000  9.192388
156.500000  62.000000  14.142136
156.600000  55.000000  9.899495
156.700000  51.500000  13.435029
156.800000  53.000000  12.727922
156.900000  55.500000  13.435029
157.000000  52.500000  7.778175
157.100000  57.000000  21.213203
157.200000  50.000000  11.313708
157.300000  53.500000  16.263456
157.400000  56.000000  1.414214
157.500000  53.000000  12.727922
157.600000  57.500000  20.506097
157.700000  53.000000  16.970563
157.800000  68.500000  14.849242
157.900000  59.500000  7.778175
158.000000  57.000000  15.556349
158.100000  60.500000  2.121320
158.200000  61.000000  14.142136
158.300000  63.500000  0.707107
158.400000  66.000000  4.242641
158.500000  59.500000  0.707107
158.600000  61.500000  2.121320
158.700000  50.000000  9.899495
158.800000  67.500000  9.192388
158.900000  60.000000  0.000000
159.000000  51.000000  18.384776
159.100000  53.000000  5.656854
159.200000  63.000000  5.656854
159.300000  50.000000  7.071068
159.400000  57.500000  12.020815
159.500000  58.500000  13.435029
159.600000  60.500000  6.363961
159.700000  53.000000  4.242641
159.800000  62.500000  3.535534
159.900000  56.000000  7.071068
160.000000  62.500000  10.606602
160.100000  55.000000  12.727922
160.200000  62.000000  5.656854
160.300000  68.000000  0.000000
160.400000  61.500000  2.121320
160.500000  59.000000  8.485281
160.600000  69.000000  0.000000
160.700000  57.000000  5.656854
160.800000  65.500000  7.778175
160.900000  66.000000  18.384776
161.000000  56.000000  12.727922
161.100000  55.500000  19.091883
161.200000  71.500000  3.535534
161.300000  65.500000  3.535534
161.400000  66.500000  12.020815
161.500000  58.000000  11.313708
161.600000  65.000000  2.828427
161.700000  63.000000  8.485281
161.800000  57.500000  2.121320
161.900000  63.500000  0.707107
162.000000  56.000000  1.414214
162.100000  54.500000  0.707107
162.200000  57.500000  3.535534
162.300000  64.000000  4.242641
162.400000  65.000000  4.242641
162.500000  65.000000  7.071068
162.600000  76.500000  3.535534
162.700000  68.500000  0.707107
162.800000  68.500000  10.606602
162.900000  62.000000  1.414214
163.000000  60.000000  7.071068
163.100000  61.500000  13.435029
163.200000  70.000000  11.313708
163.300000  66.500000  0.707107
163.400000  61.000000  4.242641
163.500000  60.000000  14.142136
163.600000  57.500000  0.707107
163.700000  56.000000  9.899495
163.800000  69.000000  7.071068
163.900000  72.000000  5.656854
164.000000  61.000000  8.485281
164.100000  65.500000  0.707107
164.200000  65.500000  0.707107
164.300000  60.000000  5.656854
164.400000  65.500000  4.949747
164.500000  64.500000  3.535534
164.600000  57.500000  2.121320
164.700000  70.500000  12.020815
164.800000  64.500000  6.363961
164.900000  65.500000  10.606602
165.000000  69.000000  4.242641
165.100000  71.000000  1.414214
165.200000  67.000000  1.414214
165.300000  68.000000  12.727922
165.400000  66.500000  4.949747
165.500000  68.500000  13.435029
165.600000  71.500000  3.535534
165.700000  67.000000  9.899495
165.800000  63.000000  1.414214
165.900000  60.000000  5.656854
166.000000  57.500000  0.707107
166.100000  62.000000  1.414214
166.200000  58.500000  3.535534
166.300000  67.000000  4.242641
166.400000  63.500000  10.606602
166.500000  62.000000  4.242641
166.600000  69.500000  7.778175
166.700000  62.000000  1.414214
166.800000  53.500000  16.263456
166.900000  61.000000  2.828427
167.000000  63.500000  3.535534
167.100000  73.500000  0.707107
167.200000  67.000000  5.656854
167.300000  60.500000  10.606602
167.400000  67.500000  6.363961
167.500000  62.500000  0.707107
167.600000  59.500000  0.707107
167.700000  72.000000  12.727922
167.800000  65.000000  0.000000
167.900000  64.000000  7.071068
168.000000  60.000000  1.414214
168.100000  57.500000  10.606602
168.200000  65.000000  12.727922
168.300000  69.000000  4.242641
168.400000  65.000000  4.242641
168.500000  60.000000  1.414214
168.600000  63.000000  2.828427
168.700000  56.000000  5.656854
168.800000  56.500000  4.949747
168.900000  63.500000  0.707107
169.000000  63.000000  4.242641
169.100000  59.500000  0.707107
169.200000  69.500000  6.363961
169.300000  62.500000  0.707107
169.400000  58.500000  6.363961
169.500000  63.000000  7.071068
169.600000  66.500000  3.535534
169.700000  65.000000  8.485281
169.800000  64.500000  6.363961
169.900000  67.500000  4.949747
170.000000  59.000000  2.828427
170.100000  65.000000  9.899495
170.200000  71.000000  2.828427
170.300000  68.500000  2.121320
170.400000  66.000000  8.485281
170.500000  62.000000  2.828427
170.600000  63.500000  7.778175
170.700000  64.000000  5.656854
170.800000  61.000000  4.242641
170.900000  72.500000  13.435029
171.000000  66.500000  2.121320
171.100000  61.000000  11.313708
171.200000  64.000000  2.828427
171.300000  56.500000  4.949747
171.400000  52.500000  2.121320
171.500000  65.500000  7.778175
171.600000  64.500000  0.707107
171.700000  68.500000  0.707107
171.800000  69.500000  2.121320
171.900000  67.500000  2.121320
172.000000  58.500000  0.707107
172.100000  54.500000  6.363961
172.200000  56.500000  6.363961
172.300000  63.000000  19.798990
172.400000  58.500000  14.849242
172.500000  51.500000  6.363961
172.600000  53.500000  6.363961
172.700000  57.000000  7.071068
172.800000  49.000000  7.071068
172.900000  60.000000  4.242641
173.000000  57.500000  0.707107
173.100000  60.500000  2.121320
173.200000  59.000000  7.071068
173.300000  56.500000  14.849242
173.400000  57.500000  27.577164
173.500000  60.000000  7.071068
173.600000  51.000000  0.000000
173.700000  59.000000  9.899495
173.800000  50.500000  13.435029
173.900000  46.500000  12.020815
174.000000  48.500000  6.363961
174.100000  60.000000  1.414214
174.200000  63.500000  9.192388
174.300000  62.500000  10.606602
174.400000  67.500000  9.192388
174.500000  62.500000  0.707107
174.600000  58.000000  11.313708
174.700000  62.500000  0.707107
174.800000  64.500000  13.435029
174.900000  71.000000  7.071068
175.000000  71.500000  3.535534
175.100000  62.000000  4.242641
175.200000  69.500000  0.707107
175.300000  60.000000  4.242641
175.400000  63.500000  2.121320
175.500000  61.500000  2.121320
175.600000  65.500000  0.707107
175.700000  68.500000  6.363961
175.800000  66.000000  2.828427
175.900000  64.000000  2.828427
176.000000  60.000000  9.899495
176.100000  71.500000  9.192388
176.200000  71.000000  0.000000
176.300000  66.500000  4.949747
176.400000  69.500000  6.363961
176.500000  68.500000  0.707107
176.600000  59.500000  10.606602
176.700000  62.000000  0.000000
176.800000  70.500000  7.778175
176.900000  65.000000  2.828427
177.000000  74.000000  0.000000
177.100000  66.500000  3.535534
177.200000  67.500000  10.606602
177.300000  57.000000  7.071068
177.400000  55.500000  3.535534
177.500000  65.000000  8.485281
177.600000  62.000000  7.071068
177.700000  59.000000  11.313708
177.800000  58.000000  16.970563
177.900000  63.000000  4.242641
178.000000  57.000000  1.414214
178.100000  57.500000  26.162951
178.200000  64.000000  29.698485
178.300000  51.000000  5.656854
178.400000  57.500000  2.121320
178.500000  64.500000  10.606602
178.600000  55.000000  4.242641
178.700000  60.000000  4.242641
178.800000  52.000000  7.071068
178.900000  56.000000  8.485281
179.000000  54.000000  12.727922
179.100000  53.000000  16.970563
179.200000  59.500000  10.606602
179.300000  65.000000  4.242641
179.400000  60.500000  0.707107
179.500000  56.000000  4.242641
179.600000  56.000000  5.656854
179.700000  57.500000  17.677670
179.800000  69.500000  4.949747
179.900000  63.000000  4.242641
180.000000  55.500000  13.435029
180.100000  62.500000  10.606602
180.200000  55.500000  9.192388
180.300000  60.000000  5.656854
180.400000  61.500000  6.363961
180.500000  56.000000  8.485281
180.600000  49.500000  4.949747
180.700000  63.000000  8.485281
180.800000  64.000000  11.313708
180.900000  65.000000  9.899495
181.000000  63.000000  5.656854
181.100000  62.000000  18.384776
181.200000  59.500000  3.535534
181.300000  58.500000  19.091883
181.400000  65.000000  5.656854
181.500000  60.500000  10.606602
181.600000  71.000000  12.727922
181.700000  60.500000  4.949747
181.800000  50.500000  23.334524
181.900000  54.500000  24.748737
182.000000  59.000000  1.414214
182.100000  60.500000  13.435029
182.200000  54.000000  11.313708
182.300000  59.500000  2.121320
182.400000  63.500000  16.263456
182.500000  60.000000  2.828427
182.600000  59.000000  2.828427
182.700000  61.500000  0.707107
182.800000  61.000000  5.656854
182.900000  61.000000  7.071068
183.000000  55.500000  2.121320
183.100000  57.500000  14.849242
183.200000  60.500000  9.192388
183.300000  56.000000  1.414214
183.400000  61.500000  7.778175
183.500000  55.500000  12.020815
183.600000  58.500000  0.707107
183.700000  57.500000  13.435029
183.800000  57.000000  9.899495
183.900000  54.000000  0.000000
184.000000  59.500000  17.677670
184.100000  61.500000  7.778175
184.200000  52.500000  17.677670
184.300000  52.000000  9.899495
184.400000  57.500000  7.778175
184.500000  62.000000  12.727922
184.600000  47.000000  18.384776
184.700000  57.500000  13.435029
184.800000  53.000000  11.313708
184.900000  46.500000  14.849242
185.000000  58.500000  13.435029
185.100000  59.000000  15.556349
185.200000  52.000000  15.556349
185.300000  62.000000  22.627417
185.400000  59.500000  6.363961
185.500000  55.500000  3.535534
185.600000  59.500000  17.677670
185.700000  54.500000  19.091883
185.800000  59.500000  3.535534
185.900000  64.000000  2.828427
186.000000  61.000000  8.485281
186.100000  53.500000  4.949747
186.200000  65.500000  6.363961
186.300000  58.000000  28.284271
186.400000  62.000000  5.656854
186.500000  71.000000  14.142136
186.600000  61.000000  18.384776
186.700000  62.500000  9.192388
186.800000  48.500000  4.949747
186.900000  53.500000  0.707107
187.000000  57.000000  15.556349
187.100000  46.000000  19.798990
187.200000  56.500000  31.819805
187.300000  54.500000  16.263456
187.400000  55.000000  16.970563
187.500000  58.000000  11.313708
187.600000  58.000000  16.970563
187.700000  55.000000  28.284271
187.800000  57.000000  21.213203
187.900000  53.500000  21.920310
188.000000  54.500000  23.334524
188.100000  55.000000  8.485281
188.200000  51.500000  13.435029
188.300000  49.500000  9.192388
188.400000  48.500000  13.435029
188.500000  55.500000  26.162951
188.600000  57.500000  30.405592
188.700000  60.000000  21.213203
188.800000  56.000000  7.071068
188.900000  59.000000  24.041631
189.000000  55.500000  16.263456
189.100000  61.000000  15.556349
189.200000  50.000000  21.213203
189.300000  52.000000  9.899495
189.400000  54.000000  21.213203
189.500000  54.000000  16.970563
189.600000  58.500000  16.263456
189.700000  53.500000  21.920310
189.800000  60.000000  21.213203
189.900000  55.000000  16.970563
190.000000  48.500000  3.535534
190.100000  52.500000  13.435029
190.200000  46.000000  12.727922
190.300000  54.000000  14.142136
190.400000  47.500000  17.677670
190.500000  51.000000  8.485281
190.600000  48.000000  7.071068
190.700000  47.500000  16.263456
190.800000  51.000000  22.627417
190.900000  55.500000  21.920310
191.000000  47.500000  20.506097
191.100000  52.500000  16.263456
191.200000  53.500000  19.091883
191.300000  52.500000  24.748737
191.400000  47.500000  19.091883
191.500000  51.500000  19.091883
191.600000  52.500000  21.920310
191.700000  57.500000  17.677670
191.800000  47.000000  18.384776
191.900000  54.000000  11.313708
192.000000  51.500000  12.020815
192.100000  54.000000  19.798990
192.200000  52.500000  12.020815
192.300000  50.000000  16.970563
192.400000  52.500000  16.263456
192.500000  54.000000  9.899495
192.600000  57.000000  11.313708
192.700000  56.000000  18.384776
192.800000  60.500000  21.920310
192.900000  52.000000  25.455844
193.000000  55.500000  23.334524
193.100000  50.000000  28.284271
193.200000  50.000000  14.142136
193.300000  44.500000  21.920310
193.400000  53.000000  21.213203
193.500000  49.500000  26.162951
193.600000  55.500000  17.677670
193.700000  62.000000  11.313708
193.800000  55.500000  10.606602
193.900000  52.000000  21.213203
194.000000  61.500000  16.263456
194.100000  49.000000  19.798990
194.200000  52.500000  17.677670
194.300000  50.500000  7.778175
194.400000  59.000000  12.727922
194.500000  60.500000  24.748737
194.600000  53.500000  30.405592
194.700000  60.500000  21.920310
194.800000  48.000000  26.870058
194.900000  50.000000  24.041631
195.000000  53.500000  23.334524
195.100000  54.000000  18.384776
195.200000  53.500000  26.162951
195.300000  45.000000  21.213203
195.400000  54.500000  17.677670
195.500000  56.500000  10.606602
195.600000  58.000000  14.142136
195.700000  55.500000  10.606602
195.800000  56.000000  15.556349
195.900000  54.000000  9.899495
196.000000  50.500000  20.506097
196.100000  53.000000  11.313708
196.200000  54.000000  12.727922
196.300000  64.000000  22.627417
196.400000  56.000000  11.313708
196.500000  56.000000  11.313708
196.600000  67.000000  24.041631
196.700000  63.000000  22.627417
196.800000  68.000000  25.455844
196.900000  63.500000  23.334524
197.000000  58.500000  20.506097
197.100000  53.500000  21.920310
197.200000  69.000000  16.970563
197.300000  68.500000  31.819805
197.400000  68.000000  15.556349
197.500000  64.500000  19.091883
197.600000  55.500000  17.677670
197.700000  59.000000  28.284271
197.800000  56.000000  7.071068
197.900000  57.000000  24.041631
198.000000  60.000000  18.384776
198.100000  62.500000  17.677670
198.200000  58.500000  17.677670
198.300000  73.000000  15.556349
198.400000  65.000000  16.970563
198.500000  64.500000  24.748737
198.600000  64.500000  34.648232
198.700000  70.000000  24.041631
198.800000  51.500000  23.334524
198.900000  53.000000  16.970563
199.000000  55.000000  19.798990
199.100000  63.000000  15.556349
199.200000  70.000000  19.798990
199.300000  53.000000  19.798990
199.400000  51.500000  26.162951
199.500000  66.000000  7.071068
199.600000  55.000000  9.899495
199.700000  52.000000  11.313708
199.800000  50.000000  25.455844
199.900000  66.000000  8.485281
200.000000  61.000000  15.556349
