# aggregated from 2 replicates
# x  mean  std
2.000000  82.848200  5.522080
3.000000  88.730350  12.688960
5.000000  49.722850  28.260583
6.000000  51.937350  40.116643
7.000000  15.829100  3.519836
11.000000  14.251750  1.484995
12.000000  17.786600  6.428732
13.000000  23.563900  4.980436
14.000000  35.170650  14.870526
15.000000  29.803300  3.057671
16.000000  14.555550  4.005972
17.000000  53.069150  1.252498
18.000000  43.225200  10.260685
19.000000  46.165700  6.352082
20.000000  9.944150  0.025668
21.000000  38.362750  4.251055
22.000000  8.410050  0.225072
23.000000  67.266250  0.186181
24.000000  6.712700  0.020082
25.000000  11.589800  4.809457
26.000000  9.229350  1.846609
27.000000  8.588100  1.588020
28.000000  48.152600  8.868958
29.000000  48.759150  8.776256
30.000000  8.604500  0.340825
31.000000  17.392950  2.333382
32.000000  9.831500  0.056569
34.000000  29.109300  7.492503
35.000000  8.719000  0.652942
36.000000  34.264950  19.158422
39.000000  69.711350  21.598647
41.000000  25.602450  6.911474
42.000000  46.360250  23.918806
43.000000  46.851150  6.043288
44.000000  24.501250  1.370019
45.000000  31.567800  17.349572
46.000000  8.793850  0.203152
47.000000  18.007650  2.699804
48.000000  6.906200  0.198131
49.000000  6.804550  0.172888
50.000000  35.961150  22.441236
52.000000  45.593700  2.145221
53.000000  16.944500  0.159382
54.000000  7.378850  0.156907
55.000000  8.175500  0.240275
56.000000  13.219850  3.629650
58.000000  38.530050  36.649981
59.000000  17.334100  8.478210
60.000000  36.449900  5.923999
61.000000  12.438700  4.072935
62.000000  24.544000  0.985424
63.000000  14.534200  2.336281
64.000000  7.264350  0.220971
65.000000  37.419600  18.127389
66.000000  8.630350  0.080398
68.000000  35.243400  0.456791
69.000000  31.225850  4.645055
70.000000  12.055950  2.486400
71.000000  40.916050  9.220177
72.000000  9.412500  0.024890
73.000000  55.476550  13.642989
74.000000  18.191350  13.355055
76.000000  96.751200  20.039406
77.000000  44.719850  2.692450
78.000000  36.013850  25.162324
79.000000  33.235200  22.727968
80.000000  54.433000  1.897167
83.000000  22.847350  9.142961
84.000000  36.857000  21.088046
85.000000  43.083850  3.883218
92.000000  12.198500  0.494409
94.000000  9.209750  1.185040
95.000000  14.509950  2.610568
96.000000  17.310750  0.720754
97.000000  21.291650  9.622521
98.000000  9.657150  0.383888
100.000000  15.676300  1.788697
101.000000  42.771250  23.470500
102.000000  27.958000  10.154902
103.000000  13.005400  8.251088
105.000000  26.290050  24.966314
107.000000  21.426850  18.054062
108.000000  40.048700  10.939083
109.000000  45.574650  3.979668
112.000000  57.028050  2.656671
113.000000  30.650500  25.459804
115.000000  42.916700  23.394204
116.000000  75.893400  36.459698
117.000000  53.109150  11.781177
125.000000  8.848700  0.850225
126.000000  15.800450  4.469268
127.000000  13.645200  3.946504
128.000000  14.557700  1.178040
129.000000  9.035500  0.200677
130.000000  34.897750  7.291473
131.000000  51.509450  29.972347
132.000000  72.494150  4.504482
133.000000  77.947900  24.664450
135.000000  40.791350  8.024743
136.000000  66.207600  2.224699
137.000000  51.123850  2.117148
138.000000  68.348150  1.489520
