# aggregated from 2 replicates
# x  mean  std
0.000000  71.886358  0.000000
0.100000  74.717462  0.044843
0.200000  77.276780  2.219078
0.300000  71.835212  4.267212
0.400000  71.469227  6.256161
0.500000  72.895234  7.122666
0.600000  71.894791  1.009326
0.700000  70.113119  3.823318
0.800000  73.906728  7.227213
0.900000  70.570748  3.158710
1.000000  67.181363  0.050946
1.100000  69.704500  3.609025
1.200000  68.918244  0.416400
1.300000  72.423226  1.448392
1.400000  72.272316  2.223789
1.500000  71.343540  2.884900
1.600000  71.759943  0.000064
1.700000  70.368559  1.254043
1.800000  72.347187  6.329816
1.900000  73.475422  0.506733
2.000000  71.292021  2.964600
2.100000  68.692327  6.542483
2.200000  74.662630  9.479956
2.300000  74.019061  10.125376
2.400000  73.908868  1.403446
2.500000  73.331072  6.414971
2.600000  71.447002  12.299094
2.700000  69.585003  9.226037
2.800000  73.839625  6.852326
2.900000  72.185487  6.675089
3.000000  70.688413  3.853324
3.100000  69.510893  8.475953
3.200000  73.242193  6.554446
3.300000  72.842188  7.850459
3.400000  71.040396  5.691607
3.500000  73.931259  7.551564
3.600000  75.288790  8.969830
3.700000  75.672509  8.946428
3.800000  73.720896  6.073624
3.900000  74.082801  6.871605
4.000000  74.768853  9.212787
4.100000  71.860816  11.252216
4.200000  71.578159  7.904610
4.300000  69.701514  6.591964
4.400000  69.378863  9.738780
4.500000  68.451962  10.826800
4.600000  73.951810  9.300088
4.700000  73.813694  5.039445
4.800000  71.662430  7.849909
4.900000  75.519441  12.439744
5.000000  75.152293  10.797019
5.100000  73.307644  8.450564
5.200000  73.573806  6.007926
5.300000  76.750171  7.260509
5.400000  71.021683  8.228631
5.500000  72.301967  7.730094
5.600000  73.434559  11.677942
5.700000  72.574341  5.137012
5.800000  71.655704  8.414434
5.900000  72.784992  7.824167
6.000000  69.482387  2.721914
6.100000  78.192982  3.618419
6.200000  79.025959  8.169424
6.300000  77.105684  2.514036
6.400000  76.115461  12.945865
6.500000  76.818088  6.466686
6.600000  75.854259  10.395391
6.700000  77.105403  9.588714
6.800000  73.997491  10.589363
6.900000  72.156818  10.543853
7.000000  74.278488  6.059784
7.100000  71.220665  7.113805
7.200000  72.606621  8.056159
7.300000  73.612159  9.885332
7.400000  71.430058  9.789041
7.500000  71.876534  11.248776
7.600000  72.641716  10.978870
7.700000  72.447882  10.788308
7.800000  75.598980  6.267891
7.900000  72.100286  7.277605
8.000000  76.382846  3.520582
8.100000  74.222312  3.633332
8.200000  72.405764  3.845879
8.300000  71.502417  1.063527
8.400000  71.444416  0.753135
8.500000  70.874765  1.908486
8.600000  70.792330  1.780423
8.700000  71.387487  1.858994
8.800000  69.615948  2.485140
8.900000  71.889336  8.067818
9.000000  76.493774  6.143575
9.100000  77.401015  4.355564
9.200000  76.965994  9.862652
9.300000  75.908155  8.047567
9.400000  78.043359  7.620222
9.500000  76.846398  7.252963
9.600000  76.120217  4.404360
9.700000  71.584696  4.826020
9.800000  72.869228  1.974549
9.900000  73.502016  6.112468
10.000000  74.207430  5.001038
10.100000  70.219356  4.623107
10.200000  70.185764  2.630888
10.300000  72.009383  4.382507
10.400000  74.245498  5.731721
10.500000  73.542722  4.619072
10.600000  76.964859  5.051558
10.700000  71.602862  7.510006
10.800000  75.039286  12.101902
10.900000  72.359269  7.341484
11.000000  72.305791  9.838004
11.100000  71.554022  10.433713
11.200000  74.712390  7.549129
11.300000  74.541460  11.380309
11.400000  76.207384  12.406859
11.500000  75.493082  10.246572
11.600000  77.615694  12.649791
11.700000  75.605006  7.830370
11.800000  71.209208  7.559915
11.900000  78.131776  8.599011
12.000000  74.997064  5.948003
12.100000  77.432471  8.568516
12.200000  75.372862  4.481462
12.300000  74.517651  0.429318
12.400000  77.021716  4.936681
12.500000  76.396807  1.996905
12.600000  74.847544  2.275456
12.700000  71.427451  6.586484
12.800000  77.089087  6.320822
12.900000  76.956939  8.564718
13.000000  79.930877  10.215818
13.100000  75.480273  8.241692
13.200000  74.748866  4.902581
13.300000  75.387666  9.945144
13.400000  74.003256  5.433254
13.500000  76.846859  6.981693
13.600000  75.932493  3.972672
13.700000  72.819232  2.708099
13.800000  75.595148  6.704358
13.900000  72.986261  8.015428
14.000000  74.732961  8.626784
14.100000  76.235468  6.503465
14.200000  74.721754  8.420274
14.300000  76.537503  11.052116
14.400000  74.468416  9.747402
14.500000  75.649657  11.213739
14.600000  75.615512  7.717877
14.700000  77.376363  3.372806
14.800000  77.884728  7.801779
14.900000  80.521466  5.829445
15.000000  77.982000  7.828873
15.100000  78.366779  10.429629
15.200000  76.127833  3.800289
15.300000  75.454295  10.218499
15.400000  76.406293  10.218154
15.500000  77.248031  9.291046
15.600000  74.374585  8.418348
15.700000  74.844739  9.846024
15.800000  78.748454  6.884048
15.900000  74.717361  8.150401
16.000000  75.103150  12.186454
16.100000  76.445914  11.906799
16.200000  79.853256  3.220019
16.300000  77.344820  4.821755
16.400000  79.053605  6.538655
16.500000  77.831146  2.225785
16.600000  76.002731  4.290522
16.700000  77.823156  9.652273
16.800000  78.279341  6.027322
16.900000  78.307306  6.493101
17.000000  76.454081  5.277945
17.100000  78.986204  11.093909
17.200000  75.567717  8.415035
17.300000  74.904725  11.209247
17.400000  79.674634  7.891510
17.500000  78.732958  12.889071
17.600000  74.495961  4.394239
17.700000  77.452707  4.803331
17.800000  74.730529  7.046197
17.900000  78.422347  5.335003
18.000000  74.892788  6.826636
18.100000  75.370197  3.925628
18.200000  76.898611  7.113887
18.300000  78.531652  1.105147
18.400000  81.540497  6.924591
18.500000  78.622529  2.336252
18.600000  80.417196  6.073826
18.700000  80.433667  8.343799
18.800000  78.006347  7.974960
18.900000  76.109437  9.589944
19.000000  73.459289  2.406535
19.100000  77.241664  6.989177
19.200000  72.790672  7.353191
19.300000  78.054254  8.095866
19.400000  76.253666  5.386698
19.500000  75.643749  10.932347
19.600000  75.664953  5.589765
19.700000  74.482670  6.658320
19.800000  75.037730  11.242593
19.900000  72.288152  8.007029
20.000000  73.481489  9.551187
20.100000  73.898188  11.348226
20.200000  72.558961  7.966336
20.300000  75.224653  7.886001
20.400000  76.308703  4.293142
20.500000  71.030811  1.113498
20.600000  78.851537  8.901670
20.700000  73.478358  1.829903
20.800000  74.766793  3.382250
20.900000  73.343924  3.234995
21.000000  74.683289  3.172691
21.100000  75.524652  8.238528
21.200000  74.343103  11.012970
21.300000  78.974042  15.133403
21.400000  79.098625  12.700469
21.500000  75.164422  8.318000
21.600000  79.343191  10.092565
21.700000  76.005460  6.064902
21.800000  72.772603  3.258141
21.900000  74.297905  7.690134
22.000000  71.805722  0.519371
22.100000  75.204529  5.449239
22.200000  72.252665  2.246145
22.300000  72.096408  0.984168
22.400000  69.402571  2.513430
22.500000  69.618274  1.267893
22.600000  71.818471  2.362645
22.700000  74.328888  4.882084
22.800000  71.178836  2.782085
22.900000  71.346675  4.329027
23.000000  71.720479  1.329511
23.100000  70.522256  4.719108
23.200000  69.810528  1.134474
23.300000  73.590724  0.892723
23.400000  71.477915  1.265020
23.500000  72.779778  0.357609
23.600000  70.205957  1.082445
23.700000  71.086527  0.254721
23.800000  72.280395  0.744772
23.900000  74.097096  0.489058
24.000000  68.870930  0.977140
24.100000  68.703533  1.594925
24.200000  71.901634  1.599145
24.300000  68.673624  1.138325
24.400000  71.518254  1.048799
24.500000  69.599058  2.280051
24.600000  69.978443  3.813497
24.700000  68.854872  0.982195
24.800000  69.166336  4.801391
24.900000  69.774103  0.769166
25.000000  69.601534  3.304161
25.100000  72.474640  2.030116
25.200000  70.029680  3.140112
25.300000  70.985894  1.483598
25.400000  68.508051  2.387503
25.500000  68.629230  2.276935
25.600000  69.830400  2.788700
25.700000  72.048156  1.856524
25.800000  68.930921  1.726864
25.900000  68.985122  0.588685
26.000000  70.733953  1.066412
26.100000  72.416103  0.890515
26.200000  69.986256  0.776493
26.300000  69.425083  4.001650
26.400000  71.593542  1.420959
26.500000  69.572292  4.232180
26.600000  70.314251  0.451895
26.700000  69.448252  0.116986
26.800000  68.939463  1.388273
26.900000  68.291483  2.241509
27.000000  69.074339  4.019208
27.100000  67.641024  1.847684
27.200000  70.392614  1.694849
27.300000  71.191215  3.733953
27.400000  69.493750  2.469051
27.500000  69.859932  1.949995
27.600000  71.100324  2.106468
27.700000  71.839412  0.690087
27.800000  72.185190  2.194203
27.900000  70.694371  3.875249
28.000000  65.569524  8.657711
28.100000  63.394576  5.610836
28.200000  65.993684  7.265349
28.300000  65.877294  3.256912
28.400000  66.596025  0.874053
28.500000  65.669071  0.551381
28.600000  69.566266  1.273935
28.700000  64.523831  2.912149
28.800000  65.887417  0.032023
28.900000  69.205679  2.012516
29.000000  66.392386  7.439234
29.100000  65.554422  1.610202
29.200000  69.494471  1.517130
29.300000  66.561073  2.914956
29.400000  65.830509  6.312874
29.500000  63.913049  3.507512
29.600000  64.539342  3.819596
29.700000  66.385475  3.912666
29.800000  68.419949  2.807869
29.900000  70.428277  4.145210
30.000000  68.208913  2.475703
30.100000  71.334857  2.970630
30.200000  70.736379  1.364180
30.300000  70.911964  3.397809
30.400000  72.343524  4.656705
30.500000  68.942877  0.812660
30.600000  71.417101  1.858924
30.700000  71.560956  6.556520
30.800000  68.618872  4.372965
30.900000  69.620721  3.636232
31.000000  71.504830  1.419989
31.100000  71.924787  3.102224
31.200000  71.827939  6.742917
31.300000  69.701391  0.844457
31.400000  69.401691  2.935462
31.500000  67.781423  0.516670
31.600000  69.056902  2.869519
31.700000  71.757826  5.540931
31.800000  70.533305  0.222556
31.900000  70.458061  0.325391
32.000000  71.206906  3.987586
32.100000  68.347627  2.643754
32.200000  70.201743  8.957343
32.300000  71.127946  1.529246
32.400000  71.480749  6.075814
32.500000  71.039973  5.710937
32.600000  73.181350  2.077042
32.700000  73.328967  7.001796
32.800000  72.414387  4.562217
32.900000  71.591544  0.576849
33.000000  72.541004  1.389332
33.100000  73.930036  2.666345
33.200000  74.746366  2.495803
33.300000  71.422770  0.848017
33.400000  73.108972  4.632349
33.500000  75.435509  0.920251
33.600000  73.711241  0.722925
33.700000  75.336096  1.052314
33.800000  72.527948  4.039794
33.900000  72.359826  0.402720
34.000000  71.611902  4.895315
34.100000  72.116934  3.269220
34.200000  73.032386  0.473635
34.300000  72.926189  2.979953
34.400000  72.209618  2.057244
34.500000  73.300554  5.285217
34.600000  74.367297  2.121380
34.700000  70.502892  0.525498
34.800000  72.077643  0.851018
34.900000  70.414209  1.060855
35.000000  70.157849  0.317760
35.100000  72.883594  3.042775
35.200000  70.584287  7.243999
35.300000  72.420623  2.186089
35.400000  74.398696  0.240351
35.500000  71.788274  5.157384
35.600000  71.486390  0.736793
35.700000  73.141632  0.295765
35.800000  72.785406  3.963632
35.900000  72.666624  2.088202
36.000000  70.482686  3.169340
36.100000  71.646427  3.317293
36.200000  72.692177  1.017988
36.300000  73.048348  0.204246
36.400000  69.855953  0.937798
36.500000  72.286169  1.840639
36.600000  71.661166  5.136248
36.700000  71.343562  2.554099
36.800000  69.330992  0.351482
36.900000  75.392976  2.683486
37.000000  69.986913  0.163667
37.100000  70.044324  0.122032
37.200000  72.325906  0.290302
37.300000  68.490321  3.806811
37.400000  71.848146  2.392373
37.500000  73.065709  0.571680
37.600000  69.276634  0.847875
37.700000  71.645766  1.593764
37.800000  69.265576  2.237239
37.900000  68.810772  3.373335
38.000000  66.616559  0.802187
38.100000  69.551174  3.209421
38.200000  72.482563  0.187716
38.300000  73.515768  1.898470
38.400000  70.483294  2.174271
38.500000  69.683375  5.781154
38.600000  72.366205  1.754883
38.700000  72.786875  0.654166
38.800000  72.084930  4.155485
38.900000  74.435675  3.431348
39.000000  73.468857  0.105206
39.100000  71.671478  3.184049
39.200000  68.040013  4.084665
39.300000  73.013390  4.120842
39.400000  71.736599  0.057261
39.500000  70.455277  3.188852
39.600000  68.696710  2.686212
39.700000  69.748694  4.911252
39.800000  72.124133  0.871782
39.900000  69.733486  0.897240
40.000000  70.106258  2.061000
40.100000  68.220821  1.992437
40.200000  72.820662  6.185648
40.300000  72.168271  5.359677
40.400000  74.741387  2.851912
40.500000  73.419442  5.019475
40.600000  75.492209  0.188628
40.700000  74.382823  6.589712
40.800000  69.892731  1.378790
40.900000  70.356233  0.466860
41.000000  72.109512  0.835127
41.100000  73.115242  4.612216
41.200000  71.639950  5.084176
41.300000  71.146257  2.472772
41.400000  69.290331  0.620179
41.500000  66.351053  0.947928
41.600000  67.495600  0.896267
41.700000  70.388328  0.551405
41.800000  68.628245  3.781639
41.900000  69.664403  4.464353
42.000000  68.658786  1.735017
42.100000  69.114478  1.530347
42.200000  69.463467  0.810503
42.300000  66.338459  4.431918
42.400000  70.067076  0.053192
42.500000  68.103468  3.052177
42.600000  70.519400  2.774069
42.700000  70.436326  4.500810
42.800000  70.153330  5.922338
42.900000  69.910470  0.000132
43.000000  68.768933  1.419559
43.100000  67.665596  2.452832
43.200000  71.723707  4.487469
43.300000  68.690970  3.086711
43.400000  69.680884  3.632521
43.500000  68.634245  0.327798
43.600000  69.922688  3.540283
43.700000  69.363800  6.063010
43.800000  70.919050  5.285995
43.900000  68.213910  4.454054
44.000000  70.780681  2.765620
44.100000  69.532570  1.629798
44.200000  71.534780  4.474787
44.300000  69.791394  2.815314
44.400000  71.783663  1.088560
44.500000  68.328383  1.707801
44.600000  68.475750  0.105968
44.700000  69.721497  6.109354
44.800000  68.508860  0.300172
44.900000  72.365797  1.547551
45.000000  71.886589  3.458350
45.100000  73.044223  0.123785
45.200000  72.176699  1.641948
45.300000  71.204701  6.944322
45.400000  71.311547  7.241413
45.500000  72.960243  5.165443
45.600000  73.660961  3.067157
45.700000  70.996820  1.552478
45.800000  70.338281  4.335387
45.900000  71.895201  0.618538
46.000000  70.533487  1.086552
46.100000  71.554916  2.884656
46.200000  72.441921  0.115036
46.300000  68.879417  3.164473
46.400000  72.699961  3.068327
46.500000  69.535578  3.561367
46.600000  71.643592  0.254103
46.700000  69.288925  1.880499
46.800000  70.383959  3.588265
46.900000  69.265980  1.166668
47.000000  73.107404  1.521880
47.100000  70.936574  1.982185
47.200000  72.322995  2.180603
47.300000  69.768570  3.294237
47.400000  71.445146  2.790355
47.500000  72.822564  2.404135
47.600000  70.518302  5.921504
47.700000  72.650653  5.938445
47.800000  69.949966  5.362328
47.900000  70.067613  4.176848
48.000000  70.836931  2.310203
48.100000  72.046312  4.123401
48.200000  73.289356  3.771610
48.300000  72.705044  4.291851
48.400000  73.004364  2.071753
48.500000  73.405985  7.611786
48.600000  69.054627  9.968444
48.700000  71.272761  10.831962
48.800000  69.543327  1.032879
48.900000  71.074787  6.568142
49.000000  72.002890  8.490358
49.100000  70.926824  7.387258
49.200000  68.745780  5.593709
49.300000  72.366930  3.486821
49.400000  71.136738  4.418504
49.500000  71.633418  0.698970
49.600000  68.847607  1.707990
49.700000  68.080111  3.382993
49.800000  74.388267  0.861967
49.900000  70.932313  3.849902
50.000000  73.573885  0.630019
50.100000  70.993480  4.105990
50.200000  69.581969  2.524705
50.300000  70.740792  1.979648
50.400000  72.793207  2.140233
50.500000  75.228930  1.849257
50.600000  70.631865  1.227310
50.700000  70.443848  5.899808
50.800000  71.080191  0.254423
50.900000  72.705947  3.856693
51.000000  74.171458  3.944860
51.100000  73.553853  0.559349
51.200000  73.785022  1.234734
51.300000  75.531985  0.842766
51.400000  73.902785  1.738629
51.500000  73.454895  1.747818
51.600000  74.112876  0.475951
51.700000  75.610901  4.031669
51.800000  75.184740  0.528405
51.900000  73.457359  1.092305
52.000000  76.481451  4.270474
52.100000  76.506168  0.755138
52.200000  74.703316  2.960652
52.300000  70.398519  0.034928
52.400000  72.192661  2.973318
52.500000  74.115526  1.148166
52.600000  74.253889  0.376693
52.700000  74.052976  3.877411
52.800000  71.674758  3.655601
52.900000  71.593090  1.380960
53.000000  75.674114  2.298528
53.100000  75.450438  4.606886
53.200000  71.184841  0.989356
53.300000  71.845773  4.090243
53.400000  73.854498  1.659286
53.500000  71.786336  2.784301
53.600000  72.353109  1.222357
53.700000  73.851406  4.106127
53.800000  73.547094  1.255675
53.900000  74.441145  0.093291
54.000000  73.424727  0.564673
54.100000  72.574248  3.937324
54.200000  73.197894  4.561595
54.300000  70.761317  4.611656
54.400000  70.526780  4.356496
54.500000  73.155981  5.874983
54.600000  74.508853  4.895239
54.700000  75.079462  6.662820
54.800000  73.269803  10.334332
54.900000  71.553590  2.990113
55.000000  72.404317  4.511201
55.100000  69.085811  1.055342
55.200000  70.022085  0.803490
55.300000  72.964430  4.079971
55.400000  68.137101  1.987200
55.500000  68.679766  2.027062
55.600000  68.888663  3.058595
55.700000  70.180725  0.420938
55.800000  71.712029  1.107382
55.900000  69.757604  1.908289
56.000000  70.275902  0.447846
56.100000  69.537391  3.724365
56.200000  70.180566  0.841922
56.300000  69.780105  4.379341
56.400000  69.688133  2.202146
56.500000  68.988715  1.367663
56.600000  73.137133  1.219913
56.700000  72.431888  3.984189
56.800000  71.115488  0.019998
56.900000  70.989693  1.776400
57.000000  72.110309  1.441337
57.100000  72.819063  0.311480
57.200000  73.309577  1.584847
57.300000  72.745811  0.890571
57.400000  72.287066  2.411934
57.500000  72.043813  0.286742
57.600000  73.089981  1.411765
57.700000  72.333114  5.114975
57.800000  71.582435  5.321527
57.900000  73.470698  3.677645
58.000000  73.369326  6.383031
58.100000  71.231440  3.337895
58.200000  70.971438  3.562160
58.300000  69.877167  1.396754
58.400000  69.461064  2.263326
58.500000  72.059448  0.334269
58.600000  71.327596  1.198739
58.700000  68.722679  0.641866
58.800000  68.465453  1.190628
58.900000  69.980241  1.372539
59.000000  72.741106  0.747910
59.100000  68.648572  4.000682
59.200000  73.858200  5.438460
59.300000  71.727954  2.057194
59.400000  72.147230  0.205782
59.500000  72.526457  2.261967
59.600000  72.192260  6.003293
59.700000  71.426966  0.672336
59.800000  75.784175  6.602972
59.900000  73.256094  3.763330
60.000000  78.750954  6.689955
60.100000  75.269103  0.018786
60.200000  71.598439  1.372421
60.300000  73.036179  1.435658
60.400000  70.020645  1.171091
60.500000  71.905150  0.437672
60.600000  67.626923  4.843131
60.700000  68.038218  3.475397
60.800000  70.762754  3.241825
60.900000  70.803385  6.371083
61.000000  66.816748  3.737592
61.100000  67.755383  3.737073
61.200000  69.351667  2.205791
61.300000  72.590942  2.434509
61.400000  73.103679  4.092185
61.500000  76.578282  13.628035
61.600000  77.590893  10.636248
61.700000  74.457866  5.975288
61.800000  78.770237  6.705518
61.900000  73.211653  0.668965
62.000000  68.297909  1.293600
62.100000  65.782912  3.421434
62.200000  66.293335  0.988950
62.300000  70.113401  1.606482
62.400000  69.653035  1.845341
62.500000  71.163061  0.411701
62.600000  69.940898  3.861618
62.700000  70.223896  1.525666
62.800000  71.300869  1.755464
62.900000  70.968354  3.486022
63.000000  69.523696  5.349428
63.100000  71.656261  3.173455
63.200000  70.379833  1.285090
63.300000  70.965236  1.420911
63.400000  69.488864  2.974045
63.500000  70.029409  3.463826
63.600000  70.267560  1.750762
63.700000  71.170417  1.143013
63.800000  69.766850  5.079392
63.900000  70.858463  0.802157
64.000000  69.658770  4.552899
64.100000  68.636469  1.158931
64.200000  69.763284  3.874957
64.300000  69.993842  2.456121
64.400000  70.972631  1.858259
64.500000  68.454292  1.520002
64.600000  69.805656  1.354724
64.700000  67.698993  2.772090
64.800000  69.873486  2.693636
64.900000  71.757481  0.865466
65.000000  70.336351  0.579828
65.100000  69.325642  0.404711
65.200000  71.093543  4.923730
65.300000  69.777780  1.831469
65.400000  72.660647  0.847033
65.500000  68.157967  0.780799
65.600000  69.993263  0.613703
65.700000  71.363832  1.692367
65.800000  70.404143  4.689592
65.900000  72.559451  2.605227
66.000000  69.793036  1.336441
66.100000  71.162364  2.774274
66.200000  73.251072  4.730547
66.300000  71.239220  0.827122
66.400000  74.179077  1.069799
66.500000  68.330307  1.490380
66.600000  71.548815  2.833634
66.700000  69.781905  0.499770
66.800000  71.767472  0.752837
66.900000  72.147394  2.389627
67.000000  70.987922  2.351527
67.100000  69.494445  3.291588
67.200000  68.475472  3.267101
67.300000  73.112507  4.657753
67.400000  69.741556  0.743024
67.500000  72.938874  6.449586
67.600000  72.957279  5.971343
67.700000  72.317851  1.467817
67.800000  71.489536  1.699202
67.900000  70.071041  2.015604
68.000000  71.202306  0.470061
68.100000  70.424476  1.620089
68.200000  69.512787  0.974047
68.300000  70.608024  2.151143
68.400000  69.601258  0.266872
68.500000  70.413890  2.070792
68.600000  67.089164  0.200806
68.700000  70.474475  2.637817
68.800000  71.739039  3.122832
68.900000  66.620272  0.479613
69.000000  68.206202  0.044394
69.100000  66.223200  1.347300
69.200000  69.521366  4.397670
69.300000  70.033200  2.915970
69.400000  73.224333  0.148563
69.500000  74.468222  1.838920
69.600000  69.589318  0.228442
69.700000  71.475521  5.258783
69.800000  74.800163  3.331488
69.900000  73.250457  1.193221
70.000000  71.128308  0.152763
70.100000  73.429701  2.762491
70.200000  75.364025  1.457180
70.300000  71.972464  2.015730
70.400000  70.112377  2.410316
70.500000  71.446685  1.114547
70.600000  72.123655  5.111891
70.700000  67.291207  3.126562
70.800000  70.757189  0.939844
70.900000  71.562701  3.120732
71.000000  73.831277  4.317302
71.100000  73.036977  2.159276
71.200000  73.506676  1.796067
71.300000  73.238277  0.718075
71.400000  71.385604  4.463805
71.500000  74.473227  4.211909
71.600000  73.347735  1.774898
71.700000  74.250524  4.411897
71.800000  69.476768  3.404071
71.900000  70.159743  1.216468
72.000000  74.158231  2.558598
72.100000  73.274371  1.059520
72.200000  71.388491  2.286232
72.300000  72.721094  2.754203
72.400000  74.305864  3.427370
72.500000  70.784102  7.122974
72.600000  72.596322  0.149844
72.700000  73.155812  2.185523
72.800000  70.045340  4.983427
72.900000  71.800240  0.690019
73.000000  73.316248  0.621255
73.100000  71.958215  4.285713
73.200000  72.965403  1.779496
73.300000  73.620889  2.506924
73.400000  71.599599  1.757609
73.500000  72.599395  5.294830
73.600000  71.713876  1.275239
73.700000  71.175976  2.914015
73.800000  68.594281  3.485059
73.900000  73.723075  2.264186
74.000000  72.567388  6.342200
74.100000  73.922452  5.881619
74.200000  70.332837  5.190651
74.300000  76.638418  3.622847
74.400000  72.647472  4.709268
74.500000  71.949748  4.292193
74.600000  71.599984  7.301994
74.700000  70.930502  3.086196
74.800000  74.296021  1.929190
74.900000  71.263125  1.757440
75.000000  71.248410  2.607693
75.100000  69.982608  2.883915
75.200000  69.793151  0.842241
75.300000  74.267066  5.878148
75.400000  74.207983  3.731306
75.500000  72.365862  1.607657
75.600000  71.278250  3.834847
75.700000  71.768107  1.796176
75.800000  73.676777  1.728839
75.900000  73.365750  6.159908
76.000000  72.350777  2.289028
76.100000  74.232022  8.560204
76.200000  72.785864  6.923282
76.300000  73.218624  5.051902
76.400000  68.270046  4.727539
76.500000  72.960706  1.474009
76.600000  73.397008  2.374219
76.700000  71.993787  3.001803
76.800000  71.525430  2.858401
76.900000  73.876678  5.311447
77.000000  70.827223  2.706475
77.100000  71.906018  0.889202
77.200000  70.817939  0.851009
77.300000  73.821305  3.034875
77.400000  72.668230  1.684327
77.500000  71.839136  2.703225
77.600000  73.374280  5.003316
77.700000  72.991640  2.904967
77.800000  74.995264  8.903650
77.900000  76.691281  2.933461
78.000000  72.404414  10.621567
78.100000  71.587957  4.918496
78.200000  74.133771  4.838293
78.300000  73.719743  8.098444
78.400000  72.623259  4.433168
78.500000  71.229028  6.406491
78.600000  72.201444  3.933113
78.700000  72.601920  5.358580
78.800000  67.479104  0.825607
78.900000  75.775841  6.758591
79.000000  71.664098  4.188195
79.100000  70.830165  8.017380
79.200000  73.807637  2.886423
79.300000  72.129219  5.588116
79.400000  72.148710  5.817363
79.500000  72.177960  4.583556
79.600000  70.455473  0.596114
79.700000  71.892636  3.585475
79.800000  72.192019  3.598839
79.900000  73.458065  2.185000
80.000000  73.638702  6.330650
80.100000  70.535381  5.104036
80.200000  71.804108  5.472446
80.300000  70.847208  5.138549
80.400000  70.313304  4.115449
80.500000  69.696381  1.343956
80.600000  71.739499  2.001777
80.700000  69.142397  1.375574
80.800000  71.344752  5.364059
80.900000  72.832401  2.521689
81.000000  74.796790  11.950622
81.100000  74.966058  9.165385
81.200000  75.471018  8.919583
81.300000  73.982335  7.851226
81.400000  74.466588  6.828878
81.500000  74.038898  5.792760
81.600000  76.546860  6.577589
81.700000  76.977050  7.857180
81.800000  74.171697  7.934425
81.900000  72.180507  5.165288
82.000000  71.464125  5.801510
82.100000  74.648513  1.698663
82.200000  71.430385  3.640354
82.300000  71.070476  0.284233
82.400000  70.679583  3.279097
82.500000  71.116207  5.206208
82.600000  68.986647  10.289400
82.700000  71.472168  4.585807
82.800000  69.663482  4.654732
82.900000  72.524451  6.877869
83.000000  74.391244  3.462110
83.100000  70.773331  1.437671
83.200000  71.864367  3.477754
83.300000  71.349611  1.480646
83.400000  72.228564  2.781410
83.500000  72.036776  1.757537
83.600000  70.743836  3.027773
83.700000  71.842679  1.439428
83.800000  73.288707  2.325675
83.900000  77.614720  9.232381
84.000000  77.127778  8.160584
84.100000  74.638220  7.056255
84.200000  75.486660  5.522676
84.300000  74.527017  6.833420
84.400000  76.158071  5.466780
84.500000  72.819912  5.105947
84.600000  76.031353  2.396494
84.700000  75.504682  5.787976
84.800000  72.747715  4.754307
84.900000  74.531565  4.534532
85.000000  79.199364  5.435013
85.100000  71.856223  2.262103
85.200000  73.845566  6.476087
85.300000  71.087254  6.646992
85.400000  73.145917  3.827991
85.500000  73.062652  6.468016
85.600000  74.769086  2.489748
85.700000  73.592634  3.749409
85.800000  73.553155  2.743349
85.900000  72.093650  2.487915
86.000000  72.400135  1.433993
86.100000  74.123263  4.311101
86.200000  74.075820  1.254267
86.300000  76.713954  0.597857
86.400000  71.623466  0.643054
86.500000  70.447756  1.373588
86.600000  75.798154  1.597691
86.700000  75.018289  1.571789
86.800000  75.324909  3.993980
86.900000  74.399407  2.756615
87.000000  77.033202  1.729571
87.100000  72.490931  3.062704
87.200000  76.643782  2.856157
87.300000  72.305423  2.762997
87.400000  69.838717  2.042400
87.500000  66.844312  1.938998
87.600000  70.993082  1.136132
87.700000  68.934142  0.111985
87.800000  69.290198  2.742169
87.900000  70.139199  5.149478
88.000000  69.885570  2.325393
88.100000  71.544823  0.637708
88.200000  77.353617  0.828372
88.300000  76.317365  2.219081
88.400000  75.891083  1.906476
88.500000  76.627803  2.987982
88.600000  76.113979  6.769924
88.700000  80.340403  9.887372
88.800000  74.748958  4.652942
88.900000  76.240325  8.941196
89.000000  73.853908  2.892692
89.100000  68.295836  3.331815
89.200000  66.509227  2.735361
89.300000  73.274487  10.246546
89.400000  71.738535  6.813028
89.500000  73.078213  3.039030
89.600000  74.523687  4.690061
89.700000  76.586119  5.226225
89.800000  73.625210  9.193954
89.900000  75.031949  7.687635
90.000000  70.356764  4.252736
90.100000  73.794556  8.293368
90.200000  69.859277  0.806293
90.300000  70.476650  8.443981
90.400000  72.441643  11.732577
90.500000  74.734188  10.921421
90.600000  73.817098  4.887271
90.700000  77.216455  13.428580
90.800000  72.572713  9.041250
90.900000  77.019532  15.140230
91.000000  74.814042  9.784339
91.100000  73.932443  10.323025
91.200000  74.105424  8.942149
91.300000  74.501099  6.359305
91.400000  73.659048  5.766383
91.500000  74.372062  8.073605
91.600000  77.691799  8.785761
91.700000  77.027771  8.491752
91.800000  76.253440  8.777814
91.900000  75.391911  7.320023
92.000000  78.878157  11.311458
92.100000  73.338191  6.133359
92.200000  76.938985  7.070663
92.300000  75.708945  8.285222
92.400000  75.722944  9.182590
92.500000  72.715985  9.053099
92.600000  73.306218  4.331052
92.700000  74.062991  3.113371
92.800000  73.261467  5.453886
92.900000  77.035754  14.773837
93.000000  75.291207  12.611785
93.100000  71.964036  12.275374
93.200000  73.022233  10.083070
93.300000  75.773823  10.686834
93.400000  71.788626  11.084309
93.500000  74.638700  6.006550
93.600000  72.281630  10.000770
93.700000  73.607689  7.712525
93.800000  76.326431  5.536756
93.900000  74.363413  7.662599
94.000000  75.214357  4.350177
94.100000  74.715600  6.735216
94.200000  78.495765  7.401620
94.300000  72.739385  6.890732
94.400000  75.432030  8.709634
94.500000  73.166672  9.201882
94.600000  73.064747  12.321568
94.700000  73.743985  17.012030
94.800000  71.509319  9.365247
94.900000  75.590433  15.308458
95.000000  72.793207  11.073819
95.100000  72.673012  8.298315
95.200000  71.077557  14.161326
95.300000  73.186598  7.946473
95.400000  76.340259  14.631038
95.500000  74.253222  10.179365
95.600000  74.864411  11.183983
95.700000  73.292867  1.395948
95.800000  73.689029  8.606862
95.900000  74.052738  13.522738
96.000000  73.982013  7.316399
96.100000  71.660221  7.132656
96.200000  73.628379  9.543739
96.300000  71.870061  14.006633
96.400000  73.367146  4.940175
96.500000  75.377280  7.135564
96.600000  76.526298  7.983657
96.700000  72.727646  9.882034
96.800000  75.314322  10.081434
96.900000  73.596832  9.332022
97.000000  76.015811  0.632617
97.100000  71.934523  1.531625
97.200000  72.320489  3.214126
97.300000  74.319026  1.719489
97.400000  72.923184  6.012974
97.500000  75.168280  6.697126
97.600000  75.798146  10.643817
97.700000  74.399760  8.621699
97.800000  73.090195  3.936689
97.900000  77.048282  7.316150
98.000000  73.835776  6.902986
98.100000  75.539579  7.313828
98.200000  73.833357  8.146014
98.300000  73.793093  4.810780
98.400000  75.659415  8.289161
98.500000  72.117369  7.814421
98.600000  69.684470  7.484186
98.700000  74.439739  4.767289
98.800000  73.886906  4.904874
98.900000  71.348241  3.849829
99.000000  75.133482  4.398757
99.100000  71.607000  3.522582
99.200000  70.270091  1.206384
99.300000  71.881738  3.057025
99.400000  72.153231  4.440409
99.500000  70.350152  2.286232
99.600000  69.614291  5.490925
99.700000  72.037205  4.734470
99.800000  72.970140  3.690152
99.900000  69.656192  4.471419
100.000000  71.939092  2.075326
100.100000  71.726075  4.168401
100.200000  72.888598  3.418142
100.300000  72.487702  4.409698
100.400000  71.559754  1.916413
100.500000  70.661012  0.442617
100.600000  69.166400  5.000712
100.700000  68.806237  4.787608
100.800000  71.716951  7.306640
100.900000  71.089393  8.720967
101.000000  74.812905  11.830251
101.100000  73.211184  14.660615
101.200000  72.878967  12.003884
101.300000  74.183649  12.017968
101.400000  75.504517  13.621887
101.500000  73.627745  13.446662
101.600000  75.025638  10.315510
101.700000  71.530511  3.863045
101.800000  71.308783  2.417914
101.900000  72.630291  9.417856
102.000000  74.382545  9.933114
102.100000  70.611393  10.834282
102.200000  71.160449  10.341449
102.300000  71.734039  8.501852
102.400000  70.769292  3.991384
102.500000  70.773191  8.017247
102.600000  76.755140  13.918779
102.700000  72.916622  7.507018
102.800000  71.164606  4.928859
102.900000  72.217365  7.526766
103.000000  71.477721  4.376946
103.100000  69.573645  5.662855
103.200000  71.241650  6.520701
103.300000  69.659281  8.131393
103.400000  65.761077  9.348191
103.500000  64.017618  5.108674
103.600000  66.756112  4.591073
103.700000  68.329252  1.250190
103.800000  66.267006  4.024916
103.900000  70.247254  6.905862
104.000000  71.701988  6.360601
104.100000  71.053528  8.289674
104.200000  65.225661  9.278765
104.300000  68.664667  7.902228
104.400000  72.242646  12.655437
104.500000  72.318112  15.863512
104.600000  72.433164  9.795402
104.700000  71.600088  6.682717
104.800000  67.792806  6.396194
104.900000  70.909357  6.195486
105.000000  71.718503  8.409717
105.100000  73.919375  10.130980
105.200000  71.581854  8.516442
105.300000  69.808041  4.643084
105.400000  71.936786  3.975278
105.500000  71.308609  9.086585
105.600000  74.016624  9.859086
105.700000  70.689107  2.135578
105.800000  71.399670  6.220108
105.900000  69.255148  3.275577
106.000000  72.169939  6.095371
106.100000  71.913280  0.458302
106.200000  72.436779  5.936373
106.300000  71.439794  2.182842
106.400000  69.332347  6.586172
106.500000  69.410372  4.470195
106.600000  72.140340  4.409013
106.700000  69.003608  0.917430
106.800000  68.112586  1.685449
106.900000  70.098710  0.097384
107.000000  71.840901  0.659407
107.100000  70.447670  3.689301
107.200000  72.153349  6.048229
107.300000  73.747350  6.328877
107.400000  73.121044  3.508456
107.500000  73.113990  4.143055
107.600000  75.373525  3.287459
107.700000  73.848414  6.767115
107.800000  72.487990  9.603310
107.900000  71.599215  4.787293
108.000000  71.876113  3.331546
108.100000  74.967930  6.548288
108.200000  71.056457  5.185351
108.300000  72.810062  5.652629
108.400000  72.133415  2.892216
108.500000  68.093935  8.834289
108.600000  69.745208  3.491584
108.700000  66.642541  4.872895
108.800000  69.633122  5.782355
108.900000  69.211364  4.140913
109.000000  70.372647  10.788740
109.100000  71.896590  6.021190
109.200000  72.563423  5.621271
109.300000  73.024661  4.300987
109.400000  71.958167  11.721577
109.500000  70.833914  7.663141
109.600000  69.795634  13.739320
109.700000  72.301785  1.308533
109.800000  69.753116  5.811466
109.900000  72.990758  7.733987
110.000000  76.383066  3.061012
110.100000  72.460557  13.237046
110.200000  69.110106  6.902965
110.300000  68.606687  8.188107
110.400000  70.889390  9.697870
110.500000  69.481894  11.931310
110.600000  73.984657  3.594598
110.700000  73.106399  12.020195
110.800000  76.224467  6.942589
110.900000  71.621568  8.471023
111.000000  69.015495  7.018895
111.100000  72.701687  6.950605
111.200000  67.743389  7.792170
111.300000  74.371037  7.334138
111.400000  74.351701  4.851034
111.500000  75.551288  6.299886
111.600000  76.868102  8.101454
111.700000  76.337432  12.288814
111.800000  77.742747  7.168608
111.900000  76.945789  8.674106
112.000000  73.038453  8.161817
112.100000  72.523970  7.622887
112.200000  74.521619  10.188099
112.300000  73.506358  8.570124
112.400000  72.476772  7.029575
112.500000  75.053051  7.460735
112.600000  74.208203  7.487722
112.700000  77.766381  12.483706
112.800000  75.511382  9.611637
112.900000  74.323445  5.633684
113.000000  75.848656  4.832897
113.100000  71.956981  9.290074
113.200000  75.332382  10.032425
113.300000  75.284601  10.662494
113.400000  73.724946  13.191519
113.500000  74.945179  4.573893
113.600000  74.752603  1.515515
113.700000  77.860957  9.469803
113.800000  77.312959  6.650399
113.900000  74.044747  5.539757
114.000000  77.613904  11.761269
114.100000  75.224450  9.995124
114.200000  75.933310  3.274341
114.300000  74.784712  5.474808
114.400000  73.355024  8.158020
114.500000  77.179163  9.428126
114.600000  75.983824  11.586017
114.700000  77.247331  11.517563
114.800000  76.584983  11.193154
114.900000  76.271323  12.186000
115.000000  74.667648  13.174830
115.100000  73.896669  13.965930
115.200000  72.466704  3.958590
115.300000  75.910052  13.883333
115.400000  74.031323  9.031936
115.500000  73.452247  11.901227
115.600000  74.025361  9.423357
115.700000  72.851311  12.887452
115.800000  75.521524  14.096833
115.900000  74.414882  9.664886
116.000000  71.261520  4.348220
116.100000  73.894335  7.600800
116.200000  72.235370  5.391792
116.300000  71.410649  3.613603
116.400000  71.389941  9.933500
116.500000  77.512168  11.685676
116.600000  74.536336  13.457262
116.700000  69.391527  9.207891
116.800000  69.762384  11.132334
116.900000  69.801020  2.826147
117.000000  71.416846  5.552144
117.100000  71.762501  3.204008
117.200000  68.613778  7.392729
117.300000  66.747019  7.738983
117.400000  70.942684  6.502583
117.500000  70.152850  8.125535
117.600000  66.727863  6.190730
117.700000  69.159901  5.157402
117.800000  68.348897  4.804310
117.900000  72.403536  3.220765
118.000000  70.309579  2.954554
118.100000  71.445864  7.352679
118.200000  70.900419  2.685601
118.300000  71.108097  7.200059
118.400000  69.304862  7.472410
118.500000  69.069303  5.706363
118.600000  70.966912  7.997014
118.700000  69.842945  3.233905
118.800000  69.625984  5.455402
118.900000  70.772137  4.639190
119.000000  69.696204  5.609832
119.100000  69.846745  6.395632
119.200000  69.887880  5.676906
119.300000  70.270293  4.127238
119.400000  69.255071  5.886136
119.500000  68.888132  5.892143
119.600000  70.447609  9.831499
119.700000  68.722954  8.627278
119.800000  70.222058  9.654308
119.900000  65.054837  11.176772
120.000000  69.398846  7.805888
120.100000  68.892810  8.484108
120.200000  70.799481  5.776827
120.300000  68.542391  4.578562
120.400000  68.321019  5.907067
120.500000  70.212352  5.202407
120.600000  71.542157  3.858636
120.700000  68.711723  11.127110
120.800000  67.598118  5.881771
120.900000  67.750705  6.120822
121.000000  67.985884  3.297614
121.100000  70.093868  4.562824
121.200000  72.378646  3.973305
121.300000  70.369202  4.738453
121.400000  70.571854  5.946249
121.500000  69.174346  2.725342
121.600000  67.057008  6.622692
121.700000  69.453195  5.191683
121.800000  72.311940  6.726756
121.900000  71.448804  4.788411
122.000000  70.078350  4.966207
122.100000  73.216934  5.045225
122.200000  72.954185  3.656278
122.300000  74.364389  0.634222
122.400000  71.142468  1.715592
122.500000  71.557710  0.455554
122.600000  72.654915  3.691367
122.700000  69.509223  5.265620
122.800000  73.213279  3.127644
122.900000  72.475793  2.611376
123.000000  72.912812  4.627870
123.100000  71.061297  5.059308
123.200000  72.347919  4.552478
123.300000  73.970893  0.150590
123.400000  72.180487  8.125725
123.500000  74.828045  0.040570
123.600000  73.335096  6.844538
123.700000  69.900893  5.003238
123.800000  70.094805  8.189284
123.900000  71.256715  2.887770
124.000000  71.037678  6.562021
124.100000  71.060980  4.802838
124.200000  69.950328  8.187533
124.300000  70.412056  2.095206
124.400000  70.727131  3.730023
124.500000  71.168590  3.701884
124.600000  71.928315  0.775463
124.700000  71.444636  2.526595
124.800000  74.625270  2.852529
124.900000  73.729894  2.023098
125.000000  72.332887  2.946839
125.100000  69.404752  2.960696
125.200000  69.849197  1.535813
125.300000  70.226682  5.372677
125.400000  69.750859  6.881252
125.500000  72.910969  3.597368
125.600000  71.016244  5.080045
125.700000  67.489913  4.443991
125.800000  70.093910  2.408218
125.900000  70.963762  4.950334
126.000000  72.137619  4.993248
126.100000  69.539353  0.113805
126.200000  72.089911  1.479325
126.300000  71.528334  1.325093
126.400000  71.439083  1.839807
126.500000  72.956654  0.961496
126.600000  72.785180  1.870919
126.700000  68.924385  1.690041
126.800000  71.077782  2.383430
126.900000  75.053971  1.372581
127.000000  74.710580  0.802522
127.100000  70.567908  2.678893
127.200000  72.512166  2.177673
127.300000  73.906055  1.476002
127.400000  71.938035  0.115968
127.500000  72.095676  3.623958
127.600000  73.108668  2.703903
127.700000  73.884809  9.026274
127.800000  73.685862  8.763070
127.900000  70.922504  7.864901
128.000000  74.077961  5.985584
128.100000  74.816012  7.740203
128.200000  73.445891  6.949775
128.300000  75.024151  6.927759
128.400000  76.928523  8.106716
128.500000  75.594604  12.314538
128.600000  74.560076  13.362386
128.700000  76.764682  11.236374
128.800000  73.875554  12.304941
128.900000  73.124069  5.514201
129.000000  74.611290  13.182662
129.100000  70.493944  4.780825
129.200000  70.973678  3.235705
129.300000  71.273402  3.815572
129.400000  73.144238  9.958204
129.500000  70.631322  6.989908
129.600000  69.596398  3.029253
129.700000  69.464592  2.150868
129.800000  71.596111  4.073698
129.900000  74.614384  1.105453
130.000000  77.087290  6.996223
130.100000  75.657317  5.877392
130.200000  72.977687  4.604192
130.300000  73.627104  4.033244
130.400000  77.329317  4.874539
130.500000  79.005158  5.902696
130.600000  74.291623  2.523678
130.700000  73.027822  6.523269
130.800000  77.378603  7.067031
130.900000  76.229636  4.553924
131.000000  77.136288  1.170491
131.100000  74.977112  5.894373
131.200000  75.002536  3.873582
131.300000  72.302028  6.549787
131.400000  71.399638  9.412459
131.500000  74.732190  8.577451
131.600000  74.666244  3.807317
131.700000  74.859036  6.497991
131.800000  71.989002  6.589045
131.900000  72.675265  10.473060
132.000000  72.087318  5.695030
132.100000  71.552429  4.209308
132.200000  71.999358  4.494789
132.300000  71.739539  8.346741
132.400000  68.991743  7.100100
132.500000  73.234260  10.252155
132.600000  72.382533  13.298598
132.700000  73.585351  8.429469
132.800000  71.116071  11.543218
132.900000  70.587066  15.659590
133.000000  69.438715  7.940188
133.100000  69.133055  12.571683
133.200000  70.129621  6.605908
133.300000  68.664819  8.547261
133.400000  68.870962  12.741414
133.500000  71.102748  3.804123
133.600000  70.743660  7.512341
133.700000  68.880679  8.821209
133.800000  70.404970  5.342991
133.900000  69.059749  9.329102
134.000000  74.124919  9.279907
134.100000  68.813649  9.395116
134.200000  68.450969  6.416270
134.300000  66.918125  7.542074
134.400000  69.395689  8.520723
134.500000  69.949685  6.673081
134.600000  70.039924  11.191636
134.700000  69.983368  12.836880
134.800000  69.109105  4.367280
134.900000  68.868941  8.861285
135.000000  72.878360  11.540069
135.100000  70.791783  6.976673
135.200000  69.674068  6.173365
135.300000  67.159649  6.512000
135.400000  66.321445  10.867111
135.500000  69.657773  9.450929
135.600000  68.224537  9.597939
135.700000  70.860563  6.876979
135.800000  68.424981  8.925806
135.900000  67.707490  7.492721
136.000000  68.875548  6.245116
136.100000  70.850263  8.676443
136.200000  69.063621  5.613668
136.300000  70.055709  2.631923
136.400000  69.275770  5.660509
136.500000  67.874819  12.913238
136.600000  66.027784  6.098549
136.700000  66.034908  12.233434
136.800000  68.727250  11.987606
136.900000  67.537109  6.979034
137.000000  69.678866  6.177315
137.100000  66.600772  9.509236
137.200000  70.644579  12.302947
137.300000  70.113689  3.739212
137.400000  69.965902  4.224539
137.500000  70.733338  10.380743
137.600000  67.847919  3.131777
137.700000  70.595987  11.587481
137.800000  69.092730  6.546818
137.900000  68.995274  6.563596
138.000000  68.015071  7.466796
138.100000  65.657596  6.291515
138.200000  68.207226  4.400020
138.300000  72.826349  5.207530
138.400000  69.682117  6.786293
138.500000  66.230178  6.516594
138.600000  65.837809  5.742675
138.700000  68.753134  2.792217
138.800000  67.402014  8.681948
138.900000  65.426432  9.492383
139.000000  70.282843  10.093889
139.100000  69.187394  7.266597
139.200000  66.423174  13.512339
139.300000  68.643822  13.438054
139.400000  71.486050  10.949659
139.500000  69.885108  4.120133
139.600000  67.172181  7.593777
139.700000  67.926573  9.720697
139.800000  70.479696  8.070613
139.900000  71.048249  8.647030
140.000000  68.102631  10.532761
140.100000  67.947046  9.441104
140.200000  69.181292  11.041516
140.300000  69.619299  10.569699
140.400000  68.511013  10.914179
140.500000  72.505640  8.685734
140.600000  70.232936  8.700942
140.700000  69.156418  9.701319
140.800000  70.420737  7.985931
140.900000  69.448300  13.309407
141.000000  68.732646  8.849601
141.100000  67.740820  10.080108
141.200000  71.875987  5.874179
141.300000  68.578228  8.740395
141.400000  67.621927  9.278543
141.500000  68.381112  8.069206
141.600000  71.115769  7.904165
141.700000  68.539316  8.800513
141.800000  66.366929  8.637327
141.900000  70.939352  6.661454
142.000000  73.647744  7.643317
142.100000  70.132660  12.123139
142.200000  69.374052  11.942225
142.300000  69.534559  11.478489
142.400000  68.505378  13.874390
142.500000  71.181953  8.321152
142.600000  67.968724  10.451206
142.700000  70.865867  6.875543
142.800000  69.265638  9.944939
142.900000  67.052109  6.807693
143.000000  72.011594  10.849243
143.100000  69.171828  7.471753
143.200000  70.402496  9.963770
143.300000  68.506625  2.849237
143.400000  69.514689  4.751107
143.500000  67.815008  9.482368
143.600000  69.129830  7.307384
143.700000  67.946870  9.165898
143.800000  71.193922  7.607327
143.900000  71.361592  3.236176
144.000000  67.257112  9.633555
144.100000  68.330986  5.959262
144.200000  67.921841  12.172150
144.300000  72.166831  10.779223
144.400000  67.850124  4.359990
144.500000  69.457757  9.874068
144.600000  68.205989  11.812901
144.700000  71.012517  12.171092
144.800000  73.160684  8.165981
144.900000  69.306656  10.604079
145.000000  70.010575  8.191376
145.100000  67.429269  7.480864
145.200000  71.368179  11.210227
145.300000  72.473635  9.053300
145.400000  71.694507  8.517974
145.500000  68.275565  13.981472
145.600000  70.920047  11.581641
145.700000  70.311875  10.030967
145.800000  69.304612  8.111138
145.900000  72.689000  9.680416
146.000000  71.240235  9.166412
146.100000  70.900846  10.814816
146.200000  68.035618  12.412987
146.300000  68.190269  10.762799
146.400000  69.482023  8.527569
146.500000  71.795859  10.396147
146.600000  69.997273  11.814998
146.700000  72.407291  12.305847
146.800000  70.858784  10.928361
146.900000  70.276443  15.060126
147.000000  70.557491  13.881765
147.100000  69.583616  14.428280
147.200000  66.630441  11.875942
147.300000  69.221679  10.359718
147.400000  74.369258  12.830170
147.500000  70.606491  5.317451
147.600000  67.633717  8.833215
147.700000  67.072105  9.211515
147.800000  70.169934  10.151404
147.900000  71.208371  5.329378
148.000000  69.747318  6.672129
148.100000  70.215906  8.234274
148.200000  68.842065  13.240056
148.300000  69.161211  11.508887
148.400000  72.738987  7.776235
148.500000  68.053945  9.722348
148.600000  70.621936  10.350411
148.700000  70.237426  3.541761
148.800000  70.001104  8.355925
148.900000  69.453276  7.337825
149.000000  71.217478  5.374537
149.100000  70.838008  9.911454
149.200000  72.918048  10.090327
149.300000  70.909805  10.200298
149.400000  68.278680  9.212693
149.500000  71.955180  7.502131
149.600000  65.466375  7.593633
149.700000  69.488200  9.105646
149.800000  71.711174  9.269903
149.900000  69.919146  8.974560
150.000000  68.277040  4.342645
150.100000  68.530394  5.057708
150.200000  71.948600  7.209939
150.300000  68.955114  6.615643
150.400000  67.484234  5.552898
150.500000  68.734946  8.448479
150.600000  71.198906  9.509445
150.700000  67.093677  6.561656
150.800000  72.307485  11.387021
150.900000  71.981346  9.095611
151.000000  69.628434  9.431117
151.100000  69.157235  13.014825
151.200000  70.626520  7.739246
151.300000  68.524863  7.736167
151.400000  68.281549  8.514706
151.500000  69.276655  5.266075
151.600000  69.400677  9.298694
151.700000  69.210455  10.267941
151.800000  70.434995  14.695256
151.900000  71.595748  18.018494
152.000000  72.363671  11.964590
152.100000  69.983424  11.150704
152.200000  75.021346  12.065306
152.300000  75.204028  14.622555
152.400000  74.161085  10.826544
152.500000  74.943616  7.049096
152.600000  70.877928  6.799613
152.700000  72.803801  5.548689
152.800000  73.754527  10.671274
152.900000  70.198795  3.579845
153.000000  70.863098  5.336658
153.100000  68.867197  5.317738
153.200000  72.058014  5.063482
153.300000  70.082434  5.225772
153.400000  69.491524  12.243924
153.500000  71.809348  5.873619
153.600000  71.584202  8.382117
153.700000  70.295109  9.075825
153.800000  68.216528  9.371809
153.900000  71.133843  9.990480
154.000000  71.666357  8.334439
154.100000  65.206347  8.921204
154.200000  71.037097  10.377724
154.300000  70.704391  7.971351
154.400000  69.491687  13.751795
154.500000  69.654990  8.656883
154.600000  71.930015  11.060678
154.700000  69.550251  11.862313
154.800000  67.441686  9.347085
154.900000  67.077773  11.021662
155.000000  69.713837  19.300306
155.100000  68.466403  9.419193
155.200000  67.046479  10.993910
155.300000  68.120180  11.339395
155.400000  70.424425  7.321962
155.500000  70.253582  10.721500
155.600000  66.831392  14.832972
155.700000  66.713335  11.657000
155.800000  69.328966  10.744315
155.900000  69.607171  7.764982
156.000000  69.843533  14.549329
156.100000  69.122320  7.618515
156.200000  68.603243  6.329753
156.300000  70.079779  7.887129
156.400000  68.027929  10.308674
156.500000  71.456538  8.407539
156.600000  69.119413  5.839303
156.700000  67.812285  12.548725
156.800000  70.031195  9.640709
156.900000  69.493386  4.269879
157.000000  73.198864  12.587896
157.100000  72.162793  6.201668
157.200000  69.580442  9.868770
157.300000  67.764474  14.926499
157.400000  70.958412  13.113589
157.500000  70.621801  6.727607
157.600000  71.706372  10.134802
157.700000  69.574050  3.880366
157.800000  68.911479  5.629867
157.900000  66.799219  0.987445
158.000000  68.172869  8.007311
158.100000  62.907794  7.748390
158.200000  70.510177  8.245352
158.300000  71.299598  6.785920
158.400000  72.367060  3.591736
158.500000  73.089970  9.243453
158.600000  71.669395  1.426708
158.700000  71.210859  7.551609
158.800000  71.502677  8.085236
158.900000  72.395905  11.035769
159.000000  70.435532  2.977492
159.100000  68.104277  4.729850
159.200000  71.978897  1.578064
159.300000  71.221951  8.728254
159.400000  71.835016  7.913395
159.500000  75.581647  5.783506
159.600000  70.643628  3.418472
159.700000  71.314787  6.232474
159.800000  71.400879  2.990367
159.900000  72.317254  3.805821
160.000000  73.402695  7.910408
160.100000  71.840109  6.012130
160.200000  71.220609  4.651584
160.300000  72.231007  6.539564
160.400000  71.609587  6.311094
160.500000  69.932554  3.127936
160.600000  71.111603  2.335930
160.700000  70.125439  1.078142
160.800000  74.212298  8.253181
160.900000  72.043472  0.043068
161.000000  72.025423  7.536222
161.100000  71.589388  1.459032
161.200000  74.544214  9.297696
161.300000  74.017666  5.846821
161.400000  76.475266  4.888091
161.500000  69.545697  2.796611
161.600000  71.659132  9.392032
161.700000  71.970324  6.278068
161.800000  73.334590  10.737481
161.900000  67.620439  11.882277
162.000000  68.394724  11.314177
162.100000  70.226546  10.157816
162.200000  75.286767  10.851145
162.300000  70.180813  8.805985
162.400000  70.086331  10.440896
162.500000  74.846791  9.211317
162.600000  75.750459  13.669528
162.700000  70.916067  9.006305
162.800000  71.885738  5.163244
162.900000  71.504593  4.947422
163.000000  70.898116  4.395825
163.100000  72.654153  4.533486
163.200000  74.548839  4.680031
163.300000  73.607655  7.736292
163.400000  70.195388  4.360711
163.500000  69.528272  3.434481
163.600000  73.726496  8.094876
163.700000  75.439554  9.430127
163.800000  75.040134  7.772036
163.900000  74.120908  8.385040
164.000000  72.114531  11.665904
164.100000  76.402195  10.765642
164.200000  71.929342  11.970428
164.300000  70.941540  5.675808
164.400000  76.150949  7.431839
164.500000  76.976887  7.829931
164.600000  74.197544  6.041005
164.700000  75.774673  9.640885
164.800000  76.139404  7.831548
164.900000  76.142240  7.900020
165.000000  77.072070  11.699244
165.100000  76.495170  9.469525
165.200000  77.859307  6.540956
165.300000  73.664076  8.560915
165.400000  75.892256  8.127025
165.500000  71.949945  12.014828
165.600000  74.742928  14.079591
165.700000  77.077233  6.135423
165.800000  77.013423  9.726592
165.900000  77.620153  9.641559
166.000000  76.705399  6.466915
166.100000  74.996551  11.530151
166.200000  77.494090  8.674154
166.300000  77.855489  7.847241
166.400000  76.225330  7.356136
166.500000  77.751497  8.902277
166.600000  73.568753  10.691945
166.700000  78.284472  12.473149
166.800000  76.123874  9.495811
166.900000  74.156015  11.061961
167.000000  74.055058  9.579045
167.100000  79.093407  11.753853
167.200000  75.691329  3.918499
167.300000  77.318097  12.206445
167.400000  78.492036  12.610492
167.500000  76.284556  12.193814
167.600000  76.363465  13.128229
167.700000  79.365875  13.015519
167.800000  75.054358  12.367134
167.900000  75.851684  8.324846
168.000000  76.421656  7.408587
168.100000  75.180582  9.985764
168.200000  76.475392  7.473397
168.300000  77.425309  5.745417
168.400000  77.598840  9.172077
168.500000  78.421081  9.490525
168.600000  77.245045  10.471417
168.700000  79.930957  10.162302
168.800000  77.641578  10.737692
168.900000  73.662006  10.588617
169.000000  73.024654  8.613141
169.100000  72.942202  6.668713
169.200000  70.604146  6.034716
169.300000  73.835924  2.918926
169.400000  74.516884  9.671372
169.500000  72.780878  8.194271
169.600000  74.667667  7.125835
169.700000  72.444951  1.936848
169.800000  77.287250  5.466790
169.900000  74.634046  2.710015
170.000000  76.000760  0.409591
170.100000  76.445523  2.993409
170.200000  74.056912  7.844819
170.300000  74.254693  8.085823
170.400000  74.180826  5.782598
170.500000  72.499790  4.379715
170.600000  74.081440  3.074903
170.700000  74.187749  4.093141
170.800000  73.344773  6.081425
170.900000  72.266910  0.372481
171.000000  73.873026  2.102856
171.100000  72.926866  3.038600
171.200000  72.825114  2.783464
171.300000  72.386973  5.145625
171.400000  73.373717  0.835907
171.500000  75.189049  3.381063
171.600000  72.198042  1.441554
171.700000  73.910652  0.185517
171.800000  75.116946  4.562634
171.900000  74.813379  0.155137
172.000000  72.359272  1.133562
172.100000  74.381978  4.041460
172.200000  76.332538  1.649875
172.300000  76.190347  2.570897
172.400000  72.072806  0.310917
172.500000  74.693637  4.280899
172.600000  71.836808  5.688313
172.700000  71.496009  5.720550
172.800000  75.691491  5.514229
172.900000  75.090159  4.603539
173.000000  76.201756  6.233899
173.100000  78.671760  8.198443
173.200000  76.671577  9.183691
173.300000  74.289835  11.306053
173.400000  77.819258  2.797948
173.500000  76.827194  7.279664
173.600000  75.577685  6.564146
173.700000  73.912295  0.477244
173.800000  75.957872  3.213849
173.900000  76.960421  0.171924
174.000000  75.496916  2.259541
174.100000  76.900033  6.078571
174.200000  76.657657  6.869546
174.300000  78.708942  7.049365
174.400000  78.964758  8.598076
174.500000  73.547894  5.041674
174.600000  75.700771  6.570383
174.700000  75.118893  5.250109
174.800000  76.646814  11.150257
174.900000  73.569635  7.390571
175.000000  74.202946  10.123319
175.100000  74.243355  6.529192
175.200000  74.784292  5.493474
175.300000  79.171346  6.896577
175.400000  76.058496  4.668335
175.500000  75.581943  5.102082
175.600000  77.350184  1.814142
175.700000  75.287555  5.857739
175.800000  73.320100  10.458228
175.900000  76.085508  7.467018
176.000000  72.532096  5.752093
176.100000  76.211950  7.895979
176.200000  73.319526  4.208023
176.300000  77.927008  10.454037
176.400000  76.179846  7.456461
176.500000  73.356618  4.821956
176.600000  78.509282  7.377798
176.700000  77.008721  3.406783
176.800000  75.731169  7.171819
176.900000  77.638936  7.499499
177.000000  75.559074  4.091948
177.100000  75.181570  6.025093
177.200000  75.823470  9.180877
177.300000  74.842939  7.561205
177.400000  74.554001  5.737663
177.500000  77.313589  7.028419
177.600000  74.549626  8.406897
177.700000  73.522324  6.864815
177.800000  71.522945  4.899231
177.900000  73.424110  4.137399
178.000000  68.937002  1.650463
178.100000  70.661069  0.772735
178.200000  72.883474  2.454444
178.300000  72.037459  3.588554
178.400000  74.623900  2.191812
178.500000  69.852199  3.494384
178.600000  73.186144  6.871182
178.700000  72.301513  5.070857
178.800000  72.581447  7.904460
178.900000  68.775233  2.335500
179.000000  70.234416  5.842965
179.100000  71.352127  6.691968
179.200000  73.193490  3.482104
179.300000  72.791642  5.221849
179.400000  73.337978  7.259716
179.500000  71.023824  7.949543
179.600000  72.845665  2.785555
179.700000  74.223484  4.877035
179.800000  72.307899  3.786001
179.900000  71.107721  3.829633
180.000000  72.514173  8.284039
180.100000  72.295068  8.170770
180.200000  71.364116  4.208549
180.300000  71.315918  6.545812
180.400000  69.657190  4.482344
180.500000  72.853868  6.028988
180.600000  74.625343  4.228799
180.700000  73.092775  3.950603
180.800000  74.286821  2.189707
180.900000  71.791596  4.543247
181.000000  73.616745  2.564984
181.100000  70.021575  2.449125
181.200000  74.759447  10.703629
181.300000  74.251519  6.586188
181.400000  72.634995  2.932001
181.500000  73.903390  3.322444
181.600000  74.767457  4.389425
181.700000  73.065703  2.954404
181.800000  71.195772  0.815951
181.900000  71.593864  0.235558
182.000000  72.904508  1.298726
182.100000  70.837613  0.325845
182.200000  71.144824  4.166601
182.300000  69.652401  1.502115
182.400000  71.303342  3.800026
182.500000  72.085067  5.325554
182.600000  72.813112  5.569816
182.700000  71.064940  3.504842
182.800000  71.966092  1.346039
182.900000  74.575838  1.777413
183.000000  71.766465  0.054290
183.100000  75.685652  3.190213
183.200000  74.981799  2.602214
183.300000  72.285269  1.876928
183.400000  72.028004  8.825330
183.500000  71.071558  2.850759
183.600000  70.779081  4.353652
183.700000  74.507008  1.417654
183.800000  69.335050  3.142797
183.900000  68.009716  4.174316
184.000000  72.734280  1.850158
184.100000  73.099796  6.667349
184.200000  71.836423  5.214677
184.300000  71.942817  7.564527
184.400000  73.608081  7.470754
184.500000  72.706465  10.811260
184.600000  72.145473  6.411387
184.700000  68.855154  3.528432
184.800000  70.077911  2.680658
184.900000  69.484889  6.328783
185.000000  70.862383  6.938783
185.100000  70.414822  5.547738
185.200000  72.655154  1.907217
185.300000  70.065375  4.538093
185.400000  70.489580  3.003652
185.500000  73.393960  6.858704
185.600000  72.556076  2.434076
185.700000  72.831472  3.248642
185.800000  71.297822  1.911120
185.900000  70.089387  2.129670
186.000000  73.870031  6.497668
186.100000  71.569268  5.090262
186.200000  74.908318  3.773967
186.300000  74.067090  6.815708
186.400000  69.109553  3.657292
186.500000  72.142658  7.724401
186.600000  71.693663  5.610454
186.700000  74.807563  7.437078
186.800000  68.979923  8.336992
186.900000  69.631355  6.164139
187.000000  70.590399  6.845612
187.100000  69.810749  4.830266
187.200000  69.610267  6.826958
187.300000  67.723523  2.961412
187.400000  70.726366  0.487793
187.500000  72.290868  7.071570
187.600000  67.959201  3.012365
187.700000  75.322682  2.014755
187.800000  73.664299  0.226674
187.900000  70.507791  5.000425
188.000000  71.393349  4.393874
188.100000  71.598801  3.773438
188.200000  69.752306  3.678175
188.300000  70.487844  6.849878
188.400000  69.705836  2.332496
188.500000  73.939544  0.278316
188.600000  69.428842  6.360087
188.700000  71.306982  5.894302
188.800000  68.922762  10.061661
188.900000  70.157174  6.304532
189.000000  69.753856  4.809669
189.100000  67.836418  11.069132
189.200000  67.511910  4.140715
189.300000  70.886404  2.891618
189.400000  69.107233  8.431204
189.500000  70.430272  7.572579
189.600000  72.450505  8.962138
189.700000  69.672756  4.135332
189.800000  69.439234  4.089375
189.900000  71.944623  10.990614
190.000000  69.361461  6.406411
190.100000  67.496523  6.514414
190.200000  68.892466  6.431328
190.300000  73.128647  10.185590
190.400000  71.611772  3.487309
190.500000  67.981389  5.077941
190.600000  70.864910  6.167078
190.700000  67.588460  3.699857
190.800000  71.245670  0.553889
190.900000  73.376768  5.445022
191.000000  71.142052  4.222881
191.100000  69.103884  4.943958
191.200000  70.214665  2.769256
191.300000  71.232968  4.728922
191.400000  73.183976  7.098232
191.500000  71.026328  6.134827
191.600000  70.765999  2.521618
191.700000  70.846115  8.368276
191.800000  71.259286  11.167932
191.900000  70.140608  6.027331
192.000000  71.114714  5.478991
192.100000  70.096612  8.394220
192.200000  73.406368  2.689521
192.300000  72.441015  3.819407
192.400000  70.572939  8.132058
192.500000  72.044780  7.330527
192.600000  72.460655  2.942214
192.700000  73.926637  7.020103
192.800000  73.373800  7.067039
192.900000  73.546439  7.184117
193.000000  72.818265  6.236510
193.100000  71.469955  3.799966
193.200000  69.989243  5.264713
193.300000  69.445632  6.833786
193.400000  74.619449  3.196822
193.500000  75.056170  5.140792
193.600000  76.248382  1.285431
193.700000  74.201360  5.101227
193.800000  72.193313  3.900076
193.900000  73.132624  3.583337
194.000000  73.711235  8.799457
194.100000  71.463109  10.596117
194.200000  75.614509  4.619916
194.300000  76.335693  4.248796
194.400000  75.328314  12.163598
194.500000  74.408186  6.176984
194.600000  76.364988  11.808098
194.700000  74.211075  9.782187
194.800000  74.379187  10.833009
194.900000  73.519911  11.404531
195.000000  71.586444  8.833054
195.100000  73.249067  9.011778
195.200000  69.604150  10.811999
195.300000  72.524374  8.871707
195.400000  71.718331  9.657224
195.500000  73.497032  8.507707
195.600000  75.072785  2.841624
195.700000  69.433937  3.204985
195.800000  68.473935  5.747039
195.900000  69.005708  0.924470
196.000000  69.475763  2.346465
196.100000  68.926460  0.710649
196.200000  69.924188  7.980399
196.300000  68.703535  3.815073
196.400000  71.288420  0.675001
196.500000  67.505187  2.057022
196.600000  70.141808  3.531761
196.700000  70.282510  3.907795
196.800000  70.566761  4.952478
196.900000  66.536727  3.291122
197.000000  68.906497  0.056212
197.100000  74.327463  1.183922
197.200000  72.507238  2.811254
197.300000  69.070504  0.955467
197.400000  72.191145  4.973149
197.500000  70.197599  2.432607
197.600000  68.457547  3.521537
197.700000  67.535606  5.912054
197.800000  68.041374  1.842616
197.900000  72.287931  3.889992
198.000000  69.650234  6.694620
198.100000  69.989758  5.196369
198.200000  66.394019  3.177870
198.300000  70.720227  3.514343
198.400000  70.106450  4.984313
198.500000  69.062361  5.037137
198.600000  71.238203  7.335339
198.700000  69.839146  2.933528
198.800000  72.018327  1.481300
198.900000  70.359599  9.083064
199.000000  69.774722  2.696094
199.100000  70.630428  1.612317
199.200000  69.432136  2.613815
199.300000  67.760381  3.447954
199.400000  69.870310  1.784609
199.500000  71.143042  3.888862
199.600000  68.945366  6.464599
199.700000  70.233585  0.824653
199.800000  66.816498  2.439443
199.900000  72.546609  2.365280
200.000000  72.710793  6.140165
