# aggregated from 2 replicates
# x  mean  std
0.000000  78.005000  0.000000
0.100000  79.830000  2.868025
0.200000  79.770500  2.269106
0.300000  78.744500  1.768474
0.400000  79.505500  0.975100
0.500000  79.197500  0.531037
0.600000  77.916500  0.550836
0.700000  79.122500  1.243801
0.800000  79.340000  0.155563
0.900000  78.654000  0.038184
1.000000  78.956000  0.035355
1.100000  77.911000  1.726755
1.200000  78.374000  0.958837
1.300000  78.883000  0.347897
1.400000  78.504500  2.138998
1.500000  78.054500  0.852064
1.600000  77.811000  0.654781
1.700000  78.153500  0.689429
1.800000  78.338500  0.070004
1.900000  79.360000  0.530330
2.000000  79.877000  0.714178
2.100000  79.968500  1.156120
2.200000  80.871000  1.497652
2.300000  79.557000  0.739634
2.400000  80.478500  0.819537
2.500000  80.837500  0.830850
2.600000  79.523500  0.020506
2.700000  79.452500  0.292035
2.800000  79.467500  1.376737
2.900000  78.005000  0.063640
3.000000  79.590000  0.091924
3.100000  79.373000  1.185111
3.200000  78.956500  1.921209
3.300000  80.447000  0.152735
3.400000  79.403500  0.347189
3.500000  79.351000  0.383252
3.600000  80.475000  0.222032
3.700000  78.882500  2.686299
3.800000  80.349000  0.745291
3.900000  78.980000  0.486489
4.000000  79.250500  0.508410
4.100000  78.092000  1.742311
4.200000  79.028000  1.186525
4.300000  79.403500  1.421992
4.400000  78.179500  1.109451
4.500000  79.054000  1.921916
4.600000  79.846000  0.090510
4.700000  78.425000  0.104652
4.800000  79.631000  1.015405
4.900000  78.110000  0.274357
5.000000  78.648000  0.072125
5.100000  78.595500  1.112279
5.200000  78.298000  0.076368
5.300000  78.299500  0.180312
5.400000  79.346000  0.766504
5.500000  80.184500  0.406586
5.600000  79.779000  0.660438
5.700000  78.739500  0.210011
5.800000  79.910000  0.438406
5.900000  79.181000  0.090510
6.000000  79.218000  1.086116
6.100000  78.123500  0.017678
6.200000  80.212500  1.079752
6.300000  79.568500  2.612760
6.400000  80.381500  1.550685
6.500000  80.206500  1.700592
6.600000  79.938500  3.703118
6.700000  79.046000  1.053589
6.800000  80.092000  0.912168
6.900000  82.161500  0.200111
7.000000  80.467500  1.059953
7.100000  80.214000  0.012728
7.200000  80.326500  0.446184
7.300000  80.009000  0.346482
7.400000  78.483500  0.122329
7.500000  79.721000  2.293854
7.600000  80.106000  1.745140
7.700000  80.701500  2.059802
7.800000  80.018500  0.659731
7.900000  80.134500  1.284813
8.000000  78.387500  0.535280
8.100000  79.459000  0.634982
8.200000  78.347000  1.578262
8.300000  80.449500  2.119199
8.400000  79.305000  0.014142
8.500000  79.600000  0.132936
8.600000  78.823500  1.710491
8.700000  79.689500  2.155969
8.800000  80.837000  0.779232
8.900000  79.890500  1.932523
9.000000  79.799500  0.795495
9.100000  79.735500  0.200111
9.200000  80.857000  0.140007
9.300000  80.100500  0.156271
9.400000  81.452500  1.689278
9.500000  79.719000  0.345068
9.600000  79.623000  1.879490
9.700000  79.095500  0.065761
9.800000  79.896000  2.460732
9.900000  79.216000  0.090510
10.000000  79.496500  0.388202
10.100000  79.791000  1.418456
10.200000  79.006000  0.627911
10.300000  78.883000  1.964343
10.400000  79.308500  0.914289
10.500000  79.234500  0.398101
10.600000  79.186000  2.392849
10.700000  80.261000  2.006769
10.800000  78.569500  0.642760
10.900000  79.773000  0.405879
11.000000  78.590500  0.509824
11.100000  79.123000  0.298399
11.200000  78.214500  0.003536
11.300000  80.029000  0.475176
11.400000  79.602000  0.879641
11.500000  78.801000  1.605132
11.600000  78.886000  1.029547
11.700000  78.182000  2.549827
11.800000  79.907000  2.429619
11.900000  78.879000  2.008183
12.000000  78.503500  1.618567
12.100000  79.762500  1.605840
12.200000  77.721000  1.327947
12.300000  78.202500  1.315926
12.400000  78.353000  1.605132
12.500000  78.534500  2.041417
12.600000  78.417000  0.362039
12.700000  78.514500  1.822214
12.800000  77.611500  0.427800
12.900000  78.109500  1.706249
13.000000  80.238500  0.754483
13.100000  78.936500  2.081015
13.200000  78.863000  0.950352
13.300000  79.451000  1.002677
13.400000  79.228500  2.116371
13.500000  81.599500  0.526795
13.600000  80.399000  2.196274
13.700000  78.546000  1.559878
13.800000  79.235000  1.559878
13.900000  79.649500  2.295976
14.000000  79.411500  2.290319
14.100000  78.323500  1.064196
14.200000  77.962500  2.457196
14.300000  78.583000  0.441235
14.400000  78.154000  2.148190
14.500000  79.033500  0.171827
14.600000  79.271500  1.717562
14.700000  78.677000  2.877925
14.800000  79.021500  1.878783
14.900000  78.493000  1.871005
15.000000  78.264500  1.191475
15.100000  79.286000  0.046669
15.200000  79.709500  0.678115
15.300000  79.440000  1.199253
15.400000  80.542500  0.702157
15.500000  79.394500  0.731856
15.600000  78.600000  1.458054
15.700000  79.511500  0.446184
15.800000  79.678500  1.561999
15.900000  79.194000  0.670337
16.000000  79.653500  2.140412
16.100000  79.776000  1.544321
16.200000  79.821000  1.559878
16.300000  78.794500  1.403607
16.400000  78.890000  0.878227
16.500000  80.138500  0.970858
16.600000  78.928000  0.585484
16.700000  77.988000  0.643467
16.800000  79.216000  1.195010
16.900000  79.615500  0.563564
17.000000  79.353000  0.650538
17.100000  80.274500  1.627053
17.200000  79.121500  0.593263
17.300000  78.309500  0.266579
17.400000  79.860500  1.718977
17.500000  79.016500  0.164756
17.600000  78.100000  1.766353
17.700000  78.661500  1.185818
17.800000  79.416000  2.295269
17.900000  78.378500  1.475732
18.000000  79.000500  2.196981
18.100000  80.129500  3.618265
18.200000  79.259000  0.181019
18.300000  78.957500  1.853327
18.400000  79.454500  1.936765
18.500000  80.705000  0.140007
18.600000  78.721500  1.017527
18.700000  79.137500  0.579120
18.800000  79.414000  0.794788
18.900000  80.610000  1.578262
19.000000  79.823500  1.621396
19.100000  79.252000  2.367394
19.200000  78.354500  0.724784
19.300000  77.341000  1.780495
19.400000  78.997500  3.143090
19.500000  79.524000  0.403051
19.600000  80.111000  1.673015
19.700000  78.843500  2.346887
19.800000  79.379500  3.365121
19.900000  77.685000  2.022325
20.000000  77.736000  1.660287
20.100000  77.401000  1.829992
20.200000  79.038500  0.856306
20.300000  79.567000  1.921916
20.400000  76.842500  0.784181
20.500000  77.987500  0.574878
20.600000  77.989000  0.147078
20.700000  78.276000  1.029547
20.800000  79.286500  1.199960
20.900000  78.580000  0.009899
21.000000  79.106000  0.366281
21.100000  78.059000  1.978485
21.200000  77.661000  1.391586
21.300000  78.736000  0.944695
21.400000  79.150000  0.090510
21.500000  78.079000  0.275772
21.600000  78.256500  1.680793
21.700000  78.979500  0.437699
21.800000  79.006500  0.960958
21.900000  78.611500  1.016112
22.000000  77.608500  1.501188
22.100000  77.835500  0.779939
22.200000  78.578000  1.139856
22.300000  78.834000  0.376181
22.400000  79.147000  1.589576
22.500000  78.826500  2.204052
22.600000  79.622000  0.350725
22.700000  78.682500  1.108036
22.800000  79.207500  1.434720
22.900000  80.622000  1.206324
23.000000  79.976000  1.141270
23.100000  79.492000  0.244659
23.200000  79.783000  0.823072
23.300000  79.009500  1.083995
23.400000  80.015500  0.067175
23.500000  79.728500  0.662559
23.600000  78.311500  2.444468
23.700000  79.065000  0.767918
23.800000  79.206000  0.329512
23.900000  79.035500  0.316077
24.000000  79.829500  1.006213
24.100000  79.628000  1.260064
24.200000  78.814500  1.048639
24.300000  77.849500  2.353958
24.400000  78.623000  2.278298
24.500000  78.907500  1.478560
24.600000  78.369500  1.769888
24.700000  79.404000  0.519016
24.800000  79.998500  2.973384
24.900000  78.952500  2.652358
25.000000  79.026500  2.469924
25.100000  78.882000  2.918937
25.200000  78.324500  3.513614
25.300000  79.295000  1.998284
25.400000  78.622500  3.095006
25.500000  78.866000  2.241528
25.600000  79.646000  1.869590
25.700000  78.960500  2.673571
25.800000  78.856500  2.136170
25.900000  79.491500  0.458912
26.000000  79.164000  2.285369
26.100000  79.376500  1.470075
26.200000  79.083000  0.953180
26.300000  79.400000  2.733675
26.400000  80.312000  0.758018
26.500000  79.111500  1.501188
26.600000  79.675000  3.179152
26.700000  79.679500  0.876105
26.800000  79.826000  0.736805
26.900000  79.780000  1.902117
27.000000  78.997500  2.607103
27.100000  79.858000  2.490430
27.200000  78.975500  0.153442
27.300000  80.811500  2.608517
27.400000  80.011000  1.772010
27.500000  78.963500  2.491137
27.600000  79.957000  1.805951
27.700000  79.556000  0.663266
27.800000  80.049000  1.115815
27.900000  79.569000  1.491995
28.000000  78.993500  0.470226
28.100000  78.857500  0.366988
28.200000  80.511500  1.808072
28.300000  81.068500  0.171827
28.400000  80.377000  2.305168
28.500000  79.665500  1.857570
28.600000  78.845000  1.813022
28.700000  81.280500  0.159099
28.800000  80.626000  0.968736
28.900000  80.283500  1.265014
29.000000  80.015000  0.565685
29.100000  79.941000  0.094752
29.200000  79.173500  1.091066
29.300000  81.119500  0.905804
29.400000  79.868000  0.899440
29.500000  80.192000  0.132936
29.600000  80.818000  1.337846
29.700000  80.230000  0.142836
29.800000  79.884500  1.977778
29.900000  80.463000  1.271378
30.000000  81.879500  1.997577
30.100000  78.723500  0.695086
30.200000  79.330000  0.089095
30.300000  79.547000  2.431033
30.400000  80.778000  1.629174
30.500000  78.445500  1.037326
30.600000  79.894500  0.818123
30.700000  78.943000  1.267135
30.800000  80.236500  1.055710
30.900000  80.048000  1.120057
31.000000  80.275000  1.719684
31.100000  80.663000  1.011163
31.200000  79.511500  0.338704
31.300000  80.412000  1.882318
31.400000  80.185000  1.368959
31.500000  80.680000  1.811608
31.600000  79.586500  2.525078
31.700000  79.230000  1.118643
31.800000  80.255500  0.837922
31.900000  79.995000  1.920502
32.000000  79.792500  1.318754
32.100000  79.811500  2.085258
32.200000  80.140000  1.004092
32.300000  80.338000  1.508966
32.400000  79.640500  2.822063
32.500000  80.978000  0.472347
32.600000  79.293000  0.651952
32.700000  80.594500  1.233901
32.800000  80.481000  0.441235
32.900000  80.836000  0.360624
33.000000  79.216000  1.593819
33.100000  81.064000  0.666095
33.200000  80.160500  2.221022
33.300000  78.973500  1.529472
33.400000  78.483000  0.367696
33.500000  80.079500  1.166019
33.600000  79.970500  0.304763
33.700000  79.173000  0.388909
33.800000  80.283000  0.041012
33.900000  79.725500  0.152028
34.000000  80.795500  0.608819
34.100000  80.704500  0.815294
34.200000  79.595000  0.731148
34.300000  79.842000  1.879490
34.400000  80.849000  1.012577
34.500000  80.792500  0.037477
34.600000  79.859000  0.134350
34.700000  80.034500  0.688015
34.800000  79.530500  0.266579
34.900000  79.242500  0.079903
35.000000  79.040000  0.429921
35.100000  78.597500  0.528209
35.200000  79.306500  0.813880
35.300000  80.950000  0.500632
35.400000  79.836000  2.527200
35.500000  80.625000  2.876510
35.600000  78.482500  0.767211
35.700000  80.307500  2.051317
35.800000  80.966500  2.003234
35.900000  79.336000  0.032527
36.000000  78.682500  0.573464
36.100000  80.971000  0.132936
36.200000  80.343500  0.225567
36.300000  79.442000  1.482096
36.400000  79.987000  1.462297
36.500000  80.695000  1.668772
36.600000  80.042500  1.076924
36.700000  81.195500  0.245366
36.800000  79.760500  0.869034
36.900000  80.935000  0.750947
37.000000  80.526500  0.809637
37.100000  80.211000  0.367696
37.200000  80.571000  0.634982
37.300000  81.310500  1.392293
37.400000  79.482000  1.701299
37.500000  79.579000  0.435578
37.600000  80.307500  0.027577
37.700000  81.018000  0.857013
37.800000  79.936500  0.156271
37.900000  79.612000  0.633568
38.000000  79.597500  0.785596
38.100000  80.413000  0.971565
38.200000  79.561000  0.762261
38.300000  80.561500  0.726199
38.400000  79.772500  0.000707
38.500000  79.299500  0.229810
38.600000  79.598000  0.036770
38.700000  80.575000  0.258801
38.800000  80.838000  0.029698
38.900000  81.487000  1.688571
39.000000  79.739000  0.796202
39.100000  80.272000  0.480833
39.200000  80.301500  0.767211
39.300000  80.391000  0.176777
39.400000  80.003500  0.416486
39.500000  81.657500  0.878934
39.600000  80.659000  1.018234
39.700000  78.322000  1.592404
39.800000  78.555500  1.658165
39.900000  80.170500  0.707814
40.000000  80.038500  0.241123
40.100000  79.292000  2.436690
40.200000  78.200000  0.975807
40.300000  80.266500  0.753069
40.400000  80.672000  0.024042
40.500000  80.055500  0.251023
40.600000  80.090500  0.292035
40.700000  79.385000  0.650538
40.800000  80.061000  0.117380
40.900000  79.806000  0.301227
41.000000  80.503500  0.813880
41.100000  80.138500  1.966464
41.200000  80.128500  0.246780
41.300000  80.286500  0.406586
41.400000  79.364000  1.985556
41.500000  80.104000  0.004243
41.600000  79.859000  2.077480
41.700000  80.568000  1.319461
41.800000  81.352500  2.233750
41.900000  80.790000  1.709784
42.000000  79.250500  0.279307
42.100000  79.352000  1.258650
42.200000  80.080000  1.190768
42.300000  79.589500  1.726048
42.400000  80.246000  1.643316
42.500000  79.757500  0.727613
42.600000  78.338000  0.844285
42.700000  79.335000  0.172534
42.800000  79.088500  0.686601
42.900000  79.699500  1.956564
43.000000  79.401000  1.219052
43.100000  79.221500  1.079752
43.200000  79.253000  0.258801
43.300000  78.330000  0.773575
43.400000  77.968000  0.284257
43.500000  79.214500  1.304612
43.600000  79.974000  0.428507
43.700000  79.761000  0.691550
43.800000  79.934500  1.383808
43.900000  78.245000  2.151019
44.000000  80.372000  1.698470
44.100000  79.244500  0.202940
44.200000  79.888500  0.371231
44.300000  79.741500  1.283399
44.400000  79.661000  0.016971
44.500000  79.881000  0.022627
44.600000  80.639000  0.526087
44.700000  79.530500  1.287641
44.800000  79.148000  1.513209
44.900000  79.275000  0.544472
45.000000  79.067500  0.628618
45.100000  80.601500  0.457498
45.200000  80.453000  2.163747
45.300000  81.151000  1.411385
45.400000  80.126500  0.273650
45.500000  81.504500  0.621547
45.600000  79.654000  2.184960
45.700000  80.818500  0.310420
45.800000  79.245000  0.312541
45.900000  80.490500  0.051619
46.000000  79.426500  1.038740
46.100000  81.256000  0.492146
46.200000  80.066500  0.060104
46.300000  79.780000  2.568212
46.400000  80.071500  1.047225
46.500000  81.476500  0.682358
46.600000  79.942000  0.582656
46.700000  80.771500  1.386636
46.800000  81.067500  1.526644
46.900000  79.479000  0.357796
47.000000  79.430000  0.575585
47.100000  80.382500  0.811051
47.200000  78.610500  0.381131
47.300000  79.525500  0.702157
47.400000  79.455000  0.612354
47.500000  79.598500  0.799738
47.600000  79.566500  0.813880
47.700000  79.780000  0.131522
47.800000  80.155000  0.326683
47.900000  79.966000  0.188090
48.000000  79.201000  1.320875
48.100000  80.528000  0.741048
48.200000  80.292000  0.728320
48.300000  78.910000  1.063489
48.400000  79.208500  0.037477
48.500000  80.136000  0.685894
48.600000  79.420000  0.691550
48.700000  78.574500  1.141977
48.800000  80.233500  0.481540
48.900000  79.986000  1.738068
49.000000  80.443000  1.654630
49.100000  80.339000  1.595233
49.200000  80.605000  1.955857
49.300000  81.064500  1.902824
49.400000  80.111500  0.221324
49.500000  80.475500  1.670893
49.600000  80.083000  0.296985
49.700000  79.361000  0.694379
49.800000  79.133500  0.706400
49.900000  78.807500  1.487046
50.000000  79.875500  0.941159
50.100000  79.936000  0.571342
50.200000  79.915500  0.533866
50.300000  80.280500  0.444770
50.400000  78.920000  0.509117
50.500000  80.799000  0.779232
50.600000  79.813500  0.491439
50.700000  80.965000  1.183697
50.800000  80.351000  2.110007
50.900000  81.576000  1.722512
51.000000  80.206500  0.830850
51.100000  81.043000  0.407294
51.200000  80.965500  0.306177
51.300000  80.474500  0.043134
51.400000  80.882500  0.123744
51.500000  79.894500  1.460176
51.600000  80.242500  0.962372
51.700000  79.869500  0.164756
51.800000  81.007500  1.110865
51.900000  79.333000  0.041012
52.000000  79.655000  0.540230
52.100000  80.198500  2.419012
52.200000  81.285500  0.171827
52.300000  79.846000  0.507703
52.400000  80.475500  0.028991
52.500000  80.355500  0.765797
52.600000  80.831000  2.119906
52.700000  81.227000  2.022325
52.800000  81.175000  1.735240
52.900000  79.976000  0.813173
53.000000  79.982000  1.308148
53.100000  80.364000  0.550129
53.200000  80.231500  0.823779
53.300000  79.582000  3.063187
53.400000  79.294500  1.310269
53.500000  80.997000  0.448306
53.600000  80.064500  1.540786
53.700000  79.640000  0.561443
53.800000  79.405000  0.318198
53.900000  80.375000  1.050761
54.000000  80.519500  0.125158
54.100000  80.308500  0.276479
54.200000  79.379000  1.565534
54.300000  80.920500  0.877520
54.400000  81.945000  0.451134
54.500000  80.559000  2.776101
54.600000  80.516000  2.742160
54.700000  80.524000  1.243094
54.800000  81.371500  0.673873
54.900000  80.717500  1.864641
55.000000  79.007500  0.506996
55.100000  80.536500  1.112279
55.200000  80.949500  0.309006
55.300000  80.249500  2.168696
55.400000  80.169000  0.226274
55.500000  80.016500  2.052731
55.600000  79.831000  0.206475
55.700000  80.980500  1.192889
55.800000  82.100000  0.939038
55.900000  80.362000  0.688722
56.000000  79.486500  2.393556
56.100000  80.866000  1.664529
56.200000  79.608000  2.201931
56.300000  79.889000  1.377444
56.400000  80.278000  0.267286
56.500000  80.830500  0.204354
56.600000  80.296500  0.355675
56.700000  81.698000  1.243094
56.800000  79.688500  0.676701
56.900000  80.206000  0.192333
57.000000  80.571000  0.561443
57.100000  79.952000  0.889540
57.200000  80.359500  1.283399
57.300000  79.495000  0.506288
57.400000  81.337000  2.053438
57.500000  79.370000  0.281428
57.600000  81.220000  1.596647
57.700000  82.307000  1.250165
57.800000  80.396500  1.160362
57.900000  80.972000  0.411536
58.000000  81.902000  1.175211
58.100000  80.073000  1.829992
58.200000  79.297000  0.002828
58.300000  81.158000  1.264307
58.400000  80.171000  1.671600
58.500000  78.823000  2.052024
58.600000  79.605500  1.663822
58.700000  79.842500  1.461590
58.800000  78.952500  1.772717
58.900000  79.480000  1.397243
59.000000  81.401500  0.434871
59.100000  80.315500  0.506996
59.200000  80.977500  1.270671
59.300000  79.648500  0.357089
59.400000  79.656000  0.446891
59.500000  80.523000  1.250165
59.600000  80.669000  2.571040
59.700000  80.963500  0.822365
59.800000  79.676000  1.783323
59.900000  81.685000  3.094299
60.000000  79.892500  0.997728
60.100000  80.813500  0.388202
60.200000  80.305500  0.177484
60.300000  80.436000  1.313804
60.400000  80.357500  2.488309
60.500000  80.599500  1.372494
60.600000  81.419500  1.140563
60.700000  81.123500  2.276177
60.800000  80.094500  0.736098
60.900000  80.513500  0.245366
61.000000  80.183500  1.407850
61.100000  80.793500  2.172939
61.200000  81.113500  0.146371
61.300000  80.072500  1.130664
61.400000  80.854000  0.330926
61.500000  80.306000  1.482096
61.600000  80.561000  1.919088
61.700000  80.911500  0.764382
61.800000  79.347500  0.949644
61.900000  79.752000  0.899440
62.000000  79.280500  0.314663
62.100000  78.624500  0.491439
62.200000  80.040500  1.358352
62.300000  79.759000  1.329361
62.400000  79.959000  0.015556
62.500000  80.077000  0.685894
62.600000  79.914000  0.717006
62.700000  80.648500  2.133341
62.800000  79.826500  1.733119
62.900000  79.958000  2.300925
63.000000  80.483000  1.466539
63.100000  80.458000  2.561141
63.200000  79.928500  1.106622
63.300000  80.226000  0.637810
63.400000  80.533500  2.298804
63.500000  80.883500  1.013284
63.600000  80.494000  1.723926
63.700000  80.697000  1.245922
63.800000  80.706000  0.516188
63.900000  80.748000  4.277996
64.000000  80.934000  1.402900
64.100000  80.301500  0.730441
64.200000  81.303500  2.341231
64.300000  79.788000  1.465125
64.400000  81.714000  2.781758
64.500000  80.539000  0.022627
64.600000  79.615000  2.856711
64.700000  81.145500  1.339967
64.800000  79.566000  0.111723
64.900000  80.992000  0.306884
65.000000  81.215500  1.120764
65.100000  80.522500  1.892925
65.200000  80.711500  0.690843
65.300000  81.033500  0.922774
65.400000  80.710000  1.008334
65.500000  79.474000  0.750947
65.600000  81.149500  0.163342
65.700000  81.369000  0.404465
65.800000  80.261500  0.221324
65.900000  80.245500  0.144957
66.000000  80.449500  0.938331
66.100000  80.632000  1.076217
66.200000  81.070000  1.933230
66.300000  80.045000  1.991213
66.400000  80.847500  0.905804
66.500000  80.823500  2.277591
66.600000  80.887000  0.404465
66.700000  80.696000  0.062225
66.800000  81.203500  0.946816
66.900000  81.959500  2.615588
67.000000  81.279000  0.200818
67.100000  81.681000  1.204910
67.200000  80.018500  0.598919
67.300000  80.355000  0.687308
67.400000  82.049000  0.989949
67.500000  81.665500  0.034648
67.600000  80.067500  1.666651
67.700000  80.066500  1.369666
67.800000  78.989000  1.251579
67.900000  81.345500  1.250872
68.000000  79.959000  0.371938
68.100000  80.365000  1.998284
68.200000  80.948000  1.098844
68.300000  80.604500  1.666651
68.400000  80.337000  1.919088
68.500000  79.445500  1.668065
68.600000  79.926500  0.477297
68.700000  80.638000  2.170818
68.800000  81.322500  1.957979
68.900000  80.751500  0.440528
69.000000  79.842500  1.515330
69.100000  81.190000  2.090208
69.200000  80.827000  2.827013
69.300000  80.785500  0.952473
69.400000  79.320500  0.351432
69.500000  79.842500  1.141977
69.600000  79.881500  0.723370
69.700000  78.578500  1.860398
69.800000  80.407500  0.193040
69.900000  79.965000  1.643316
70.000000  80.285000  0.035355
70.100000  80.347500  1.204203
70.200000  79.069000  0.171120
70.300000  78.613000  0.141421
70.400000  79.752000  0.478004
70.500000  80.538000  1.278449
70.600000  79.833500  0.398101
70.700000  80.807000  1.442498
70.800000  80.801500  1.601597
70.900000  79.968500  0.019092
71.000000  79.836000  0.951766
71.100000  79.806000  0.265872
71.200000  80.953000  0.731148
71.300000  79.257000  0.412950
71.400000  79.672500  1.030255
71.500000  77.926500  1.291884
71.600000  79.704500  1.122178
71.700000  81.477000  1.070560
71.800000  80.641500  1.123593
71.900000  80.097500  0.956715
72.000000  79.044000  1.012577
72.100000  79.499500  0.514067
72.200000  79.377500  0.064347
72.300000  80.163000  0.009899
72.400000  80.405000  1.504723
72.500000  79.681000  1.677257
72.600000  78.042000  0.340825
72.700000  79.737000  0.147078
72.800000  80.107000  0.229103
72.900000  79.779000  1.900703
73.000000  79.173500  0.135057
73.100000  80.250500  1.085409
73.200000  79.421000  2.108592
73.300000  79.490500  1.506845
73.400000  80.268500  0.467398
73.500000  79.364500  0.043134
73.600000  79.899000  0.718420
73.700000  79.416500  0.758726
73.800000  80.332000  2.259913
73.900000  79.099500  1.216931
74.000000  80.207500  0.350018
74.100000  79.933500  0.181726
74.200000  80.047000  0.490732
74.300000  78.909500  0.560736
74.400000  80.113000  1.286934
74.500000  79.911000  0.066468
74.600000  80.758500  0.273650
74.700000  80.372500  1.100965
74.800000  79.225000  1.656044
74.900000  79.023500  0.446184
75.000000  80.754000  2.483359
75.100000  79.782000  0.001414
75.200000  81.063500  0.987828
75.300000  80.467500  0.980757
75.400000  79.739000  0.135765
75.500000  80.148500  0.539522
75.600000  79.837000  0.733977
75.700000  80.710000  0.330926
75.800000  80.507000  0.847114
75.900000  79.519000  0.504874
76.000000  81.754000  1.360473
76.100000  79.912000  0.834386
76.200000  81.449500  0.514067
76.300000  81.259000  1.582505
76.400000  81.241000  0.227688
76.500000  80.810000  0.039598
76.600000  80.168000  0.134350
76.700000  81.223500  0.047376
76.800000  80.795500  1.348453
76.900000  80.277000  0.366281
77.000000  80.732500  0.067175
77.100000  80.787500  0.252437
77.200000  80.145500  0.816708
77.300000  80.425000  1.063489
77.400000  82.379500  0.697914
77.500000  78.948500  1.163191
77.600000  80.824000  0.496389
77.700000  80.341500  1.837771
77.800000  80.877500  0.238295
77.900000  78.794500  0.842164
78.000000  79.320000  0.427092
78.100000  79.971000  0.882469
78.200000  79.097000  0.181019
78.300000  80.352000  0.722663
78.400000  78.602000  1.286934
78.500000  81.528500  0.118087
78.600000  80.207500  0.890247
78.700000  80.771500  0.300520
78.800000  80.968000  0.903682
78.900000  81.131500  0.584777
79.000000  80.460500  1.356938
79.100000  80.805000  1.117229
79.200000  79.077000  0.050912
79.300000  78.528500  0.449013
79.400000  79.258500  0.150614
79.500000  79.946500  1.000556
79.600000  79.996500  0.077075
79.700000  81.517000  2.513058
79.800000  81.506000  2.307997
79.900000  79.842500  0.146371
80.000000  80.970500  0.958130
80.100000  78.674500  0.243952
80.200000  80.440000  0.762261
80.300000  78.632000  0.094752
80.400000  80.732000  1.547150
80.500000  78.709000  0.961665
80.600000  80.195000  0.377595
80.700000  80.329500  0.300520
80.800000  80.446000  0.315370
80.900000  81.539000  1.370373
81.000000  80.753000  0.048083
81.100000  81.174000  0.104652
81.200000  79.985500  1.619982
81.300000  80.552500  1.270671
81.400000  80.044500  1.293298
81.500000  80.536000  1.299662
81.600000  79.690500  0.713471
81.700000  79.488500  1.180161
81.800000  79.531500  1.986263
81.900000  79.954000  0.253144
82.000000  80.749000  0.859842
82.100000  79.609500  1.048639
82.200000  79.576500  0.999142
82.300000  80.632000  0.678823
82.400000  80.394500  0.805395
82.500000  79.617000  0.251730
82.600000  80.437500  0.050205
82.700000  79.638500  0.161927
82.800000  79.653000  0.913582
82.900000  79.061000  1.385929
83.000000  79.783000  0.857013
83.100000  78.717000  0.847114
83.200000  79.033500  0.471640
83.300000  80.120500  1.356938
83.400000  79.129500  0.385373
83.500000  79.999500  0.912875
83.600000  79.195000  0.203647
83.700000  79.214500  0.338704
83.800000  79.161000  0.446891
83.900000  79.388000  0.741048
84.000000  79.434500  1.042983
84.100000  79.929000  0.012728
84.200000  80.082000  0.439820
84.300000  79.394500  0.355675
84.400000  79.407000  0.770746
84.500000  78.937500  1.953736
84.600000  79.262000  0.554372
84.700000  79.337000  0.944695
84.800000  80.194000  1.005506
84.900000  80.614000  0.394566
85.000000  80.154500  1.573313
85.100000  79.342000  0.024042
85.200000  78.433500  0.812466
85.300000  80.360500  0.163342
85.400000  79.564000  0.562857
85.500000  79.549000  0.550129
85.600000  80.244000  0.346482
85.700000  80.067500  0.883176
85.800000  80.594000  0.161220
85.900000  80.612500  0.871863
86.000000  80.305500  2.693370
86.100000  79.936000  2.472045
86.200000  79.387000  0.461034
86.300000  79.870000  3.317745
86.400000  80.180000  0.616597
86.500000  79.506000  1.087530
86.600000  79.631500  0.306177
86.700000  79.353500  0.221324
86.800000  79.869500  0.925603
86.900000  79.666000  0.429921
87.000000  79.028500  1.342796
87.100000  80.479000  0.616597
87.200000  79.808000  0.158392
87.300000  79.105500  0.611647
87.400000  79.882000  0.500632
87.500000  78.163000  0.755190
87.600000  78.710500  1.380980
87.700000  78.125000  0.223446
87.800000  79.639500  0.142128
87.900000  78.543000  1.504723
88.000000  79.746000  1.381687
88.100000  79.045500  1.245215
88.200000  79.715500  0.572049
88.300000  79.202500  0.122329
88.400000  79.218500  0.255266
88.500000  80.198000  0.395980
88.600000  80.000000  0.724077
88.700000  79.857000  0.019799
88.800000  79.777000  2.329210
88.900000  80.175000  0.239002
89.000000  78.870500  2.677813
89.100000  80.387000  0.277186
89.200000  80.827500  2.020204
89.300000  78.439500  2.550534
89.400000  78.914000  0.483661
89.500000  78.537000  0.717006
89.600000  78.629500  1.963636
89.700000  79.056000  0.989949
89.800000  78.654500  1.011870
89.900000  79.066000  3.000961
90.000000  78.301000  2.044953
90.100000  78.882000  1.227537
90.200000  79.376500  0.427800
90.300000  79.226000  1.226123
90.400000  79.791000  0.659024
90.500000  79.359500  0.245366
90.600000  79.318500  0.652660
90.700000  80.252500  1.692107
90.800000  79.775000  0.926310
90.900000  79.439500  0.481540
91.000000  79.673000  0.267286
91.100000  78.582000  0.756604
91.200000  77.722000  1.039447
91.300000  79.081000  1.103087
91.400000  80.003000  1.227537
91.500000  78.795000  1.868176
91.600000  79.656500  1.242387
91.700000  79.654000  0.229103
91.800000  81.126500  1.235316
91.900000  78.911500  0.935502
92.000000  78.722500  1.035911
92.100000  79.350500  1.858984
92.200000  79.572000  0.323855
92.300000  79.429000  0.104652
92.400000  79.988000  0.731148
92.500000  79.933000  1.750796
92.600000  79.935000  1.565534
92.700000  79.591500  0.497096
92.800000  81.241000  0.475176
92.900000  79.475000  0.074953
93.000000  79.796000  0.479418
93.100000  79.362000  0.782060
93.200000  79.427000  1.134199
93.300000  79.801000  1.544321
93.400000  79.072000  0.875398
93.500000  80.137500  1.369666
93.600000  78.635500  0.366988
93.700000  79.032000  0.854185
93.800000  80.716000  0.206475
93.900000  78.723000  0.168291
94.000000  79.616500  1.498359
94.100000  79.669500  0.628618
94.200000  79.743500  0.474469
94.300000  78.953500  0.450427
94.400000  79.152500  1.419163
94.500000  79.112000  0.726906
94.600000  78.868000  0.555786
94.700000  78.228500  2.648115
94.800000  79.625500  0.635689
94.900000  78.229500  1.943837
95.000000  78.973000  0.299813
95.100000  79.596000  0.169706
95.200000  79.361500  2.010305
95.300000  78.637000  1.677257
95.400000  78.875000  1.124300
95.500000  78.353000  0.944695
95.600000  78.205500  2.320017
95.700000  79.484000  1.682914
95.800000  78.245500  1.685035
95.900000  79.452000  0.786303
96.000000  78.941500  1.202789
96.100000  78.223000  0.162635
96.200000  78.742500  1.406435
96.300000  79.163500  2.761252
96.400000  79.440500  2.674985
96.500000  77.441500  1.557756
96.600000  78.895000  0.646296
96.700000  78.792000  0.226274
96.800000  78.413500  1.320168
96.900000  79.786500  2.123442
97.000000  78.898500  1.040154
97.100000  80.036000  0.032527
97.200000  79.063500  2.097986
97.300000  78.866500  1.284813
97.400000  79.288500  1.735947
97.500000  79.578500  0.543765
97.600000  79.769500  0.866206
97.700000  79.694500  0.808223
97.800000  78.733000  1.431184
97.900000  79.033000  1.261478
98.000000  78.791500  0.880348
98.100000  79.894000  1.237437
98.200000  79.306500  1.117936
98.300000  79.263500  0.102530
98.400000  80.386500  1.734533
98.500000  78.979000  1.813022
98.600000  77.977000  0.041012
98.700000  77.709500  0.591848
98.800000  80.536000  0.230517
98.900000  78.950000  0.832972
99.000000  78.670500  2.305875
99.100000  78.541500  1.447448
99.200000  78.643500  0.311834
99.300000  78.398500  0.044548
99.400000  79.156000  0.380423
99.500000  79.855500  0.185969
99.600000  78.334000  0.451134
99.700000  78.844000  0.289914
99.800000  78.827500  0.040305
99.900000  78.804500  0.154856
100.000000  78.489500  1.583212
100.100000  80.359000  0.062225
100.200000  79.802000  0.695793
100.300000  79.912000  1.261478
100.400000  80.092000  1.620689
100.500000  79.654500  2.177182
100.600000  78.828500  1.417749
100.700000  79.744000  0.906511
100.800000  78.496000  2.020911
100.900000  79.312000  0.656195
101.000000  78.866500  0.645588
101.100000  78.751000  0.004243
101.200000  79.364000  0.145664
101.300000  78.276000  0.810344
101.400000  78.494500  1.580384
101.500000  77.876500  1.175919
101.600000  78.200500  1.011870
101.700000  79.622000  0.844285
101.800000  79.469500  0.113844
101.900000  78.355500  0.416486
102.000000  79.574000  0.828729
102.100000  78.022000  0.528916
102.200000  80.460500  0.485782
102.300000  78.697500  0.207182
102.400000  79.267000  0.875398
102.500000  80.047500  0.738927
102.600000  79.217500  2.895602
102.700000  79.965000  1.511794
102.800000  78.426000  0.806102
102.900000  79.228000  1.845549
103.000000  79.682000  0.091924
103.100000  80.397500  0.543765
103.200000  78.603000  1.050761
103.300000  78.657500  1.211274
103.400000  78.842000  0.497803
103.500000  79.493000  1.096016
103.600000  79.154500  1.143392
103.700000  79.784500  1.067024
103.800000  79.707500  0.234052
103.900000  79.385000  0.531744
104.000000  80.085000  0.077782
104.100000  80.435000  2.250014
104.200000  79.225500  1.441791
104.300000  79.837000  0.743876
104.400000  79.881500  1.088237
104.500000  80.172500  0.867620
104.600000  79.270500  1.125007
104.700000  79.125500  0.137886
104.800000  78.504000  0.937624
104.900000  78.773500  0.587606
105.000000  80.122000  1.366130
105.100000  80.316000  0.555786
105.200000  80.376500  0.675287
105.300000  80.031000  0.270115
105.400000  79.682000  0.640639
105.500000  79.337500  1.218345
105.600000  79.703000  0.511945
105.700000  78.854500  0.061518
105.800000  78.592000  0.575585
105.900000  77.867000  1.592404
106.000000  78.951000  0.480833
106.100000  79.273500  1.861812
106.200000  80.236500  0.598919
106.300000  78.975500  0.031820
106.400000  78.533000  0.009899
106.500000  78.695000  1.302491
106.600000  79.612500  1.967878
106.700000  80.501500  1.342796
106.800000  79.502500  0.391030
106.900000  79.515500  0.791252
107.000000  79.560500  0.737512
107.100000  78.325500  0.488611
107.200000  79.884500  0.792667
107.300000  78.995500  1.557756
107.400000  79.808500  0.297692
107.500000  79.315000  0.219203
107.600000  79.746000  1.214809
107.700000  79.068500  1.098137
107.800000  79.505500  0.347189
107.900000  78.643000  0.569928
108.000000  79.404000  0.958837
108.100000  79.511500  0.126572
108.200000  78.212000  0.243245
108.300000  80.287500  0.497096
108.400000  79.555000  0.230517
108.500000  79.708000  0.595384
108.600000  79.915000  0.349311
108.700000  79.139500  0.748826
108.800000  79.759500  0.382545
108.900000  80.924500  0.144957
109.000000  80.216500  2.909744
109.100000  79.578000  0.066468
109.200000  79.155000  0.538815
109.300000  80.138000  0.965908
109.400000  80.051000  0.527502
109.500000  79.131000  1.152584
109.600000  79.383500  0.598919
109.700000  79.442000  0.912168
109.800000  78.541000  1.080459
109.900000  79.143000  0.595384
110.000000  79.552500  2.116371
110.100000  79.261000  1.144099
110.200000  78.493000  0.224860
110.300000  79.130500  0.965201
110.400000  78.184500  1.185818
110.500000  78.977000  2.242943
110.600000  78.525500  0.502753
110.700000  79.536500  0.392444
110.800000  79.662000  0.200818
110.900000  79.358000  1.033790
111.000000  79.683000  1.494824
111.100000  79.961500  1.881611
111.200000  79.299000  0.540230
111.300000  78.689500  0.707814
111.400000  79.434500  1.256529
111.500000  79.597000  1.002677
111.600000  78.713500  1.618567
111.700000  80.233000  0.302642
111.800000  78.310000  1.441084
111.900000  78.670000  1.286934
112.000000  77.745000  0.895197
112.100000  78.575500  1.457347
112.200000  78.400000  2.460732
112.300000  77.741500  2.013133
112.400000  78.768500  2.766909
112.500000  79.514000  2.223144
112.600000  78.422000  2.408406
112.700000  78.317000  1.168140
112.800000  78.468000  0.970151
112.900000  78.420000  0.478004
113.000000  78.267500  0.218496
113.100000  79.536500  2.151726
113.200000  78.883500  0.417900
113.300000  78.439500  1.061367
113.400000  78.710500  0.191626
113.500000  79.748000  0.087681
113.600000  80.508500  0.211425
113.700000  79.251000  1.315219
113.800000  79.813500  0.024749
113.900000  79.344500  0.402344
114.000000  79.487500  1.052882
114.100000  79.101000  0.063640
114.200000  78.347500  0.465983
114.300000  78.309000  0.056569
114.400000  79.708500  0.248194
114.500000  79.275500  0.026163
114.600000  78.760000  0.065054
114.700000  79.145000  1.357645
114.800000  80.034500  0.946816
114.900000  78.864000  1.490581
115.000000  78.426000  0.709935
115.100000  79.613000  0.312541
115.200000  78.500500  0.887419
115.300000  79.418500  0.410829
115.400000  79.007500  1.146220
115.500000  79.799500  1.083995
115.600000  79.047000  0.428507
115.700000  80.208500  1.069853
115.800000  79.268000  1.156827
115.900000  79.866000  0.053740
116.000000  78.834000  0.579828
116.100000  78.614000  1.745140
116.200000  80.041500  1.168848
116.300000  79.434000  1.525936
116.400000  78.900500  0.897319
116.500000  79.853000  0.574171
116.600000  79.901000  1.159655
116.700000  79.431500  1.034497
116.800000  79.640500  1.103794
116.900000  79.221000  0.346482
117.000000  78.039500  0.770039
117.100000  79.201500  0.908632
117.200000  78.662500  0.519723
117.300000  78.563500  0.450427
117.400000  79.386500  0.101116
117.500000  79.058500  0.774282
117.600000  79.385000  0.422850
117.700000  77.191500  0.955301
117.800000  79.413000  0.804688
117.900000  77.996000  0.601041
118.000000  79.571500  0.379716
118.100000  77.975500  1.522401
118.200000  79.246000  1.057832
118.300000  78.845500  0.113844
118.400000  77.954500  2.284662
118.500000  78.169000  0.872570
118.600000  77.999500  0.727613
118.700000  78.741000  0.449720
118.800000  79.020000  0.421436
118.900000  78.552000  0.168291
119.000000  78.677000  0.373352
119.100000  78.654000  1.173797
119.200000  78.065500  0.122329
119.300000  78.837500  0.301935
119.400000  78.546500  0.164756
119.500000  79.661000  0.871156
119.600000  78.288000  0.640639
119.700000  79.174000  2.749231
119.800000  79.070500  0.791252
119.900000  78.760500  0.424971
120.000000  77.684000  1.493410
120.100000  79.148000  1.036619
120.200000  78.625500  1.515330
120.300000  78.608500  0.464569
120.400000  78.831000  2.446589
120.500000  78.775500  1.759989
120.600000  78.642000  0.144250
120.700000  78.309500  0.506996
120.800000  79.214500  0.635689
120.900000  79.800500  1.009041
121.000000  78.336000  1.821507
121.100000  78.544500  0.265165
121.200000  78.381500  0.449013
121.300000  78.977000  0.325269
121.400000  78.091000  1.541493
121.500000  80.223500  0.574878
121.600000  79.319000  1.035204
121.700000  78.917000  0.598212
121.800000  78.327500  0.126572
121.900000  78.123500  0.372645
122.000000  77.806500  0.265165
122.100000  79.291500  1.160362
122.200000  77.793500  0.075660
122.300000  79.236500  0.502753
122.400000  78.948500  0.010607
122.500000  79.688000  0.271529
122.600000  78.684000  0.019799
122.700000  79.701500  0.215668
122.800000  79.133500  0.130815
122.900000  79.384000  1.805951
123.000000  78.547000  0.586899
123.100000  78.183500  0.900147
123.200000  78.693500  0.647003
123.300000  78.192500  0.720542
123.400000  79.151500  0.047376
123.500000  78.563000  1.951615
123.600000  78.457000  0.922067
123.700000  78.053500  0.842164
123.800000  78.785000  0.336583
123.900000  78.951500  0.721956
124.000000  78.586000  0.535987
124.100000  79.846500  1.475732
124.200000  79.048000  1.347746
124.300000  79.754000  0.223446
124.400000  77.748000  0.729734
124.500000  79.188000  0.831558
124.600000  78.813000  2.474874
124.700000  79.475500  0.635689
124.800000  77.469500  0.105359
124.900000  78.162500  0.861963
125.000000  79.304500  0.617304
125.100000  78.132500  0.850649
125.200000  78.435500  1.373908
125.300000  79.527000  1.759282
125.400000  79.160000  0.094752
125.500000  78.688500  0.785596
125.600000  79.188500  2.427498
125.700000  79.888000  1.749382
125.800000  77.940000  0.056569
125.900000  79.368500  0.089803
126.000000  78.299500  0.960958
126.100000  77.639000  0.028284
126.200000  78.820500  1.023184
126.300000  77.557000  0.651952
126.400000  79.563500  1.465832
126.500000  77.563500  0.638517
126.600000  78.294000  0.814587
126.700000  78.010000  2.085965
126.800000  79.068000  1.302491
126.900000  77.316000  1.390172
127.000000  79.627000  0.970151
127.100000  78.161500  1.212688
127.200000  78.888000  0.659024
127.300000  79.598500  0.970858
127.400000  79.908500  0.334462
127.500000  78.279500  0.953887
127.600000  78.466000  1.055003
127.700000  77.887500  0.959544
127.800000  77.310000  0.369110
127.900000  78.469000  0.521845
128.000000  79.488000  0.824487
128.100000  77.912500  0.641346
128.200000  78.226500  0.618718
128.300000  78.329500  0.501339
128.400000  78.312500  0.173241
128.500000  78.784500  0.850649
128.600000  79.003000  0.175362
128.700000  79.201500  0.311834
128.800000  78.794500  0.099702
128.900000  78.871000  0.281428
129.000000  79.863500  1.808072
129.100000  79.697000  0.831558
129.200000  79.867000  0.087681
129.300000  80.311000  0.421436
129.400000  78.606000  1.359059
129.500000  80.286500  0.987828
129.600000  80.358000  0.830143
129.700000  78.705500  0.200111
129.800000  79.554500  0.129401
129.900000  79.670500  0.596091
130.000000  79.775000  0.405879
130.100000  78.635500  0.323148
130.200000  78.431000  0.606698
130.300000  79.581500  0.572049
130.400000  80.040000  1.784738
130.500000  79.075000  0.322441
130.600000  80.445500  0.051619
130.700000  80.675500  0.122329
130.800000  80.206500  0.218496
130.900000  80.971000  1.339260
131.000000  80.946000  1.899289
131.100000  80.160500  0.529623
131.200000  80.547500  0.081317
131.300000  79.691000  0.451134
131.400000  80.571000  0.135765
131.500000  78.912000  1.056418
131.600000  80.247000  0.889540
131.700000  80.210500  0.328805
131.800000  79.184500  0.849235
131.900000  80.383000  1.103087
132.000000  78.869500  0.779939
132.100000  81.758500  0.221324
132.200000  80.810000  0.246073
132.300000  80.258500  0.587606
132.400000  81.363500  0.467398
132.500000  80.682000  0.247487
132.600000  80.323000  0.345068
132.700000  80.698000  0.789131
132.800000  80.562000  0.745291
132.900000  79.789500  0.154856
133.000000  80.058500  0.740341
133.100000  80.100500  1.277742
133.200000  79.483500  1.266428
133.300000  81.120000  0.022627
133.400000  79.524500  0.637103
133.500000  80.172000  0.814587
133.600000  79.784500  0.320319
133.700000  79.172500  1.412092
133.800000  79.254000  0.526087
133.900000  80.384500  0.424971
134.000000  79.608000  0.239002
134.100000  79.745000  0.774989
134.200000  79.905000  1.654630
134.300000  79.506500  1.086823
134.400000  80.202000  0.851357
134.500000  80.280000  0.736805
134.600000  80.488000  0.120208
134.700000  79.917000  0.016971
134.800000  79.873500  0.389616
134.900000  79.121000  1.405728
135.000000  80.213500  0.103945
135.100000  78.289500  1.321583
135.200000  78.946500  0.644174
135.300000  78.782000  1.161069
135.400000  79.146500  0.357089
135.500000  79.990500  0.316077
135.600000  79.342000  1.023891
135.700000  79.239500  0.163342
135.800000  79.040000  0.537401
135.900000  80.543500  0.266579
136.000000  78.946500  0.143543
136.100000  80.446000  1.103087
136.200000  79.684000  2.040710
136.300000  80.234500  1.946665
136.400000  79.357500  0.863377
136.500000  80.020000  1.108743
136.600000  79.930500  1.735947
136.700000  79.514500  0.470226
136.800000  79.545000  0.141421
136.900000  78.055500  0.784181
137.000000  79.930000  1.308148
137.100000  79.602500  1.003385
137.200000  79.260000  0.357796
137.300000  79.244500  0.429214
137.400000  79.151000  0.130108
137.500000  78.317000  1.412799
137.600000  78.592500  2.656600
137.700000  79.333500  2.177182
137.800000  80.034500  0.081317
137.900000  79.585000  1.231780
138.000000  78.039000  1.409971
138.100000  78.935000  0.298399
138.200000  78.758000  0.397394
138.300000  79.496000  0.691550
138.400000  79.126000  0.254558
138.500000  79.818000  0.086267
138.600000  77.986500  0.553665
138.700000  80.298000  1.145513
138.800000  78.859500  0.521138
138.900000  78.836000  0.248902
139.000000  79.262000  0.387495
139.100000  78.788500  0.260922
139.200000  78.168500  1.052882
139.300000  78.959500  1.549271
139.400000  78.851500  0.632861
139.500000  78.885500  0.430628
139.600000  79.977000  0.896611
139.700000  78.832500  0.583363
139.800000  78.803000  1.252993
139.900000  78.813500  0.912875
140.000000  78.553500  0.245366
140.100000  79.658500  0.410829
140.200000  80.283000  0.698621
140.300000  78.898500  0.325976
140.400000  79.226000  1.906360
140.500000  78.967500  1.478560
140.600000  79.310000  0.247487
140.700000  79.153000  1.213395
140.800000  78.925500  0.282136
140.900000  78.349000  1.294005
141.000000  79.606500  0.405172
141.100000  79.640000  0.299813
141.200000  78.437000  2.588011
141.300000  78.754000  0.940452
141.400000  78.800500  0.474469
141.500000  78.637500  0.453255
141.600000  79.114000  0.090510
141.700000  80.161000  0.263044
141.800000  79.357000  0.337997
141.900000  79.252000  0.756604
142.000000  79.098500  0.789838
142.100000  79.187000  0.821658
142.200000  79.058500  0.881762
142.300000  80.532000  0.879641
142.400000  79.327000  1.303905
142.500000  79.156500  1.842013
142.600000  79.856500  0.536694
142.700000  79.713500  1.451690
142.800000  78.614000  0.712764
142.900000  78.131000  1.376030
143.000000  80.407000  0.404465
143.100000  80.558500  1.491288
143.200000  79.297000  1.417042
143.300000  79.384000  0.589727
143.400000  78.866500  1.051468
143.500000  79.228500  1.151877
143.600000  79.262000  0.205061
143.700000  80.567500  1.434720
143.800000  79.889000  0.308299
143.900000  79.793500  0.113844
144.000000  79.829500  0.166170
144.100000  79.576500  0.539522
144.200000  79.405000  0.001414
144.300000  79.270500  0.185969
144.400000  79.675000  1.060660
144.500000  78.127500  0.792667
144.600000  80.002000  0.731148
144.700000  77.960500  0.545179
144.800000  78.902000  0.807516
144.900000  79.026500  0.603162
145.000000  80.115000  0.052326
145.100000  78.721500  0.344361
145.200000  78.953500  0.560736
145.300000  79.340000  0.121622
145.400000  80.507000  0.772161
145.500000  79.358500  1.120764
145.600000  79.259000  1.699885
145.700000  79.730500  0.263751
145.800000  79.388500  0.191626
145.900000  79.834500  0.516895
146.000000  78.292500  0.273650
146.100000  79.963500  2.752767
146.200000  78.110500  1.351281
146.300000  79.503500  0.219910
146.400000  79.322000  0.997021
146.500000  79.776500  0.450427
146.600000  79.579500  0.635689
146.700000  78.529500  0.615890
146.800000  78.985500  2.831963
146.900000  79.080500  2.952171
147.000000  79.033500  0.716299
147.100000  80.594500  3.208143
147.200000  80.065000  2.725190
147.300000  79.934000  1.953029
147.400000  79.450500  0.258094
147.500000  79.661000  2.450832
147.600000  78.575000  0.684479
147.700000  79.568000  2.155261
147.800000  78.731500  1.078338
147.900000  79.496500  2.007476
148.000000  79.573000  0.240416
148.100000  78.457000  0.321026
148.200000  79.679500  0.241123
148.300000  78.101500  0.778525
148.400000  79.003000  0.451134
148.500000  79.085000  1.619275
148.600000  78.565500  0.915703
148.700000  79.483500  2.208294
148.800000  78.058000  0.202233
148.900000  78.143500  0.400930
149.000000  77.368000  0.414365
149.100000  78.085500  1.026012
149.200000  78.504500  1.593112
149.300000  79.977000  1.960100
149.400000  79.040000  0.684479
149.500000  78.681500  0.894490
149.600000  80.170000  0.100409
149.700000  80.066000  2.125563
149.800000  79.380500  0.171827
149.900000  79.377000  0.141421
150.000000  79.024000  0.083439
150.100000  79.359500  0.125158
150.200000  79.219000  0.055154
150.300000  78.500500  0.589020
150.400000  79.112500  0.977929
150.500000  79.820000  2.136877
150.600000  78.522000  0.033941
150.700000  79.855000  0.425678
150.800000  79.270000  0.394566
150.900000  80.317500  0.173241
151.000000  79.739000  0.442649
151.100000  79.433500  0.590434
151.200000  79.055500  1.364009
151.300000  79.005500  0.231224
151.400000  78.866000  0.613769
151.500000  79.688500  0.719128
151.600000  78.632000  0.195161
151.700000  79.040500  0.877520
151.800000  79.278000  0.661852
151.900000  79.008000  0.250316
152.000000  79.339500  1.501188
152.100000  78.881000  0.321026
152.200000  79.752500  1.646852
152.300000  79.887000  0.080610
152.400000  79.102500  1.788273
152.500000  79.249500  0.197283
152.600000  79.769500  1.382394
152.700000  79.595500  1.383808
152.800000  80.154500  0.376888
152.900000  80.138000  1.241680
153.000000  79.198000  0.584070
153.100000  79.136500  0.854892
153.200000  80.725500  0.542351
153.300000  79.190500  0.300520
153.400000  80.096000  0.984293
153.500000  80.279000  0.141421
153.600000  79.357500  1.020355
153.700000  80.438000  1.039447
153.800000  79.977500  0.586192
153.900000  79.075500  0.689429
154.000000  80.102000  1.786152
154.100000  80.084000  1.629174
154.200000  79.503500  0.249609
154.300000  79.525000  1.740897
154.400000  78.475500  1.815143
154.500000  80.667000  0.633568
154.600000  80.080500  0.178898
154.700000  79.799500  0.977929
154.800000  79.385000  1.129957
154.900000  80.351500  0.154856
155.000000  80.115500  0.702157
155.100000  79.379000  0.114551
155.200000  79.133000  0.461034
155.300000  79.182500  0.511238
155.400000  79.326500  0.596091
155.500000  79.496500  1.905653
155.600000  78.248000  0.978636
155.700000  79.755000  0.135765
155.800000  80.540500  0.844993
155.900000  79.921000  0.366281
156.000000  79.484500  0.099702
156.100000  78.741500  0.168999
156.200000  78.711500  0.614476
156.300000  79.720500  0.450427
156.400000  79.239500  0.908632
156.500000  79.018000  0.576999
156.600000  79.460000  0.060811
156.700000  79.665000  0.500632
156.800000  78.816000  0.991364
156.900000  79.362000  1.945958
157.000000  78.881500  1.050054
157.100000  78.324000  1.773424
157.200000  78.437500  0.096874
157.300000  79.740000  1.415628
157.400000  79.562500  1.615739
157.500000  79.434000  0.796202
157.600000  77.955500  0.177484
157.700000  79.944500  3.728574
157.800000  78.575000  0.797616
157.900000  79.034500  1.545028
158.000000  77.391500  0.539522
158.100000  78.523000  1.288349
158.200000  78.396000  0.226274
158.300000  80.685000  0.902268
158.400000  80.521000  1.377444
158.500000  80.549500  0.144957
158.600000  78.250500  0.470226
158.700000  80.317500  0.236881
158.800000  79.382000  0.540230
158.900000  79.637000  1.489167
159.000000  80.487500  0.747412
159.100000  80.429000  0.446891
159.200000  79.906500  0.590434
159.300000  77.942000  1.316633
159.400000  78.654500  0.082731
159.500000  79.466000  0.547301
159.600000  79.050500  1.006213
159.700000  78.059000  0.137179
159.800000  79.222000  0.851357
159.900000  79.981000  0.196576
160.000000  79.382500  0.744583
160.100000  79.653500  1.202789
160.200000  80.228500  0.320319
160.300000  79.166500  0.723370
160.400000  77.989000  1.248751
160.500000  79.465000  0.494975
160.600000  80.267000  1.052175
160.700000  80.208500  0.231224
160.800000  80.673500  0.577706
160.900000  78.763000  0.967322
161.000000  79.685500  0.590434
161.100000  79.565500  0.163342
161.200000  78.436500  2.537806
161.300000  79.834500  1.666651
161.400000  79.206000  0.544472
161.500000  78.912000  1.610789
161.600000  78.711000  1.260064
161.700000  78.678500  0.140714
161.800000  79.589500  1.638366
161.900000  78.905500  1.004799
162.000000  78.880000  0.462448
162.100000  78.712500  0.004950
162.200000  79.747000  1.813022
162.300000  78.845500  1.607254
162.400000  78.725000  1.343503
162.500000  79.477500  0.699329
162.600000  78.000000  0.231931
162.700000  78.787000  2.566798
162.800000  79.217000  0.605283
162.900000  79.281000  1.424113
163.000000  79.987500  0.864792
163.100000  79.495000  0.579828
163.200000  78.750000  0.721249
163.300000  79.103500  0.072832
163.400000  79.310500  0.671044
163.500000  78.931500  0.771453
163.600000  78.658000  1.654630
163.700000  79.786000  0.181019
163.800000  78.679500  1.547857
163.900000  78.807000  0.014142
164.000000  77.891000  0.879641
164.100000  78.033000  0.024042
164.200000  79.282500  0.177484
164.300000  79.206500  0.006364
164.400000  79.744500  0.675287
164.500000  78.843000  0.168291
164.600000  78.623000  0.469519
164.700000  78.968000  0.479418
164.800000  78.879500  0.748826
164.900000  79.222500  0.881762
165.000000  79.803500  2.035760
165.100000  80.253500  0.359917
165.200000  79.132000  0.613769
165.300000  78.969000  0.627911
165.400000  78.350000  1.545735
165.500000  78.353500  1.194303
165.600000  79.160000  0.253144
165.700000  78.223000  0.357796
165.800000  77.912500  0.166170
165.900000  79.195500  1.815143
166.000000  78.788500  0.188798
166.100000  78.332000  0.418607
166.200000  77.780000  0.328098
166.300000  77.972500  0.246780
166.400000  78.037000  0.510531
166.500000  78.078500  0.344361
166.600000  79.167000  1.335018
166.700000  78.940000  0.329512
166.800000  78.313500  0.400930
166.900000  79.696500  1.228244
167.000000  79.222500  2.707512
167.100000  78.576000  0.445477
167.200000  79.863500  1.624224
167.300000  78.353500  0.523966
167.400000  79.180000  1.110158
167.500000  77.561500  1.048639
167.600000  79.272000  0.274357
167.700000  78.152000  0.898026
167.800000  78.379500  2.124856
167.900000  78.364000  2.145362
168.000000  78.398500  0.519723
168.100000  79.245000  0.762261
168.200000  78.962000  1.575434
168.300000  78.433500  0.806809
168.400000  78.460000  0.305470
168.500000  78.843500  1.646852
168.600000  77.840500  1.298955
168.700000  79.030000  0.760847
168.800000  79.418500  0.191626
168.900000  79.025000  0.888126
169.000000  77.489000  0.086267
169.100000  78.120000  0.369110
169.200000  77.584500  1.113693
169.300000  78.422000  2.818528
169.400000  79.825500  1.651094
169.500000  79.128500  0.055861
169.600000  77.916000  0.828729
169.700000  81.249000  0.435578
169.800000  78.728000  0.647710
169.900000  79.570500  1.245215
170.000000  78.460500  1.342796
170.100000  78.809500  1.407850
170.200000  78.936500  0.647003
170.300000  79.662000  0.410122
170.400000  78.672000  0.533159
170.500000  78.469500  1.455933
170.600000  78.388000  1.067731
170.700000  78.611500  0.485782
170.800000  79.076000  1.110158
170.900000  79.140500  2.206880
171.000000  79.930500  0.733270
171.100000  80.153500  1.216931
171.200000  80.094500  1.663822
171.300000  80.161000  1.657458
171.400000  79.226500  0.963787
171.500000  80.318500  0.654074
171.600000  79.550000  0.140007
171.700000  79.896500  0.126572
171.800000  79.344000  1.687157
171.900000  78.778000  0.118794
172.000000  78.344000  1.388758
172.100000  79.454000  1.162484
172.200000  78.500500  2.230922
172.300000  78.931000  0.434164
172.400000  79.928500  0.654074
172.500000  78.917500  0.795495
172.600000  79.195000  1.268550
172.700000  79.054000  1.777666
172.800000  80.027500  0.120915
172.900000  78.339000  1.927573
173.000000  79.258500  0.724784
173.100000  80.897000  1.393000
173.200000  79.287500  0.243952
173.300000  79.636500  1.644023
173.400000  79.986000  0.948937
173.500000  79.132000  1.067731
173.600000  78.680000  0.336583
173.700000  78.283500  0.088388
173.800000  78.906500  0.778525
173.900000  78.454000  1.486338
174.000000  79.659500  0.843578
174.100000  80.018000  1.285520
174.200000  78.760500  0.082731
174.300000  79.589500  0.341533
174.400000  80.604000  1.064903
174.500000  79.228000  1.047932
174.600000  78.142500  0.202940
174.700000  78.628000  1.015405
174.800000  79.499000  0.520431
174.900000  79.508500  0.662559
175.000000  78.290000  0.281428
175.100000  79.166000  0.521845
175.200000  79.999500  0.809637
175.300000  78.491500  1.156120
175.400000  78.974000  0.247487
175.500000  79.921500  2.633973
175.600000  79.270000  0.439820
175.700000  78.334000  0.663266
175.800000  78.078500  0.273650
175.900000  79.192000  0.873984
176.000000  80.149500  1.028840
176.100000  78.779500  0.615890
176.200000  79.788500  0.564978
176.300000  78.383500  0.491439
176.400000  79.738500  0.399515
176.500000  79.053000  0.878227
176.600000  78.670000  0.145664
176.700000  79.241500  1.095308
176.800000  79.003500  0.211425
176.900000  78.248000  0.845700
177.000000  78.579000  0.948937
177.100000  79.422500  0.272236
177.200000  79.208000  1.112986
177.300000  79.655500  2.864490
177.400000  79.363500  1.509673
177.500000  80.254000  1.749382
177.600000  78.915000  2.868025
177.700000  79.018000  2.585182
177.800000  79.540000  0.465276
177.900000  78.352000  0.444063
178.000000  78.058000  2.491844
178.100000  78.931500  3.028538
178.200000  80.149000  1.096016
178.300000  78.492000  1.480682
178.400000  79.569000  1.248751
178.500000  78.492500  0.589020
178.600000  77.905500  0.491439
178.700000  78.955500  0.243952
178.800000  79.330500  1.552099
178.900000  79.004500  0.787010
179.000000  77.722000  2.716704
179.100000  77.972000  0.898026
179.200000  77.883000  1.377444
179.300000  79.296000  1.856862
179.400000  78.292000  2.197688
179.500000  78.498000  1.204910
179.600000  80.193000  0.123037
179.700000  78.887500  0.033234
179.800000  80.018000  0.090510
179.900000  79.504000  0.115966
180.000000  79.134000  0.579828
180.100000  79.210000  1.571191
180.200000  78.332500  1.915552
180.300000  78.482000  0.602455
180.400000  78.250000  2.508815
180.500000  78.784500  1.833528
180.600000  78.038500  3.565939
180.700000  78.133500  0.898733
180.800000  79.416000  1.086116
180.900000  79.393500  0.669630
181.000000  78.974500  0.669630
181.100000  78.985500  0.779939
181.200000  78.182000  0.814587
181.300000  78.465500  0.330219
181.400000  77.914500  0.604576
181.500000  79.756000  1.746554
181.600000  77.393000  1.504723
181.700000  78.379000  2.258499
181.800000  78.960000  1.531593
181.900000  78.036500  1.672308
182.000000  78.114000  1.886561
182.100000  78.095500  1.608668
182.200000  78.610500  1.003385
182.300000  78.028000  1.310976
182.400000  78.377500  0.847821
182.500000  77.537500  0.910046
182.600000  78.632500  1.610082
182.700000  78.044000  1.353402
182.800000  79.275000  0.992778
182.900000  78.086000  2.011012
183.000000  79.560000  2.285369
183.100000  77.120500  0.013435
183.200000  78.992000  0.390323
183.300000  78.374500  1.023184
183.400000  77.775000  1.187939
183.500000  78.118500  0.624375
183.600000  77.570500  1.508259
183.700000  79.115500  2.136170
183.800000  79.219000  0.671751
183.900000  77.822000  1.856862
184.000000  77.966000  0.576999
184.100000  76.865000  0.076368
184.200000  77.270500  1.325825
184.300000  76.754000  1.531593
184.400000  77.089500  0.194454
184.500000  77.778500  0.201525
184.600000  78.399500  0.581949
184.700000  76.505000  1.504723
184.800000  77.509000  2.545584
184.900000  76.967000  2.481945
185.000000  77.926500  1.130664
185.100000  77.954000  1.347746
185.200000  77.623500  1.723219
185.300000  78.796000  0.172534
185.400000  78.118500  0.762968
185.500000  78.765000  0.326683
185.600000  78.616500  0.215668
185.700000  78.920000  0.861256
185.800000  79.187500  2.178596
185.900000  77.853500  2.520836
186.000000  77.866000  0.489318
186.100000  76.974000  0.540230
186.200000  78.416500  2.004648
186.300000  78.445500  1.822214
186.400000  78.571500  1.625638
186.500000  77.435000  0.520431
186.600000  76.347500  0.843578
186.700000  76.764500  0.837922
186.800000  76.510500  0.266579
186.900000  77.647500  1.595940
187.000000  78.066000  0.322441
187.100000  77.991000  0.212132
187.200000  77.420000  1.364716
187.300000  77.720000  0.308299
187.400000  77.328500  0.970858
187.500000  78.867000  0.057983
187.600000  77.617500  1.403607
187.700000  77.998500  1.405021
187.800000  78.599500  1.211274
187.900000  78.551000  0.849942
188.000000  78.416500  1.786859
188.100000  78.048500  0.620133
188.200000  79.121000  1.804537
188.300000  77.784500  2.052731
188.400000  79.181500  0.187383
188.500000  77.485000  0.055154
188.600000  77.559500  1.540786
188.700000  77.415000  0.138593
188.800000  78.603000  1.508966
188.900000  77.675500  0.345775
189.000000  77.607500  0.062933
189.100000  78.849500  1.495531
189.200000  77.373000  0.613769
189.300000  78.201500  0.522552
189.400000  77.192500  1.375323
189.500000  77.948000  2.139705
189.600000  78.772500  0.002121
189.700000  77.580000  0.152735
189.800000  79.226000  0.299813
189.900000  79.820000  2.035053
190.000000  79.040000  0.765090
190.100000  78.101500  1.993334
190.200000  78.004000  0.422850
190.300000  78.762000  0.483661
190.400000  77.964000  0.175362
190.500000  78.466000  0.592555
190.600000  78.705000  1.038033
190.700000  78.180500  0.191626
190.800000  79.859000  0.429921
190.900000  77.397000  0.229103
191.000000  79.593000  1.100258
191.100000  77.308500  0.143543
191.200000  78.262000  0.175362
191.300000  78.072000  1.015405
191.400000  78.837500  0.282136
191.500000  78.000500  0.593263
191.600000  77.472500  0.881762
191.700000  77.915000  0.118794
191.800000  77.483500  0.965201
191.900000  76.892500  1.083995
192.000000  77.113500  0.016263
192.100000  77.616500  1.431891
192.200000  78.387500  0.088388
192.300000  77.919000  0.567100
192.400000  76.290500  0.982171
192.500000  78.052500  0.760140
192.600000  77.555000  0.875398
192.700000  77.695500  1.614325
192.800000  78.595000  0.869741
192.900000  77.778000  0.940452
193.000000  78.755500  1.956564
193.100000  78.223000  1.158241
193.200000  77.952000  0.342240
193.300000  78.793500  0.563564
193.400000  77.545000  0.439820
193.500000  78.068500  0.494268
193.600000  77.678000  0.827315
193.700000  77.535500  0.891662
193.800000  78.963500  0.013435
193.900000  77.027000  0.578413
194.000000  77.068000  0.668923
194.100000  76.682500  1.420578
194.200000  76.763500  0.976514
194.300000  76.856500  0.656902
194.400000  77.961000  0.270115
194.500000  76.379000  1.419870
194.600000  77.007000  1.452397
194.700000  78.178500  0.761554
194.800000  77.020500  0.180312
194.900000  78.084500  0.050205
195.000000  76.625500  2.498208
195.100000  78.086500  1.496945
195.200000  78.529500  0.480126
195.300000  78.638500  1.928280
195.400000  78.035000  0.288500
195.500000  76.929500  0.279307
195.600000  78.546000  1.402900
195.700000  77.893500  0.471640
195.800000  77.966000  1.941715
195.900000  77.401500  0.365574
196.000000  77.760500  0.065761
196.100000  78.196500  0.075660
196.200000  78.660000  0.855599
196.300000  78.647500  1.045811
196.400000  77.250500  0.497096
196.500000  77.631500  1.356938
196.600000  78.665500  0.229810
196.700000  78.125500  1.991920
196.800000  77.744500  0.867620
196.900000  77.941500  1.023184
197.000000  78.029500  1.071267
197.100000  77.805000  1.090359
197.200000  76.922000  1.595233
197.300000  77.616000  1.241680
197.400000  77.860000  1.289763
197.500000  77.695000  0.866913
197.600000  78.104500  0.256680
197.700000  76.810500  1.190061
197.800000  78.069000  1.428356
197.900000  77.189500  0.731856
198.000000  76.869000  0.851357
198.100000  77.608000  1.476439
198.200000  76.549500  0.120915
198.300000  77.863000  2.088793
198.400000  76.231500  1.067024
198.500000  77.621500  0.325976
198.600000  78.519500  0.485782
198.700000  78.190500  0.153442
198.800000  78.808000  0.291328
198.900000  77.481500  0.256680
199.000000  79.435500  1.488460
199.100000  78.674500  1.611496
199.200000  78.426500  0.819537
199.300000  78.409500  1.566242
199.400000  78.195000  0.080610
199.500000  77.058500  1.762817
199.600000  77.335000  0.319612
199.700000  79.560500  0.877520
199.800000  78.381500  0.217082
199.900000  78.631000  0.715592
200.000000  78.798500  0.638517
