# aggregated from 2 replicates
# x  mean  std
0.000000  62.000000  0.000000
0.100000  74.500000  10.606602
0.200000  64.000000  1.414214
0.300000  65.500000  4.949747
0.400000  84.000000  1.414214
0.500000  74.500000  3.535534
0.600000  79.000000  4.242641
0.700000  72.500000  4.949747
0.800000  70.000000  5.656854
0.900000  71.500000  0.707107
1.000000  67.500000  2.121320
1.100000  72.000000  8.485281
1.200000  72.500000  6.363961
1.300000  63.500000  4.949747
1.400000  68.500000  20.506097
1.500000  76.500000  3.535534
1.600000  75.000000  9.899495
1.700000  68.500000  2.121320
1.800000  76.000000  0.000000
1.900000  72.500000  12.020815
2.000000  67.500000  0.707107
2.100000  72.000000  21.213203
2.200000  81.000000  16.970563
2.300000  70.000000  12.727922
2.400000  66.500000  7.778175
2.500000  70.000000  2.828427
2.600000  69.500000  2.121320
2.700000  73.000000  14.142136
2.800000  63.000000  5.656854
2.900000  67.500000  9.192388
3.000000  70.500000  4.949747
3.100000  75.500000  3.535534
3.200000  71.000000  11.313708
3.300000  82.500000  13.435029
3.400000  67.500000  2.121320
3.500000  68.500000  0.707107
3.600000  70.500000  10.606602
3.700000  70.500000  10.606602
3.800000  64.500000  16.263456
3.900000  66.500000  12.020815
4.000000  64.000000  5.656854
4.100000  64.500000  6.363961
4.200000  59.000000  5.656854
4.300000  67.500000  2.121320
4.400000  69.500000  6.363961
4.500000  68.500000  9.192388
4.600000  73.000000  8.485281
4.700000  68.500000  3.535534
4.800000  78.500000  7.778175
4.900000  68.000000  9.899495
5.000000  76.500000  7.778175
5.100000  72.000000  12.727922
5.200000  69.000000  7.071068
5.300000  63.500000  2.121320
5.400000  77.000000  1.414214
5.500000  71.500000  10.606602
5.600000  65.500000  3.535534
5.700000  69.500000  3.535534
5.800000  65.500000  0.707107
5.900000  71.500000  7.778175
6.000000  68.000000  0.000000
6.100000  68.500000  3.535534
6.200000  82.500000  2.121320
6.300000  65.000000  1.414214
6.400000  67.500000  7.778175
6.500000  72.500000  13.435029
6.600000  66.500000  6.363961
6.700000  76.000000  9.899495
6.800000  67.000000  1.414214
6.900000  61.500000  0.707107
7.000000  73.000000  1.414214
7.100000  76.000000  5.656854
7.200000  66.500000  6.363961
7.300000  73.000000  5.656854
7.400000  73.500000  2.121320
7.500000  79.000000  2.828427
7.600000  69.500000  4.949747
7.700000  65.500000  13.435029
7.800000  63.000000  1.414214
7.900000  64.000000  14.142136
8.000000  61.500000  6.363961
8.100000  62.000000  7.071068
8.200000  58.500000  7.778175
8.300000  55.500000  2.121320
8.400000  61.000000  5.656854
8.500000  57.500000  13.435029
8.600000  61.500000  4.949747
8.700000  67.500000  9.192388
8.800000  67.000000  1.414214
8.900000  65.000000  1.414214
9.000000  58.000000  12.727922
9.100000  55.500000  0.707107
9.200000  61.000000  9.899495
9.300000  66.500000  7.778175
9.400000  67.500000  0.707107
9.500000  61.500000  2.121320
9.600000  54.000000  7.071068
9.700000  58.500000  3.535534
9.800000  64.500000  4.949747
9.900000  71.500000  14.849242
10.000000  64.000000  9.899495
10.100000  74.500000  6.363961
10.200000  66.000000  2.828427
10.300000  60.500000  0.707107
10.400000  62.000000  7.071068
10.500000  61.000000  7.071068
10.600000  72.500000  6.363961
10.700000  68.000000  7.071068
10.800000  74.500000  3.535534
10.900000  63.000000  2.828427
11.000000  62.500000  7.778175
11.100000  69.000000  2.828427
11.200000  62.500000  3.535534
11.300000  77.000000  7.071068
11.400000  63.000000  1.414214
11.500000  74.000000  9.899495
11.600000  66.000000  14.142136
11.700000  69.500000  6.363961
11.800000  61.500000  0.707107
11.900000  65.000000  4.242641
12.000000  62.500000  6.363961
12.100000  69.000000  9.899495
12.200000  71.500000  7.778175
12.300000  66.500000  4.949747
12.400000  71.000000  2.828427
12.500000  63.000000  2.828427
12.600000  64.500000  0.707107
12.700000  55.000000  2.828427
12.800000  60.500000  2.121320
12.900000  62.000000  2.828427
13.000000  75.500000  3.535534
13.100000  68.000000  4.242641
13.200000  66.500000  7.778175
13.300000  65.000000  5.656854
13.400000  66.500000  4.949747
13.500000  65.500000  6.363961
13.600000  59.500000  4.949747
13.700000  65.500000  6.363961
13.800000  69.000000  5.656854
13.900000  70.500000  0.707107
14.000000  63.000000  2.828427
14.100000  67.000000  7.071068
14.200000  69.500000  9.192388
14.300000  66.000000  12.727922
14.400000  61.500000  13.435029
14.500000  69.500000  4.949747
14.600000  79.500000  0.707107
14.700000  65.500000  2.121320
14.800000  54.500000  2.121320
14.900000  67.500000  4.949747
15.000000  59.500000  4.949747
15.100000  66.000000  1.414214
15.200000  66.500000  9.192388
15.300000  74.000000  5.656854
15.400000  65.500000  4.949747
15.500000  69.000000  1.414214
15.600000  66.000000  5.656854
15.700000  67.000000  14.142136
15.800000  68.000000  1.414214
15.900000  67.500000  20.506097
16.000000  50.500000  9.192388
16.100000  69.500000  10.606602
16.200000  63.000000  1.414214
16.300000  58.000000  16.970563
16.400000  63.000000  16.970563
16.500000  56.000000  14.142136
16.600000  52.500000  13.435029
16.700000  55.500000  16.263456
16.800000  61.500000  3.535534
16.900000  53.500000  6.363961
17.000000  55.000000  0.000000
17.100000  54.000000  8.485281
17.200000  55.000000  15.556349
17.300000  57.500000  12.020815
17.400000  58.500000  13.435029
17.500000  49.500000  4.949747
17.600000  54.000000  14.142136
17.700000  52.500000  14.849242
17.800000  48.000000  14.142136
17.900000  49.000000  15.556349
18.000000  55.500000  7.778175
18.100000  55.500000  3.535534
18.200000  56.500000  2.121320
18.300000  64.500000  12.020815
18.400000  57.000000  14.142136
18.500000  54.000000  2.828427
18.600000  65.000000  14.142136
18.700000  54.500000  9.192388
18.800000  64.500000  10.606602
18.900000  55.000000  11.313708
19.000000  58.500000  6.363961
19.100000  67.500000  3.535534
19.200000  67.500000  12.020815
19.300000  57.500000  7.778175
19.400000  66.000000  11.313708
19.500000  60.000000  16.970563
19.600000  65.500000  4.949747
19.700000  59.000000  9.899495
19.800000  66.500000  2.121320
19.900000  52.500000  14.849242
20.000000  60.000000  7.071068
20.100000  60.500000  14.849242
20.200000  53.500000  9.192388
20.300000  59.500000  14.849242
20.400000  58.000000  11.313708
20.500000  55.000000  4.242641
20.600000  60.000000  7.071068
20.700000  59.500000  6.363961
20.800000  59.500000  6.363961
20.900000  55.000000  15.556349
21.000000  56.000000  11.313708
21.100000  63.000000  5.656854
21.200000  59.000000  2.828427
21.300000  57.000000  4.242641
21.400000  61.500000  12.020815
21.500000  61.500000  14.849242
21.600000  54.000000  2.828427
21.700000  68.000000  15.556349
21.800000  59.500000  20.506097
21.900000  61.000000  15.556349
22.000000  57.000000  9.899495
22.100000  61.000000  0.000000
22.200000  65.000000  1.414214
22.300000  58.000000  21.213203
22.400000  64.000000  7.071068
22.500000  55.500000  13.435029
22.600000  55.500000  12.020815
22.700000  53.000000  5.656854
22.800000  62.000000  9.899495
22.900000  54.500000  7.778175
23.000000  62.000000  7.071068
23.100000  67.500000  3.535534
23.200000  56.000000  9.899495
23.300000  65.000000  7.071068
23.400000  62.000000  9.899495
23.500000  63.000000  11.313708
23.600000  55.500000  12.020815
23.700000  61.000000  2.828427
23.800000  57.500000  10.606602
23.900000  60.500000  7.778175
24.000000  58.000000  1.414214
24.100000  61.500000  0.707107
24.200000  70.000000  12.727922
24.300000  58.000000  8.485281
24.400000  61.000000  4.242641
24.500000  68.000000  7.071068
24.600000  64.500000  9.192388
24.700000  59.500000  12.020815
24.800000  52.000000  9.899495
24.900000  58.000000  15.556349
25.000000  66.000000  11.313708
25.100000  57.500000  3.535534
25.200000  54.500000  0.707107
25.300000  66.500000  3.535534
25.400000  58.500000  14.849242
25.500000  59.000000  4.242641
25.600000  56.000000  15.556349
25.700000  65.000000  16.970563
25.800000  67.500000  7.778175
25.900000  64.500000  27.577164
26.000000  57.500000  19.091883
26.100000  58.500000  13.435029
26.200000  64.500000  27.577164
26.300000  55.500000  4.949747
26.400000  60.000000  11.313708
26.500000  56.000000  5.656854
26.600000  63.000000  2.828427
26.700000  66.000000  15.556349
26.800000  63.500000  14.849242
26.900000  62.000000  2.828427
27.000000  52.500000  17.677670
27.100000  61.000000  1.414214
27.200000  66.500000  17.677670
27.300000  60.000000  8.485281
27.400000  61.000000  8.485281
27.500000  53.000000  22.627417
27.600000  60.500000  10.606602
27.700000  66.500000  10.606602
27.800000  68.000000  18.384776
27.900000  58.500000  16.263456
28.000000  55.500000  10.606602
28.100000  59.000000  19.798990
28.200000  61.000000  26.870058
28.300000  58.500000  30.405592
28.400000  52.500000  21.920310
28.500000  59.500000  0.707107
28.600000  53.000000  16.970563
28.700000  60.500000  23.334524
28.800000  63.500000  17.677670
28.900000  60.500000  28.991378
29.000000  62.000000  28.284271
29.100000  64.500000  21.920310
29.200000  60.500000  14.849242
29.300000  56.000000  35.355339
29.400000  59.500000  16.263456
29.500000  55.500000  14.849242
29.600000  66.000000  11.313708
29.700000  59.000000  16.970563
29.800000  54.500000  24.748737
29.900000  55.500000  37.476659
30.000000  61.500000  20.506097
30.100000  59.000000  22.627417
30.200000  63.500000  21.920310
30.300000  64.000000  31.112698
30.400000  60.000000  24.041631
30.500000  63.500000  21.920310
30.600000  60.000000  22.627417
30.700000  51.500000  24.748737
30.800000  53.500000  31.819805
30.900000  57.500000  27.577164
31.000000  59.000000  28.284271
31.100000  56.500000  19.091883
31.200000  58.000000  19.798990
31.300000  62.500000  12.020815
31.400000  61.000000  12.727922
31.500000  54.000000  15.556349
31.600000  56.000000  15.556349
31.700000  63.500000  21.920310
31.800000  56.500000  4.949747
31.900000  63.500000  13.435029
32.000000  69.500000  17.677670
32.100000  67.500000  26.162951
32.200000  60.000000  21.213203
32.300000  54.500000  26.162951
32.400000  60.000000  26.870058
32.500000  55.500000  14.849242
32.600000  56.000000  21.213203
32.700000  60.000000  16.970563
32.800000  48.500000  19.091883
32.900000  53.500000  26.162951
33.000000  49.500000  30.405592
33.100000  53.000000  24.041631
33.200000  57.000000  22.627417
33.300000  64.500000  13.435029
33.400000  61.500000  17.677670
33.500000  56.000000  12.727922
33.600000  65.000000  12.727922
33.700000  72.000000  16.970563
33.800000  59.500000  23.334524
33.900000  61.000000  12.727922
34.000000  60.500000  4.949747
34.100000  67.500000  20.506097
34.200000  71.000000  12.727922
34.300000  72.500000  9.192388
34.400000  66.000000  16.970563
34.500000  65.500000  19.091883
34.600000  57.000000  26.870058
34.700000  59.000000  7.071068
34.800000  75.500000  7.778175
34.900000  65.000000  9.899495
35.000000  72.000000  19.798990
35.100000  64.000000  4.242641
35.200000  68.000000  16.970563
35.300000  60.500000  9.192388
35.400000  65.500000  17.677670
35.500000  67.500000  14.849242
35.600000  59.500000  4.949747
35.700000  61.000000  16.970563
35.800000  61.500000  14.849242
35.900000  63.000000  5.656854
36.000000  64.000000  15.556349
36.100000  65.500000  19.091883
36.200000  69.000000  19.798990
36.300000  66.500000  10.606602
36.400000  66.500000  13.435029
36.500000  61.000000  9.899495
36.600000  62.000000  18.384776
36.700000  70.000000  18.384776
36.800000  62.500000  3.535534
36.900000  65.000000  21.213203
37.000000  69.000000  16.970563
37.100000  68.500000  10.606602
37.200000  73.500000  21.920310
37.300000  65.000000  12.727922
37.400000  63.000000  15.556349
37.500000  64.000000  16.970563
37.600000  63.000000  12.727922
37.700000  69.500000  19.091883
37.800000  63.500000  6.363961
37.900000  63.500000  14.849242
38.000000  75.000000  14.142136
38.100000  66.500000  10.606602
38.200000  71.000000  5.656854
38.300000  65.500000  16.263456
38.400000  67.000000  5.656854
38.500000  67.000000  5.656854
38.600000  57.500000  9.192388
38.700000  63.500000  12.020815
38.800000  66.000000  11.313708
38.900000  61.000000  7.071068
39.000000  61.000000  9.899495
39.100000  65.500000  6.363961
39.200000  71.500000  16.263456
39.300000  59.000000  8.485281
39.400000  58.500000  10.606602
39.500000  59.500000  3.535534
39.600000  63.500000  2.121320
39.700000  62.000000  9.899495
39.800000  63.500000  6.363961
39.900000  53.500000  2.121320
40.000000  64.500000  10.606602
40.100000  63.000000  4.242641
40.200000  64.500000  9.192388
40.300000  64.500000  6.363961
40.400000  61.500000  0.707107
40.500000  59.500000  10.606602
40.600000  58.500000  0.707107
40.700000  51.500000  3.535534
40.800000  62.500000  6.363961
40.900000  61.500000  3.535534
41.000000  56.000000  1.414214
41.100000  58.500000  10.606602
41.200000  67.000000  8.485281
41.300000  64.000000  4.242641
41.400000  66.500000  6.363961
41.500000  61.500000  2.121320
41.600000  61.500000  4.949747
41.700000  59.000000  18.384776
41.800000  61.000000  15.556349
41.900000  63.000000  16.970563
42.000000  59.000000  16.970563
42.100000  60.500000  13.435029
42.200000  60.000000  4.242641
42.300000  66.500000  12.020815
42.400000  60.000000  8.485281
42.500000  64.500000  17.677670
42.600000  61.000000  11.313708
42.700000  62.000000  14.142136
42.800000  61.000000  14.142136
42.900000  69.000000  9.899495
43.000000  70.000000  9.899495
43.100000  71.000000  15.556349
43.200000  60.500000  13.435029
43.300000  62.000000  2.828427
43.400000  59.000000  11.313708
43.500000  62.500000  13.435029
43.600000  66.000000  1.414214
43.700000  56.000000  5.656854
43.800000  55.500000  16.263456
43.900000  64.500000  12.020815
44.000000  57.500000  9.192388
44.100000  66.500000  6.363961
44.200000  56.000000  7.071068
44.300000  61.000000  1.414214
44.400000  55.500000  9.192388
44.500000  69.500000  3.535534
44.600000  59.000000  9.899495
44.700000  61.500000  6.363961
44.800000  62.000000  2.828427
44.900000  66.000000  12.727922
45.000000  62.000000  7.071068
45.100000  66.500000  12.020815
45.200000  58.500000  2.121320
45.300000  64.500000  13.435029
45.400000  62.000000  12.727922
45.500000  59.000000  0.000000
45.600000  64.500000  3.535534
45.700000  66.000000  11.313708
45.800000  62.000000  11.313708
45.900000  59.500000  12.020815
46.000000  57.000000  4.242641
46.100000  61.000000  9.899495
46.200000  53.500000  0.707107
46.300000  64.000000  0.000000
46.400000  55.000000  8.485281
46.500000  65.500000  16.263456
46.600000  68.500000  16.263456
46.700000  69.500000  4.949747
46.800000  60.500000  0.707107
46.900000  60.000000  0.000000
47.000000  62.000000  12.727922
47.100000  60.000000  2.828427
47.200000  57.000000  1.414214
47.300000  58.500000  4.949747
47.400000  66.000000  12.727922
47.500000  72.000000  9.899495
47.600000  63.000000  7.071068
47.700000  61.000000  5.656854
47.800000  67.500000  7.778175
47.900000  67.000000  12.727922
48.000000  67.500000  2.121320
48.100000  55.000000  4.242641
48.200000  65.000000  2.828427
48.300000  66.000000  0.000000
48.400000  60.000000  15.556349
48.500000  60.000000  2.828427
48.600000  63.500000  7.778175
48.700000  52.500000  2.121320
48.800000  56.500000  7.778175
48.900000  64.500000  0.707107
49.000000  63.000000  18.384776
49.100000  61.500000  7.778175
49.200000  66.500000  2.121320
49.300000  71.500000  3.535534
49.400000  74.500000  0.707107
49.500000  68.000000  0.000000
49.600000  71.500000  2.121320
49.700000  64.500000  7.778175
49.800000  61.000000  7.071068
49.900000  61.500000  6.363961
50.000000  61.500000  20.506097
50.100000  68.000000  12.727922
50.200000  67.500000  21.920310
50.300000  61.000000  7.071068
50.400000  63.500000  4.949747
50.500000  57.500000  17.677670
50.600000  59.000000  2.828427
50.700000  66.000000  14.142136
50.800000  66.500000  9.192388
50.900000  67.000000  11.313708
51.000000  58.500000  7.778175
51.100000  63.000000  8.485281
51.200000  59.000000  5.656854
51.300000  66.500000  9.192388
51.400000  62.500000  3.535534
51.500000  67.000000  4.242641
51.600000  60.500000  3.535534
51.700000  59.500000  7.778175
51.800000  59.000000  4.242641
51.900000  66.000000  9.899495
52.000000  66.000000  8.485281
52.100000  60.000000  4.242641
52.200000  67.000000  8.485281
52.300000  68.500000  2.121320
52.400000  71.500000  7.778175
52.500000  68.500000  13.435029
52.600000  69.500000  4.949747
52.700000  71.500000  9.192388
52.800000  65.500000  17.677670
52.900000  60.500000  16.263456
53.000000  63.500000  4.949747
53.100000  60.000000  1.414214
53.200000  63.500000  10.606602
53.300000  61.500000  2.121320
53.400000  70.500000  17.677670
53.500000  66.500000  2.121320
53.600000  63.000000  18.384776
53.700000  55.500000  7.778175
53.800000  68.000000  7.071068
53.900000  55.000000  9.899495
54.000000  63.000000  2.828427
54.100000  61.500000  13.435029
54.200000  67.500000  10.606602
54.300000  73.000000  7.071068
54.400000  68.000000  9.899495
54.500000  67.000000  15.556349
54.600000  57.500000  0.707107
54.700000  72.500000  16.263456
54.800000  64.500000  6.363961
54.900000  67.000000  5.656854
55.000000  68.000000  4.242641
55.100000  55.000000  12.727922
55.200000  67.000000  22.627417
55.300000  66.000000  15.556349
55.400000  73.000000  0.000000
55.500000  53.500000  7.778175
55.600000  72.000000  19.798990
55.700000  69.500000  3.535534
55.800000  59.000000  1.414214
55.900000  69.500000  0.707107
56.000000  73.000000  5.656854
56.100000  71.500000  17.677670
56.200000  73.500000  2.121320
56.300000  68.000000  9.899495
56.400000  65.000000  2.828427
56.500000  66.000000  9.899495
56.600000  71.500000  9.192388
56.700000  61.000000  5.656854
56.800000  63.000000  1.414214
56.900000  57.000000  7.071068
57.000000  63.000000  9.899495
57.100000  65.000000  9.899495
57.200000  64.500000  6.363961
57.300000  71.500000  14.849242
57.400000  64.500000  19.091883
57.500000  67.000000  25.455844
57.600000  58.500000  17.677670
57.700000  64.500000  17.677670
57.800000  66.000000  0.000000
57.900000  58.500000  16.263456
58.000000  63.000000  9.899495
58.100000  63.500000  9.192388
58.200000  70.000000  9.899495
58.300000  66.500000  6.363961
58.400000  63.000000  16.970563
58.500000  64.500000  3.535534
58.600000  65.000000  14.142136
58.700000  67.500000  4.949747
58.800000  69.500000  20.506097
58.900000  60.000000  4.242641
59.000000  54.500000  7.778175
59.100000  64.500000  3.535534
59.200000  70.000000  11.313708
59.300000  63.000000  8.485281
59.400000  60.500000  4.949747
59.500000  69.000000  1.414214
59.600000  65.500000  7.778175
59.700000  64.500000  13.435029
59.800000  59.500000  3.535534
59.900000  59.000000  1.414214
60.000000  65.500000  6.363961
60.100000  58.000000  1.414214
60.200000  69.500000  0.707107
60.300000  60.000000  14.142136
60.400000  67.000000  2.828427
60.500000  55.500000  7.778175
60.600000  57.500000  9.192388
60.700000  64.500000  0.707107
60.800000  64.000000  16.970563
60.900000  63.500000  3.535534
61.000000  54.000000  1.414214
61.100000  63.000000  8.485281
61.200000  53.000000  11.313708
61.300000  63.500000  6.363961
61.400000  59.500000  13.435029
61.500000  68.000000  18.384776
61.600000  63.500000  4.949747
61.700000  56.000000  9.899495
61.800000  63.500000  2.121320
61.900000  69.000000  8.485281
62.000000  56.000000  11.313708
62.100000  62.500000  7.778175
62.200000  68.000000  8.485281
62.300000  64.500000  10.606602
62.400000  63.500000  12.020815
62.500000  62.000000  15.556349
62.600000  57.000000  0.000000
62.700000  65.000000  21.213203
62.800000  55.500000  2.121320
62.900000  72.000000  15.556349
63.000000  62.500000  0.707107
63.100000  71.000000  5.656854
63.200000  60.500000  4.949747
63.300000  65.000000  14.142136
63.400000  68.000000  11.313708
63.500000  59.000000  9.899495
63.600000  58.000000  7.071068
63.700000  67.500000  16.263456
63.800000  63.500000  3.535534
63.900000  66.500000  10.606602
64.000000  61.000000  11.313708
64.100000  55.500000  13.435029
64.200000  64.000000  12.727922
64.300000  61.000000  16.970563
64.400000  60.000000  15.556349
64.500000  65.000000  15.556349
64.600000  63.500000  23.334524
64.700000  57.500000  14.849242
64.800000  66.000000  9.899495
64.900000  59.000000  19.798990
65.000000  55.500000  10.606602
65.100000  65.000000  18.384776
65.200000  72.000000  2.828427
65.300000  66.500000  10.606602
65.400000  53.000000  9.899495
65.500000  60.500000  13.435029
65.600000  56.000000  5.656854
65.700000  66.000000  14.142136
65.800000  57.000000  0.000000
65.900000  58.500000  4.949747
66.000000  61.500000  4.949747
66.100000  60.000000  12.727922
66.200000  59.500000  0.707107
66.300000  69.500000  4.949747
66.400000  57.000000  14.142136
66.500000  65.500000  7.778175
66.600000  59.000000  7.071068
66.700000  52.500000  4.949747
66.800000  54.500000  6.363961
66.900000  61.500000  9.192388
67.000000  66.000000  21.213203
67.100000  56.000000  5.656854
67.200000  62.000000  21.213203
67.300000  57.500000  13.435029
67.400000  61.500000  12.020815
67.500000  69.500000  20.506097
67.600000  67.000000  19.798990
67.700000  57.500000  9.192388
67.800000  58.000000  9.899495
67.900000  65.000000  2.828427
68.000000  66.000000  7.071068
68.100000  68.500000  17.677670
68.200000  52.500000  0.707107
68.300000  64.000000  4.242641
68.400000  62.000000  22.627417
68.500000  63.000000  16.970563
68.600000  64.500000  16.263456
68.700000  59.500000  2.121320
68.800000  61.000000  7.071068
68.900000  70.000000  16.970563
69.000000  63.500000  4.949747
69.100000  70.000000  1.414214
69.200000  66.000000  2.828427
69.300000  50.000000  7.071068
69.400000  55.500000  7.778175
69.500000  66.500000  13.435029
69.600000  72.000000  0.000000
69.700000  58.000000  5.656854
69.800000  70.500000  12.020815
69.900000  65.000000  15.556349
70.000000  56.500000  3.535534
70.100000  61.500000  10.606602
70.200000  66.000000  8.485281
70.300000  62.000000  0.000000
70.400000  71.000000  0.000000
70.500000  63.000000  1.414214
70.600000  64.500000  10.606602
70.700000  62.500000  14.849242
70.800000  67.000000  5.656854
70.900000  61.000000  0.000000
71.000000  65.000000  8.485281
71.100000  66.000000  1.414214
71.200000  65.500000  7.778175
71.300000  58.000000  9.899495
71.400000  66.500000  7.778175
71.500000  65.000000  5.656854
71.600000  60.500000  10.606602
71.700000  61.000000  1.414214
71.800000  74.000000  21.213203
71.900000  73.500000  12.020815
72.000000  73.000000  4.242641
72.100000  63.500000  7.778175
72.200000  59.500000  0.707107
72.300000  66.500000  2.121320
72.400000  65.000000  8.485281
72.500000  71.000000  9.899495
72.600000  69.500000  13.435029
72.700000  59.000000  1.414214
72.800000  64.500000  10.606602
72.900000  64.000000  15.556349
73.000000  71.000000  21.213203
73.100000  68.500000  0.707107
73.200000  62.000000  2.828427
73.300000  65.000000  9.899495
73.400000  63.000000  7.071068
73.500000  70.500000  3.535534
73.600000  62.000000  2.828427
73.700000  62.500000  4.949747
73.800000  55.500000  17.677670
73.900000  61.500000  9.192388
74.000000  67.500000  4.949747
74.100000  62.000000  11.313708
74.200000  62.500000  19.091883
74.300000  63.500000  9.192388
74.400000  62.000000  0.000000
74.500000  59.000000  15.556349
74.600000  66.500000  6.363961
74.700000  66.000000  8.485281
74.800000  61.500000  16.263456
74.900000  53.000000  14.142136
75.000000  61.500000  3.535534
75.100000  64.000000  8.485281
75.200000  65.500000  7.778175
75.300000  70.000000  4.242641
75.400000  67.000000  7.071068
75.500000  48.000000  15.556349
75.600000  59.000000  1.414214
75.700000  56.500000  10.606602
75.800000  64.000000  9.899495
75.900000  58.500000  6.363961
76.000000  55.000000  7.071068
76.100000  57.000000  1.414214
76.200000  56.000000  4.242641
76.300000  64.000000  8.485281
76.400000  55.500000  3.535534
76.500000  60.000000  1.414214
76.600000  70.000000  0.000000
76.700000  61.000000  4.242641
76.800000  60.000000  4.242641
76.900000  60.000000  9.899495
77.000000  54.000000  2.828427
77.100000  62.500000  9.192388
77.200000  60.000000  7.071068
77.300000  53.500000  6.363961
77.400000  63.000000  19.798990
77.500000  73.000000  8.485281
77.600000  56.000000  8.485281
77.700000  57.500000  9.192388
77.800000  60.500000  13.435029
77.900000  74.000000  12.727922
78.000000  62.500000  0.707107
78.100000  55.000000  5.656854
78.200000  60.500000  0.707107
78.300000  63.500000  3.535534
78.400000  62.000000  4.242641
78.500000  57.500000  2.121320
78.600000  58.000000  7.071068
78.700000  64.000000  7.071068
78.800000  72.000000  5.656854
78.900000  60.500000  3.535534
79.000000  61.500000  3.535534
79.100000  63.500000  4.949747
79.200000  62.000000  0.000000
79.300000  67.000000  4.242641
79.400000  55.000000  1.414214
79.500000  64.500000  2.121320
79.600000  64.000000  2.828427
79.700000  64.500000  0.707107
79.800000  63.000000  16.970563
79.900000  65.500000  7.778175
80.000000  64.500000  12.020815
80.100000  60.000000  12.727922
80.200000  60.500000  0.707107
80.300000  71.000000  7.071068
80.400000  65.000000  1.414214
80.500000  64.000000  9.899495
80.600000  67.000000  0.000000
80.700000  58.500000  24.748737
80.800000  61.000000  1.414214
80.900000  66.500000  10.606602
81.000000  49.500000  7.778175
81.100000  63.000000  18.384776
81.200000  64.500000  9.192388
81.300000  63.500000  12.020815
81.400000  57.500000  6.363961
81.500000  63.000000  12.727922
81.600000  63.000000  2.828427
81.700000  66.000000  11.313708
81.800000  54.000000  11.313708
81.900000  68.000000  4.242641
82.000000  64.500000  4.949747
82.100000  56.500000  6.363961
82.200000  62.000000  15.556349
82.300000  74.500000  13.435029
82.400000  58.500000  2.121320
82.500000  52.500000  7.778175
82.600000  65.500000  16.263456
82.700000  60.000000  2.828427
82.800000  55.000000  4.242641
82.900000  65.500000  6.363961
83.000000  63.000000  0.000000
83.100000  61.000000  8.485281
83.200000  65.000000  12.727922
83.300000  69.000000  1.414214
83.400000  72.000000  7.071068
83.500000  74.000000  15.556349
83.600000  62.000000  7.071068
83.700000  66.500000  6.363961
83.800000  63.500000  3.535534
83.900000  58.500000  4.949747
84.000000  62.500000  9.192388
84.100000  61.500000  2.121320
84.200000  61.000000  0.000000
84.300000  65.500000  4.949747
84.400000  62.000000  0.000000
84.500000  64.000000  11.313708
84.600000  57.000000  1.414214
84.700000  64.500000  12.020815
84.800000  62.500000  12.020815
84.900000  67.000000  7.071068
85.000000  53.000000  11.313708
85.100000  61.000000  4.242641
85.200000  62.000000  5.656854
85.300000  54.500000  13.435029
85.400000  64.000000  5.656854
85.500000  51.500000  2.121320
85.600000  59.000000  0.000000
85.700000  59.000000  0.000000
85.800000  54.000000  2.828427
85.900000  59.000000  12.727922
86.000000  62.500000  4.949747
86.100000  48.500000  9.192388
86.200000  57.000000  5.656854
86.300000  58.500000  6.363961
86.400000  54.500000  0.707107
86.500000  50.000000  1.414214
86.600000  64.500000  4.949747
86.700000  60.500000  0.707107
86.800000  60.000000  5.656854
86.900000  56.000000  5.656854
87.000000  59.500000  6.363961
87.100000  60.000000  2.828427
87.200000  66.000000  9.899495
87.300000  60.500000  3.535534
87.400000  51.000000  0.000000
87.500000  52.000000  2.828427
87.600000  51.000000  5.656854
87.700000  61.000000  7.071068
87.800000  69.000000  2.828427
87.900000  66.500000  9.192388
88.000000  59.500000  10.606602
88.100000  61.000000  9.899495
88.200000  52.500000  7.778175
88.300000  61.500000  4.949747
88.400000  53.500000  6.363961
88.500000  57.000000  5.656854
88.600000  58.000000  4.242641
88.700000  55.500000  0.707107
88.800000  65.000000  2.828427
88.900000  55.500000  4.949747
89.000000  52.000000  0.000000
89.100000  59.500000  10.606602
89.200000  58.500000  0.707107
89.300000  65.500000  6.363961
89.400000  66.500000  0.707107
89.500000  64.500000  10.606602
89.600000  56.500000  2.121320
89.700000  66.000000  11.313708
89.800000  61.500000  6.363961
89.900000  64.500000  7.778175
90.000000  60.000000  12.727922
90.100000  71.000000  0.000000
90.200000  56.500000  0.707107
90.300000  59.500000  0.707107
90.400000  54.000000  1.414214
90.500000  59.000000  12.727922
90.600000  59.000000  2.828427
90.700000  59.500000  2.121320
90.800000  61.500000  14.849242
90.900000  67.000000  7.071068
91.000000  55.000000  8.485281
91.100000  65.500000  3.535534
91.200000  60.500000  17.677670
91.300000  61.500000  9.192388
91.400000  55.000000  0.000000
91.500000  62.000000  2.828427
91.600000  56.500000  4.949747
91.700000  65.500000  4.949747
91.800000  67.500000  0.707107
91.900000  62.000000  5.656854
92.000000  61.000000  9.899495
92.100000  64.000000  8.485281
92.200000  71.500000  9.192388
92.300000  70.500000  6.363961
92.400000  62.000000  1.414214
92.500000  64.500000  4.949747
92.600000  54.500000  4.949747
92.700000  53.000000  1.414214
92.800000  58.000000  1.414214
92.900000  60.000000  12.727922
93.000000  58.000000  5.656854
93.100000  57.500000  6.363961
93.200000  66.000000  4.242641
93.300000  57.000000  5.656854
93.400000  54.000000  5.656854
93.500000  63.000000  4.242641
93.600000  58.500000  0.707107
93.700000  53.500000  2.121320
93.800000  57.000000  2.828427
93.900000  56.500000  4.949747
94.000000  59.000000  1.414214
94.100000  64.500000  9.192388
94.200000  59.500000  16.263456
94.300000  58.500000  3.535534
94.400000  62.000000  18.384776
94.500000  60.000000  1.414214
94.600000  57.500000  2.121320
94.700000  57.000000  7.071068
94.800000  61.500000  12.020815
94.900000  66.500000  2.121320
95.000000  64.500000  3.535534
95.100000  65.500000  10.606602
95.200000  58.500000  3.535534
95.300000  55.000000  12.727922
95.400000  62.500000  7.778175
95.500000  60.500000  7.778175
95.600000  48.500000  13.435029
95.700000  56.000000  5.656854
95.800000  51.000000  5.656854
95.900000  51.500000  3.535534
96.000000  62.500000  7.778175
96.100000  52.500000  3.535534
96.200000  54.000000  4.242641
96.300000  59.500000  7.778175
96.400000  59.000000  1.414214
96.500000  58.500000  2.121320
96.600000  58.000000  4.242641
96.700000  63.500000  14.849242
96.800000  61.000000  8.485281
96.900000  65.500000  3.535534
97.000000  63.000000  4.242641
97.100000  57.000000  4.242641
97.200000  53.500000  9.192388
97.300000  62.000000  4.242641
97.400000  62.500000  10.606602
97.500000  60.000000  2.828427
97.600000  66.500000  3.535534
97.700000  65.000000  1.414214
97.800000  49.000000  0.000000
97.900000  58.000000  7.071068
98.000000  70.000000  8.485281
98.100000  61.000000  12.727922
98.200000  51.000000  18.384776
98.300000  55.000000  4.242641
98.400000  57.000000  4.242641
98.500000  57.000000  0.000000
98.600000  60.500000  3.535534
98.700000  59.500000  9.192388
98.800000  54.500000  10.606602
98.900000  60.000000  4.242641
99.000000  64.000000  0.000000
99.100000  50.000000  7.071068
99.200000  51.000000  2.828427
99.300000  64.500000  10.606602
99.400000  53.500000  3.535534
99.500000  62.500000  9.192388
99.600000  73.500000  4.949747
99.700000  51.000000  1.414214
99.800000  61.000000  1.414214
99.900000  57.000000  2.828427
100.000000  58.000000  1.414214
100.100000  54.000000  2.828427
100.200000  58.500000  2.121320
100.300000  54.500000  3.535534
100.400000  60.500000  3.535534
100.500000  57.000000  0.000000
100.600000  54.000000  2.828427
100.700000  53.500000  2.121320
100.800000  55.500000  9.192388
100.900000  63.500000  2.121320
101.000000  59.000000  2.828427
101.100000  57.000000  2.828427
101.200000  60.000000  5.656854
101.300000  55.000000  9.899495
101.400000  60.500000  12.020815
101.500000  62.500000  7.778175
101.600000  55.500000  0.707107
101.700000  55.500000  6.363961
101.800000  58.000000  8.485281
101.900000  48.500000  3.535534
102.000000  57.500000  3.535534
102.100000  57.000000  0.000000
102.200000  56.000000  5.656854
102.300000  65.000000  5.656854
102.400000  62.000000  8.485281
102.500000  53.000000  14.142136
102.600000  51.000000  2.828427
102.700000  54.000000  2.828427
102.800000  56.000000  2.828427
102.900000  59.000000  1.414214
103.000000  60.500000  3.535534
103.100000  68.500000  3.535534
103.200000  53.500000  3.535534
103.300000  54.500000  0.707107
103.400000  57.500000  3.535534
103.500000  62.500000  3.535534
103.600000  56.000000  5.656854
103.700000  63.500000  2.121320
103.800000  58.500000  6.363961
103.900000  58.000000  4.242641
104.000000  56.500000  0.707107
104.100000  55.500000  16.263456
104.200000  59.500000  0.707107
104.300000  62.500000  3.535534
104.400000  62.500000  12.020815
104.500000  62.500000  0.707107
104.600000  61.000000  8.485281
104.700000  57.000000  4.242641
104.800000  64.000000  2.828427
104.900000  53.500000  2.121320
105.000000  60.500000  4.949747
105.100000  61.500000  10.606602
105.200000  59.500000  2.121320
105.300000  49.000000  9.899495
105.400000  58.000000  4.242641
105.500000  56.500000  7.778175
105.600000  68.000000  2.828427
105.700000  55.500000  9.192388
105.800000  59.500000  0.707107
105.900000  66.000000  0.000000
106.000000  53.000000  7.071068
106.100000  56.500000  7.778175
106.200000  54.500000  7.778175
106.300000  60.000000  8.485281
106.400000  54.500000  12.020815
106.500000  54.000000  9.899495
106.600000  52.000000  2.828427
106.700000  59.000000  8.485281
106.800000  54.000000  1.414214
106.900000  48.000000  1.414214
107.000000  63.500000  0.707107
107.100000  54.500000  10.606602
107.200000  62.500000  2.121320
107.300000  54.500000  3.535534
107.400000  49.000000  15.556349
107.500000  63.500000  13.435029
107.600000  56.000000  1.414214
107.700000  60.000000  9.899495
107.800000  54.500000  3.535534
107.900000  56.500000  0.707107
108.000000  46.500000  0.707107
108.100000  62.500000  2.121320
108.200000  56.500000  2.121320
108.300000  46.500000  10.606602
108.400000  56.000000  8.485281
108.500000  56.000000  7.071068
108.600000  50.500000  7.778175
108.700000  51.500000  6.363961
108.800000  51.500000  0.707107
108.900000  49.000000  2.828427
109.000000  54.000000  4.242641
109.100000  56.500000  2.121320
109.200000  47.500000  4.949747
109.300000  54.000000  0.000000
109.400000  49.500000  0.707107
109.500000  53.500000  3.535534
109.600000  48.500000  13.435029
109.700000  55.000000  4.242641
109.800000  56.000000  1.414214
109.900000  53.000000  4.242641
110.000000  51.000000  4.242641
110.100000  48.500000  19.091883
110.200000  47.500000  16.263456
110.300000  48.500000  2.121320
110.400000  49.500000  0.707107
110.500000  47.000000  15.556349
110.600000  53.000000  0.000000
110.700000  54.500000  4.949747
110.800000  55.000000  2.828427
110.900000  51.500000  4.949747
111.000000  50.000000  8.485281
111.100000  54.000000  2.828427
111.200000  46.500000  2.121320
111.300000  48.000000  4.242641
111.400000  43.000000  4.242641
111.500000  43.000000  7.071068
111.600000  58.500000  4.949747
111.700000  56.000000  7.071068
111.800000  46.500000  13.435029
111.900000  52.000000  11.313708
112.000000  46.000000  15.556349
112.100000  48.000000  8.485281
112.200000  49.500000  0.707107
112.300000  59.500000  2.121320
112.400000  48.500000  6.363961
112.500000  56.000000  1.414214
112.600000  57.000000  1.414214
112.700000  55.500000  3.535534
112.800000  48.500000  0.707107
112.900000  57.000000  11.313708
113.000000  44.000000  1.414214
113.100000  52.500000  9.192388
113.200000  53.500000  16.263456
113.300000  41.000000  24.041631
113.400000  47.500000  17.677670
113.500000  41.000000  14.142136
113.600000  42.000000  14.142136
113.700000  41.000000  12.727922
113.800000  44.000000  16.970563
113.900000  39.500000  21.920310
114.000000  44.500000  12.020815
114.100000  44.000000  14.142136
114.200000  43.000000  14.142136
114.300000  48.000000  25.455844
114.400000  58.500000  19.091883
114.500000  57.500000  7.778175
114.600000  53.000000  11.313708
114.700000  50.500000  10.606602
114.800000  42.500000  12.020815
114.900000  47.000000  25.455844
115.000000  45.000000  11.313708
115.100000  44.000000  15.556349
115.200000  39.000000  7.071068
115.300000  44.500000  10.606602
115.400000  39.000000  22.627417
115.500000  34.000000  8.485281
115.600000  43.500000  10.606602
115.700000  45.000000  12.727922
115.800000  44.000000  12.727922
115.900000  45.500000  17.677670
116.000000  46.000000  12.727922
116.100000  46.000000  18.384776
116.200000  42.500000  20.506097
116.300000  48.000000  18.384776
116.400000  38.500000  16.263456
116.500000  49.000000  16.970563
116.600000  47.000000  15.556349
116.700000  38.000000  9.899495
116.800000  48.500000  10.606602
116.900000  50.500000  27.577164
117.000000  48.500000  17.677670
117.100000  40.500000  14.849242
117.200000  54.500000  6.363961
117.300000  48.500000  23.334524
117.400000  45.500000  4.949747
117.500000  48.000000  7.071068
117.600000  42.500000  20.506097
117.700000  46.500000  24.748737
117.800000  46.500000  13.435029
117.900000  56.000000  15.556349
118.000000  46.500000  13.435029
118.100000  45.000000  15.556349
118.200000  44.000000  2.828427
118.300000  44.500000  23.334524
118.400000  45.000000  5.656854
118.500000  40.500000  10.606602
118.600000  52.000000  29.698485
118.700000  48.000000  18.384776
118.800000  53.500000  21.920310
118.900000  40.500000  19.091883
119.000000  48.500000  7.778175
119.100000  52.000000  14.142136
119.200000  48.000000  8.485281
119.300000  48.000000  16.970563
119.400000  46.500000  19.091883
119.500000  46.000000  16.970563
119.600000  36.000000  19.798990
119.700000  39.000000  12.727922
119.800000  48.000000  22.627417
119.900000  36.000000  16.970563
120.000000  48.000000  15.556349
120.100000  46.500000  24.748737
120.200000  42.000000  16.970563
120.300000  33.000000  9.899495
120.400000  40.500000  23.334524
120.500000  38.000000  12.727922
120.600000  45.500000  17.677670
120.700000  52.000000  12.727922
120.800000  46.500000  19.091883
120.900000  38.500000  9.192388
121.000000  41.000000  16.970563
121.100000  46.500000  17.677670
121.200000  41.000000  9.899495
121.300000  43.000000  1.414214
121.400000  43.000000  19.798990
121.500000  49.000000  16.970563
121.600000  43.000000  7.071068
121.700000  38.000000  21.213203
121.800000  40.500000  19.091883
121.900000  43.000000  28.284271
122.000000  41.000000  14.142136
122.100000  51.000000  9.899495
122.200000  49.000000  12.727922
122.300000  44.000000  9.899495
122.400000  44.000000  19.798990
122.500000  42.000000  11.313708
122.600000  44.500000  6.363961
122.700000  38.000000  16.970563
122.800000  42.500000  19.091883
122.900000  40.500000  10.606602
123.000000  47.000000  22.627417
123.100000  44.000000  28.284271
123.200000  38.000000  19.798990
123.300000  45.000000  25.455844
123.400000  41.000000  21.213203
123.500000  49.500000  14.849242
123.600000  42.500000  14.849242
123.700000  52.500000  26.162951
123.800000  40.500000  14.849242
123.900000  45.500000  21.920310
124.000000  48.000000  19.798990
124.100000  43.500000  14.849242
124.200000  50.500000  14.849242
124.300000  44.000000  8.485281
124.400000  47.000000  9.899495
124.500000  34.000000  2.828427
124.600000  44.500000  13.435029
124.700000  49.500000  26.162951
124.800000  44.000000  29.698485
124.900000  44.000000  12.727922
125.000000  57.000000  22.627417
125.100000  44.500000  19.091883
125.200000  48.500000  23.334524
125.300000  52.000000  21.213203
125.400000  46.500000  20.506097
125.500000  41.000000  31.112698
125.600000  40.000000  18.384776
125.700000  38.500000  4.949747
125.800000  52.500000  19.091883
125.900000  48.500000  6.363961
126.000000  44.500000  13.435029
126.100000  50.500000  16.263456
126.200000  46.500000  16.263456
126.300000  47.500000  6.363961
126.400000  52.500000  19.091883
126.500000  51.000000  19.798990
126.600000  50.500000  28.991378
126.700000  56.500000  28.991378
126.800000  48.000000  25.455844
126.900000  57.500000  23.334524
127.000000  54.000000  19.798990
127.100000  50.000000  2.828427
127.200000  52.500000  12.020815
127.300000  50.500000  21.920310
127.400000  51.500000  16.263456
127.500000  62.500000  3.535534
127.600000  62.500000  16.263456
127.700000  61.000000  14.142136
127.800000  61.000000  5.656854
127.900000  54.500000  4.949747
128.000000  54.000000  0.000000
128.100000  54.500000  14.849242
128.200000  60.000000  11.313708
128.300000  53.500000  9.192388
128.400000  57.000000  1.414214
128.500000  56.000000  18.384776
128.600000  53.500000  19.091883
128.700000  56.000000  11.313708
128.800000  50.000000  12.727922
128.900000  45.000000  14.142136
129.000000  49.500000  19.091883
129.100000  52.000000  19.798990
129.200000  41.000000  9.899495
129.300000  47.000000  16.970563
129.400000  48.500000  14.849242
129.500000  53.500000  4.949747
129.600000  51.500000  7.778175
129.700000  40.000000  9.899495
129.800000  55.500000  16.263456
129.900000  50.000000  2.828427
130.000000  55.500000  7.778175
130.100000  55.000000  14.142136
130.200000  45.500000  14.849242
130.300000  53.500000  6.363961
130.400000  49.500000  21.920310
130.500000  54.500000  12.020815
130.600000  50.500000  21.920310
130.700000  55.000000  5.656854
130.800000  42.000000  11.313708
130.900000  46.000000  11.313708
131.000000  36.000000  31.112698
131.100000  41.500000  14.849242
131.200000  39.500000  20.506097
131.300000  47.500000  13.435029
131.400000  44.000000  18.384776
131.500000  51.000000  12.727922
131.600000  49.500000  21.920310
131.700000  53.500000  17.677670
131.800000  42.000000  16.970563
131.900000  45.000000  4.242641
132.000000  51.500000  9.192388
132.100000  51.500000  19.091883
132.200000  44.500000  10.606602
132.300000  45.000000  16.970563
132.400000  46.000000  7.071068
132.500000  47.500000  10.606602
132.600000  44.000000  19.798990
132.700000  44.000000  18.384776
132.800000  45.500000  28.991378
132.900000  51.500000  20.506097
133.000000  44.000000  15.556349
133.100000  43.000000  21.213203
133.200000  43.500000  10.606602
133.300000  46.500000  26.162951
133.400000  48.500000  2.121320
133.500000  51.000000  5.656854
133.600000  51.500000  19.091883
133.700000  54.500000  13.435029
133.800000  46.500000  6.363961
133.900000  49.000000  7.071068
134.000000  56.000000  12.727922
134.100000  53.000000  11.313708
134.200000  46.500000  0.707107
134.300000  50.500000  14.849242
134.400000  55.000000  5.656854
134.500000  53.000000  5.656854
134.600000  51.500000  2.121320
134.700000  54.000000  18.384776
134.800000  49.000000  5.656854
134.900000  51.500000  19.091883
135.000000  50.000000  19.798990
135.100000  51.500000  12.020815
135.200000  50.000000  18.384776
135.300000  50.500000  0.707107
135.400000  50.500000  13.435029
135.500000  50.500000  0.707107
135.600000  47.500000  6.363961
135.700000  55.000000  1.414214
135.800000  47.500000  9.192388
135.900000  51.500000  16.263456
136.000000  51.000000  11.313708
136.100000  51.000000  15.556349
136.200000  40.000000  2.828427
136.300000  60.500000  12.020815
136.400000  49.000000  21.213203
136.500000  53.000000  1.414214
136.600000  46.000000  21.213203
136.700000  55.000000  12.727922
136.800000  49.500000  28.991378
136.900000  51.500000  16.263456
137.000000  54.500000  17.677670
137.100000  47.500000  10.606602
137.200000  51.500000  13.435029
137.300000  46.000000  14.142136
137.400000  52.000000  19.798990
137.500000  51.000000  11.313708
137.600000  45.500000  7.778175
137.700000  51.500000  20.506097
137.800000  40.500000  7.778175
137.900000  51.000000  15.556349
138.000000  54.500000  21.920310
138.100000  42.000000  4.242641
138.200000  51.500000  27.577164
138.300000  54.500000  10.606602
138.400000  46.000000  12.727922
138.500000  49.500000  14.849242
138.600000  54.000000  15.556349
138.700000  50.000000  14.142136
138.800000  54.000000  12.727922
138.900000  51.000000  19.798990
139.000000  49.500000  14.849242
139.100000  50.500000  17.677670
139.200000  54.500000  19.091883
139.300000  46.500000  14.849242
139.400000  50.000000  25.455844
139.500000  48.000000  11.313708
139.600000  55.500000  6.363961
139.700000  45.500000  19.091883
139.800000  50.500000  14.849242
139.900000  55.000000  18.384776
140.000000  45.000000  11.313708
140.100000  48.000000  14.142136
140.200000  54.000000  18.384776
140.300000  51.500000  21.920310
140.400000  49.500000  12.020815
140.500000  46.000000  24.041631
140.600000  50.000000  25.455844
140.700000  49.000000  15.556349
140.800000  53.000000  14.142136
140.900000  48.500000  14.849242
141.000000  49.500000  10.606602
141.100000  47.000000  0.000000
141.200000  50.500000  21.920310
141.300000  47.000000  18.384776
141.400000  46.000000  24.041631
141.500000  38.000000  19.798990
141.600000  57.500000  24.748737
141.700000  38.000000  11.313708
141.800000  44.000000  15.556349
141.900000  48.500000  16.263456
142.000000  51.000000  16.970563
142.100000  46.500000  21.920310
142.200000  44.500000  19.091883
142.300000  46.000000  15.556349
142.400000  45.500000  20.506097
142.500000  47.500000  17.677670
142.600000  47.000000  26.870058
142.700000  45.500000  20.506097
142.800000  43.000000  21.213203
142.900000  49.500000  20.506097
143.000000  43.500000  17.677670
143.100000  45.500000  17.677670
143.200000  45.000000  12.727922
143.300000  37.500000  20.506097
143.400000  40.000000  31.112698
143.500000  39.000000  24.041631
143.600000  40.500000  31.819805
143.700000  45.500000  34.648232
143.800000  38.000000  12.727922
143.900000  44.000000  21.213203
144.000000  39.500000  30.405592
144.100000  45.500000  30.405592
144.200000  39.500000  19.091883
144.300000  37.500000  7.778175
144.400000  42.500000  10.606602
144.500000  45.000000  28.284271
144.600000  48.000000  24.041631
144.700000  46.000000  29.698485
144.800000  48.500000  13.435029
144.900000  56.500000  16.263456
145.000000  47.500000  12.020815
145.100000  55.500000  21.920310
145.200000  45.000000  19.798990
145.300000  45.000000  36.769553
145.400000  47.000000  21.213203
145.500000  56.500000  13.435029
145.600000  49.000000  25.455844
145.700000  46.000000  15.556349
145.800000  48.500000  21.920310
145.900000  49.500000  19.091883
146.000000  50.500000  16.263456
146.100000  41.500000  9.192388
146.200000  53.000000  2.828427
146.300000  50.500000  26.162951
146.400000  54.500000  23.334524
146.500000  52.000000  18.384776
146.600000  60.000000  32.526912
146.700000  46.500000  12.020815
146.800000  46.000000  19.798990
146.900000  50.500000  24.748737
147.000000  47.500000  19.091883
147.100000  46.500000  28.991378
147.200000  44.000000  12.727922
147.300000  45.000000  12.727922
147.400000  47.000000  22.627417
147.500000  45.500000  6.363961
147.600000  42.500000  16.263456
147.700000  41.000000  21.213203
147.800000  47.500000  28.991378
147.900000  36.500000  23.334524
148.000000  51.500000  13.435029
148.100000  43.000000  1.414214
148.200000  45.500000  21.920310
148.300000  50.500000  17.677670
148.400000  56.000000  31.112698
148.500000  45.000000  24.041631
148.600000  48.500000  14.849242
148.700000  39.000000  14.142136
148.800000  45.000000  28.284271
148.900000  46.500000  19.091883
149.000000  50.500000  19.091883
149.100000  38.000000  29.698485
149.200000  40.000000  21.213203
149.300000  39.000000  15.556349
149.400000  43.000000  35.355339
149.500000  38.000000  38.183766
149.600000  38.500000  20.506097
149.700000  40.500000  24.748737
149.800000  43.500000  27.577164
149.900000  51.000000  29.698485
150.000000  42.000000  15.556349
150.100000  49.000000  22.627417
150.200000  44.500000  21.920310
150.300000  50.500000  27.577164
150.400000  41.000000  36.769553
150.500000  33.500000  13.435029
150.600000  38.500000  33.234019
150.700000  45.000000  33.941125
150.800000  35.000000  19.798990
150.900000  40.500000  28.991378
151.000000  35.000000  19.798990
151.100000  37.500000  24.748737
151.200000  42.000000  18.384776
151.300000  44.500000  16.263456
151.400000  39.000000  12.727922
151.500000  46.500000  14.849242
151.600000  46.500000  14.849242
151.700000  52.500000  19.091883
151.800000  47.000000  19.798990
151.900000  40.500000  9.192388
152.000000  41.500000  6.363961
152.100000  42.000000  9.899495
152.200000  40.000000  9.899495
152.300000  45.000000  19.798990
152.400000  46.000000  7.071068
152.500000  42.500000  16.263456
152.600000  53.500000  13.435029
152.700000  40.500000  23.334524
152.800000  52.000000  9.899495
152.900000  44.500000  19.091883
153.000000  42.500000  17.677670
153.100000  47.000000  15.556349
153.200000  50.500000  10.606602
153.300000  51.000000  16.970563
153.400000  49.000000  12.727922
153.500000  50.500000  24.748737
153.600000  55.000000  18.384776
153.700000  46.500000  21.920310
153.800000  47.000000  33.941125
153.900000  41.000000  12.727922
154.000000  52.000000  28.284271
154.100000  43.000000  12.727922
154.200000  36.000000  16.970563
154.300000  38.500000  0.707107
154.400000  47.500000  17.677670
154.500000  44.000000  14.142136
154.600000  42.500000  12.020815
154.700000  46.000000  9.899495
154.800000  42.500000  14.849242
154.900000  48.000000  14.142136
155.000000  42.500000  20.506097
155.100000  42.000000  9.899495
155.200000  46.000000  19.798990
155.300000  44.500000  12.020815
155.400000  45.000000  15.556349
155.500000  46.500000  14.849242
155.600000  53.000000  22.627417
155.700000  41.000000  21.213203
155.800000  37.000000  12.727922
155.900000  48.000000  31.112698
156.000000  44.000000  9.899495
156.100000  45.000000  24.041631
156.200000  49.500000  9.192388
156.300000  37.000000  14.142136
156.400000  44.500000  20.506097
156.500000  45.500000  23.334524
156.600000  37.000000  22.627417
156.700000  40.000000  19.798990
156.800000  39.500000  20.506097
156.900000  39.500000  21.920310
157.000000  37.500000  14.849242
157.100000  47.500000  19.091883
157.200000  40.000000  15.556349
157.300000  41.000000  19.798990
157.400000  37.000000  11.313708
157.500000  40.000000  19.798990
157.600000  46.500000  26.162951
157.700000  40.500000  24.748737
157.800000  50.000000  31.112698
157.900000  41.000000  24.041631
158.000000  44.500000  26.162951
158.100000  42.500000  14.849242
158.200000  48.500000  23.334524
158.300000  52.000000  12.727922
158.400000  52.000000  12.727922
158.500000  48.500000  12.020815
158.600000  47.500000  12.020815
158.700000  39.000000  14.142136
158.800000  56.000000  15.556349
158.900000  45.000000  8.485281
159.000000  35.500000  4.949747
159.100000  40.500000  17.677670
159.200000  51.000000  16.970563
159.300000  40.000000  14.142136
159.400000  43.000000  25.455844
159.500000  47.000000  18.384776
159.600000  50.000000  15.556349
159.700000  39.000000  15.556349
159.800000  45.000000  16.970563
159.900000  44.500000  14.849242
160.000000  51.500000  17.677670
160.100000  45.000000  16.970563
160.200000  48.500000  0.707107
160.300000  53.000000  9.899495
160.400000  45.000000  9.899495
160.500000  50.500000  3.535534
160.600000  57.500000  7.778175
160.700000  46.000000  2.828427
160.800000  53.000000  7.071068
160.900000  50.000000  21.213203
161.000000  42.500000  13.435029
161.100000  44.500000  21.920310
161.200000  59.000000  11.313708
161.300000  57.000000  5.656854
161.400000  55.000000  5.656854
161.500000  54.000000  4.242641
161.600000  57.500000  9.192388
161.700000  56.500000  9.192388
161.800000  50.500000  3.535534
161.900000  50.000000  8.485281
162.000000  47.000000  7.071068
162.100000  46.000000  8.485281
162.200000  52.000000  4.242641
162.300000  55.000000  5.656854
162.400000  52.500000  12.020815
162.500000  54.500000  12.020815
162.600000  66.500000  4.949747
162.700000  54.500000  9.192388
162.800000  52.500000  6.363961
162.900000  53.500000  3.535534
163.000000  51.000000  11.313708
163.100000  48.500000  14.849242
163.200000  57.000000  12.727922
163.300000  49.000000  9.899495
163.400000  48.500000  12.020815
163.500000  48.000000  12.727922
163.600000  48.500000  0.707107
163.700000  46.500000  9.192388
163.800000  61.000000  4.242641
163.900000  62.500000  7.778175
164.000000  48.500000  12.020815
164.100000  54.000000  2.828427
164.200000  50.500000  9.192388
164.300000  46.500000  7.778175
164.400000  52.500000  10.606602
164.500000  53.000000  11.313708
164.600000  46.500000  0.707107
164.700000  64.000000  15.556349
164.800000  52.500000  16.263456
164.900000  53.000000  15.556349
165.000000  55.500000  10.606602
165.100000  58.500000  12.020815
165.200000  54.000000  12.727922
165.300000  55.000000  18.384776
165.400000  55.500000  10.606602
165.500000  57.000000  14.142136
165.600000  61.500000  6.363961
165.700000  59.500000  13.435029
165.800000  53.000000  11.313708
165.900000  49.000000  11.313708
166.000000  48.500000  0.707107
166.100000  51.000000  5.656854
166.200000  46.000000  5.656854
166.300000  54.500000  2.121320
166.400000  52.000000  18.384776
166.500000  52.500000  0.707107
166.600000  55.000000  15.556349
166.700000  54.000000  7.071068
166.800000  41.500000  19.091883
166.900000  47.500000  3.535534
167.000000  54.000000  2.828427
167.100000  60.500000  10.606602
167.200000  54.500000  0.707107
167.300000  51.000000  4.242641
167.400000  53.500000  14.849242
167.500000  52.500000  3.535534
167.600000  48.000000  4.242641
167.700000  61.000000  21.213203
167.800000  53.500000  7.778175
167.900000  54.500000  0.707107
168.000000  53.500000  4.949747
168.100000  47.500000  9.192388
168.200000  51.000000  2.828427
168.300000  63.500000  6.363961
168.400000  59.000000  4.242641
168.500000  54.500000  6.363961
168.600000  53.000000  8.485281
168.700000  48.500000  0.707107
168.800000  48.000000  2.828427
168.900000  56.500000  6.363961
169.000000  54.500000  2.121320
169.100000  47.500000  6.363961
169.200000  60.000000  7.071068
169.300000  53.000000  5.656854
169.400000  48.000000  2.828427
169.500000  52.500000  0.707107
169.600000  55.500000  10.606602
169.700000  54.500000  16.263456
169.800000  55.500000  2.121320
169.900000  59.500000  9.192388
170.000000  53.500000  4.949747
170.100000  51.500000  4.949747
170.200000  57.500000  7.778175
170.300000  53.500000  13.435029
170.400000  55.000000  16.970563
170.500000  52.500000  4.949747
170.600000  44.000000  9.899495
170.700000  48.000000  15.556349
170.800000  45.000000  18.384776
170.900000  59.000000  22.627417
171.000000  49.000000  12.727922
171.100000  47.500000  20.506097
171.200000  50.500000  9.192388
171.300000  43.500000  10.606602
171.400000  40.500000  12.020815
171.500000  50.000000  16.970563
171.600000  51.000000  5.656854
171.700000  50.500000  14.849242
171.800000  50.500000  10.606602
171.900000  48.000000  15.556349
172.000000  46.000000  4.242641
172.100000  42.500000  7.778175
172.200000  44.000000  0.000000
172.300000  48.500000  26.162951
172.400000  42.500000  23.334524
172.500000  39.500000  12.020815
172.600000  37.000000  15.556349
172.700000  43.000000  15.556349
172.800000  39.500000  12.020815
172.900000  46.500000  9.192388
173.000000  45.000000  5.656854
173.100000  49.000000  7.071068
173.200000  44.500000  14.849242
173.300000  44.500000  19.091883
173.400000  51.000000  24.041631
173.500000  46.000000  14.142136
173.600000  39.500000  0.707107
173.700000  43.500000  14.849242
173.800000  39.500000  19.091883
173.900000  36.000000  14.142136
174.000000  36.500000  12.020815
174.100000  45.500000  10.606602
174.200000  48.000000  19.798990
174.300000  49.000000  16.970563
174.400000  50.500000  16.263456
174.500000  51.500000  6.363961
174.600000  51.500000  13.435029
174.700000  49.000000  11.313708
174.800000  53.500000  20.506097
174.900000  52.000000  7.071068
175.000000  52.000000  14.142136
175.100000  47.000000  1.414214
175.200000  51.500000  16.263456
175.300000  51.500000  3.535534
175.400000  55.500000  0.707107
175.500000  49.500000  2.121320
175.600000  52.500000  4.949747
175.700000  54.000000  1.414214
175.800000  51.000000  7.071068
175.900000  52.000000  9.899495
176.000000  45.500000  3.535534
176.100000  53.000000  7.071068
176.200000  57.000000  14.142136
176.300000  49.000000  5.656854
176.400000  56.500000  16.263456
176.500000  50.000000  15.556349
176.600000  45.500000  2.121320
176.700000  49.000000  7.071068
176.800000  51.000000  11.313708
176.900000  48.000000  9.899495
177.000000  61.000000  11.313708
177.100000  52.000000  16.970563
177.200000  60.000000  14.142136
177.300000  53.000000  11.313708
177.400000  42.000000  12.727922
177.500000  50.500000  16.263456
177.600000  49.500000  16.263456
177.700000  37.500000  6.363961
177.800000  45.500000  23.334524
177.900000  49.500000  19.091883
178.000000  43.500000  12.020815
178.100000  42.000000  31.112698
178.200000  50.000000  36.769553
178.300000  38.500000  7.778175
178.400000  43.000000  7.071068
178.500000  49.000000  18.384776
178.600000  41.500000  10.606602
178.700000  47.000000  7.071068
178.800000  41.000000  8.485281
178.900000  42.500000  14.849242
179.000000  47.000000  16.970563
179.100000  39.000000  24.041631
179.200000  43.500000  19.091883
179.300000  52.000000  15.556349
179.400000  44.000000  11.313708
179.500000  42.000000  9.899495
179.600000  42.000000  11.313708
179.700000  49.000000  16.970563
179.800000  54.000000  19.798990
179.900000  46.000000  14.142136
180.000000  45.000000  14.142136
180.100000  49.500000  20.506097
180.200000  43.000000  16.970563
180.300000  43.000000  16.970563
180.400000  47.000000  14.142136
180.500000  49.000000  11.313708
180.600000  38.000000  9.899495
180.700000  49.000000  19.798990
180.800000  52.000000  21.213203
180.900000  48.000000  22.627417
181.000000  50.500000  17.677670
181.100000  49.000000  25.455844
181.200000  43.500000  13.435029
181.300000  49.000000  24.041631
181.400000  54.000000  11.313708
181.500000  46.500000  21.920310
181.600000  60.500000  21.920310
181.700000  53.000000  7.071068
181.800000  47.000000  19.798990
181.900000  46.000000  31.112698
182.000000  46.500000  4.949747
182.100000  45.500000  23.334524
182.200000  43.000000  14.142136
182.300000  48.000000  9.899495
182.400000  53.500000  23.334524
182.500000  51.000000  8.485281
182.600000  52.500000  7.778175
182.700000  54.000000  4.242641
182.800000  52.000000  5.656854
182.900000  51.500000  14.849242
183.000000  44.500000  12.020815
183.100000  43.000000  25.455844
183.200000  44.500000  19.091883
183.300000  41.500000  6.363961
183.400000  50.000000  16.970563
183.500000  42.000000  18.384776
183.600000  42.000000  8.485281
183.700000  43.000000  18.384776
183.800000  44.500000  13.435029
183.900000  42.500000  6.363961
184.000000  46.500000  21.920310
184.100000  48.000000  18.384776
184.200000  41.500000  23.334524
184.300000  42.000000  12.727922
184.400000  43.000000  18.384776
184.500000  47.000000  19.798990
184.600000  35.000000  22.627417
184.700000  39.500000  23.334524
184.800000  34.500000  23.334524
184.900000  32.500000  17.677670
185.000000  45.500000  19.091883
185.100000  44.000000  26.870058
185.200000  34.000000  18.384776
185.300000  54.000000  25.455844
185.400000  47.000000  19.798990
185.500000  40.000000  16.970563
185.600000  49.500000  19.091883
185.700000  46.500000  19.091883
185.800000  39.000000  12.727922
185.900000  45.500000  16.263456
186.000000  45.000000  16.970563
186.100000  39.500000  16.263456
186.200000  50.000000  18.384776
186.300000  46.000000  33.941125
186.400000  41.000000  22.627417
186.500000  54.500000  20.506097
186.600000  47.500000  27.577164
186.700000  45.500000  14.849242
186.800000  39.000000  11.313708
186.900000  42.500000  9.192388
187.000000  43.000000  19.798990
187.100000  40.000000  15.556349
187.200000  53.000000  28.284271
187.300000  45.500000  20.506097
187.400000  48.500000  21.920310
187.500000  46.000000  16.970563
187.600000  46.000000  22.627417
187.700000  49.000000  31.112698
187.800000  44.500000  21.920310
187.900000  47.000000  26.870058
188.000000  43.000000  33.941125
188.100000  43.500000  16.263456
188.200000  40.000000  21.213203
188.300000  40.500000  16.263456
188.400000  40.500000  16.263456
188.500000  49.500000  30.405592
188.600000  50.000000  33.941125
188.700000  53.500000  21.920310
188.800000  44.500000  20.506097
188.900000  51.000000  28.284271
189.000000  49.000000  19.798990
189.100000  43.000000  26.870058
189.200000  43.500000  24.748737
189.300000  43.000000  14.142136
189.400000  46.000000  29.698485
189.500000  52.500000  16.263456
189.600000  50.500000  16.263456
189.700000  45.500000  21.920310
189.800000  48.000000  25.455844
189.900000  49.500000  16.263456
190.000000  37.500000  7.778175
190.100000  45.500000  17.677670
190.200000  36.000000  19.798990
190.300000  42.500000  16.263456
190.400000  42.000000  16.970563
190.500000  38.000000  18.384776
190.600000  40.500000  9.192388
190.700000  46.500000  13.435029
190.800000  41.500000  17.677670
190.900000  46.500000  20.506097
191.000000  41.000000  15.556349
191.100000  44.500000  16.263456
191.200000  41.500000  23.334524
191.300000  44.000000  29.698485
191.400000  44.000000  15.556349
191.500000  44.000000  22.627417
191.600000  44.500000  23.334524
191.700000  45.000000  26.870058
191.800000  42.500000  12.020815
191.900000  42.500000  21.920310
192.000000  43.500000  17.677670
192.100000  48.500000  21.920310
192.200000  43.500000  17.677670
192.300000  45.000000  14.142136
192.400000  43.000000  18.384776
192.500000  41.500000  13.435029
192.600000  51.000000  14.142136
192.700000  49.000000  25.455844
192.800000  51.000000  29.698485
192.900000  46.500000  24.748737
193.000000  45.000000  25.455844
193.100000  44.500000  27.577164
193.200000  41.500000  20.506097
193.300000  39.500000  23.334524
193.400000  50.500000  19.091883
193.500000  46.000000  22.627417
193.600000  43.000000  25.455844
193.700000  48.500000  20.506097
193.800000  45.500000  19.091883
193.900000  44.500000  23.334524
194.000000  47.500000  23.334524
194.100000  40.500000  21.920310
194.200000  41.500000  19.091883
194.300000  44.500000  9.192388
194.400000  52.000000  12.727922
194.500000  52.000000  29.698485
194.600000  45.000000  28.284271
194.700000  47.000000  29.698485
194.800000  42.500000  26.162951
194.900000  42.500000  26.162951
195.000000  54.000000  16.970563
195.100000  47.000000  22.627417
195.200000  45.500000  23.334524
195.300000  42.500000  19.091883
195.400000  49.000000  14.142136
195.500000  43.500000  20.506097
195.600000  49.500000  17.677670
195.700000  50.000000  14.142136
195.800000  49.500000  17.677670
195.900000  43.500000  13.435029
196.000000  47.000000  22.627417
196.100000  45.500000  14.849242
196.200000  47.000000  16.970563
196.300000  57.000000  28.284271
196.400000  50.000000  12.727922
196.500000  47.000000  19.798990
196.600000  54.000000  29.698485
196.700000  53.500000  24.748737
196.800000  50.500000  27.577164
196.900000  55.500000  23.334524
197.000000  48.000000  18.384776
197.100000  44.500000  17.677670
197.200000  52.500000  26.162951
197.300000  51.000000  29.698485
197.400000  55.500000  24.748737
197.500000  56.500000  28.991378
197.600000  43.500000  20.506097
197.700000  53.000000  21.213203
197.800000  46.000000  15.556349
197.900000  51.500000  17.677670
198.000000  54.000000  22.627417
198.100000  55.000000  14.142136
198.200000  43.500000  21.920310
198.300000  50.500000  30.405592
198.400000  43.000000  25.455844
198.500000  45.000000  35.355339
198.600000  50.000000  39.597980
198.700000  56.500000  27.577164
198.800000  39.000000  29.698485
198.900000  43.500000  16.263456
199.000000  45.500000  21.920310
199.100000  47.000000  16.970563
199.200000  51.500000  30.405592
199.300000  42.500000  21.920310
199.400000  48.500000  21.920310
199.500000  49.500000  24.748737
199.600000  42.500000  16.263456
199.700000  43.500000  14.849242
199.800000  50.000000  24.041631
199.900000  55.000000  14.142136
200.000000  55.000000  22.627417
