# aggregated from 2 replicates
# x  mean  std
0.000000  16.405650  0.375686
1.000000  59.812800  29.288929
2.000000  40.511750  6.754779
5.000000  26.120250  23.556060
6.000000  61.781250  3.427842
7.000000  10.400950  0.159028
11.000000  9.826350  0.320956
12.000000  58.429800  2.993607
13.000000  33.290600  16.440233
14.000000  51.825650  21.644751
15.000000  49.315500  4.036307
16.000000  43.220500  6.341758
19.000000  53.848350  3.843337
20.000000  35.264050  12.736054
21.000000  27.587100  24.535050
22.000000  9.220900  0.475741
23.000000  66.771900  1.467105
24.000000  7.514850  0.104864
25.000000  24.684850  5.412973
26.000000  72.870400  38.426162
27.000000  34.954800  15.718842
29.000000  93.507300  32.082566
30.000000  107.316250  16.221383
31.000000  81.303100  8.856512
32.000000  57.716700  23.999204
33.000000  45.800800  47.129374
34.000000  53.694800  7.241339
35.000000  27.727450  6.996044
36.000000  36.809800  20.773100
37.000000  18.746550  2.335927
40.000000  87.701800  14.143126
41.000000  10.549150  1.057478
42.000000  46.294950  9.657735
45.000000  37.776900  23.194658
46.000000  41.302650  44.354051
47.000000  26.351250  26.376709
48.000000  10.822450  4.186143
49.000000  13.100500  6.606640
52.000000  9.196700  0.135057
53.000000  21.760550  15.598139
54.000000  10.686700  0.369393
55.000000  19.643450  3.056893
56.000000  60.843350  1.156190
57.000000  22.540600  0.635123
58.000000  7.447900  0.223446
60.000000  11.017700  2.985829
61.000000  25.494650  15.328024
63.000000  18.954500  4.122008
64.000000  21.464100  13.209462
65.000000  11.536650  0.727966
66.000000  18.623800  7.202307
67.000000  82.007550  10.107879
68.000000  8.208750  0.543553
69.000000  7.778000  0.097439
70.000000  21.259750  3.022245
71.000000  12.595500  3.274470
72.000000  65.577350  57.960765
73.000000  9.346700  1.367686
74.000000  23.270850  0.208102
76.000000  54.468200  5.389709
78.000000  64.217500  32.800845
83.000000  7.299000  0.034083
84.000000  7.149000  0.090651
85.000000  41.678650  27.424359
87.000000  17.467650  0.455872
88.000000  8.567650  0.441447
89.000000  43.773800  6.152395
90.000000  46.517600  20.522926
92.000000  31.554050  14.422645
93.000000  50.144250  18.839092
94.000000  7.833650  0.295076
95.000000  9.999850  0.565615
96.000000  8.277400  0.333047
98.000000  7.905550  0.699682
101.000000  7.101450  0.085913
102.000000  20.402300  8.298747
103.000000  7.472850  1.064832
104.000000  41.607900  16.287922
105.000000  25.916100  13.775854
106.000000  16.766900  6.868835
107.000000  94.727200  46.382952
108.000000  42.943650  19.771342
109.000000  29.764400  30.660716
110.000000  22.014800  2.574293
111.000000  31.855850  25.739323
112.000000  53.945950  0.255902
113.000000  32.296450  8.742315
114.000000  41.476100  0.200960
115.000000  9.076750  0.083368
116.000000  61.262600  2.040993
117.000000  46.223900  1.964343
120.000000  21.082450  4.756354
121.000000  9.318700  0.157685
122.000000  25.399050  0.079408
124.000000  26.834150  0.226911
126.000000  51.403300  1.503309
127.000000  27.116900  6.680038
128.000000  8.381950  0.862175
129.000000  9.264500  0.750806
130.000000  31.213200  0.494975
131.000000  29.962000  8.876311
132.000000  24.493200  0.277044
133.000000  8.083900  0.398101
134.000000  17.984950  0.977434
135.000000  66.984650  4.073289
136.000000  53.370600  24.580446
137.000000  35.107600  31.027280
138.000000  16.683650  9.522961
139.000000  37.039700  1.732412
