# aggregated from 2 replicates
# x  mean  std
0.000000  21.947283  0.119723
1.000000  23.407473  0.140733
2.000000  19.032052  0.125118
3.000000  19.036735  0.352445
4.000000  16.941272  0.085346
5.000000  16.761239  0.564112
6.000000  16.969032  0.479162
7.000000  18.482837  0.202620
8.000000  20.659142  0.142772
9.000000  30.673683  2.518680
10.000000  28.455314  1.657776
11.000000  18.085215  0.143476
12.000000  16.676178  0.207549
13.000000  17.108151  0.339345
14.000000  16.296360  0.514281
15.000000  17.922781  0.240747
16.000000  18.489586  0.171027
17.000000  17.359515  1.451038
18.000000  16.984305  1.289409
19.000000  18.553707  1.426772
20.000000  16.499558  1.449625
21.000000  18.176054  1.082294
22.000000  17.419126  0.606190
23.000000  17.053648  0.233956
24.000000  15.812184  0.802749
25.000000  14.712331  1.174192
26.000000  14.156337  0.999063
27.000000  16.179025  0.521445
28.000000  19.059084  0.090363
29.000000  19.293684  0.057602
30.000000  21.288208  0.246286
31.000000  20.126850  0.017032
32.000000  17.177202  0.276363
33.000000  17.111232  0.173947
34.000000  15.965278  0.237207
35.000000  16.177880  0.146022
36.000000  15.824167  0.416990
37.000000  17.958638  0.604506
38.000000  16.340288  1.052474
39.000000  15.963027  1.360596
40.000000  17.385309  1.260308
41.000000  21.597034  0.976203
42.000000  23.501646  0.983952
43.000000  24.035008  1.078997
45.000000  25.527159  0.211450
46.000000  18.987148  0.567135
47.000000  19.576687  1.072579
48.000000  18.246765  0.773544
49.000000  17.220340  1.445426
50.000000  19.190390  1.562075
51.000000  17.003767  1.498735
52.000000  17.945826  2.033662
53.000000  19.303014  1.514819
54.000000  18.570591  1.933405
55.000000  20.958320  2.204552
56.000000  19.416289  2.009805
57.000000  18.836240  2.199159
58.000000  16.615949  2.165978
59.000000  17.353800  1.962438
60.000000  16.071649  2.251255
61.000000  16.638351  2.068328
62.000000  16.954017  1.794322
63.000000  14.427849  1.874188
64.000000  14.761632  1.636119
65.000000  14.809208  1.202349
66.000000  16.415346  0.682613
67.000000  20.550416  0.206209
68.000000  19.982892  0.360071
69.000000  16.113327  0.637311
70.000000  14.623277  1.054165
71.000000  14.023579  1.672146
72.000000  13.367654  1.679181
73.000000  13.800688  1.572191
74.000000  14.929241  1.787646
75.000000  15.349878  1.284038
76.000000  17.267303  1.021646
77.000000  22.178900  1.280436
78.000000  21.808143  0.422870
83.000000  21.996054  1.563597
84.000000  19.947523  2.089094
85.000000  20.670788  2.035346
86.000000  22.741486  2.322915
87.000000  25.613768  2.213350
88.000000  25.841936  2.230590
89.000000  23.430874  1.919232
90.000000  24.824796  1.775024
91.000000  27.320434  1.484388
92.000000  22.044252  2.998691
93.000000  22.299116  2.513550
94.000000  19.318192  2.593002
95.000000  21.224816  2.582951
96.000000  21.843073  2.521338
97.000000  19.255465  2.392779
98.000000  19.278750  2.271016
99.000000  21.859330  2.208719
100.000000  21.218749  2.062737
101.000000  19.246234  1.935508
102.000000  21.208912  1.763730
103.000000  23.043321  1.653479
104.000000  21.522405  1.475140
105.000000  21.307346  1.222142
106.000000  24.232376  1.010033
107.000000  25.499302  1.004988
108.000000  25.924627  1.078754
109.000000  24.080825  0.818140
110.000000  26.732836  0.799898
111.000000  25.952518  1.003858
112.000000  30.250744  0.686974
113.000000  27.205790  0.975199
114.000000  28.003603  1.165791
115.000000  28.788678  1.901298
116.000000  31.742930  1.772981
117.000000  31.415823  2.168419
120.000000  28.920955  1.961361
121.000000  27.523953  1.735036
122.000000  29.613617  1.497850
123.000000  29.771735  1.457509
124.000000  28.908530  1.267087
126.000000  27.581515  1.253143
127.000000  26.861822  1.811489
128.000000  25.413809  1.983080
129.000000  24.537223  2.419900
130.000000  25.137460  2.423110
131.000000  29.517571  2.860782
132.000000  27.242666  2.923436
133.000000  26.518284  2.733588
134.000000  26.306936  2.361148
135.000000  25.003245  2.089735
136.000000  24.474282  1.468390
137.000000  23.784650  0.832474
138.000000  25.179181  0.695762
139.000000  28.671803  0.058968
