# aggregated from 2 replicates
# x  mean  std
0.000000  6.632000  0.000000
0.100000  6.721200  0.522976
0.200000  6.842800  0.703430
0.300000  6.654250  0.494338
0.400000  6.757100  0.910471
0.500000  6.566000  0.497945
0.600000  6.752950  0.709157
0.700000  6.620200  0.789980
0.800000  6.714400  0.933522
0.900000  6.667650  0.834315
1.000000  6.783950  0.802778
1.100000  6.797350  0.576363
1.200000  6.624150  0.447245
1.300000  6.688550  0.715521
1.400000  6.521350  0.413021
1.500000  6.497350  0.535916
1.600000  6.482450  0.707319
1.700000  6.808300  0.652942
1.800000  6.387750  0.473549
1.900000  6.523050  0.369888
2.000000  6.870600  0.755190
2.100000  6.464350  0.730229
2.200000  6.559150  0.770393
2.300000  6.828500  0.889965
2.400000  6.939600  1.114542
2.500000  6.546300  0.576999
2.600000  6.419050  0.645659
2.700000  6.557100  0.731573
2.800000  6.811650  0.864297
2.900000  6.718100  0.805395
3.000000  6.841950  0.547796
3.100000  6.905900  1.131088
3.200000  6.781950  1.018163
3.300000  6.678400  0.796909
3.400000  6.489900  0.741048
3.500000  6.944150  0.328027
3.600000  6.778450  0.959473
3.700000  7.048050  0.845063
3.800000  6.534000  0.565261
3.900000  6.731500  0.699753
4.000000  6.481600  0.872711
4.100000  6.705150  1.004304
4.200000  6.678850  0.627982
4.300000  6.802850  0.804900
4.400000  6.587750  0.896541
4.500000  6.436750  0.291823
4.600000  6.637850  0.649902
4.700000  6.485700  0.730441
4.800000  6.456050  0.559816
4.900000  6.407250  0.672812
5.000000  6.705300  0.678540
5.100000  6.786450  0.879994
5.200000  6.644950  0.731785
5.300000  6.544950  0.914784
5.400000  6.752900  0.543765
5.500000  6.680700  0.754200
5.600000  6.679150  0.457710
5.700000  6.502700  0.637952
5.800000  6.618450  0.850296
5.900000  6.697400  0.353412
6.000000  6.576850  0.404536
6.100000  6.633600  0.513925
6.200000  6.667450  0.716936
6.300000  6.655450  0.750735
6.400000  6.536600  0.670337
6.500000  6.524450  0.512157
6.600000  6.634000  1.038457
6.700000  6.749400  0.808930
6.800000  6.499000  0.804546
6.900000  6.541950  0.936280
7.000000  6.754400  0.586192
7.100000  6.582300  0.940452
7.200000  6.932550  0.860761
7.300000  6.730100  0.687873
7.400000  6.541000  0.734401
7.500000  6.789150  0.749321
7.600000  6.442500  0.642194
7.700000  6.781750  0.637315
7.800000  6.468850  0.702793
7.900000  6.873400  0.800728
8.000000  6.973600  0.807092
8.100000  6.671350  0.779868
8.200000  6.689100  0.985283
8.300000  6.573850  0.742533
8.400000  6.616650  0.693884
8.500000  6.511600  0.880772
8.600000  6.496250  0.783545
8.700000  6.730600  0.885298
8.800000  6.345700  0.503743
8.900000  6.116150  0.578060
9.000000  6.359600  0.900288
9.100000  6.494350  0.726128
9.200000  6.478550  0.733482
9.300000  6.772450  0.958483
9.400000  6.491150  0.694308
9.500000  6.704550  0.849023
9.600000  6.371950  0.733482
9.700000  6.551850  0.857791
9.800000  6.359050  0.802920
9.900000  6.584700  1.183838
10.000000  6.675300  0.828588
10.100000  6.387150  0.587959
10.200000  6.490000  0.477438
10.300000  6.702450  1.042488
10.400000  6.664150  0.912097
10.500000  6.525900  1.086682
10.600000  6.489850  0.641275
10.700000  6.420950  0.672954
10.800000  6.585100  0.742745
10.900000  6.505050  0.354614
11.000000  6.572700  0.559039
11.100000  6.694150  0.614971
11.200000  6.633250  0.746351
11.300000  6.641300  0.658316
11.400000  6.527500  0.727330
11.500000  6.440100  0.428224
11.600000  6.462000  0.650397
11.700000  6.377650  0.625295
11.800000  6.575600  0.595808
11.900000  6.388650  0.476519
12.000000  6.721350  0.752857
12.100000  6.495000  0.433315
12.200000  6.620450  0.831911
12.300000  6.589800  0.826891
12.400000  6.661200  0.682641
12.500000  6.565700  0.431618
12.600000  6.723250  0.668852
12.700000  6.690100  0.963928
12.800000  6.551550  0.908562
12.900000  6.646450  0.820597
13.000000  6.681600  0.968171
13.100000  6.408450  0.645659
13.200000  6.714000  0.826891
13.300000  6.710550  0.860478
13.400000  6.402800  0.290904
13.500000  6.668200  1.080176
13.600000  6.434050  0.335946
13.700000  6.442200  0.619143
13.800000  6.587250  0.945331
13.900000  6.699100  0.644174
14.000000  6.468550  0.716794
14.100000  6.596000  0.550978
14.200000  6.416050  0.393646
14.300000  6.552200  0.762968
14.400000  6.598250  0.542846
14.500000  6.549300  0.786444
14.600000  6.597550  0.689641
14.700000  6.582900  0.585909
14.800000  6.709100  0.858710
14.900000  6.441650  0.854114
15.000000  6.605000  0.739775
15.100000  6.651800  0.251730
15.200000  6.843100  0.303066
15.300000  6.425250  0.370736
15.400000  6.554800  0.650963
15.500000  6.739000  0.432608
15.600000  6.934300  0.663266
15.700000  6.570600  0.457640
15.800000  6.455000  0.633992
15.900000  6.624750  0.876176
16.000000  6.501100  0.743593
16.100000  6.431150  0.740836
16.200000  6.456400  0.905238
16.300000  6.598800  1.089510
16.400000  6.497100  0.889823
16.500000  6.493550  0.629961
16.600000  6.447000  0.802849
16.700000  6.446700  0.732704
16.800000  6.572250  0.643396
16.900000  6.484150  0.683419
17.000000  6.442350  0.897106
17.100000  6.461550  0.888763
17.200000  6.460500  0.976090
17.300000  6.338200  0.855599
17.400000  6.501050  0.735037
17.500000  6.610800  0.682075
17.600000  6.497350  0.529552
17.700000  6.354350  0.874196
17.800000  6.330500  0.523400
17.900000  6.275900  0.539664
18.000000  6.521400  0.702157
18.100000  6.778350  0.805465
18.200000  6.323100  0.648134
18.300000  6.490700  1.011163
18.400000  6.445700  0.634699
18.500000  6.157150  0.614547
18.600000  6.413550  0.626143
18.700000  6.188250  0.759221
18.800000  6.373600  0.665812
18.900000  6.274950  0.723865
19.000000  6.351900  0.922209
19.100000  6.458300  0.641770
19.200000  6.626050  0.677903
19.300000  6.680200  1.013567
19.400000  6.550550  0.766150
19.500000  6.421150  0.994121
19.600000  6.248750  0.831628
19.700000  6.429450  0.933876
19.800000  6.208350  0.714956
19.900000  6.485950  0.909976
20.000000  6.511300  0.952331
20.100000  6.237850  0.859064
20.200000  6.315900  0.660155
20.300000  6.278800  0.775838
20.400000  6.256750  0.607475
20.500000  6.495050  0.615112
20.600000  6.541850  0.589232
20.700000  6.628350  0.822860
20.800000  6.569300  0.990939
20.900000  6.541250  0.555150
21.000000  6.647250  0.469307
21.100000  6.585900  0.774706
21.200000  6.602600  0.418749
21.300000  6.525150  0.741119
21.400000  6.699600  0.351008
21.500000  6.321550  0.613839
21.600000  6.211050  0.632224
21.700000  6.335750  0.687944
21.800000  6.392000  0.680944
21.900000  6.494500  0.873843
22.000000  6.431600  0.845558
22.100000  6.304450  1.138795
22.200000  6.600150  0.978848
22.300000  6.213600  0.659589
22.400000  6.503200  0.719128
22.500000  6.450050  0.818618
22.600000  6.522400  0.308157
22.700000  6.408550  0.335098
22.800000  6.280050  0.698268
22.900000  6.495700  0.806102
23.000000  6.317500  0.767918
23.100000  6.244050  0.741401
23.200000  6.360150  0.838841
23.300000  6.382300  0.751513
23.400000  6.468200  0.741048
23.500000  6.445000  0.501339
23.600000  6.540050  0.385727
23.700000  6.444600  0.785313
23.800000  6.618850  0.489247
23.900000  6.540250  0.839972
24.000000  6.506500  0.850367
24.100000  6.518900  0.752786
24.200000  6.631400  0.554937
24.300000  6.469550  0.459266
24.400000  6.373250  0.924118
24.500000  6.279550  0.640992
24.600000  6.399600  0.836932
24.700000  6.622250  0.675923
24.800000  6.649100  0.573746
24.900000  6.393450  0.813668
25.000000  6.395500  0.777676
25.100000  6.552300  0.632295
25.200000  6.545550  0.799384
25.300000  6.561600  0.855599
25.400000  6.857950  0.401142
25.500000  6.620150  0.381060
25.600000  6.446500  0.568231
25.700000  6.616550  0.486136
25.800000  6.238450  0.697702
25.900000  6.456700  0.778666
26.000000  6.458650  0.860620
26.100000  6.583900  0.913582
26.200000  6.621400  0.869317
26.300000  6.433900  0.697066
26.400000  6.560750  1.265792
26.500000  6.482650  0.982949
26.600000  6.373000  1.110158
26.700000  6.188150  0.932320
26.800000  6.382700  0.780787
26.900000  6.543850  0.759079
27.000000  6.468300  1.125431
27.100000  6.075550  0.853124
27.200000  6.452600  1.285662
27.300000  6.548650  1.296056
27.400000  6.406200  1.041427
27.500000  6.412150  1.089298
27.600000  6.300250  1.006001
27.700000  6.342900  1.110299
27.800000  6.428650  0.922279
27.900000  6.293700  1.088662
28.000000  6.454150  1.267630
28.100000  6.064600  0.872853
28.200000  6.466550  0.763322
28.300000  6.330100  0.741755
28.400000  6.205150  1.036972
28.500000  6.162550  0.686106
28.600000  6.345050  1.109238
28.700000  6.267200  0.869176
28.800000  6.254300  0.899864
28.900000  6.290250  0.909410
29.000000  6.100450  0.807869
29.100000  6.257850  1.265226
29.200000  6.277400  1.096723
29.300000  6.280850  1.043477
29.400000  6.363250  1.132573
29.500000  6.333850  0.853124
29.600000  6.192300  1.210425
29.700000  6.324600  0.882469
29.800000  6.357850  0.741967
29.900000  6.277050  0.672246
30.000000  6.259050  0.850579
30.100000  6.434000  1.085550
30.200000  6.396950  0.864014
30.300000  6.268550  0.835447
30.400000  6.408800  0.893217
30.500000  6.510000  0.882894
30.600000  6.480150  0.634770
30.700000  6.197600  0.931684
30.800000  6.319450  0.869671
30.900000  6.195350  0.855528
31.000000  6.294450  0.678045
31.100000  6.460850  0.894844
31.200000  6.313250  0.781707
31.300000  6.174500  0.641629
31.400000  6.278950  1.028628
31.500000  6.333150  1.003738
31.600000  6.407600  0.811476
31.700000  6.406300  1.030679
31.800000  6.245900  0.739917
31.900000  6.352550  1.146008
32.000000  6.123000  0.504591
32.100000  6.069550  0.606485
32.200000  6.022650  0.871651
32.300000  6.313900  1.168140
32.400000  6.211550  0.728815
32.500000  6.199150  0.944765
32.600000  6.525650  0.893712
32.700000  6.241200  0.960675
32.800000  6.217550  0.853690
32.900000  6.353650  1.179101
33.000000  6.275950  0.896399
33.100000  6.495350  0.701521
33.200000  6.216700  0.786727
33.300000  6.286250  1.028911
33.400000  6.250550  0.850862
33.500000  6.278700  1.020921
33.600000  6.379700  0.945685
33.700000  6.210550  0.581312
33.800000  6.070050  0.731219
33.900000  6.368650  0.750311
34.000000  6.382000  0.874125
34.100000  6.298300  0.939462
34.200000  6.141500  0.684479
34.300000  6.031850  0.674509
34.400000  6.249950  0.828941
34.500000  6.115300  0.934795
34.600000  6.238650  0.936422
34.700000  6.141050  0.694025
34.800000  6.365350  1.038103
34.900000  6.347150  0.977009
35.000000  6.438200  0.779373
35.100000  6.285650  0.780151
35.200000  6.194500  0.919946
35.300000  6.242150  0.982101
35.400000  6.210050  0.763039
35.500000  6.153950  0.710713
35.600000  6.305950  0.737159
35.700000  6.239500  0.961665
35.800000  6.317500  0.998576
35.900000  6.286100  0.720400
36.000000  6.301700  1.070277
36.100000  6.307100  0.743311
36.200000  6.338350  0.789060
36.300000  6.350050  0.768696
36.400000  6.222500  1.117936
36.500000  6.067750  0.712269
36.600000  6.181150  0.802354
36.700000  6.196300  0.928148
36.800000  6.207000  0.744866
36.900000  6.211000  0.867903
37.000000  6.242600  0.824487
37.100000  6.473850  0.765302
37.200000  6.288000  0.832830
37.300000  6.347400  0.686318
37.400000  6.318400  1.088379
37.500000  6.295900  0.983727
37.600000  6.409450  0.881833
37.700000  6.173500  1.038740
37.800000  6.363550  0.829083
37.900000  6.253350  0.966827
38.000000  6.333200  0.503743
38.100000  6.419800  0.892652
38.200000  6.250300  0.969302
38.300000  6.296300  0.781919
38.400000  6.419550  0.933027
38.500000  6.254800  0.966898
38.600000  6.247700  0.759998
38.700000  6.415350  0.953533
38.800000  6.536550  0.915915
38.900000  6.388650  0.842942
39.000000  6.499350  1.078267
39.100000  6.179050  0.841104
39.200000  6.521800  1.009607
39.300000  6.257700  0.845134
39.400000  6.216500  0.996738
39.500000  6.050450  0.821163
39.600000  6.242300  1.029972
39.700000  6.204150  0.830214
39.800000  6.560200  1.144947
39.900000  6.510150  0.840255
40.000000  6.428200  0.886005
40.100000  6.556350  0.642407
40.200000  6.447850  1.224921
40.300000  6.401650  1.224921
40.400000  6.424700  0.809072
40.500000  6.285350  0.613132
40.600000  6.384050  1.169908
40.700000  6.295100  0.999708
40.800000  6.348100  0.778949
40.900000  6.213150  0.873772
41.000000  6.248550  0.842659
41.100000  6.241700  1.112845
41.200000  6.226150  0.730936
41.300000  6.373900  0.950493
41.400000  6.274550  1.029194
41.500000  6.187700  0.648417
41.600000  6.315750  1.104996
41.700000  6.231100  0.980616
41.800000  6.359150  1.106976
41.900000  6.344000  0.835800
42.000000  6.338150  1.023113
42.100000  6.177300  1.117653
42.200000  6.117500  0.998152
42.300000  6.428500  1.359908
42.400000  6.373350  1.476934
42.500000  6.417650  1.416688
42.600000  6.574350  1.491925
42.700000  6.424600  1.246912
42.800000  6.398350  1.208233
42.900000  6.629950  1.432103
43.000000  6.546250  1.480045
43.100000  6.410550  1.293086
43.200000  6.534350  1.476651
43.300000  6.409200  1.195293
43.400000  6.545900  1.354958
43.500000  6.445350  1.175424
43.600000  6.364350  1.082086
43.700000  6.545100  1.175494
43.800000  6.576900  1.489591
43.900000  6.389650  1.239063
44.000000  6.526750  1.287005
44.100000  6.427600  1.479833
44.200000  6.420250  1.275833
44.300000  6.536900  1.334593
44.400000  6.623000  1.586748
44.500000  6.520600  1.064337
44.600000  6.424950  1.332543
44.700000  6.372350  1.158453
44.800000  6.524100  1.153574
44.900000  6.304400  1.032942
45.000000  6.565050  1.229588
45.100000  6.527200  1.114259
45.200000  6.426150  1.383879
45.300000  6.532150  1.131442
45.400000  6.362400  0.911743
45.500000  6.241800  1.000273
45.600000  6.425200  1.037891
45.700000  6.323350  1.096510
45.800000  6.132550  1.004728
45.900000  6.196950  0.903753
46.000000  6.468300  0.934937
46.100000  6.311450  0.854821
46.200000  6.255050  0.882823
46.300000  6.340950  1.070348
46.400000  6.388050  1.135401
46.500000  6.211800  1.128825
46.600000  6.327600  0.910329
46.700000  6.373450  0.879004
46.800000  6.311500  1.089652
46.900000  6.391750  0.875610
47.000000  6.539650  1.048003
47.100000  6.467600  0.805253
47.200000  6.321950  0.723865
47.300000  6.457350  1.062145
47.400000  6.565850  1.002324
47.500000  6.503950  1.174292
47.600000  6.508900  0.979343
47.700000  6.336850  1.028487
47.800000  6.412650  1.320380
47.900000  6.288000  1.006496
48.000000  6.444900  0.991364
48.100000  6.324400  1.051044
48.200000  6.329900  0.935502
48.300000  6.438050  1.157180
48.400000  6.574300  0.870024
48.500000  6.352000  1.054862
48.600000  6.465700  1.258933
48.700000  6.543450  1.424608
48.800000  6.330550  1.241043
48.900000  6.520750  0.785666
49.000000  6.373350  0.920299
49.100000  6.530200  1.205476
49.200000  6.461950  1.078691
49.300000  6.387500  0.772726
49.400000  6.424950  1.378222
49.500000  6.407400  1.228810
49.600000  6.524850  1.056630
49.700000  6.265650  0.934442
49.800000  6.348700  0.964352
49.900000  6.519200  1.115249
50.000000  6.291400  0.804263
50.100000  6.650100  1.070560
50.200000  6.514850  1.095662
50.300000  6.424600  1.146927
50.400000  6.488100  1.049064
50.500000  6.479950  1.187869
50.600000  6.368450  1.119704
50.700000  6.336050  0.848175
50.800000  6.345400  0.832406
50.900000  6.443100  0.994051
51.000000  6.381300  0.897743
51.100000  6.412650  0.879994
51.200000  6.381700  1.276893
51.300000  6.225250  0.788919
51.400000  6.342650  0.856660
51.500000  6.394050  0.947028
51.600000  6.341600  0.885439
51.700000  6.287750  1.016749
51.800000  6.274900  1.079045
51.900000  6.280500  1.069428
52.000000  6.279950  0.879570
52.100000  6.437100  1.224426
52.200000  6.180400  0.839901
52.300000  6.329550  0.951412
52.400000  6.431550  0.986768
52.500000  6.229750  1.013638
52.600000  6.218850  0.606485
52.700000  6.439350  0.805465
52.800000  6.324900  0.976797
52.900000  6.468350  1.075014
53.000000  6.247200  0.863377
53.100000  6.436150  0.942927
53.200000  6.290200  0.967605
53.300000  6.263400  0.814446
53.400000  6.385700  0.990515
53.500000  6.399950  1.099056
53.600000  6.461350  1.202577
53.700000  6.476550  1.110370
53.800000  6.251850  0.924401
53.900000  6.552900  0.970433
54.000000  6.513850  0.950705
54.100000  6.394850  1.291813
54.200000  6.351250  0.921148
54.300000  6.335150  0.867691
54.400000  6.609400  0.966615
54.500000  6.228500  0.776262
54.600000  6.503000  1.075509
54.700000  6.683650  0.819042
54.800000  6.603250  1.097783
54.900000  6.677350  0.834881
55.000000  6.576150  1.207526
55.100000  6.358700  0.617728
55.200000  6.386600  0.987121
55.300000  6.337500  0.924471
55.400000  6.346350  1.179949
55.500000  6.570200  1.042700
55.600000  6.309600  0.856731
55.700000  6.491600  1.021911
55.800000  6.335900  0.664398
55.900000  6.439950  1.007415
56.000000  6.337050  0.852700
56.100000  6.573650  1.119845
56.200000  6.676750  1.386990
56.300000  6.380250  0.860195
56.400000  6.332600  0.613627
56.500000  6.367800  0.891662
56.600000  6.188900  1.046942
56.700000  6.321350  0.695157
56.800000  6.428850  0.603091
56.900000  6.254900  0.892369
57.000000  6.367600  0.920087
57.100000  6.320050  1.056347
57.200000  6.620500  0.852488
57.300000  6.476900  0.619426
57.400000  6.499650  1.165524
57.500000  6.491300  1.027143
57.600000  6.410800  0.610799
57.700000  6.385850  0.460539
57.800000  6.391150  0.626850
57.900000  6.441900  0.955867
58.000000  6.415450  0.866701
58.100000  6.202300  0.729734
58.200000  6.232500  0.910188
58.300000  6.368850  0.762473
58.400000  6.387600  0.832406
58.500000  6.421800  0.934371
58.600000  6.360800  0.768908
58.700000  6.302700  0.769332
58.800000  6.317250  0.507915
58.900000  6.241750  0.589374
59.000000  6.394550  0.789060
59.100000  6.415800  0.774282
59.200000  6.238250  0.455872
59.300000  6.332350  0.595455
59.400000  6.564700  0.651104
59.500000  6.482300  0.712905
59.600000  6.243650  0.763322
59.700000  6.139000  0.889399
59.800000  6.372800  0.765938
59.900000  6.282000  0.783333
60.000000  6.271500  0.733553
60.100000  6.282900  0.879217
60.200000  6.438600  0.670337
60.300000  6.415300  0.883459
60.400000  6.503250  0.810274
60.500000  6.370950  0.809849
60.600000  6.267600  0.818688
60.700000  6.219400  0.938755
60.800000  6.422200  0.864650
60.900000  6.236250  0.490803
61.000000  6.319900  0.628052
61.100000  6.419350  0.863448
61.200000  6.378650  0.643255
61.300000  6.484700  1.103794
61.400000  6.380400  0.692823
61.500000  6.290800  0.983586
61.600000  6.396650  1.007132
61.700000  5.996950  0.760352
61.800000  6.210550  0.617516
61.900000  6.210750  0.735179
62.000000  6.142500  0.826184
62.100000  6.408050  0.736452
62.200000  6.428150  0.791323
62.300000  6.253600  0.926593
62.400000  6.265050  1.094813
62.500000  6.621200  0.794505
62.600000  6.565150  0.971918
62.700000  6.409100  1.036901
62.800000  6.458400  0.748968
62.900000  6.274050  0.854680
63.000000  6.322650  0.662206
63.100000  6.643250  0.951129
63.200000  6.249600  0.726340
63.300000  6.641150  0.997798
63.400000  6.262150  0.855670
63.500000  6.616950  0.803485
63.600000  6.461450  0.948301
63.700000  6.215600  0.762403
63.800000  6.073950  0.587111
63.900000  6.210250  0.378656
64.000000  6.203950  0.494338
64.100000  6.268200  0.582797
64.200000  6.304600  0.448589
64.300000  6.277650  0.808577
64.400000  6.096750  0.742816
64.500000  6.367050  0.688934
64.600000  6.542700  0.158392
64.700000  6.222350  0.641982
64.800000  6.452500  0.754483
64.900000  6.233050  0.622183
65.000000  6.272600  0.830709
65.100000  6.355550  0.658529
65.200000  6.147200  0.785737
65.300000  6.270800  0.844851
65.400000  6.367400  0.807657
65.500000  6.354200  0.832689
65.600000  6.455450  0.880843
65.700000  6.307900  0.797899
65.800000  6.295800  0.691268
65.900000  6.220200  0.655771
66.000000  6.553450  0.371726
66.100000  6.322800  1.041710
66.200000  6.142500  0.833113
66.300000  6.326950  0.863024
66.400000  6.203250  0.744796
66.500000  6.327300  1.250730
66.600000  6.307500  0.923764
66.700000  6.184650  0.909976
66.800000  6.311400  1.025729
66.900000  6.240150  0.899652
67.000000  6.285550  0.888763
67.100000  6.389100  0.843437
67.200000  6.155600  1.256104
67.300000  6.093750  1.023678
67.400000  6.360700  0.803698
67.500000  6.426100  0.489176
67.600000  6.362450  0.606061
67.700000  6.337000  0.638517
67.800000  6.098850  0.598707
67.900000  6.438900  0.763392
68.000000  6.270600  0.476166
68.100000  6.126350  0.759645
68.200000  6.254600  0.652094
68.300000  6.066700  0.530613
68.400000  6.540800  0.732280
68.500000  6.309050  0.390394
68.600000  6.359350  0.556281
68.700000  6.279250  0.558544
68.800000  6.352500  0.783757
68.900000  6.324250  0.876459
69.000000  6.349600  0.250033
69.100000  6.252000  0.667226
69.200000  6.317800  0.462448
69.300000  6.514450  0.430133
69.400000  6.247100  0.368685
69.500000  6.300750  0.790050
69.600000  6.278000  0.733128
69.700000  6.220350  0.516400
69.800000  6.357150  0.383464
69.900000  6.253550  0.702652
70.000000  6.324750  0.535633
70.100000  6.364500  0.427941
70.200000  6.332550  0.631376
70.300000  6.289700  0.696642
70.400000  6.292550  0.740129
70.500000  6.156150  0.528704
70.600000  6.276700  0.551543
70.700000  6.126150  0.440598
70.800000  6.158150  0.706612
70.900000  6.137050  0.828376
71.000000  6.200550  0.565898
71.100000  6.329500  0.682499
71.200000  6.117250  0.827951
71.300000  6.199950  0.330714
71.400000  6.435950  0.666872
71.500000  6.396950  0.535633
71.600000  6.248600  0.653225
71.700000  6.237050  0.684550
71.800000  6.336300  0.447599
71.900000  6.096150  0.704773
72.000000  6.234950  0.731078
72.100000  6.274000  0.340260
72.200000  6.306850  0.608607
72.300000  6.259900  0.431194
72.400000  6.338900  0.375049
72.500000  6.290300  0.370807
72.600000  6.056850  0.491510
72.700000  6.102550  0.376534
72.800000  6.246200  0.268135
72.900000  6.063900  0.622537
73.000000  6.281200  0.670620
73.100000  6.328800  0.302500
73.200000  6.050750  0.474257
73.300000  6.024450  0.492500
73.400000  6.136750  0.562079
73.500000  6.071400  0.692682
73.600000  6.122450  0.722451
73.700000  5.801800  0.637527
73.800000  5.964250  0.661074
73.900000  6.028300  0.726199
74.000000  6.154050  0.706753
74.100000  5.925150  0.546664
74.200000  6.168950  0.641275
74.300000  6.125850  0.643396
74.400000  5.803950  0.926805
74.500000  6.160050  0.312895
74.600000  5.908500  0.533300
74.700000  5.823000  0.475317
74.800000  5.735700  0.526512
74.900000  5.753450  0.630244
75.000000  5.687950  0.644952
75.100000  5.951100  0.676418
75.200000  5.862750  0.591353
75.300000  5.842600  0.610092
75.400000  5.835900  0.665953
75.500000  5.799350  0.751301
75.600000  5.769500  0.691975
75.700000  6.055850  0.537472
75.800000  6.156550  0.526158
75.900000  5.932850  1.000485
76.000000  5.744600  0.657044
76.100000  5.706400  0.905662
76.200000  5.648350  1.021840
76.300000  5.644200  0.538533
76.400000  5.785900  0.707955
76.500000  5.355600  0.923057
76.600000  5.530200  0.730724
76.700000  5.737100  0.610092
76.800000  5.634950  0.975595
76.900000  5.562000  0.689146
77.000000  5.713100  0.530330
77.100000  5.801500  0.419173
77.200000  5.274750  0.667297
77.300000  5.669150  0.869388
77.400000  5.895950  0.799243
77.500000  5.834200  0.654074
77.600000  5.875000  0.555645
77.700000  5.739500  0.718986
77.800000  5.789700  0.658175
77.900000  5.672250  1.059600
78.000000  5.588050  1.251367
78.100000  5.634800  1.022759
78.200000  5.795200  0.509117
78.300000  5.693100  0.871721
78.400000  5.610350  0.942644
78.500000  5.783550  0.945472
78.600000  5.851600  0.610375
78.700000  5.703850  0.939109
78.800000  5.842250  0.783969
78.900000  5.601800  0.784889
79.000000  5.641350  0.803061
79.100000  5.541700  0.769615
79.200000  5.624300  0.701026
79.300000  5.801000  0.704985
79.400000  5.718400  0.784889
79.500000  5.723300  0.574878
79.600000  5.749850  0.490803
79.700000  6.020250  0.423062
79.800000  5.785300  0.662418
79.900000  5.770800  0.576433
80.000000  5.901900  0.486772
80.100000  5.784650  0.366352
80.200000  5.809950  0.868822
80.300000  5.696700  0.859842
80.400000  5.830000  0.748968
80.500000  5.807100  0.532876
80.600000  5.643050  0.644245
80.700000  5.981050  0.413870
80.800000  6.128000  0.641204
80.900000  5.883350  1.065681
81.000000  5.997550  0.353200
81.100000  5.982500  0.961807
81.200000  5.992700  0.301793
81.300000  6.052950  0.247982
81.400000  5.789300  0.543624
81.500000  5.905550  0.270186
81.600000  6.025850  0.118440
81.700000  5.807750  0.165109
81.800000  5.887450  0.140361
81.900000  6.124000  0.294864
82.000000  5.939500  0.551968
82.100000  5.768200  0.461741
82.200000  5.687650  0.520643
82.300000  5.896850  0.367766
82.400000  5.915100  0.363736
82.500000  5.945700  0.332764
82.600000  5.806300  0.222173
82.700000  5.983400  0.234477
82.800000  5.995850  0.321097
82.900000  5.790400  0.551543
83.000000  6.113500  0.048932
83.100000  5.869950  0.412880
83.200000  5.685800  0.572898
83.300000  5.649400  0.449578
83.400000  5.794950  0.568443
83.500000  5.952800  0.134209
83.600000  5.800750  0.156766
83.700000  6.047000  0.630032
83.800000  5.853400  0.338421
83.900000  6.011400  0.226416
84.000000  6.099150  0.746351
84.100000  5.945150  0.239780
84.200000  6.186850  0.415001
84.300000  5.836900  0.136472
84.400000  5.775150  0.419102
84.500000  6.023850  0.280085
84.600000  5.999950  0.367059
84.700000  5.907900  0.744159
84.800000  5.933800  0.311268
84.900000  6.137000  0.347755
85.000000  5.881450  0.199616
85.100000  6.004100  0.188090
85.200000  5.886600  0.010607
85.300000  6.049350  0.184626
85.400000  5.912450  0.219557
85.500000  5.999950  0.355745
85.600000  5.749900  0.509541
85.700000  5.925300  0.343371
85.800000  6.019000  0.108612
85.900000  5.938050  0.068943
86.000000  5.992700  0.111440
86.100000  6.123300  0.399091
86.200000  6.277250  0.097086
86.300000  6.050250  0.230163
86.400000  6.220900  0.386787
86.500000  6.480900  0.231790
86.600000  6.436850  0.564201
86.700000  6.589300  0.262761
86.800000  6.718500  0.217506
86.900000  6.382550  0.078418
87.000000  6.542100  0.313814
87.100000  6.592200  0.690843
87.200000  6.406750  0.382050
87.300000  6.656800  0.371090
87.400000  6.441600  0.540088
87.500000  6.412900  0.317774
87.600000  6.671150  0.214183
87.700000  6.601950  0.297904
87.800000  6.802750  0.587252
87.900000  6.585100  0.584919
88.000000  6.404550  0.625295
88.100000  6.572250  0.612849
88.200000  6.589950  0.553735
88.300000  6.584100  0.602314
88.400000  6.709850  0.624870
88.500000  6.374150  0.148422
88.600000  6.476650  0.286732
88.700000  6.666600  0.446184
88.800000  6.599600  0.189222
88.900000  6.731550  0.085065
89.000000  6.463700  0.075802
89.100000  6.390450  0.178827
89.200000  6.279000  0.091075
89.300000  6.455250  0.043487
89.400000  6.456550  0.103450
89.500000  6.493450  0.302571
89.600000  6.589850  0.106420
89.700000  6.599900  0.156553
89.800000  6.493950  0.400717
89.900000  6.598300  0.421153
90.000000  6.540950  0.202303
90.100000  6.346000  0.084994
90.200000  6.677200  0.615324
90.300000  6.517300  0.330785
90.400000  6.767250  0.070640
90.500000  6.560150  0.560665
90.600000  6.407500  0.419031
90.700000  6.702000  0.612779
90.800000  6.674250  0.577918
90.900000  6.506150  0.663761
91.000000  6.608650  0.346270
91.100000  6.504950  0.075024
91.200000  6.613200  0.257387
91.300000  6.595800  0.097581
91.400000  6.500750  0.039527
91.500000  6.460500  0.028143
91.600000  6.449650  0.500137
91.700000  6.247600  0.141563
91.800000  6.595300  0.183423
91.900000  6.534800  0.549139
92.000000  6.873800  0.046810
92.100000  6.316500  0.232497
92.200000  6.633700  0.064630
92.300000  6.787950  0.540017
92.400000  6.621050  0.618931
92.500000  6.516050  0.747200
92.600000  6.675550  0.618648
92.700000  6.749550  0.650185
92.800000  6.616050  0.151109
92.900000  6.884950  0.668145
93.000000  6.685450  0.257882
93.100000  6.750800  0.415920
93.200000  6.548550  0.138381
93.300000  6.582400  0.098146
93.400000  6.699700  0.057983
93.500000  6.762150  0.274570
93.600000  6.430550  0.329865
93.700000  6.724500  0.010465
93.800000  6.740450  0.146159
93.900000  6.538200  0.189646
94.000000  6.529900  0.044831
94.100000  6.876400  0.109884
94.200000  6.724150  0.242891
94.300000  6.793450  0.148987
94.400000  6.644050  0.057912
94.500000  6.750900  0.377029
94.600000  6.705300  0.206051
94.700000  6.630150  0.248265
94.800000  6.863650  0.426456
94.900000  6.834600  0.358079
95.000000  6.736650  0.200182
95.100000  6.656700  0.162493
95.200000  6.402200  0.160513
95.300000  6.715900  0.815011
95.400000  6.617950  0.177555
95.500000  6.582450  0.676206
95.600000  6.510400  0.139583
95.700000  6.758950  0.046174
95.800000  6.586150  0.004172
95.900000  6.593300  0.126289
96.000000  6.515650  0.273721
96.100000  6.541500  0.107197
96.200000  6.746450  0.495328
96.300000  6.462150  0.138098
96.400000  6.300300  0.216940
96.500000  6.438250  0.385727
96.600000  6.558350  0.308794
96.700000  6.651600  0.206334
96.800000  6.678950  0.202303
96.900000  6.679250  0.318552
97.000000  6.782600  0.133360
97.100000  6.814300  0.464428
97.200000  6.656750  0.237659
97.300000  6.788350  0.329865
97.400000  6.541050  0.095389
97.500000  6.672300  0.065054
97.600000  6.641300  0.127138
97.700000  6.608600  0.264034
97.800000  6.631850  0.061165
97.900000  6.803800  0.287651
98.000000  6.572150  0.335381
98.100000  6.455900  0.047800
98.200000  6.640200  0.104228
98.300000  6.949450  0.382757
98.400000  6.616800  0.060245
98.500000  6.408050  0.118723
98.600000  6.810450  0.331421
98.700000  6.821150  0.285459
98.800000  6.705200  0.404182
98.900000  6.687950  0.697985
99.000000  6.838750  0.383747
99.100000  6.802600  0.265165
99.200000  6.541850  0.285035
99.300000  6.543350  0.352917
99.400000  6.780700  0.240982
99.500000  6.529550  0.308511
99.600000  6.730450  0.506076
99.700000  6.588750  0.077852
99.800000  6.448650  0.143613
99.900000  6.601850  0.147715
100.000000  6.688200  0.571767
100.100000  6.756800  0.367554
100.200000  6.735250  0.302854
100.300000  6.600650  0.318834
100.400000  6.605600  0.345351
100.500000  6.573700  0.283408
100.600000  6.606100  0.519441
100.700000  6.765000  0.331492
100.800000  6.669250  0.312046
100.900000  6.792250  0.368191
101.000000  6.667400  0.234759
101.100000  6.750950  0.430416
101.200000  6.800900  0.458205
101.300000  6.592650  0.128057
101.400000  6.666300  0.280721
101.500000  6.618250  0.063427
101.600000  6.552250  0.260993
101.700000  6.405900  0.062367
101.800000  6.394000  0.185969
101.900000  6.480800  0.299389
102.000000  6.715700  0.098571
102.100000  6.482550  0.159453
102.200000  6.636500  0.375332
102.300000  6.562300  0.230234
102.400000  6.578500  0.149907
102.500000  6.727550  0.218284
102.600000  6.613200  0.264034
102.700000  6.877900  0.648841
102.800000  6.743850  0.018314
102.900000  6.647450  0.042780
103.000000  6.634150  0.216304
103.100000  6.682200  0.255124
103.200000  6.952050  0.199616
103.300000  6.653600  0.071842
103.400000  6.840350  0.013081
103.500000  6.550600  0.293449
103.600000  6.532850  0.287439
103.700000  6.631750  0.204990
103.800000  6.700450  0.105288
103.900000  6.540050  0.033729
104.000000  6.685000  0.345068
104.100000  6.600950  0.068519
104.200000  6.492600  0.009192
104.300000  6.617000  0.081034
104.400000  6.495900  0.167867
104.500000  6.822700  0.371514
104.600000  6.579150  0.049568
104.700000  6.584750  0.017041
104.800000  6.465050  0.261135
104.900000  6.440600  0.421436
105.000000  6.688250  0.011102
105.100000  6.523050  0.009122
105.200000  6.590650  0.150119
105.300000  6.580550  0.438901
105.400000  6.584450  0.349664
105.500000  6.737250  0.457710
105.600000  6.612450  0.139512
105.700000  6.778850  0.003182
105.800000  6.703550  0.065266
105.900000  6.756150  0.093974
106.000000  6.724050  0.039386
106.100000  6.707350  0.266367
106.200000  6.727000  0.668923
106.300000  6.847250  0.401425
106.400000  6.804150  0.469731
106.500000  6.975650  0.548503
106.600000  6.950900  0.698056
106.700000  6.715550  0.463650
106.800000  6.600250  0.252508
106.900000  6.738900  0.536553
107.000000  6.602550  0.509329
107.100000  6.729000  0.608536
107.200000  6.815950  0.488681
107.300000  6.613200  0.253568
107.400000  6.623050  0.479772
107.500000  7.062950  0.895126
107.600000  6.746800  0.151038
107.700000  6.687500  0.227264
107.800000  6.635250  0.343159
107.900000  6.577800  0.451841
108.000000  6.465100  0.290479
108.100000  6.553800  0.389474
108.200000  6.664050  0.195939
108.300000  6.736700  0.315935
108.400000  6.710500  0.423840
108.500000  6.660750  0.516259
108.600000  7.015500  0.629042
108.700000  6.819900  0.461741
108.800000  6.846300  0.095601
108.900000  6.625400  0.389333
109.000000  6.658750  0.160584
109.100000  6.826400  0.206475
109.200000  6.689850  0.133714
109.300000  6.439300  0.089520
109.400000  6.252850  0.309783
109.500000  6.620300  0.099985
109.600000  6.578050  0.018597
109.700000  6.488400  0.556352
109.800000  6.660900  0.139724
109.900000  6.730350  0.157756
110.000000  6.625150  0.129330
110.100000  6.472050  0.163695
110.200000  6.679200  0.035638
110.300000  6.578700  0.135057
110.400000  6.590600  0.056851
110.500000  6.703050  0.360837
110.600000  6.469900  0.011738
110.700000  6.575500  0.288217
110.800000  6.778350  0.602101
110.900000  6.810050  0.004455
111.000000  6.875500  0.000141
111.100000  6.903900  0.016122
111.200000  6.755450  0.047871
111.300000  6.781450  0.100338
111.400000  6.874900  0.469660
111.500000  6.786900  0.090368
111.600000  6.975150  0.016476
111.700000  6.571450  0.191272
111.800000  6.598200  0.011455
111.900000  6.854800  0.115258
112.000000  6.901300  0.299389
112.100000  6.812400  0.228254
112.200000  6.820600  0.152876
112.300000  6.722400  0.260781
112.400000  6.655550  0.040517
112.500000  6.718900  0.243386
112.600000  6.822650  0.228042
112.700000  6.640200  0.372362
112.800000  6.684450  0.347402
112.900000  6.785150  0.070357
113.000000  6.898650  0.334391
113.100000  6.972100  0.195303
113.200000  6.685100  0.049073
113.300000  6.661400  0.060245
113.400000  6.789850  0.098924
113.500000  6.636200  0.169564
113.600000  6.656450  0.326613
113.700000  6.786050  0.084782
113.800000  6.413000  0.132795
113.900000  6.631250  0.091853
114.000000  6.543700  0.459337
114.100000  6.469800  0.201950
114.200000  6.679600  0.449154
114.300000  6.478000  0.070852
114.400000  6.665550  0.064417
114.500000  6.548900  0.015556
114.600000  6.730600  0.204495
114.700000  6.636700  0.003677
114.800000  6.679100  0.009051
114.900000  6.625650  0.025385
115.000000  6.548050  0.140785
115.100000  6.451600  0.150048
115.200000  6.591150  0.147432
115.300000  6.744250  0.131027
115.400000  6.659200  0.165887
115.500000  6.763300  0.370948
115.600000  6.698100  0.134067
115.700000  6.399150  0.033870
115.800000  6.394450  0.120562
115.900000  6.586500  0.284116
116.000000  6.561750  0.024254
116.100000  6.727300  0.190495
116.200000  6.511450  0.210647
116.300000  6.654600  0.036345
116.400000  6.417600  0.227830
116.500000  6.316800  0.106207
116.600000  6.594750  0.166665
116.700000  6.633500  0.313955
116.800000  6.718800  0.276903
116.900000  6.648700  0.230093
117.000000  6.942650  0.101328
117.100000  6.793550  0.234406
117.200000  6.698250  0.312612
117.300000  6.823300  0.475034
117.400000  6.635950  0.116460
117.500000  6.623400  0.000707
117.600000  6.802900  0.334320
117.700000  6.583750  0.099914
117.800000  6.669000  0.542775
117.900000  6.636000  0.082873
118.000000  6.598450  0.186888
118.100000  6.643000  0.131098
118.200000  6.718400  0.239285
118.300000  6.813600  0.155563
118.400000  6.866950  0.272307
118.500000  6.480550  0.216021
118.600000  6.903800  0.203647
118.700000  6.507500  0.419597
118.800000  6.518650  0.067246
118.900000  6.756550  0.067953
119.000000  6.740200  0.199404
119.100000  6.412150  0.300308
119.200000  6.731550  0.285318
119.300000  6.817250  0.511875
119.400000  6.901750  0.354897
119.500000  6.589600  0.420446
119.600000  6.779100  0.277893
119.700000  6.626000  0.349876
119.800000  6.629500  0.447740
119.900000  6.672450  0.018031
120.000000  6.673350  0.158745
120.100000  6.574750  0.371160
120.200000  6.797600  0.139159
120.300000  6.914400  0.391737
120.400000  6.803900  0.276054
120.500000  6.635100  0.158250
120.600000  6.774050  0.072478
120.700000  6.671100  0.331209
120.800000  6.471400  0.189646
120.900000  6.688150  0.300591
121.000000  6.696600  0.266721
121.100000  6.790950  0.527997
121.200000  6.760150  0.204425
121.300000  6.681800  0.278883
121.400000  6.846150  0.191131
121.500000  6.610750  0.354473
121.600000  6.718150  0.455589
121.700000  6.815500  0.285671
121.800000  6.729100  0.373635
121.900000  6.805050  0.338492
122.000000  6.761500  0.339836
122.100000  6.289500  0.220900
122.200000  6.499200  0.183706
122.300000  6.497600  0.247912
122.400000  6.513300  0.014849
122.500000  6.613000  0.392586
122.600000  6.545500  0.357230
122.700000  6.571200  0.295712
122.800000  6.745700  0.297409
122.900000  6.505250  0.017183
123.000000  6.530450  0.147007
123.100000  6.529300  0.150048
123.200000  6.646250  0.171332
123.300000  6.581250  0.193818
123.400000  6.824450  0.225779
123.500000  6.619050  0.488823
123.600000  6.552700  0.465701
123.700000  6.566050  0.112642
123.800000  6.519750  0.442861
123.900000  6.473650  0.076297
124.000000  6.544900  0.372645
124.100000  6.519050  0.272448
124.200000  6.638950  0.324916
124.300000  6.583450  0.288712
124.400000  6.748650  0.631941
124.500000  6.520150  0.375403
124.600000  6.457200  0.104086
124.700000  6.535150  0.134138
124.800000  6.683950  0.202728
124.900000  6.585450  0.114905
125.000000  6.278750  0.182363
125.100000  6.705100  0.334462
125.200000  6.674450  0.307945
125.300000  6.412550  0.069509
125.400000  6.449400  0.311127
125.500000  6.111300  0.043416
125.600000  6.665950  0.505652
125.700000  6.523250  0.169069
125.800000  6.716250  0.583010
125.900000  6.578950  0.842235
126.000000  6.664700  0.492712
126.100000  6.678850  0.521350
126.200000  6.629500  0.210435
126.300000  6.468600  0.508551
126.400000  6.457750  0.806880
126.500000  6.653300  0.405455
126.600000  6.675650  0.927088
126.700000  6.689050  0.624870
126.800000  6.527000  0.653508
126.900000  6.751250  0.891591
127.000000  6.511950  0.484863
127.100000  6.753100  0.769756
127.200000  6.578900  0.833679
127.300000  6.563350  0.608183
127.400000  6.661300  0.542917
127.500000  6.821550  1.241467
127.600000  6.371300  0.333754
127.700000  6.523000  0.349311
127.800000  6.408300  0.467115
127.900000  6.353850  0.392374
128.000000  6.349150  0.532946
128.100000  6.521950  0.609880
128.200000  6.561750  0.640144
128.300000  6.579250  0.246285
128.400000  6.824350  0.256043
128.500000  6.649750  0.498298
128.600000  6.415250  0.313460
128.700000  6.577350  0.313178
128.800000  6.367000  0.347472
128.900000  6.619000  0.416062
129.000000  6.830400  0.471640
129.100000  6.775550  0.464923
129.200000  6.662100  0.644457
129.300000  6.678950  0.725279
129.400000  6.867700  0.916269
129.500000  6.680800  0.716016
129.600000  6.570450  0.439043
129.700000  6.543150  0.370453
129.800000  6.407250  0.196081
129.900000  6.873650  0.777605
130.000000  6.567250  0.213758
130.100000  6.548700  0.464852
130.200000  6.698000  0.619991
130.300000  6.678300  0.564978
130.400000  6.727550  0.724714
130.500000  6.864350  0.541290
130.600000  6.633800  0.555362
130.700000  6.564000  0.486914
130.800000  6.722350  0.479206
130.900000  6.435950  0.389969
131.000000  6.596250  0.652589
131.100000  6.676950  0.644104
131.200000  6.689700  0.656761
131.300000  6.486950  0.728249
131.400000  6.344900  0.612072
131.500000  6.671100  0.305187
131.600000  6.448300  0.342664
131.700000  6.435000  0.438830
131.800000  6.659650  0.508905
131.900000  6.605050  0.627274
132.000000  6.747900  0.643891
132.100000  6.352150  0.469590
132.200000  6.594350  0.192828
132.300000  6.526900  0.438689
132.400000  6.418550  0.584141
132.500000  6.424250  0.190848
132.600000  6.460200  0.334179
132.700000  6.446800  0.068165
132.800000  6.595600  0.358786
132.900000  6.687450  0.409344
133.000000  6.561950  0.304551
133.100000  6.616050  0.766150
133.200000  6.289150  0.401707
133.300000  6.544200  0.423840
133.400000  6.326100  0.514208
133.500000  6.516300  0.522976
133.600000  6.273000  0.341815
133.700000  6.382600  0.382686
133.800000  6.516500  0.288641
133.900000  6.480950  0.245578
134.000000  6.333850  0.132300
134.100000  6.377400  0.233628
134.200000  6.241750  0.006293
134.300000  6.576400  0.215243
134.400000  6.430750  0.125087
134.500000  6.153700  0.053033
134.600000  6.307950  0.061306
134.700000  6.609000  0.480691
134.800000  6.613650  0.410475
134.900000  6.708850  0.445265
135.000000  6.358850  0.358715
135.100000  6.557150  0.604364
135.200000  6.588300  0.618860
135.300000  6.526050  0.546381
135.400000  6.380900  0.166029
135.500000  6.328300  0.207324
135.600000  6.648300  0.330502
135.700000  6.586350  0.257882
135.800000  6.464500  0.088813
135.900000  6.439150  0.109814
136.000000  6.315700  0.280721
136.100000  6.397400  0.085418
136.200000  6.342550  0.127491
136.300000  6.442400  0.177342
136.400000  6.323700  0.502894
136.500000  6.242450  0.028072
136.600000  6.373950  0.388272
136.700000  6.263600  0.317915
136.800000  6.401300  0.258094
136.900000  6.433300  0.425678
137.000000  6.319050  0.318552
137.100000  6.358650  0.302995
137.200000  6.384000  0.373635
137.300000  6.276300  0.255690
137.400000  6.508400  0.029416
137.500000  6.435800  0.211708
137.600000  6.666600  0.203081
137.700000  6.363400  0.480267
137.800000  6.510700  0.371372
137.900000  6.500400  0.352422
138.000000  6.218550  0.175009
138.100000  6.367150  0.454175
138.200000  6.461200  0.363594
138.300000  6.446350  0.528279
138.400000  6.399250  0.477226
138.500000  6.590100  0.475317
138.600000  6.531100  0.511662
138.700000  6.481200  0.438548
138.800000  6.470000  0.037052
138.900000  6.328150  0.165817
139.000000  6.588550  0.389828
139.100000  6.296100  0.171120
139.200000  6.394550  0.429426
139.300000  6.546500  0.502187
139.400000  6.539750  0.383181
139.500000  6.559650  0.469872
139.600000  6.651050  0.139512
139.700000  6.874200  0.570211
139.800000  6.513550  0.555715
139.900000  6.603550  0.574383
140.000000  6.502000  0.623951
140.100000  6.594350  0.324350
140.200000  6.662600  0.681934
140.300000  6.690750  0.618223
140.400000  6.762300  0.454245
140.500000  6.676900  0.825759
140.600000  6.627350  0.336088
140.700000  6.628650  0.655700
140.800000  6.584500  0.605991
140.900000  6.369650  0.361544
141.000000  6.932050  0.651882
141.100000  6.558400  0.625082
141.200000  6.638650  0.452619
141.300000  6.708800  0.479701
141.400000  6.804950  0.355887
141.500000  6.729400  0.855741
141.600000  6.724700  0.632153
141.700000  6.386000  0.478994
141.800000  6.495550  0.549776
141.900000  6.666500  0.781212
142.000000  6.626850  0.665458
142.100000  6.382950  0.434093
142.200000  6.418250  0.817486
142.300000  6.556300  0.787151
142.400000  6.538150  0.278247
142.500000  6.702700  0.283126
142.600000  6.801050  0.941654
142.700000  6.475600  0.871580
142.800000  6.442050  0.341886
142.900000  7.110200  0.981323
143.000000  6.808050  0.350371
143.100000  6.864600  0.856872
143.200000  6.698500  0.804122
143.300000  6.390550  0.457710
143.400000  6.434550  0.320249
143.500000  6.643850  0.413870
143.600000  6.595400  0.572615
143.700000  6.627250  0.745503
143.800000  6.548450  0.640851
143.900000  6.651400  0.918815
144.000000  6.695250  0.453468
144.100000  6.627600  0.581383
144.200000  6.573050  0.245720
144.300000  6.656850  0.163978
144.400000  6.816900  0.819395
144.500000  6.906750  0.743099
144.600000  6.842600  0.456508
144.700000  6.456700  0.523966
144.800000  6.569650  0.992142
144.900000  6.483900  0.561443
145.000000  6.735950  0.973191
145.100000  6.601900  0.379999
145.200000  6.860900  0.727471
145.300000  6.653300  0.473479
145.400000  6.628950  0.052538
145.500000  7.173650  0.071913
145.600000  6.741900  0.692116
145.700000  6.861000  0.325835
145.800000  6.510950  0.489530
145.900000  6.707500  0.773716
146.000000  6.679450  0.746917
146.100000  6.679500  0.821658
146.200000  6.513350  0.465064
146.300000  6.623000  0.919380
146.400000  6.516600  0.805960
146.500000  6.704600  0.718845
146.600000  6.548850  0.807162
146.700000  6.446250  0.720188
146.800000  6.886550  0.473974
146.900000  6.500550  0.267640
147.000000  6.379000  0.478711
147.100000  6.152250  0.412314
147.200000  6.538600  0.703571
147.300000  6.489300  0.440528
147.400000  6.469300  0.852205
147.500000  6.507450  0.398030
147.600000  6.755650  0.670691
147.700000  6.554400  0.399374
147.800000  6.944300  0.821800
147.900000  6.818750  1.059882
148.000000  7.111050  1.135119
148.100000  7.007450  1.021274
148.200000  6.974150  1.371151
148.300000  6.843000  0.869317
148.400000  6.891650  1.327876
148.500000  7.250800  1.302208
148.600000  6.954950  1.719896
148.700000  6.729250  0.799384
148.800000  6.707500  1.391586
148.900000  6.739850  1.277388
149.000000  7.110800  1.354109
149.100000  7.116000  1.309137
149.200000  7.091900  1.082156
149.300000  7.058900  0.675570
149.400000  6.966300  0.728179
149.500000  6.993700  1.045387
149.600000  7.258700  1.271237
149.700000  7.199300  1.285944
149.800000  7.437650  1.502248
149.900000  7.199100  1.028699
150.000000  7.023250  0.918461
150.100000  6.961850  1.105844
150.200000  7.222000  1.458761
150.300000  7.181900  1.213112
150.400000  7.270850  1.399576
150.500000  7.210350  1.276398
150.600000  6.697650  1.431255
150.700000  7.105300  1.048074
150.800000  7.102950  1.486268
150.900000  7.223950  0.905874
151.000000  7.181100  1.231073
151.100000  7.176950  1.358989
151.200000  7.052450  1.181788
151.300000  7.128800  1.499773
151.400000  7.124800  1.215092
151.500000  7.119650  1.334664
151.600000  6.970200  1.137311
151.700000  7.308250  1.493480
151.800000  7.235200  1.805526
151.900000  7.134050  1.534634
152.000000  6.875200  1.251155
152.100000  7.463300  1.784030
152.200000  7.300100  1.606688
152.300000  6.994650  1.276116
152.400000  7.064350  1.095379
152.500000  6.787250  1.021699
152.600000  7.041350  1.082934
152.700000  7.265250  1.804890
152.800000  7.403700  1.710208
152.900000  7.182950  1.233831
153.000000  7.109000  1.336715
153.100000  7.181450  1.566029
153.200000  7.623700  1.949069
153.300000  7.393800  1.778939
153.400000  7.162350  1.801920
153.500000  7.870850  2.142180
153.600000  7.658750  1.986334
153.700000  7.397300  1.667782
153.800000  6.899700  1.341240
153.900000  6.902000  1.564686
154.000000  7.169500  1.483510
154.100000  7.190750  1.623729
154.200000  7.291600  1.973252
154.300000  7.279850  1.898652
154.400000  7.604900  1.945251
154.500000  7.865950  1.838407
154.600000  7.778750  1.960454
154.700000  7.543650  2.062560
154.800000  7.527950  1.855519
154.900000  7.498850  1.736018
155.000000  7.325950  1.764868
155.100000  7.603650  1.569989
155.200000  7.308800  1.344634
155.300000  7.327450  1.773919
155.400000  7.352500  1.753766
155.500000  7.509650  1.987041
155.600000  7.465000  1.843569
155.700000  7.255050  2.095370
155.800000  7.206900  1.494117
155.900000  7.641150  1.843215
156.000000  7.412100  1.718128
156.100000  7.328050  1.630942
156.200000  7.230400  1.528906
156.300000  7.516150  1.741675
156.400000  7.524650  2.181495
156.500000  7.773300  2.005921
156.600000  7.233150  1.767696
156.700000  7.487550  2.145998
156.800000  7.297450  1.513845
156.900000  7.530800  2.355231
157.000000  7.318250  1.936553
157.100000  7.696200  1.839892
157.200000  7.836300  1.870580
157.300000  7.585350  2.092400
157.400000  7.811350  1.531805
157.500000  7.249850  1.990293
157.600000  7.326900  1.609516
157.700000  7.433350  1.235669
157.800000  7.164150  1.603365
157.900000  7.133350  1.477782
158.000000  6.953350  1.450347
158.100000  6.949950  1.379070
158.200000  7.109750  1.494894
158.300000  7.028550  1.547220
158.400000  7.506700  1.609375
158.500000  6.827450  1.506915
158.600000  7.076000  1.597354
158.700000  6.940050  1.544250
158.800000  7.052700  1.259640
158.900000  6.952600  1.417891
159.000000  6.893650  1.308501
159.100000  6.966100  1.409264
159.200000  7.166400  1.265155
159.300000  6.917500  1.009041
159.400000  7.269450  1.445114
159.500000  6.978600  1.471913
159.600000  7.403600  2.069984
159.700000  7.520550  1.817618
159.800000  7.437600  1.788132
159.900000  6.999000  1.524522
160.000000  7.090400  1.530179
160.100000  7.076400  0.951341
160.200000  7.337400  0.994334
160.300000  7.251550  1.005435
160.400000  7.306000  1.213395
160.500000  7.255150  0.987475
160.600000  7.001050  1.229871
160.700000  7.307250  1.682561
160.800000  7.319500  1.565817
160.900000  7.600500  1.750231
161.000000  7.797800  1.820234
161.100000  7.741600  1.967454
161.200000  7.466900  2.008183
161.300000  7.348100  1.764656
161.400000  7.433250  1.678884
161.500000  7.807650  1.829073
161.600000  7.617050  1.425032
161.700000  7.735550  2.325603
161.800000  7.510250  1.923118
161.900000  7.660650  2.140907
162.000000  7.574100  1.631295
162.100000  7.364050  1.486692
162.200000  7.758500  1.900986
162.300000  7.496050  2.010517
162.400000  7.287150  1.520633
162.500000  7.187850  1.892147
162.600000  7.174450  1.231144
162.700000  7.472300  1.541493
162.800000  7.316900  1.219618
162.900000  7.342100  1.403748
163.000000  7.277850  1.695713
163.100000  7.437250  1.884227
163.200000  7.439150  1.693167
163.300000  7.517800  1.003385
163.400000  7.814250  2.116866
163.500000  7.800850  0.613132
163.600000  7.729700  0.836083
163.700000  7.945100  1.284954
163.800000  7.644500  1.224568
163.900000  7.150900  0.960675
164.000000  7.353050  0.921431
164.100000  7.705300  1.062640
164.200000  7.570400  1.118077
164.300000  7.704000  0.875540
164.400000  7.433300  0.652660
164.500000  7.196400  0.742321
164.600000  7.172850  0.813668
164.700000  7.665200  1.044962
164.800000  7.379000  0.903824
164.900000  7.253200  0.631588
165.000000  7.888500  1.604284
165.100000  7.597150  2.052236
165.200000  7.686000  2.087803
165.300000  7.673450  2.082783
165.400000  7.754800  1.885147
165.500000  7.665900  2.163747
165.600000  7.601350  1.627689
165.700000  7.568150  1.804324
165.800000  7.392500  1.407567
165.900000  7.202550  1.718199
166.000000  7.667350  2.100602
166.100000  7.531350  1.720886
166.200000  7.726450  1.590354
166.300000  7.511650  1.859903
166.400000  7.360900  1.863368
166.500000  7.350250  1.878995
166.600000  7.565700  1.911168
166.700000  7.389800  1.444619
166.800000  7.250250  0.973191
166.900000  7.293350  1.360686
167.000000  7.205800  1.201940
167.100000  7.020900  1.165453
167.200000  7.371000  1.881187
167.300000  7.515800  1.846963
167.400000  7.656900  2.297390
167.500000  7.756950  2.077833
167.600000  7.715750  2.141473
167.700000  7.571650  2.015325
167.800000  7.452250  1.759918
167.900000  7.418550  1.662337
168.000000  7.371650  1.834730
168.100000  7.868350  2.013487
168.200000  7.827400  2.173929
168.300000  7.449050  1.786788
168.400000  7.194000  1.654206
168.500000  7.185300  1.573454
168.600000  7.136550  1.271449
168.700000  7.359650  1.516108
168.800000  7.062750  1.600112
168.900000  7.051750  1.005718
169.000000  7.411600  1.599193
169.100000  7.228150  1.574798
169.200000  7.176450  1.684258
169.300000  7.395950  1.677469
169.400000  7.470400  0.836932
169.500000  7.754400  1.393990
169.600000  7.492300  1.193738
169.700000  7.801800  1.896178
169.800000  7.541600  0.786020
169.900000  7.948400  1.500339
170.000000  7.484500  1.180868
170.100000  7.158500  0.811476
170.200000  7.007150  0.985636
170.300000  6.908050  0.320956
170.400000  7.367700  0.809637
170.500000  7.259750  0.772231
170.600000  7.474800  1.159231
170.700000  7.244100  0.864509
170.800000  7.268600  0.746846
170.900000  7.117950  1.019577
171.000000  7.142500  0.826749
171.100000  7.092350  0.592485
171.200000  7.369700  0.836790
171.300000  7.031600  0.943422
171.400000  6.989650  1.037821
171.500000  6.833100  1.047649
171.600000  7.012750  0.993980
171.700000  6.989150  0.733765
171.800000  7.241400  0.755614
171.900000  7.048200  0.717431
172.000000  7.191950  0.798960
172.100000  7.400650  0.677055
172.200000  7.370850  0.570706
172.300000  7.283150  0.747624
172.400000  7.241750  0.784111
172.500000  7.238750  1.129745
172.600000  7.458900  0.510390
172.700000  7.163350  1.128047
172.800000  7.402700  0.878509
172.900000  7.340700  1.075934
173.000000  7.365650  0.986343
173.100000  7.076050  0.827810
173.200000  7.476000  0.692399
173.300000  7.064850  1.093116
173.400000  7.355950  0.757099
173.500000  7.450350  0.678893
173.600000  7.264700  0.684338
173.700000  7.059450  0.758372
173.800000  7.488950  0.995394
173.900000  7.294750  0.617234
174.000000  7.242400  1.283399
174.100000  7.298950  0.437346
174.200000  7.335800  0.731007
174.300000  6.995550  0.924825
174.400000  6.903550  1.259428
174.500000  6.780750  1.070913
174.600000  6.793500  0.913016
174.700000  6.907300  1.238993
174.800000  6.736950  1.107541
174.900000  7.043400  1.341382
175.000000  7.036500  1.400213
175.100000  6.881200  1.008900
175.200000  7.007000  0.882328
175.300000  6.860800  0.923906
175.400000  6.894900  1.109168
175.500000  7.035750  1.448225
175.600000  6.691000  0.941159
175.700000  6.818850  1.426305
175.800000  6.892750  1.238073
175.900000  7.101450  1.091702
176.000000  6.732000  1.564969
176.100000  6.952150  1.292803
176.200000  7.147350  0.945472
176.300000  7.084600  1.334593
176.400000  7.008100  1.130098
176.500000  7.064050  0.880136
176.600000  7.108700  1.141270
176.700000  7.196200  0.863095
176.800000  7.355650  0.735603
176.900000  7.013750  0.710147
177.000000  7.172650  0.619921
177.100000  6.998500  0.910895
177.200000  6.979850  0.565332
177.300000  7.126050  0.567170
177.400000  7.013950  0.552604
177.500000  6.812250  0.947452
177.600000  7.234050  0.608324
177.700000  7.297500  0.371231
177.800000  7.463300  1.092904
177.900000  7.872350  0.870236
178.000000  7.168750  1.674358
178.100000  7.194150  1.425739
178.200000  7.122500  1.008617
178.300000  7.399700  1.015405
178.400000  6.929300  0.470650
178.500000  7.134300  1.156685
178.600000  6.967400  0.600758
178.700000  6.870600  0.941159
178.800000  7.322450  1.364928
178.900000  7.015700  0.882186
179.000000  6.988150  0.733765
179.100000  7.099700  0.816425
179.200000  7.190550  1.004869
179.300000  7.106050  0.813951
179.400000  7.437800  1.222446
179.500000  7.496650  1.397314
179.600000  6.995900  1.125431
179.700000  6.830000  1.058963
179.800000  6.952000  1.133068
179.900000  6.878850  0.874055
180.000000  7.378950  1.092975
180.100000  7.058750  0.983515
180.200000  6.922750  0.958483
180.300000  7.286700  0.579120
180.400000  7.274700  0.227264
180.500000  7.264400  0.585626
180.600000  7.007550  0.968100
180.700000  6.829800  0.673166
180.800000  7.059250  1.021416
180.900000  6.931150  1.130169
181.000000  6.753150  1.248256
181.100000  6.975600  1.299379
181.200000  6.623700  1.045528
181.300000  6.936400  0.929421
181.400000  6.809100  0.723370
181.500000  7.084350  1.259004
181.600000  6.901850  0.951554
181.700000  7.079100  0.958130
181.800000  7.331550  1.832326
181.900000  7.370950  1.285732
182.000000  7.343300  1.223436
182.100000  6.700800  0.884591
182.200000  6.842400  1.249882
182.300000  6.785550  1.288985
182.400000  7.111150  1.348099
182.500000  7.035200  1.228810
182.600000  6.948350  1.398445
182.700000  6.880400  0.650680
182.800000  7.008700  1.052741
182.900000  6.874900  0.918673
183.000000  6.837900  0.991364
183.100000  6.715500  1.511653
183.200000  6.772050  0.870943
183.300000  7.171200  1.352837
183.400000  7.146250  1.414709
183.500000  7.204450  1.132714
183.600000  7.046750  1.330563
183.700000  7.478900  1.287783
183.800000  7.340200  1.254266
183.900000  7.505350  1.384303
184.000000  7.177600  0.639225
184.100000  6.959500  0.814021
184.200000  7.200950  0.583434
184.300000  6.910200  0.662135
184.400000  7.051500  1.435144
184.500000  6.883800  1.142826
184.600000  6.954950  1.323492
184.700000  7.095250  1.573100
184.800000  6.951050  1.509319
184.900000  6.899650  1.297046
185.000000  7.306000  1.309703
185.100000  7.186200  1.259357
185.200000  7.019100  1.717704
185.300000  7.088150  1.530957
185.400000  6.912450  1.151099
185.500000  6.754300  1.609799
185.600000  6.938250  1.593748
185.700000  6.992600  1.437972
185.800000  7.107200  1.361463
185.900000  7.109850  0.948584
186.000000  7.047800  1.261761
186.100000  7.225300  1.278873
186.200000  7.124900  1.164888
186.300000  7.253150  0.770251
186.400000  6.899800  0.992354
186.500000  6.969600  1.247902
186.600000  7.351100  0.888409
186.700000  7.234900  1.134906
186.800000  7.041800  1.202223
186.900000  6.938800  1.206324
187.000000  7.298200  0.999566
187.100000  7.217000  1.375888
187.200000  7.216850  1.547645
187.300000  7.076250  1.616093
187.400000  7.196100  0.743593
187.500000  6.805650  1.187020
187.600000  6.871000  1.090783
187.700000  6.726400  1.339685
187.800000  7.233500  1.295844
187.900000  6.782000  0.921219
188.000000  7.152850  1.100470
188.100000  7.026050  1.049559
188.200000  7.215500  1.012860
188.300000  7.156650  1.182495
188.400000  6.801450  1.078126
188.500000  7.250050  0.993131
188.600000  7.281450  0.915067
188.700000  6.931700  1.262610
188.800000  7.209350  1.362524
188.900000  7.381050  1.923260
189.000000  7.479800  1.856014
189.100000  7.470550  2.042478
189.200000  7.586200  2.317189
189.300000  7.909300  2.412931
189.400000  7.676650  2.376657
189.500000  7.021400  1.265297
189.600000  7.276550  1.454024
189.700000  7.334700  1.621679
189.800000  7.452150  1.458973
189.900000  7.501650  1.736159
190.000000  7.137150  1.785232
190.100000  7.243550  2.208789
190.200000  7.147900  1.508824
190.300000  7.131800  1.228527
190.400000  6.955350  1.259569
190.500000  7.062400  1.203496
190.600000  7.192600  1.776959
190.700000  7.417200  1.730290
190.800000  6.943150  1.516815
190.900000  6.938300  1.374898
191.000000  7.107250  0.943210
191.100000  7.257300  1.335159
191.200000  7.198000  1.294430
191.300000  7.390800  1.374050
191.400000  6.930250  1.312178
191.500000  6.968500  0.808364
191.600000  7.224700  0.956998
191.700000  6.978000  0.635972
191.800000  7.313700  0.728886
191.900000  7.334650  0.520218
192.000000  7.166200  0.831699
192.100000  7.062150  0.602526
192.200000  7.478150  0.691055
192.300000  7.164250  1.069640
192.400000  7.086150  1.299874
192.500000  7.207950  1.262115
192.600000  7.083500  1.206466
192.700000  7.273750  1.309632
192.800000  7.008400  0.721673
192.900000  7.238100  0.803273
193.000000  7.103250  1.389253
193.100000  7.073900  0.875964
193.200000  7.211700  1.145230
193.300000  6.835850  1.448367
193.400000  6.965350  1.242316
193.500000  6.836500  0.835517
193.600000  6.936450  1.142331
193.700000  6.701050  1.262539
193.800000  6.727450  0.997657
193.900000  6.890400  0.736947
194.000000  6.532400  0.703996
194.100000  7.147350  1.030608
194.200000  7.192400  0.634840
194.300000  7.212750  1.112491
194.400000  7.109950  0.936139
194.500000  7.423600  0.623102
194.600000  7.268500  0.823214
194.700000  7.156850  0.520077
194.800000  7.332900  0.606980
194.900000  7.208900  1.056842
195.000000  7.044400  1.113127
195.100000  7.502850  1.213466
195.200000  7.180100  1.198687
195.300000  6.970400  0.973403
195.400000  7.090650  1.055498
195.500000  7.070800  1.365565
195.600000  7.105250  1.292803
195.700000  7.284500  1.086965
195.800000  6.762000  1.444761
195.900000  7.120700  1.287641
196.000000  7.264200  1.050619
196.100000  7.235550  1.140634
196.200000  7.158050  1.182919
196.300000  7.038150  1.151523
196.400000  7.289400  1.077914
196.500000  7.259750  1.337775
196.600000  7.125550  0.958059
196.700000  7.120750  0.926663
196.800000  7.032500  0.811334
196.900000  7.158000  1.285944
197.000000  6.918200  1.043407
197.100000  6.992000  1.131512
197.200000  6.976750  1.145584
197.300000  7.124400  1.101672
197.400000  7.269800  1.290046
197.500000  7.186600  1.429911
197.600000  7.831350  1.825255
197.700000  7.687350  1.675914
197.800000  7.550300  1.597213
197.900000  7.341450  1.384020
198.000000  7.565400  1.583919
198.100000  7.168350  1.187727
198.200000  7.688850  1.820729
198.300000  7.282850  1.170332
198.400000  7.643300  1.999557
198.500000  7.325800  1.121613
198.600000  7.489350  1.707592
198.700000  7.495100  1.646286
198.800000  7.199600  1.510804
198.900000  7.395450  1.457418
199.000000  7.180600  1.447165
199.100000  7.609550  1.535341
199.200000  7.347500  1.235174
199.300000  7.382450  1.262115
199.400000  7.397650  1.710279
199.500000  7.408700  1.512926
199.600000  7.512000  1.766636
199.700000  7.543100  1.611072
199.800000  7.544200  1.827305
199.900000  7.163700  1.346897
200.000000  7.243800  0.851922
