# aggregated from 2 replicates
# x  mean  std
0.000000  66.000000  0.000000
0.100000  60.500000  0.707107
0.200000  69.000000  1.414214
0.300000  60.000000  5.656854
0.400000  64.500000  2.121320
0.500000  65.500000  0.707107
0.600000  54.500000  0.707107
0.700000  66.500000  9.192388
0.800000  69.000000  4.242641
0.900000  61.500000  0.707107
1.000000  64.500000  4.949747
1.100000  61.500000  16.263456
1.200000  59.000000  4.242641
1.300000  56.000000  21.213203
1.400000  56.000000  11.313708
1.500000  61.500000  12.020815
1.600000  58.500000  2.121320
1.700000  58.500000  6.363961
1.800000  56.000000  7.071068
1.900000  56.000000  1.414214
2.000000  60.500000  6.363961
2.100000  54.500000  17.677670
2.200000  53.500000  10.606602
2.300000  66.000000  1.414214
2.400000  53.500000  14.849242
2.500000  60.500000  10.606602
2.600000  65.000000  7.071068
2.700000  58.500000  6.363961
2.800000  58.500000  0.707107
2.900000  60.000000  7.071068
3.000000  65.500000  7.778175
3.100000  60.500000  9.192388
3.200000  67.500000  6.363961
3.300000  58.000000  2.828427
3.400000  62.500000  2.121320
3.500000  52.500000  4.949747
3.600000  56.000000  4.242641
3.700000  53.500000  13.435029
3.800000  69.500000  7.778175
3.900000  61.000000  15.556349
4.000000  60.500000  0.707107
4.100000  59.500000  0.707107
4.200000  53.000000  9.899495
4.300000  56.500000  6.363961
4.400000  64.500000  9.192388
4.500000  64.000000  8.485281
4.600000  56.500000  6.363961
4.700000  56.500000  2.121320
4.800000  59.500000  0.707107
4.900000  56.000000  4.242641
5.000000  54.500000  0.707107
5.100000  51.500000  14.849242
5.200000  49.500000  9.192388
5.300000  55.500000  10.606602
5.400000  56.500000  13.435029
5.500000  45.500000  14.849242
5.600000  60.500000  6.363961
5.700000  49.000000  14.142136
5.800000  51.000000  14.142136
5.900000  52.500000  12.020815
6.000000  58.500000  9.192388
6.100000  56.000000  7.071068
6.200000  52.000000  0.000000
6.300000  53.000000  14.142136
6.400000  60.000000  8.485281
6.500000  63.000000  8.485281
6.600000  56.500000  3.535534
6.700000  52.500000  12.020815
6.800000  52.000000  8.485281
6.900000  57.500000  4.949747
7.000000  51.000000  0.000000
7.100000  48.500000  9.192388
7.200000  52.500000  4.949747
7.300000  54.000000  1.414214
7.400000  53.500000  4.949747
7.500000  53.000000  16.970563
7.600000  50.500000  2.121320
7.700000  50.500000  7.778175
7.800000  49.000000  7.071068
7.900000  46.000000  7.071068
8.000000  57.000000  9.899495
8.100000  57.000000  9.899495
8.200000  53.000000  2.828427
8.300000  47.500000  3.535534
8.400000  50.000000  2.828427
8.500000  51.500000  23.334524
8.600000  57.000000  12.727922
8.700000  51.000000  9.899495
8.800000  51.000000  1.414214
8.900000  53.500000  4.949747
9.000000  54.500000  3.535534
9.100000  51.500000  7.778175
9.200000  48.000000  0.000000
9.300000  52.000000  12.727922
9.400000  60.500000  9.192388
9.500000  47.000000  4.242641
9.600000  53.000000  12.727922
9.700000  50.000000  11.313708
9.800000  59.500000  19.091883
9.900000  54.000000  11.313708
10.000000  51.500000  10.606602
10.100000  46.500000  7.778175
10.200000  52.000000  9.899495
10.300000  47.500000  14.849242
10.400000  49.000000  12.727922
10.500000  51.500000  26.162951
10.600000  48.500000  12.020815
10.700000  50.500000  9.192388
10.800000  52.500000  4.949747
10.900000  60.000000  5.656854
11.000000  58.000000  8.485281
11.100000  50.000000  2.828427
11.200000  52.500000  10.606602
11.300000  45.500000  2.121320
11.400000  49.000000  8.485281
11.500000  52.500000  12.020815
11.600000  50.000000  1.414214
11.700000  55.000000  11.313708
11.800000  52.500000  7.778175
11.900000  62.000000  14.142136
12.000000  49.000000  4.242641
12.100000  55.000000  5.656854
12.200000  47.500000  2.121320
12.300000  58.000000  25.455844
12.400000  50.000000  8.485281
12.500000  50.500000  14.849242
12.600000  57.000000  4.242641
12.700000  58.500000  7.778175
12.800000  62.500000  23.334524
12.900000  51.000000  11.313708
13.000000  55.500000  10.606602
13.100000  58.000000  11.313708
13.200000  51.000000  16.970563
13.300000  52.000000  2.828427
13.400000  53.000000  4.242641
13.500000  53.000000  14.142136
13.600000  48.500000  4.949747
13.700000  58.500000  2.121320
13.800000  60.000000  11.313708
13.900000  51.000000  0.000000
14.000000  52.500000  6.363961
14.100000  53.500000  0.707107
14.200000  61.000000  1.414214
14.300000  52.000000  9.899495
14.400000  52.500000  12.020815
14.500000  48.500000  3.535534
14.600000  55.000000  11.313708
14.700000  49.500000  12.020815
14.800000  52.500000  10.606602
14.900000  49.000000  4.242641
15.000000  55.000000  1.414214
15.100000  51.000000  4.242641
15.200000  47.000000  12.727922
15.300000  52.500000  13.435029
15.400000  44.500000  6.363961
15.500000  49.500000  3.535534
15.600000  51.000000  9.899495
15.700000  49.000000  2.828427
15.800000  55.500000  9.192388
15.900000  47.000000  12.727922
16.000000  55.500000  17.677670
16.100000  57.500000  4.949747
16.200000  52.500000  2.121320
16.300000  50.000000  22.627417
16.400000  55.500000  9.192388
16.500000  59.500000  3.535534
16.600000  56.500000  4.949747
16.700000  53.500000  7.778175
16.800000  53.000000  12.727922
16.900000  54.000000  5.656854
17.000000  45.500000  2.121320
17.100000  47.500000  4.949747
17.200000  53.500000  9.192388
17.300000  47.000000  2.828427
17.400000  55.500000  9.192388
17.500000  48.500000  2.121320
17.600000  48.500000  6.363961
17.700000  54.000000  0.000000
17.800000  56.500000  0.707107
17.900000  55.000000  2.828427
18.000000  48.500000  4.949747
18.100000  50.000000  14.142136
18.200000  49.500000  7.778175
18.300000  52.500000  10.606602
18.400000  47.000000  7.071068
18.500000  54.000000  7.071068
18.600000  58.000000  0.000000
18.700000  48.000000  8.485281
18.800000  50.500000  4.949747
18.900000  50.500000  7.778175
19.000000  50.500000  23.334524
19.100000  53.500000  0.707107
19.200000  49.500000  6.363961
19.300000  52.500000  4.949747
19.400000  52.500000  0.707107
19.500000  50.500000  0.707107
19.600000  58.000000  4.242641
19.700000  47.500000  2.121320
19.800000  49.500000  2.121320
19.900000  45.000000  5.656854
20.000000  50.500000  9.192388
20.100000  52.000000  4.242641
20.200000  49.500000  12.020815
20.300000  54.000000  7.071068
20.400000  54.500000  7.778175
20.500000  45.500000  3.535534
20.600000  51.500000  4.949747
20.700000  54.500000  6.363961
20.800000  49.000000  5.656854
20.900000  53.500000  20.506097
21.000000  57.500000  20.506097
21.100000  49.500000  7.778175
21.200000  44.500000  2.121320
21.300000  48.000000  15.556349
21.400000  59.500000  12.020815
21.500000  51.500000  17.677670
21.600000  59.500000  3.535534
21.700000  49.000000  2.828427
21.800000  54.500000  3.535534
21.900000  50.000000  1.414214
22.000000  61.000000  4.242641
22.100000  55.000000  12.727922
22.200000  48.500000  3.535534
22.300000  56.500000  2.121320
22.400000  54.500000  4.949747
22.500000  52.500000  2.121320
22.600000  50.000000  7.071068
22.700000  55.500000  3.535534
22.800000  54.000000  4.242641
22.900000  52.000000  1.414214
23.000000  50.000000  1.414214
23.100000  56.000000  4.242641
23.200000  58.500000  4.949747
23.300000  63.000000  7.071068
23.400000  53.500000  12.020815
23.500000  51.500000  3.535534
23.600000  54.500000  2.121320
23.700000  51.000000  8.485281
23.800000  52.000000  22.627417
23.900000  54.000000  15.556349
24.000000  52.500000  7.778175
24.100000  53.500000  6.363961
24.200000  55.500000  9.192388
24.300000  56.000000  5.656854
24.400000  61.500000  13.435029
24.500000  64.000000  7.071068
24.600000  52.000000  8.485281
24.700000  50.500000  7.778175
24.800000  49.000000  4.242641
24.900000  54.000000  0.000000
25.000000  50.000000  1.414214
25.100000  56.000000  2.828427
25.200000  58.000000  1.414214
25.300000  57.500000  0.707107
25.400000  56.500000  6.363961
25.500000  48.000000  7.071068
25.600000  64.500000  0.707107
25.700000  53.000000  5.656854
25.800000  60.500000  3.535534
25.900000  55.500000  6.363961
26.000000  54.500000  16.263456
26.100000  51.500000  4.949747
26.200000  58.500000  7.778175
26.300000  46.500000  14.849242
26.400000  53.000000  18.384776
26.500000  53.500000  4.949747
26.600000  56.000000  8.485281
26.700000  58.000000  0.000000
26.800000  59.000000  1.414214
26.900000  58.500000  17.677670
27.000000  54.000000  4.242641
27.100000  66.500000  6.363961
27.200000  56.000000  2.828427
27.300000  56.500000  4.949747
27.400000  48.500000  4.949747
27.500000  50.000000  11.313708
27.600000  56.000000  1.414214
27.700000  52.500000  4.949747
27.800000  55.500000  3.535534
27.900000  58.000000  5.656854
28.000000  50.500000  19.091883
28.100000  51.500000  6.363961
28.200000  51.000000  0.000000
28.300000  56.000000  8.485281
28.400000  59.000000  1.414214
28.500000  64.500000  0.707107
28.600000  58.000000  5.656854
28.700000  55.000000  11.313708
28.800000  57.000000  8.485281
28.900000  54.000000  5.656854
29.000000  50.500000  7.778175
29.100000  54.000000  5.656854
29.200000  55.500000  10.606602
29.300000  57.000000  4.242641
29.400000  50.000000  1.414214
29.500000  52.000000  7.071068
29.600000  55.000000  2.828427
29.700000  58.500000  4.949747
29.800000  55.000000  7.071068
29.900000  64.000000  5.656854
30.000000  61.000000  2.828427
30.100000  57.500000  10.606602
30.200000  58.500000  12.020815
30.300000  55.500000  9.192388
30.400000  54.500000  7.778175
30.500000  53.000000  7.071068
30.600000  51.500000  10.606602
30.700000  56.500000  6.363961
30.800000  53.000000  8.485281
30.900000  51.000000  8.485281
31.000000  57.000000  7.071068
31.100000  55.500000  3.535534
31.200000  58.000000  11.313708
31.300000  57.500000  9.192388
31.400000  59.500000  6.363961
31.500000  57.000000  16.970563
31.600000  53.500000  2.121320
31.700000  53.000000  5.656854
31.800000  64.500000  14.849242
31.900000  60.000000  4.242641
32.000000  66.500000  3.535534
32.100000  67.000000  4.242641
32.200000  56.500000  3.535534
32.300000  53.000000  12.727922
32.400000  50.000000  4.242641
32.500000  55.000000  7.071068
32.600000  52.000000  5.656854
32.700000  47.000000  7.071068
32.800000  56.000000  8.485281
32.900000  46.500000  6.363961
33.000000  55.500000  0.707107
33.100000  44.000000  8.485281
33.200000  54.500000  9.192388
33.300000  51.000000  2.828427
33.400000  53.500000  7.778175
33.500000  54.500000  9.192388
33.600000  55.500000  9.192388
33.700000  63.500000  0.707107
33.800000  52.000000  5.656854
33.900000  56.000000  1.414214
34.000000  56.000000  1.414214
34.100000  55.500000  10.606602
34.200000  60.500000  6.363961
34.300000  60.500000  6.363961
34.400000  45.500000  10.606602
34.500000  56.500000  3.535534
34.600000  52.500000  9.192388
34.700000  59.500000  0.707107
34.800000  52.500000  4.949747
34.900000  49.500000  2.121320
35.000000  52.500000  2.121320
35.100000  63.500000  9.192388
35.200000  49.500000  2.121320
35.300000  56.000000  1.414214
35.400000  62.000000  4.242641
35.500000  59.500000  2.121320
35.600000  62.000000  2.828427
35.700000  66.500000  6.363961
35.800000  61.500000  0.707107
35.900000  65.500000  0.707107
36.000000  54.500000  10.606602
36.100000  59.500000  6.363961
36.200000  57.000000  12.727922
36.300000  54.500000  4.949747
36.400000  55.000000  4.242641
36.500000  56.500000  2.121320
36.600000  58.500000  4.949747
36.700000  54.000000  14.142136
36.800000  55.000000  5.656854
36.900000  61.500000  0.707107
37.000000  49.000000  7.071068
37.100000  58.500000  13.435029
37.200000  56.000000  0.000000
37.300000  55.500000  14.849242
37.400000  53.500000  2.121320
37.500000  53.500000  0.707107
37.600000  56.000000  5.656854
37.700000  57.500000  23.334524
37.800000  49.500000  0.707107
37.900000  53.000000  8.485281
38.000000  59.000000  1.414214
38.100000  55.000000  7.071068
38.200000  63.000000  11.313708
38.300000  55.500000  3.535534
38.400000  51.500000  21.920310
38.500000  61.000000  19.798990
38.600000  53.500000  9.192388
38.700000  52.500000  12.020815
38.800000  61.500000  2.121320
38.900000  56.000000  2.828427
39.000000  51.500000  6.363961
39.100000  52.000000  11.313708
39.200000  51.000000  8.485281
39.300000  46.000000  8.485281
39.400000  59.500000  4.949747
39.500000  59.000000  1.414214
39.600000  53.500000  10.606602
39.700000  59.500000  7.778175
39.800000  56.500000  9.192388
39.900000  56.500000  4.949747
40.000000  59.500000  12.020815
40.100000  57.500000  6.363961
40.200000  50.500000  14.849242
40.300000  58.000000  1.414214
40.400000  48.500000  4.949747
40.500000  61.500000  4.949747
40.600000  53.000000  7.071068
40.700000  57.000000  9.899495
40.800000  50.000000  11.313708
40.900000  56.500000  4.949747
41.000000  50.000000  1.414214
41.100000  60.500000  7.778175
41.200000  52.500000  6.363961
41.300000  54.000000  11.313708
41.400000  57.500000  9.192388
41.500000  50.000000  5.656854
41.600000  52.500000  13.435029
41.700000  45.000000  1.414214
41.800000  54.500000  13.435029
41.900000  53.500000  6.363961
42.000000  54.500000  0.707107
42.100000  59.000000  7.071068
42.200000  57.500000  13.435029
42.300000  51.000000  8.485281
42.400000  53.500000  14.849242
42.500000  57.000000  8.485281
42.600000  56.500000  6.363961
42.700000  61.000000  8.485281
42.800000  54.000000  7.071068
42.900000  49.500000  3.535534
43.000000  52.000000  7.071068
43.100000  54.000000  9.899495
43.200000  55.000000  1.414214
43.300000  50.500000  9.192388
43.400000  51.000000  7.071068
43.500000  58.500000  19.091883
43.600000  47.000000  9.899495
43.700000  46.500000  10.606602
43.800000  60.000000  7.071068
43.900000  50.000000  2.828427
44.000000  49.500000  12.020815
44.100000  49.500000  13.435029
44.200000  49.000000  11.313708
44.300000  53.000000  19.798990
44.400000  54.000000  15.556349
44.500000  58.500000  6.363961
44.600000  49.000000  11.313708
44.700000  50.000000  12.727922
44.800000  55.500000  2.121320
44.900000  56.000000  16.970563
45.000000  47.500000  4.949747
45.100000  52.500000  4.949747
45.200000  49.500000  4.949747
45.300000  50.500000  9.192388
45.400000  53.500000  3.535534
45.500000  54.000000  2.828427
45.600000  43.500000  10.606602
45.700000  54.500000  12.020815
45.800000  50.500000  7.778175
45.900000  52.500000  17.677670
46.000000  49.500000  6.363961
46.100000  53.000000  4.242641
46.200000  51.000000  8.485281
46.300000  51.000000  11.313708
46.400000  52.000000  16.970563
46.500000  57.000000  15.556349
46.600000  58.000000  16.970563
46.700000  49.000000  12.727922
46.800000  54.500000  17.677670
46.900000  54.500000  16.263456
47.000000  55.500000  12.020815
47.100000  46.000000  5.656854
47.200000  48.500000  3.535534
47.300000  55.000000  8.485281
47.400000  45.500000  0.707107
47.500000  44.500000  7.778175
47.600000  53.500000  20.506097
47.700000  49.500000  10.606602
47.800000  48.500000  13.435029
47.900000  49.500000  16.263456
48.000000  51.500000  7.778175
48.100000  55.500000  2.121320
48.200000  56.500000  10.606602
48.300000  48.000000  4.242641
48.400000  55.500000  4.949747
48.500000  56.500000  6.363961
48.600000  48.500000  3.535534
48.700000  54.000000  16.970563
48.800000  56.000000  11.313708
48.900000  47.000000  8.485281
49.000000  50.500000  10.606602
49.100000  53.500000  10.606602
49.200000  56.000000  2.828427
49.300000  56.000000  7.071068
49.400000  49.000000  9.899495
49.500000  52.000000  8.485281
49.600000  48.500000  3.535534
49.700000  51.000000  15.556349
49.800000  51.500000  4.949747
49.900000  51.500000  3.535534
50.000000  58.000000  7.071068
50.100000  47.500000  19.091883
50.200000  55.000000  16.970563
50.300000  47.000000  8.485281
50.400000  58.000000  4.242641
50.500000  49.000000  8.485281
50.600000  58.000000  9.899495
50.700000  59.500000  4.949747
50.800000  53.500000  2.121320
50.900000  58.500000  14.849242
51.000000  55.500000  7.778175
51.100000  55.000000  8.485281
51.200000  53.500000  20.506097
51.300000  48.000000  7.071068
51.400000  53.000000  9.899495
51.500000  50.000000  7.071068
51.600000  53.000000  11.313708
51.700000  55.000000  11.313708
51.800000  47.500000  7.778175
51.900000  53.500000  0.707107
52.000000  53.000000  1.414214
52.100000  59.000000  9.899495
52.200000  53.500000  16.263456
52.300000  44.000000  16.970563
52.400000  56.000000  4.242641
52.500000  51.500000  0.707107
52.600000  70.500000  0.707107
52.700000  53.500000  12.020815
52.800000  53.500000  16.263456
52.900000  54.000000  15.556349
53.000000  46.000000  9.899495
53.100000  49.500000  9.192388
53.200000  49.500000  12.020815
53.300000  59.000000  11.313708
53.400000  46.500000  7.778175
53.500000  54.500000  17.677670
53.600000  49.000000  12.727922
53.700000  47.500000  3.535534
53.800000  62.500000  9.192388
53.900000  49.000000  11.313708
54.000000  47.500000  20.506097
54.100000  47.000000  12.727922
54.200000  54.500000  7.778175
54.300000  50.500000  0.707107
54.400000  55.500000  16.263456
54.500000  52.500000  3.535534
54.600000  57.500000  16.263456
54.700000  48.500000  13.435029
54.800000  53.000000  2.828427
54.900000  45.000000  11.313708
55.000000  48.500000  10.606602
55.100000  50.000000  9.899495
55.200000  48.500000  14.849242
55.300000  50.500000  16.263456
55.400000  52.000000  24.041631
55.500000  51.000000  5.656854
55.600000  52.000000  5.656854
55.700000  47.000000  12.727922
55.800000  50.000000  11.313708
55.900000  51.000000  16.970563
56.000000  57.500000  3.535534
56.100000  56.500000  10.606602
56.200000  47.000000  5.656854
56.300000  57.000000  14.142136
56.400000  54.500000  7.778175
56.500000  54.000000  11.313708
56.600000  55.000000  7.071068
56.700000  59.000000  14.142136
56.800000  52.500000  4.949747
56.900000  58.000000  7.071068
57.000000  57.000000  14.142136
57.100000  55.000000  9.899495
57.200000  54.500000  7.778175
57.300000  55.000000  8.485281
57.400000  54.500000  16.263456
57.500000  50.000000  7.071068
57.600000  60.000000  16.970563
57.700000  53.500000  10.606602
57.800000  60.000000  1.414214
57.900000  59.000000  8.485281
58.000000  53.000000  8.485281
58.100000  57.000000  4.242641
58.200000  52.000000  4.242641
58.300000  52.000000  11.313708
58.400000  58.000000  11.313708
58.500000  51.000000  16.970563
58.600000  63.500000  13.435029
58.700000  52.000000  7.071068
58.800000  56.000000  9.899495
58.900000  57.000000  11.313708
59.000000  54.000000  8.485281
59.100000  49.000000  16.970563
59.200000  55.500000  17.677670
59.300000  49.000000  9.899495
59.400000  53.000000  8.485281
59.500000  51.500000  12.020815
59.600000  50.500000  0.707107
59.700000  52.500000  17.677670
59.800000  47.500000  14.849242
59.900000  53.500000  13.435029
60.000000  52.500000  7.778175
60.100000  50.500000  10.606602
60.200000  62.000000  11.313708
60.300000  56.000000  9.899495
60.400000  46.500000  14.849242
60.500000  56.500000  17.677670
60.600000  49.000000  7.071068
60.700000  54.000000  2.828427
60.800000  51.500000  4.949747
60.900000  60.000000  2.828427
61.000000  57.000000  8.485281
61.100000  61.500000  3.535534
61.200000  57.000000  12.727922
61.300000  59.000000  7.071068
61.400000  57.000000  1.414214
61.500000  64.000000  18.384776
61.600000  56.500000  3.535534
61.700000  64.500000  9.192388
61.800000  59.000000  7.071068
61.900000  57.500000  16.263456
62.000000  59.500000  14.849242
62.100000  50.000000  4.242641
62.200000  54.000000  7.071068
62.300000  54.000000  1.414214
62.400000  50.000000  11.313708
62.500000  52.000000  8.485281
62.600000  47.500000  10.606602
62.700000  50.500000  12.020815
62.800000  52.500000  6.363961
62.900000  51.500000  10.606602
63.000000  59.500000  3.535534
63.100000  49.500000  6.363961
63.200000  55.500000  7.778175
63.300000  48.500000  10.606602
63.400000  56.500000  10.606602
63.500000  51.500000  9.192388
63.600000  51.500000  9.192388
63.700000  54.500000  9.192388
63.800000  61.500000  2.121320
63.900000  58.500000  0.707107
64.000000  61.000000  4.242641
64.100000  48.500000  0.707107
64.200000  53.000000  1.414214
64.300000  53.000000  1.414214
64.400000  59.000000  5.656854
64.500000  53.000000  0.000000
64.600000  57.500000  6.363961
64.700000  58.500000  6.363961
64.800000  56.500000  0.707107
64.900000  48.000000  2.828427
65.000000  59.000000  11.313708
65.100000  58.500000  2.121320
65.200000  52.000000  11.313708
65.300000  48.500000  0.707107
65.400000  57.500000  0.707107
65.500000  61.500000  0.707107
65.600000  52.500000  0.707107
65.700000  48.500000  2.121320
65.800000  55.000000  2.828427
65.900000  64.500000  4.949747
66.000000  51.500000  10.606602
66.100000  58.000000  15.556349
66.200000  61.500000  7.778175
66.300000  56.500000  2.121320
66.400000  52.000000  1.414214
66.500000  54.500000  6.363961
66.600000  53.000000  0.000000
66.700000  49.500000  6.363961
66.800000  53.500000  14.849242
66.900000  53.500000  4.949747
67.000000  58.500000  9.192388
67.100000  48.500000  6.363961
67.200000  55.500000  17.677670
67.300000  45.000000  4.242641
67.400000  56.000000  12.727922
67.500000  55.500000  6.363961
67.600000  55.000000  1.414214
67.700000  55.500000  3.535534
67.800000  57.500000  2.121320
67.900000  60.500000  12.020815
68.000000  65.500000  2.121320
68.100000  60.500000  6.363961
68.200000  52.000000  1.414214
68.300000  61.500000  6.363961
68.400000  53.000000  1.414214
68.500000  55.000000  4.242641
68.600000  54.000000  0.000000
68.700000  58.500000  3.535534
68.800000  47.500000  2.121320
68.900000  49.000000  7.071068
69.000000  60.000000  7.071068
69.100000  57.000000  2.828427
69.200000  62.000000  11.313708
69.300000  55.000000  1.414214
69.400000  50.500000  3.535534
69.500000  54.000000  5.656854
69.600000  55.500000  6.363961
69.700000  58.000000  5.656854
69.800000  58.500000  9.192388
69.900000  49.000000  0.000000
70.000000  57.000000  1.414214
70.100000  52.000000  1.414214
70.200000  60.500000  6.363961
70.300000  56.500000  0.707107
70.400000  54.000000  1.414214
70.500000  56.500000  6.363961
70.600000  56.000000  1.414214
70.700000  61.000000  0.000000
70.800000  52.500000  7.778175
70.900000  55.000000  4.242641
71.000000  58.000000  5.656854
71.100000  60.500000  10.606602
71.200000  61.500000  3.535534
71.300000  59.500000  2.121320
71.400000  54.500000  9.192388
71.500000  55.000000  4.242641
71.600000  56.000000  2.828427
71.700000  56.500000  2.121320
71.800000  52.000000  0.000000
71.900000  55.500000  3.535534
72.000000  52.000000  8.485281
72.100000  53.500000  2.121320
72.200000  52.000000  8.485281
72.300000  54.500000  9.192388
72.400000  53.500000  0.707107
72.500000  55.500000  2.121320
72.600000  52.500000  9.192388
72.700000  53.500000  13.435029
72.800000  53.000000  2.828427
72.900000  59.000000  7.071068
73.000000  59.500000  2.121320
73.100000  53.500000  12.020815
73.200000  58.000000  0.000000
73.300000  60.500000  3.535534
73.400000  64.000000  1.414214
73.500000  59.000000  1.414214
73.600000  52.500000  6.363961
73.700000  59.500000  4.949747
73.800000  60.000000  2.828427
73.900000  61.500000  0.707107
74.000000  61.500000  0.707107
74.100000  56.000000  7.071068
74.200000  54.500000  3.535534
74.300000  58.500000  6.363961
74.400000  59.500000  6.363961
74.500000  67.500000  4.949747
74.600000  61.500000  3.535534
74.700000  63.500000  3.535534
74.800000  55.000000  5.656854
74.900000  62.500000  3.535534
75.000000  61.500000  0.707107
75.100000  56.000000  7.071068
75.200000  55.500000  3.535534
75.300000  57.500000  12.020815
75.400000  52.500000  9.192388
75.500000  54.500000  3.535534
75.600000  50.000000  4.242641
75.700000  54.000000  0.000000
75.800000  46.500000  10.606602
75.900000  53.500000  2.121320
76.000000  60.000000  2.828427
76.100000  57.500000  2.121320
76.200000  56.500000  7.778175
76.300000  56.500000  0.707107
76.400000  55.500000  7.778175
76.500000  57.000000  7.071068
76.600000  61.000000  14.142136
76.700000  57.000000  7.071068
76.800000  62.000000  8.485281
76.900000  49.000000  1.414214
77.000000  61.500000  3.535534
77.100000  55.500000  16.263456
77.200000  62.000000  9.899495
77.300000  58.500000  3.535534
77.400000  53.000000  1.414214
77.500000  50.500000  7.778175
77.600000  57.000000  1.414214
77.700000  55.500000  0.707107
77.800000  50.500000  2.121320
77.900000  59.000000  8.485281
78.000000  51.500000  4.949747
78.100000  51.000000  1.414214
78.200000  54.000000  7.071068
78.300000  48.000000  11.313708
78.400000  53.000000  2.828427
78.500000  53.000000  4.242641
78.600000  46.000000  12.727922
78.700000  56.000000  0.000000
78.800000  54.500000  3.535534
78.900000  53.500000  6.363961
79.000000  54.500000  6.363961
79.100000  53.500000  14.849242
79.200000  59.000000  5.656854
79.300000  52.500000  3.535534
79.400000  57.000000  11.313708
79.500000  52.000000  15.556349
79.600000  49.500000  6.363961
79.700000  54.500000  6.363961
79.800000  50.500000  13.435029
79.900000  48.000000  9.899495
80.000000  48.500000  2.121320
80.100000  58.500000  0.707107
80.200000  48.000000  7.071068
80.300000  52.500000  4.949747
80.400000  49.000000  8.485281
80.500000  55.000000  5.656854
80.600000  54.500000  13.435029
80.700000  57.500000  4.949747
80.800000  51.000000  4.242641
80.900000  49.000000  8.485281
81.000000  51.000000  0.000000
81.100000  50.500000  4.949747
81.200000  51.500000  0.707107
81.300000  54.000000  14.142136
81.400000  52.000000  9.899495
81.500000  43.000000  7.071068
81.600000  51.500000  9.192388
81.700000  56.000000  21.213203
81.800000  57.500000  3.535534
81.900000  49.500000  12.020815
82.000000  50.000000  1.414214
82.100000  46.500000  3.535534
82.200000  51.500000  6.363961
82.300000  54.500000  6.363961
82.400000  47.000000  8.485281
82.500000  45.000000  0.000000
82.600000  59.000000  4.242641
82.700000  47.500000  9.192388
82.800000  51.000000  0.000000
82.900000  47.500000  10.606602
83.000000  49.000000  5.656854
83.100000  50.500000  4.949747
83.200000  51.500000  10.606602
83.300000  43.000000  2.828427
83.400000  45.500000  0.707107
83.500000  44.000000  12.727922
83.600000  48.500000  3.535534
83.700000  51.500000  3.535534
83.800000  47.000000  4.242641
83.900000  48.000000  11.313708
84.000000  53.000000  0.000000
84.100000  53.500000  4.949747
84.200000  51.500000  4.949747
84.300000  60.500000  19.091883
84.400000  51.000000  4.242641
84.500000  55.500000  2.121320
84.600000  50.000000  1.414214
84.700000  57.500000  4.949747
84.800000  56.000000  7.071068
84.900000  51.500000  3.535534
85.000000  53.500000  4.949747
85.100000  50.000000  1.414214
85.200000  55.000000  0.000000
85.300000  56.000000  4.242641
85.400000  55.500000  2.121320
85.500000  48.500000  0.707107
85.600000  62.500000  7.778175
85.700000  54.500000  7.778175
85.800000  52.000000  15.556349
85.900000  55.000000  9.899495
86.000000  59.500000  0.707107
86.100000  54.500000  9.192388
86.200000  56.000000  1.414214
86.300000  52.000000  9.899495
86.400000  50.500000  3.535534
86.500000  45.000000  4.242641
86.600000  57.000000  14.142136
86.700000  55.500000  10.606602
86.800000  56.500000  6.363961
86.900000  50.500000  2.121320
87.000000  50.000000  8.485281
87.100000  47.000000  7.071068
87.200000  50.000000  18.384776
87.300000  53.500000  6.363961
87.400000  47.000000  15.556349
87.500000  50.500000  17.677670
87.600000  49.500000  0.707107
87.700000  43.500000  6.363961
87.800000  52.000000  18.384776
87.900000  53.500000  4.949747
88.000000  51.000000  9.899495
88.100000  47.500000  13.435029
88.200000  53.000000  24.041631
88.300000  52.000000  12.727922
88.400000  51.000000  11.313708
88.500000  41.500000  12.020815
88.600000  60.500000  16.263456
88.700000  56.000000  12.727922
88.800000  47.000000  8.485281
88.900000  46.000000  5.656854
89.000000  51.500000  7.778175
89.100000  47.000000  8.485281
89.200000  62.000000  19.798990
89.300000  50.000000  18.384776
89.400000  55.500000  4.949747
89.500000  54.000000  18.384776
89.600000  47.500000  0.707107
89.700000  49.500000  7.778175
89.800000  52.500000  21.920310
89.900000  45.500000  16.263456
90.000000  58.500000  14.849242
90.100000  55.500000  20.506097
90.200000  47.500000  13.435029
90.300000  52.500000  12.020815
90.400000  48.500000  2.121320
90.500000  54.000000  7.071068
90.600000  53.000000  5.656854
90.700000  44.500000  13.435029
90.800000  51.500000  0.707107
90.900000  47.000000  5.656854
91.000000  45.500000  7.778175
91.100000  53.000000  8.485281
91.200000  42.500000  0.707107
91.300000  42.500000  9.192388
91.400000  48.500000  19.091883
91.500000  49.500000  6.363961
91.600000  54.000000  15.556349
91.700000  53.000000  11.313708
91.800000  48.000000  9.899495
91.900000  38.500000  7.778175
92.000000  46.500000  0.707107
92.100000  60.000000  2.828427
92.200000  59.500000  12.020815
92.300000  45.500000  12.020815
92.400000  46.500000  10.606602
92.500000  46.000000  9.899495
92.600000  54.500000  0.707107
92.700000  54.500000  10.606602
92.800000  51.500000  6.363961
92.900000  46.000000  1.414214
93.000000  49.500000  2.121320
93.100000  44.500000  4.949747
93.200000  45.500000  7.778175
93.300000  39.500000  3.535534
93.400000  43.000000  1.414214
93.500000  44.500000  4.949747
93.600000  47.000000  1.414214
93.700000  53.000000  2.828427
93.800000  41.500000  7.778175
93.900000  42.500000  3.535534
94.000000  49.500000  10.606602
94.100000  45.000000  9.899495
94.200000  56.500000  6.363961
94.300000  47.500000  2.121320
94.400000  53.000000  16.970563
94.500000  48.500000  0.707107
94.600000  53.500000  10.606602
94.700000  50.000000  14.142136
94.800000  49.500000  10.606602
94.900000  47.500000  4.949747
95.000000  42.500000  13.435029
95.100000  48.500000  13.435029
95.200000  50.500000  17.677670
95.300000  53.000000  5.656854
95.400000  52.500000  2.121320
95.500000  52.500000  0.707107
95.600000  45.000000  12.727922
95.700000  52.000000  11.313708
95.800000  53.000000  18.384776
95.900000  50.000000  11.313708
96.000000  60.500000  0.707107
96.100000  55.000000  4.242641
96.200000  54.500000  9.192388
96.300000  52.000000  5.656854
96.400000  52.000000  11.313708
96.500000  48.000000  7.071068
96.600000  47.500000  19.091883
96.700000  45.500000  4.949747
96.800000  49.500000  3.535534
96.900000  53.500000  14.849242
97.000000  49.000000  9.899495
97.100000  44.500000  14.849242
97.200000  49.000000  1.414214
97.300000  48.500000  4.949747
97.400000  53.000000  4.242641
97.500000  50.000000  8.485281
97.600000  51.500000  14.849242
97.700000  54.000000  7.071068
97.800000  53.500000  13.435029
97.900000  53.500000  2.121320
98.000000  50.000000  2.828427
98.100000  50.000000  5.656854
98.200000  55.500000  4.949747
98.300000  45.500000  12.020815
98.400000  48.500000  6.363961
98.500000  57.000000  1.414214
98.600000  40.500000  17.677670
98.700000  53.000000  11.313708
98.800000  56.000000  11.313708
98.900000  53.500000  3.535534
99.000000  51.500000  17.677670
99.100000  47.500000  14.849242
99.200000  49.500000  13.435029
99.300000  52.000000  2.828427
99.400000  45.000000  15.556349
99.500000  50.000000  18.384776
99.600000  52.500000  4.949747
99.700000  47.500000  9.192388
99.800000  58.500000  3.535534
99.900000  47.000000  15.556349
100.000000  57.000000  5.656854
100.100000  51.000000  7.071068
100.200000  57.500000  9.192388
100.300000  54.000000  7.071068
100.400000  53.000000  4.242641
100.500000  56.000000  4.242641
100.600000  57.500000  13.435029
100.700000  56.000000  7.071068
100.800000  59.000000  1.414214
100.900000  54.500000  9.192388
101.000000  57.500000  0.707107
101.100000  57.500000  4.949747
101.200000  50.500000  6.363961
101.300000  57.000000  5.656854
101.400000  55.000000  2.828427
101.500000  52.500000  4.949747
101.600000  48.000000  5.656854
101.700000  51.500000  9.192388
101.800000  49.500000  4.949747
101.900000  47.500000  3.535534
102.000000  53.500000  2.121320
102.100000  57.000000  0.000000
102.200000  53.000000  9.899495
102.300000  54.000000  4.242641
102.400000  54.000000  12.727922
102.500000  51.000000  7.071068
102.600000  52.500000  10.606602
102.700000  48.500000  12.020815
102.800000  49.500000  12.020815
102.900000  59.000000  11.313708
103.000000  49.500000  6.363961
103.100000  57.000000  9.899495
103.200000  54.500000  2.121320
103.300000  51.000000  7.071068
103.400000  50.000000  8.485281
103.500000  46.500000  0.707107
103.600000  49.000000  9.899495
103.700000  46.000000  22.627417
103.800000  49.000000  2.828427
103.900000  50.500000  14.849242
104.000000  48.000000  8.485281
104.100000  49.000000  2.828427
104.200000  51.500000  4.949747
104.300000  53.500000  7.778175
104.400000  60.000000  1.414214
104.500000  50.000000  8.485281
104.600000  51.500000  6.363961
104.700000  45.500000  17.677670
104.800000  53.000000  16.970563
104.900000  52.000000  9.899495
105.000000  49.500000  10.606602
105.100000  48.500000  0.707107
105.200000  46.500000  4.949747
105.300000  50.500000  13.435029
105.400000  50.500000  9.192388
105.500000  49.500000  10.606602
105.600000  51.000000  1.414214
105.700000  44.000000  11.313708
105.800000  49.000000  21.213203
105.900000  49.000000  7.071068
106.000000  49.500000  2.121320
106.100000  48.000000  14.142136
106.200000  56.500000  13.435029
106.300000  52.500000  16.263456
106.400000  52.500000  2.121320
106.500000  51.500000  0.707107
106.600000  54.500000  3.535534
106.700000  53.500000  12.020815
106.800000  51.500000  14.849242
106.900000  56.000000  11.313708
107.000000  51.000000  7.071068
107.100000  48.500000  20.506097
107.200000  47.000000  14.142136
107.300000  56.500000  6.363961
107.400000  53.000000  11.313708
107.500000  46.000000  15.556349
107.600000  49.500000  7.778175
107.700000  50.000000  15.556349
107.800000  52.000000  8.485281
107.900000  61.000000  11.313708
108.000000  54.500000  16.263456
108.100000  48.500000  14.849242
108.200000  57.000000  5.656854
108.300000  52.000000  4.242641
108.400000  47.000000  11.313708
108.500000  48.000000  12.727922
108.600000  52.500000  3.535534
108.700000  50.500000  3.535534
108.800000  53.000000  14.142136
108.900000  50.500000  16.263456
109.000000  56.000000  9.899495
109.100000  49.000000  5.656854
109.200000  51.000000  1.414214
109.300000  52.500000  6.363961
109.400000  48.500000  7.778175
109.500000  51.500000  9.192388
109.600000  51.500000  12.020815
109.700000  51.500000  0.707107
109.800000  44.500000  14.849242
109.900000  45.500000  9.192388
110.000000  55.000000  5.656854
110.100000  53.000000  7.071068
110.200000  44.000000  0.000000
110.300000  52.500000  2.121320
110.400000  48.500000  0.707107
110.500000  53.500000  9.192388
110.600000  52.500000  10.606602
110.700000  49.500000  4.949747
110.800000  58.500000  6.363961
110.900000  48.500000  4.949747
111.000000  44.000000  5.656854
111.100000  42.500000  0.707107
111.200000  47.500000  13.435029
111.300000  50.500000  2.121320
111.400000  49.500000  16.263456
111.500000  50.500000  6.363961
111.600000  49.500000  16.263456
111.700000  51.500000  3.535534
111.800000  53.500000  2.121320
111.900000  51.500000  2.121320
112.000000  44.500000  3.535534
112.100000  46.000000  8.485281
112.200000  49.000000  1.414214
112.300000  50.500000  12.020815
112.400000  51.000000  9.899495
112.500000  53.000000  12.727922
112.600000  56.000000  12.727922
112.700000  54.000000  5.656854
112.800000  46.500000  9.192388
112.900000  46.500000  7.778175
113.000000  47.500000  7.778175
113.100000  41.500000  0.707107
113.200000  49.500000  9.192388
113.300000  45.500000  16.263456
113.400000  51.500000  12.020815
113.500000  51.500000  4.949747
113.600000  48.000000  7.071068
113.700000  47.500000  12.020815
113.800000  53.500000  7.778175
113.900000  48.500000  4.949747
114.000000  45.000000  9.899495
114.100000  43.500000  14.849242
114.200000  46.000000  16.970563
114.300000  53.500000  9.192388
114.400000  49.500000  6.363961
114.500000  43.500000  12.020815
114.600000  45.000000  12.727922
114.700000  46.000000  2.828427
114.800000  49.500000  9.192388
114.900000  49.000000  15.556349
115.000000  51.500000  14.849242
115.100000  56.000000  15.556349
115.200000  53.000000  14.142136
115.300000  41.500000  12.020815
115.400000  55.500000  9.192388
115.500000  47.000000  22.627417
115.600000  48.000000  9.899495
115.700000  48.500000  12.020815
115.800000  49.500000  12.020815
115.900000  44.500000  10.606602
116.000000  44.000000  0.000000
116.100000  52.500000  2.121320
116.200000  51.500000  2.121320
116.300000  49.000000  9.899495
116.400000  49.500000  7.778175
116.500000  54.500000  7.778175
116.600000  41.000000  8.485281
116.700000  51.000000  12.727922
116.800000  47.000000  18.384776
116.900000  51.000000  7.071068
117.000000  50.000000  7.071068
117.100000  48.500000  9.192388
117.200000  47.500000  12.020815
117.300000  53.000000  2.828427
117.400000  48.000000  1.414214
117.500000  52.500000  0.707107
117.600000  45.000000  1.414214
117.700000  45.000000  7.071068
117.800000  57.500000  7.778175
117.900000  48.000000  5.656854
118.000000  57.000000  14.142136
118.100000  51.500000  3.535534
118.200000  49.500000  16.263456
118.300000  51.000000  1.414214
118.400000  51.500000  4.949747
118.500000  56.000000  1.414214
118.600000  53.500000  4.949747
118.700000  47.500000  2.121320
118.800000  54.000000  2.828427
118.900000  50.000000  8.485281
119.000000  50.000000  4.242641
119.100000  49.500000  7.778175
119.200000  51.500000  0.707107
119.300000  48.500000  6.363961
119.400000  53.500000  0.707107
119.500000  49.000000  4.242641
119.600000  54.000000  16.970563
119.700000  51.500000  7.778175
119.800000  56.000000  2.828427
119.900000  60.000000  4.242641
120.000000  47.000000  11.313708
120.100000  57.500000  7.778175
120.200000  51.000000  2.828427
120.300000  44.000000  4.242641
120.400000  54.500000  4.949747
120.500000  52.500000  7.778175
120.600000  50.000000  9.899495
120.700000  52.000000  7.071068
120.800000  55.500000  12.020815
120.900000  53.000000  12.727922
121.000000  52.000000  9.899495
121.100000  54.000000  9.899495
121.200000  56.000000  11.313708
121.300000  53.000000  2.828427
121.400000  55.000000  2.828427
121.500000  50.500000  7.778175
121.600000  57.500000  0.707107
121.700000  58.000000  4.242641
121.800000  56.500000  6.363961
121.900000  52.000000  7.071068
122.000000  57.000000  2.828427
122.100000  56.000000  1.414214
122.200000  48.500000  12.020815
122.300000  51.000000  9.899495
122.400000  52.500000  10.606602
122.500000  51.000000  8.485281
122.600000  49.000000  19.798990
122.700000  55.000000  22.627417
122.800000  49.500000  4.949747
122.900000  51.000000  4.242641
123.000000  49.500000  17.677670
123.100000  53.500000  10.606602
123.200000  47.000000  7.071068
123.300000  55.000000  12.727922
123.400000  51.000000  4.242641
123.500000  52.500000  12.020815
123.600000  49.000000  8.485281
123.700000  48.500000  12.020815
123.800000  50.500000  10.606602
123.900000  55.000000  8.485281
124.000000  56.500000  17.677670
124.100000  51.000000  11.313708
124.200000  51.000000  9.899495
124.300000  50.000000  14.142136
124.400000  60.000000  12.727922
124.500000  54.500000  16.263456
124.600000  55.000000  18.384776
124.700000  50.500000  19.091883
124.800000  48.000000  0.000000
124.900000  45.000000  0.000000
125.000000  52.000000  25.455844
125.100000  50.000000  19.798990
125.200000  52.500000  14.849242
125.300000  44.000000  14.142136
125.400000  51.000000  18.384776
125.500000  57.000000  4.242641
125.600000  53.500000  0.707107
125.700000  48.500000  17.677670
125.800000  52.000000  2.828427
125.900000  58.000000  7.071068
126.000000  47.000000  12.727922
126.100000  53.000000  7.071068
126.200000  49.500000  4.949747
126.300000  52.000000  22.627417
126.400000  55.500000  13.435029
126.500000  50.500000  4.949747
126.600000  48.500000  20.506097
126.700000  50.500000  6.363961
126.800000  57.500000  6.363961
126.900000  55.500000  3.535534
127.000000  50.500000  12.020815
127.100000  50.000000  18.384776
127.200000  47.500000  12.020815
127.300000  48.000000  5.656854
127.400000  51.000000  22.627417
127.500000  54.000000  14.142136
127.600000  49.500000  7.778175
127.700000  50.000000  4.242641
127.800000  48.000000  15.556349
127.900000  49.500000  16.263456
128.000000  45.500000  7.778175
128.100000  47.500000  19.091883
128.200000  48.000000  19.798990
128.300000  51.500000  6.363961
128.400000  53.000000  7.071068
128.500000  50.500000  10.606602
128.600000  50.000000  8.485281
128.700000  54.000000  9.899495
128.800000  53.000000  9.899495
128.900000  51.500000  7.778175
129.000000  52.000000  16.970563
129.100000  48.500000  3.535534
129.200000  54.000000  15.556349
129.300000  53.500000  20.506097
129.400000  46.500000  6.363961
129.500000  49.500000  23.334524
129.600000  48.000000  15.556349
129.700000  46.500000  12.020815
129.800000  55.500000  12.020815
129.900000  47.500000  21.920310
130.000000  42.500000  12.020815
130.100000  48.500000  12.020815
130.200000  43.500000  19.091883
130.300000  52.000000  4.242641
130.400000  53.500000  3.535534
130.500000  50.000000  5.656854
130.600000  58.500000  13.435029
130.700000  49.000000  16.970563
130.800000  48.000000  1.414214
130.900000  44.000000  2.828427
131.000000  48.500000  2.121320
131.100000  41.000000  9.899495
131.200000  42.500000  7.778175
131.300000  47.500000  0.707107
131.400000  42.500000  0.707107
131.500000  41.000000  4.242641
131.600000  37.500000  6.363961
131.700000  46.000000  15.556349
131.800000  49.500000  4.949747
131.900000  54.000000  8.485281
132.000000  50.000000  19.798990
132.100000  51.000000  5.656854
132.200000  54.000000  2.828427
132.300000  53.000000  7.071068
132.400000  48.500000  19.091883
132.500000  50.000000  5.656854
132.600000  47.000000  9.899495
132.700000  42.500000  12.020815
132.800000  46.500000  3.535534
132.900000  48.000000  14.142136
133.000000  37.500000  7.778175
133.100000  43.500000  24.748737
133.200000  50.500000  17.677670
133.300000  47.500000  4.949747
133.400000  52.500000  10.606602
133.500000  51.000000  11.313708
133.600000  55.500000  13.435029
133.700000  53.000000  4.242641
133.800000  46.500000  19.091883
133.900000  51.500000  12.020815
134.000000  49.500000  14.849242
134.100000  57.000000  14.142136
134.200000  48.500000  16.263456
134.300000  45.500000  9.192388
134.400000  44.500000  21.920310
134.500000  54.500000  17.677670
134.600000  47.000000  11.313708
134.700000  41.500000  19.091883
134.800000  45.500000  10.606602
134.900000  48.000000  12.727922
135.000000  53.000000  16.970563
135.100000  52.000000  14.142136
135.200000  47.500000  19.091883
135.300000  58.500000  23.334524
135.400000  44.000000  11.313708
135.500000  52.000000  16.970563
135.600000  49.000000  12.727922
135.700000  46.000000  8.485281
135.800000  44.500000  12.020815
135.900000  50.500000  4.949747
136.000000  50.000000  4.242641
136.100000  55.000000  8.485281
136.200000  57.000000  11.313708
136.300000  54.500000  4.949747
136.400000  54.500000  12.020815
136.500000  56.000000  5.656854
136.600000  49.500000  10.606602
136.700000  47.000000  5.656854
136.800000  50.500000  6.363961
136.900000  53.000000  9.899495
137.000000  54.000000  7.071068
137.100000  57.500000  6.363961
137.200000  57.000000  2.828427
137.300000  53.000000  9.899495
137.400000  43.500000  4.949747
137.500000  53.000000  8.485281
137.600000  57.000000  4.242641
137.700000  57.000000  5.656854
137.800000  51.000000  2.828427
137.900000  51.000000  5.656854
138.000000  55.500000  13.435029
138.100000  50.000000  4.242641
138.200000  56.500000  9.192388
138.300000  50.000000  7.071068
138.400000  49.500000  10.606602
138.500000  52.000000  8.485281
138.600000  56.500000  2.121320
138.700000  51.000000  4.242641
138.800000  48.500000  10.606602
138.900000  50.000000  1.414214
139.000000  45.000000  8.485281
139.100000  51.500000  13.435029
139.200000  52.500000  3.535534
139.300000  54.000000  9.899495
139.400000  53.500000  4.949747
139.500000  53.500000  2.121320
139.600000  52.000000  0.000000
139.700000  46.000000  12.727922
139.800000  55.000000  11.313708
139.900000  60.000000  7.071068
140.000000  52.500000  10.606602
140.100000  57.500000  0.707107
140.200000  55.000000  9.899495
140.300000  50.500000  9.192388
140.400000  52.000000  9.899495
140.500000  54.500000  3.535534
140.600000  47.500000  7.778175
140.700000  45.000000  5.656854
140.800000  53.000000  7.071068
140.900000  59.000000  4.242641
141.000000  46.500000  7.778175
141.100000  44.500000  13.435029
141.200000  41.500000  0.707107
141.300000  45.500000  10.606602
141.400000  40.500000  7.778175
141.500000  51.500000  2.121320
141.600000  45.500000  2.121320
141.700000  42.000000  1.414214
141.800000  45.500000  6.363961
141.900000  47.000000  14.142136
142.000000  41.000000  18.384776
142.100000  40.000000  12.727922
142.200000  46.500000  9.192388
142.300000  42.500000  7.778175
142.400000  45.000000  8.485281
142.500000  49.000000  1.414214
142.600000  46.000000  4.242641
142.700000  53.000000  0.000000
142.800000  49.000000  5.656854
142.900000  42.500000  3.535534
143.000000  47.000000  0.000000
143.100000  46.000000  8.485281
143.200000  49.500000  2.121320
143.300000  46.000000  7.071068
143.400000  52.000000  0.000000
143.500000  48.000000  9.899495
143.600000  54.500000  10.606602
143.700000  50.000000  1.414214
143.800000  45.000000  8.485281
143.900000  44.000000  7.071068
144.000000  37.500000  9.192388
144.100000  46.000000  9.899495
144.200000  46.000000  2.828427
144.300000  50.000000  7.071068
144.400000  41.000000  15.556349
144.500000  42.500000  7.778175
144.600000  38.000000  5.656854
144.700000  50.500000  4.949747
144.800000  44.000000  11.313708
144.900000  52.000000  0.000000
145.000000  52.000000  7.071068
145.100000  49.000000  1.414214
145.200000  45.000000  4.242641
145.300000  41.000000  7.071068
145.400000  45.500000  0.707107
145.500000  37.500000  6.363961
145.600000  45.500000  10.606602
145.700000  43.500000  2.121320
145.800000  54.000000  7.071068
145.900000  50.500000  4.949747
146.000000  41.000000  9.899495
146.100000  45.000000  11.313708
146.200000  47.000000  4.242641
146.300000  42.000000  8.485281
146.400000  45.000000  8.485281
146.500000  41.000000  11.313708
146.600000  46.000000  9.899495
146.700000  40.500000  2.121320
146.800000  43.000000  9.899495
146.900000  49.500000  7.778175
147.000000  56.000000  1.414214
147.100000  55.000000  8.485281
147.200000  46.000000  7.071068
147.300000  43.000000  2.828427
147.400000  48.000000  14.142136
147.500000  44.500000  9.192388
147.600000  43.500000  3.535534
147.700000  42.000000  5.656854
147.800000  47.500000  4.949747
147.900000  46.500000  3.535534
148.000000  45.000000  4.242641
148.100000  45.000000  0.000000
148.200000  43.500000  9.192388
148.300000  42.000000  9.899495
148.400000  41.000000  15.556349
148.500000  43.500000  21.920310
148.600000  37.500000  19.091883
148.700000  38.500000  6.363961
148.800000  44.500000  20.506097
148.900000  43.500000  10.606602
149.000000  40.000000  12.727922
149.100000  43.000000  15.556349
149.200000  43.000000  14.142136
149.300000  40.500000  6.363961
149.400000  39.000000  16.970563
149.500000  43.500000  14.849242
149.600000  42.000000  14.142136
149.700000  41.500000  14.849242
149.800000  39.500000  24.748737
149.900000  40.000000  8.485281
150.000000  43.000000  7.071068
150.100000  37.000000  8.485281
150.200000  40.000000  8.485281
150.300000  39.500000  16.263456
150.400000  46.000000  12.727922
150.500000  41.000000  14.142136
150.600000  41.000000  12.727922
150.700000  44.500000  17.677670
150.800000  43.000000  7.071068
150.900000  38.000000  16.970563
151.000000  36.000000  11.313708
151.100000  42.500000  14.849242
151.200000  38.000000  11.313708
151.300000  45.500000  6.363961
151.400000  38.500000  2.121320
151.500000  42.500000  17.677670
151.600000  37.000000  12.727922
151.700000  38.500000  7.778175
151.800000  39.000000  2.828427
151.900000  36.000000  11.313708
152.000000  39.500000  9.192388
152.100000  35.000000  22.627417
152.200000  46.000000  15.556349
152.300000  39.500000  7.778175
152.400000  39.500000  6.363961
152.500000  45.500000  14.849242
152.600000  45.000000  7.071068
152.700000  43.500000  12.020815
152.800000  42.500000  7.778175
152.900000  40.000000  5.656854
153.000000  40.000000  4.242641
153.100000  39.000000  9.899495
153.200000  44.500000  12.020815
153.300000  36.500000  12.020815
153.400000  37.000000  21.213203
153.500000  37.000000  14.142136
153.600000  34.000000  12.727922
153.700000  37.000000  18.384776
153.800000  39.500000  12.020815
153.900000  34.500000  3.535534
154.000000  36.000000  9.899495
154.100000  36.500000  0.707107
154.200000  40.500000  14.849242
154.300000  41.000000  12.727922
154.400000  39.500000  10.606602
154.500000  37.500000  2.121320
154.600000  41.500000  6.363961
154.700000  37.500000  16.263456
154.800000  37.000000  7.071068
154.900000  40.500000  12.020815
155.000000  39.500000  19.091883
155.100000  37.500000  4.949747
155.200000  37.000000  18.384776
155.300000  44.500000  7.778175
155.400000  42.500000  14.849242
155.500000  43.500000  10.606602
155.600000  45.000000  9.899495
155.700000  41.000000  12.727922
155.800000  40.500000  14.849242
155.900000  37.000000  14.142136
156.000000  41.500000  7.778175
156.100000  44.500000  9.192388
156.200000  32.500000  14.849242
156.300000  42.000000  14.142136
156.400000  40.500000  4.949747
156.500000  34.500000  4.949747
156.600000  41.000000  16.970563
156.700000  39.000000  11.313708
156.800000  42.000000  1.414214
156.900000  45.000000  1.414214
157.000000  35.000000  22.627417
157.100000  35.000000  14.142136
157.200000  36.500000  14.849242
157.300000  36.000000  15.556349
157.400000  33.000000  5.656854
157.500000  42.000000  1.414214
157.600000  40.000000  8.485281
157.700000  38.500000  9.192388
157.800000  43.000000  12.727922
157.900000  38.500000  12.020815
158.000000  41.500000  19.091883
158.100000  40.000000  11.313708
158.200000  46.500000  9.192388
158.300000  36.500000  10.606602
158.400000  39.000000  8.485281
158.500000  48.500000  17.677670
158.600000  36.000000  15.556349
158.700000  41.000000  18.384776
158.800000  43.000000  2.828427
158.900000  37.000000  8.485281
159.000000  41.000000  8.485281
159.100000  44.500000  10.606602
159.200000  38.500000  13.435029
159.300000  47.000000  0.000000
159.400000  38.500000  6.363961
159.500000  44.000000  9.899495
159.600000  41.500000  6.363961
159.700000  38.000000  12.727922
159.800000  42.000000  12.727922
159.900000  48.500000  6.363961
160.000000  49.000000  12.727922
160.100000  43.000000  8.485281
160.200000  39.000000  12.727922
160.300000  38.000000  9.899495
160.400000  42.500000  9.192388
160.500000  46.000000  8.485281
160.600000  42.000000  12.727922
160.700000  35.000000  7.071068
160.800000  45.500000  16.263456
160.900000  45.500000  16.263456
161.000000  40.500000  0.707107
161.100000  42.500000  10.606602
161.200000  39.000000  9.899495
161.300000  48.000000  11.313708
161.400000  42.500000  9.192388
161.500000  35.500000  4.949747
161.600000  45.000000  19.798990
161.700000  42.000000  9.899495
161.800000  42.500000  14.849242
161.900000  44.000000  15.556349
162.000000  39.500000  19.091883
162.100000  39.000000  4.242641
162.200000  43.500000  9.192388
162.300000  44.500000  17.677670
162.400000  37.000000  9.899495
162.500000  36.500000  10.606602
162.600000  34.500000  10.606602
162.700000  43.500000  12.020815
162.800000  40.000000  1.414214
162.900000  38.500000  19.091883
163.000000  41.000000  16.970563
163.100000  39.000000  14.142136
163.200000  33.500000  10.606602
163.300000  41.500000  6.363961
163.400000  42.500000  0.707107
163.500000  35.500000  9.192388
163.600000  38.000000  9.899495
163.700000  45.000000  4.242641
163.800000  43.000000  14.142136
163.900000  41.000000  0.000000
164.000000  46.000000  12.727922
164.100000  38.000000  8.485281
164.200000  36.000000  7.071068
164.300000  30.000000  11.313708
164.400000  40.000000  18.384776
164.500000  48.000000  15.556349
164.600000  42.500000  7.778175
164.700000  38.000000  4.242641
164.800000  41.500000  12.020815
164.900000  42.500000  6.363961
165.000000  43.000000  12.727922
165.100000  49.000000  4.242641
165.200000  46.500000  9.192388
165.300000  47.500000  2.121320
165.400000  46.500000  13.435029
165.500000  40.500000  4.949747
165.600000  37.500000  6.363961
165.700000  42.500000  13.435029
165.800000  50.500000  4.949747
165.900000  46.500000  12.020815
166.000000  48.000000  5.656854
166.100000  42.500000  6.363961
166.200000  46.000000  2.828427
166.300000  46.000000  16.970563
166.400000  36.500000  14.849242
166.500000  42.500000  17.677670
166.600000  43.500000  7.778175
166.700000  40.500000  10.606602
166.800000  37.000000  14.142136
166.900000  34.500000  12.020815
167.000000  43.000000  15.556349
167.100000  41.500000  4.949747
167.200000  43.500000  17.677670
167.300000  38.000000  12.727922
167.400000  36.000000  14.142136
167.500000  39.500000  14.849242
167.600000  40.000000  9.899495
167.700000  44.000000  11.313708
167.800000  35.500000  16.263456
167.900000  41.500000  12.020815
168.000000  36.000000  19.798990
168.100000  36.500000  10.606602
168.200000  36.500000  13.435029
168.300000  40.000000  18.384776
168.400000  38.500000  21.920310
168.500000  39.500000  13.435029
168.600000  39.000000  7.071068
168.700000  38.500000  12.020815
168.800000  40.000000  9.899495
168.900000  34.500000  12.020815
169.000000  38.000000  7.071068
169.100000  45.500000  17.677670
169.200000  38.500000  10.606602
169.300000  46.000000  14.142136
169.400000  37.500000  9.192388
169.500000  34.000000  7.071068
169.600000  37.000000  7.071068
169.700000  39.000000  18.384776
169.800000  40.500000  10.606602
169.900000  40.000000  8.485281
170.000000  47.000000  7.071068
170.100000  38.500000  14.849242
170.200000  39.000000  9.899495
170.300000  45.000000  14.142136
170.400000  41.500000  10.606602
170.500000  46.500000  2.121320
170.600000  39.500000  9.192388
170.700000  40.000000  1.414214
170.800000  37.500000  4.949747
170.900000  42.000000  8.485281
171.000000  41.500000  12.020815
171.100000  40.500000  7.778175
171.200000  38.500000  9.192388
171.300000  37.000000  2.828427
171.400000  42.000000  7.071068
171.500000  37.500000  16.263456
171.600000  38.500000  7.778175
171.700000  48.000000  11.313708
171.800000  41.500000  2.121320
171.900000  40.500000  19.091883
172.000000  42.500000  4.949747
172.100000  41.000000  12.727922
172.200000  42.500000  10.606602
172.300000  42.000000  7.071068
172.400000  38.000000  14.142136
172.500000  38.000000  14.142136
172.600000  36.000000  8.485281
172.700000  41.500000  2.121320
172.800000  43.000000  11.313708
172.900000  39.000000  11.313708
173.000000  40.500000  6.363961
173.100000  43.500000  3.535534
173.200000  37.500000  10.606602
173.300000  37.000000  16.970563
173.400000  40.000000  18.384776
173.500000  37.000000  7.071068
173.600000  34.000000  11.313708
173.700000  39.500000  10.606602
173.800000  40.500000  7.778175
173.900000  34.500000  12.020815
174.000000  46.500000  6.363961
174.100000  39.000000  4.242641
174.200000  40.500000  7.778175
174.300000  43.500000  13.435029
174.400000  47.000000  22.627417
174.500000  45.500000  16.263456
174.600000  44.000000  5.656854
174.700000  45.500000  3.535534
174.800000  42.000000  12.727922
174.900000  44.500000  21.920310
175.000000  43.000000  4.242641
175.100000  40.000000  4.242641
175.200000  41.000000  0.000000
175.300000  46.500000  0.707107
175.400000  38.000000  11.313708
175.500000  43.000000  12.727922
175.600000  39.000000  2.828427
175.700000  43.000000  7.071068
175.800000  40.500000  16.263456
175.900000  44.500000  6.363961
176.000000  47.000000  0.000000
176.100000  42.500000  7.778175
176.200000  40.000000  8.485281
176.300000  38.000000  9.899495
176.400000  47.000000  7.071068
176.500000  48.500000  6.363961
176.600000  38.000000  5.656854
176.700000  47.500000  4.949747
176.800000  44.500000  10.606602
176.900000  44.500000  13.435029
177.000000  41.500000  19.091883
177.100000  39.500000  9.192388
177.200000  42.500000  3.535534
177.300000  36.500000  9.192388
177.400000  39.500000  3.535534
177.500000  46.000000  14.142136
177.600000  38.500000  6.363961
177.700000  38.000000  4.242641
177.800000  35.500000  4.949747
177.900000  43.000000  5.656854
178.000000  48.000000  9.899495
178.100000  41.000000  14.142136
178.200000  41.500000  9.192388
178.300000  43.000000  7.071068
178.400000  46.500000  4.949747
178.500000  43.500000  6.363961
178.600000  42.000000  11.313708
178.700000  44.500000  4.949747
178.800000  38.500000  3.535534
178.900000  49.000000  2.828427
179.000000  46.500000  10.606602
179.100000  39.500000  12.020815
179.200000  36.000000  16.970563
179.300000  41.000000  15.556349
179.400000  38.000000  11.313708
179.500000  48.500000  0.707107
179.600000  44.000000  11.313708
179.700000  47.500000  16.263456
179.800000  42.000000  15.556349
179.900000  36.000000  9.899495
180.000000  32.000000  12.727922
180.100000  41.500000  10.606602
180.200000  40.000000  8.485281
180.300000  45.500000  0.707107
180.400000  36.500000  9.192388
180.500000  36.500000  4.949747
180.600000  44.000000  12.727922
180.700000  42.500000  16.263456
180.800000  39.000000  5.656854
180.900000  46.500000  14.849242
181.000000  47.000000  7.071068
181.100000  47.000000  7.071068
181.200000  46.500000  6.363961
181.300000  43.500000  13.435029
181.400000  42.000000  9.899495
181.500000  40.500000  12.020815
181.600000  42.000000  14.142136
181.700000  40.000000  12.727922
181.800000  40.500000  20.506097
181.900000  40.000000  12.727922
182.000000  41.500000  14.849242
182.100000  47.000000  8.485281
182.200000  45.000000  14.142136
182.300000  47.000000  11.313708
182.400000  47.500000  10.606602
182.500000  45.000000  15.556349
182.600000  45.000000  11.313708
182.700000  34.000000  11.313708
182.800000  38.500000  14.849242
182.900000  39.500000  13.435029
183.000000  39.500000  9.192388
183.100000  44.000000  14.142136
183.200000  38.000000  12.727922
183.300000  39.500000  9.192388
183.400000  46.000000  15.556349
183.500000  38.000000  8.485281
183.600000  47.500000  3.535534
183.700000  37.500000  12.020815
183.800000  38.000000  12.727922
183.900000  43.500000  0.707107
184.000000  45.000000  7.071068
184.100000  40.500000  3.535534
184.200000  48.500000  0.707107
184.300000  50.000000  7.071068
184.400000  50.000000  7.071068
184.500000  44.500000  10.606602
184.600000  44.500000  0.707107
184.700000  52.000000  11.313708
184.800000  51.000000  16.970563
184.900000  46.500000  14.849242
185.000000  41.000000  9.899495
185.100000  44.500000  14.849242
185.200000  40.000000  4.242641
185.300000  45.500000  4.949747
185.400000  41.000000  14.142136
185.500000  43.500000  3.535534
185.600000  38.000000  16.970563
185.700000  43.000000  11.313708
185.800000  45.500000  0.707107
185.900000  43.500000  13.435029
186.000000  46.000000  7.071068
186.100000  45.500000  12.020815
186.200000  50.000000  12.727922
186.300000  39.500000  9.192388
186.400000  45.500000  4.949747
186.500000  41.000000  14.142136
186.600000  49.500000  0.707107
186.700000  39.500000  2.121320
186.800000  47.000000  5.656854
186.900000  51.000000  2.828427
187.000000  46.000000  11.313708
187.100000  41.000000  14.142136
187.200000  39.500000  13.435029
187.300000  36.500000  4.949747
187.400000  44.000000  16.970563
187.500000  43.500000  17.677670
187.600000  45.000000  2.828427
187.700000  42.500000  10.606602
187.800000  45.000000  15.556349
187.900000  40.000000  5.656854
188.000000  39.000000  5.656854
188.100000  43.500000  6.363961
188.200000  39.000000  14.142136
188.300000  37.000000  8.485281
188.400000  41.500000  13.435029
188.500000  38.000000  18.384776
188.600000  40.000000  15.556349
188.700000  43.500000  14.849242
188.800000  38.500000  7.778175
188.900000  40.500000  16.263456
189.000000  40.000000  21.213203
189.100000  31.500000  16.263456
189.200000  35.500000  26.162951
189.300000  36.500000  17.677670
189.400000  39.000000  21.213203
189.500000  44.500000  19.091883
189.600000  41.500000  19.091883
189.700000  42.000000  15.556349
189.800000  38.000000  18.384776
189.900000  34.000000  16.970563
190.000000  39.500000  17.677670
190.100000  46.500000  16.263456
190.200000  38.500000  14.849242
190.300000  43.000000  22.627417
190.400000  36.500000  14.849242
190.500000  39.000000  14.142136
190.600000  38.000000  9.899495
190.700000  42.000000  14.142136
190.800000  42.500000  14.849242
190.900000  41.000000  14.142136
191.000000  44.000000  15.556349
191.100000  39.500000  2.121320
191.200000  48.500000  7.778175
191.300000  43.500000  2.121320
191.400000  40.500000  6.363961
191.500000  40.000000  5.656854
191.600000  47.000000  4.242641
191.700000  42.000000  5.656854
191.800000  45.500000  9.192388
191.900000  43.000000  7.071068
192.000000  44.500000  3.535534
192.100000  48.500000  10.606602
192.200000  40.500000  6.363961
192.300000  46.000000  7.071068
192.400000  52.000000  14.142136
192.500000  39.500000  19.091883
192.600000  52.000000  4.242641
192.700000  41.500000  13.435029
192.800000  43.500000  7.778175
192.900000  43.000000  14.142136
193.000000  39.500000  7.778175
193.100000  43.000000  9.899495
193.200000  43.500000  16.263456
193.300000  40.000000  15.556349
193.400000  46.000000  4.242641
193.500000  45.500000  7.778175
193.600000  40.000000  12.727922
193.700000  46.000000  9.899495
193.800000  44.000000  4.242641
193.900000  45.500000  12.020815
194.000000  39.500000  0.707107
194.100000  40.500000  7.778175
194.200000  48.000000  4.242641
194.300000  47.500000  7.778175
194.400000  47.500000  13.435029
194.500000  41.000000  9.899495
194.600000  42.500000  0.707107
194.700000  41.000000  2.828427
194.800000  39.000000  12.727922
194.900000  38.000000  11.313708
195.000000  48.000000  15.556349
195.100000  38.500000  6.363961
195.200000  38.500000  12.020815
195.300000  41.500000  17.677670
195.400000  45.500000  10.606602
195.500000  45.500000  17.677670
195.600000  52.000000  2.828427
195.700000  49.000000  9.899495
195.800000  49.500000  13.435029
195.900000  46.500000  13.435029
196.000000  49.500000  17.677670
196.100000  46.500000  19.091883
196.200000  45.500000  19.091883
196.300000  39.000000  11.313708
196.400000  47.500000  14.849242
196.500000  45.000000  12.727922
196.600000  47.000000  12.727922
196.700000  48.500000  13.435029
196.800000  52.000000  4.242641
196.900000  57.000000  16.970563
197.000000  47.500000  3.535534
197.100000  45.000000  18.384776
197.200000  44.500000  14.849242
197.300000  46.000000  16.970563
197.400000  50.000000  18.384776
197.500000  45.000000  18.384776
197.600000  35.500000  10.606602
197.700000  44.000000  18.384776
197.800000  52.000000  19.798990
197.900000  41.500000  23.334524
198.000000  46.000000  14.142136
198.100000  46.000000  25.455844
198.200000  44.000000  19.798990
198.300000  48.500000  14.849242
198.400000  45.000000  15.556349
198.500000  47.000000  18.384776
198.600000  50.000000  21.213203
198.700000  48.000000  19.798990
198.800000  47.500000  21.920310
198.900000  43.500000  10.606602
199.000000  45.500000  16.263456
199.100000  38.500000  6.363961
199.200000  40.000000  18.384776
199.300000  44.000000  11.313708
199.400000  47.000000  24.041631
199.500000  47.000000  19.798990
199.600000  44.500000  27.577164
199.700000  47.000000  22.627417
199.800000  47.500000  17.677670
199.900000  42.500000  14.849242
200.000000  42.000000  15.556349
