# aggregated from 2 replicates
# x  mean  std
0.000000  57.000000  0.000000
0.100000  86.500000  4.949747
0.200000  82.000000  4.242641
0.300000  83.500000  4.949747
0.400000  72.500000  19.091883
0.500000  76.000000  11.313708
0.600000  77.000000  15.556349
0.700000  74.000000  7.071068
0.800000  75.000000  15.556349
0.900000  70.500000  12.020815
1.000000  68.000000  9.899495
1.100000  69.500000  7.778175
1.200000  68.500000  14.849242
1.300000  65.500000  14.849242
1.400000  70.500000  4.949747
1.500000  83.500000  16.263456
1.600000  61.500000  3.535534
1.700000  77.500000  3.535534
1.800000  60.000000  12.727922
1.900000  59.500000  9.192388
2.000000  66.500000  6.363961
2.100000  64.500000  0.707107
2.200000  68.000000  2.828427
2.300000  63.000000  2.828427
2.400000  70.500000  4.949747
2.500000  70.500000  0.707107
2.600000  62.000000  1.414214
2.700000  66.500000  12.020815
2.800000  61.500000  0.707107
2.900000  67.000000  2.828427
3.000000  61.000000  5.656854
3.100000  67.000000  1.414214
3.200000  66.500000  9.192388
3.300000  65.500000  9.192388
3.400000  71.000000  16.970563
3.500000  66.000000  16.970563
3.600000  68.000000  9.899495
3.700000  69.500000  19.091883
3.800000  75.000000  2.828427
3.900000  71.000000  11.313708
4.000000  66.500000  14.849242
4.100000  66.000000  7.071068
4.200000  67.500000  19.091883
4.300000  59.500000  12.020815
4.400000  66.500000  0.707107
4.500000  69.500000  3.535534
4.600000  60.500000  6.363961
4.700000  72.000000  2.828427
4.800000  63.500000  0.707107
4.900000  66.500000  4.949747
5.000000  72.500000  3.535534
5.100000  59.500000  7.778175
5.200000  73.000000  0.000000
5.300000  65.500000  6.363961
5.400000  70.000000  0.000000
5.500000  65.500000  10.606602
5.600000  56.500000  4.949747
5.700000  65.000000  5.656854
5.800000  69.000000  1.414214
5.900000  63.500000  0.707107
6.000000  66.500000  0.707107
6.100000  69.000000  8.485281
6.200000  61.500000  7.778175
6.300000  59.500000  3.535534
6.400000  64.500000  3.535534
6.500000  67.000000  8.485281
6.600000  66.500000  3.535534
6.700000  66.000000  8.485281
6.800000  71.000000  7.071068
6.900000  63.500000  3.535534
7.000000  65.500000  2.121320
7.100000  59.500000  0.707107
7.200000  66.500000  0.707107
7.300000  66.000000  1.414214
7.400000  64.000000  4.242641
7.500000  64.500000  0.707107
7.600000  65.000000  5.656854
7.700000  56.000000  1.414214
7.800000  53.500000  6.363961
7.900000  67.500000  4.949747
8.000000  59.500000  7.778175
8.100000  60.500000  10.606602
8.200000  63.500000  4.949747
8.300000  65.500000  4.949747
8.400000  67.000000  4.242641
8.500000  63.000000  1.414214
8.600000  65.000000  4.242641
8.700000  63.000000  8.485281
8.800000  66.000000  9.899495
8.900000  66.500000  4.949747
9.000000  62.500000  3.535534
9.100000  73.000000  7.071068
9.200000  68.000000  2.828427
9.300000  63.000000  12.727922
9.400000  57.500000  3.535534
9.500000  60.500000  0.707107
9.600000  62.500000  4.949747
9.700000  68.000000  8.485281
9.800000  66.500000  2.121320
9.900000  65.000000  5.656854
10.000000  66.000000  1.414214
10.100000  66.000000  9.899495
10.200000  67.500000  0.707107
10.300000  64.500000  0.707107
10.400000  55.000000  15.556349
10.500000  61.500000  9.192388
10.600000  68.500000  4.949747
10.700000  62.500000  3.535534
10.800000  72.000000  0.000000
10.900000  63.500000  2.121320
11.000000  66.500000  0.707107
11.100000  59.000000  5.656854
11.200000  62.500000  12.020815
11.300000  62.500000  0.707107
11.400000  69.000000  11.313708
11.500000  65.000000  11.313708
11.600000  69.500000  6.363961
11.700000  59.500000  3.535534
11.800000  65.500000  6.363961
11.900000  61.500000  0.707107
12.000000  60.500000  14.849242
12.100000  71.500000  0.707107
12.200000  63.500000  10.606602
12.300000  58.500000  0.707107
12.400000  61.000000  7.071068
12.500000  69.500000  0.707107
12.600000  63.500000  0.707107
12.700000  65.500000  3.535534
12.800000  58.000000  0.000000
12.900000  60.000000  2.828427
13.000000  64.500000  4.949747
13.100000  69.000000  0.000000
13.200000  58.000000  2.828427
13.300000  64.500000  3.535534
13.400000  65.000000  4.242641
13.500000  67.500000  14.849242
13.600000  63.000000  4.242641
13.700000  69.000000  0.000000
13.800000  69.500000  7.778175
13.900000  64.000000  8.485281
14.000000  68.500000  14.849242
14.100000  72.000000  1.414214
14.200000  67.000000  1.414214
14.300000  64.000000  11.313708
14.400000  71.000000  5.656854
14.500000  64.500000  0.707107
14.600000  68.500000  4.949747
14.700000  64.500000  2.121320
14.800000  68.000000  1.414214
14.900000  62.500000  9.192388
15.000000  62.500000  2.121320
15.100000  65.000000  1.414214
15.200000  67.500000  12.020815
15.300000  70.000000  4.242641
15.400000  67.000000  4.242641
15.500000  54.500000  2.121320
15.600000  71.000000  5.656854
15.700000  68.500000  6.363961
15.800000  56.000000  2.828427
15.900000  68.500000  19.091883
16.000000  65.000000  12.727922
16.100000  62.500000  0.707107
16.200000  68.000000  5.656854
16.300000  67.000000  2.828427
16.400000  66.000000  1.414214
16.500000  64.000000  2.828427
16.600000  72.500000  6.363961
16.700000  66.000000  1.414214
16.800000  66.000000  1.414214
16.900000  70.500000  2.121320
17.000000  72.500000  2.121320
17.100000  59.500000  2.121320
17.200000  69.500000  4.949747
17.300000  70.500000  7.778175
17.400000  61.500000  2.121320
17.500000  63.500000  2.121320
17.600000  57.000000  5.656854
17.700000  60.000000  2.828427
17.800000  65.500000  6.363961
17.900000  57.500000  4.949747
18.000000  58.500000  2.121320
18.100000  61.000000  1.414214
18.200000  62.500000  0.707107
18.300000  66.500000  0.707107
18.400000  63.000000  12.727922
18.500000  59.000000  5.656854
18.600000  58.500000  2.121320
18.700000  60.500000  4.949747
18.800000  62.500000  0.707107
18.900000  60.000000  1.414214
19.000000  58.000000  7.071068
19.100000  55.000000  12.727922
19.200000  60.000000  5.656854
19.300000  62.500000  4.949747
19.400000  64.500000  4.949747
19.500000  57.000000  4.242641
19.600000  64.000000  7.071068
19.700000  65.000000  12.727922
19.800000  60.000000  4.242641
19.900000  65.000000  15.556349
20.000000  65.000000  4.242641
20.100000  63.000000  14.142136
20.200000  61.500000  7.778175
20.300000  58.500000  2.121320
20.400000  50.500000  6.363961
20.500000  58.500000  6.363961
20.600000  54.500000  7.778175
20.700000  70.000000  9.899495
20.800000  59.000000  2.828427
20.900000  60.500000  0.707107
21.000000  62.500000  12.020815
21.100000  67.500000  4.949747
21.200000  62.000000  2.828427
21.300000  59.000000  5.656854
21.400000  57.500000  4.949747
21.500000  60.500000  0.707107
21.600000  58.500000  0.707107
21.700000  63.000000  8.485281
21.800000  53.000000  4.242641
21.900000  51.500000  6.363961
22.000000  54.500000  13.435029
22.100000  58.000000  1.414214
22.200000  51.500000  3.535534
22.300000  57.500000  0.707107
22.400000  64.000000  12.727922
22.500000  58.000000  8.485281
22.600000  53.000000  7.071068
22.700000  56.500000  3.535534
22.800000  56.500000  6.363961
22.900000  55.500000  7.778175
23.000000  61.500000  13.435029
23.100000  62.000000  1.414214
23.200000  56.000000  5.656854
23.300000  59.500000  4.949747
23.400000  58.500000  2.121320
23.500000  61.000000  4.242641
23.600000  59.500000  4.949747
23.700000  62.000000  0.000000
23.800000  62.500000  3.535534
23.900000  65.500000  2.121320
24.000000  65.500000  7.778175
24.100000  60.500000  9.192388
24.200000  58.500000  0.707107
24.300000  58.000000  2.828427
24.400000  69.000000  1.414214
24.500000  51.500000  7.778175
24.600000  54.000000  4.242641
24.700000  62.500000  0.707107
24.800000  56.000000  7.071068
24.900000  55.000000  4.242641
25.000000  56.500000  3.535534
25.100000  58.500000  13.435029
25.200000  55.500000  12.020815
25.300000  65.000000  0.000000
25.400000  61.000000  5.656854
25.500000  60.000000  9.899495
25.600000  55.000000  7.071068
25.700000  60.500000  3.535534
25.800000  59.500000  3.535534
25.900000  61.500000  0.707107
26.000000  62.500000  6.363961
26.100000  62.000000  2.828427
26.200000  59.500000  7.778175
26.300000  73.000000  5.656854
26.400000  59.000000  1.414214
26.500000  63.500000  4.949747
26.600000  57.000000  1.414214
26.700000  54.500000  6.363961
26.800000  58.500000  0.707107
26.900000  58.500000  3.535534
27.000000  67.500000  9.192388
27.100000  65.500000  3.535534
27.200000  72.000000  1.414214
27.300000  60.000000  14.142136
27.400000  71.500000  10.606602
27.500000  54.000000  7.071068
27.600000  64.500000  2.121320
27.700000  61.000000  1.414214
27.800000  63.500000  6.363961
27.900000  63.000000  8.485281
28.000000  61.500000  12.020815
28.100000  60.500000  6.363961
28.200000  64.000000  9.899495
28.300000  68.000000  15.556349
28.400000  67.000000  2.828427
28.500000  60.000000  8.485281
28.600000  52.500000  12.020815
28.700000  67.500000  12.020815
28.800000  58.500000  3.535534
28.900000  56.500000  12.020815
29.000000  52.000000  2.828427
29.100000  59.500000  4.949747
29.200000  57.500000  3.535534
29.300000  64.500000  6.363961
29.400000  68.000000  4.242641
29.500000  63.000000  2.828427
29.600000  56.500000  0.707107
29.700000  61.000000  8.485281
29.800000  66.500000  0.707107
29.900000  62.000000  11.313708
30.000000  67.000000  5.656854
30.100000  62.500000  4.949747
30.200000  55.500000  6.363961
30.300000  61.500000  7.778175
30.400000  57.500000  9.192388
30.500000  61.000000  7.071068
30.600000  50.000000  5.656854
30.700000  64.000000  9.899495
30.800000  66.000000  1.414214
30.900000  61.500000  2.121320
31.000000  69.500000  4.949747
31.100000  66.000000  1.414214
31.200000  61.000000  4.242641
31.300000  60.000000  14.142136
31.400000  53.500000  2.121320
31.500000  57.500000  13.435029
31.600000  58.500000  10.606602
31.700000  64.500000  12.020815
31.800000  57.500000  4.949747
31.900000  60.500000  9.192388
32.000000  63.000000  8.485281
32.100000  57.000000  2.828427
32.200000  62.500000  10.606602
32.300000  59.500000  2.121320
32.400000  63.000000  25.455844
32.500000  65.500000  14.849242
32.600000  56.500000  10.606602
32.700000  66.500000  9.192388
32.800000  63.500000  10.606602
32.900000  62.500000  10.606602
33.000000  55.500000  14.849242
33.100000  56.500000  19.091883
33.200000  56.000000  18.384776
33.300000  52.000000  9.899495
33.400000  50.500000  17.677670
33.500000  52.500000  17.677670
33.600000  62.500000  23.334524
33.700000  52.000000  18.384776
33.800000  49.000000  11.313708
33.900000  56.000000  8.485281
34.000000  57.000000  25.455844
34.100000  53.000000  18.384776
34.200000  52.000000  14.142136
34.300000  54.000000  12.727922
34.400000  49.000000  19.798990
34.500000  52.000000  21.213203
34.600000  54.000000  22.627417
34.700000  56.000000  22.627417
34.800000  60.000000  15.556349
34.900000  52.500000  13.435029
35.000000  55.500000  19.091883
35.100000  48.500000  7.778175
35.200000  49.500000  13.435029
35.300000  49.500000  16.263456
35.400000  50.500000  24.748737
35.500000  51.500000  20.506097
35.600000  46.500000  9.192388
35.700000  49.000000  16.970563
35.800000  50.500000  14.849242
35.900000  53.000000  16.970563
36.000000  43.500000  3.535534
36.100000  48.000000  12.727922
36.200000  50.500000  6.363961
36.300000  53.500000  12.020815
36.400000  49.000000  12.727922
36.500000  56.000000  12.727922
36.600000  53.000000  8.485281
36.700000  49.500000  2.121320
36.800000  52.500000  14.849242
36.900000  50.000000  12.727922
37.000000  48.500000  10.606602
37.100000  45.000000  9.899495
37.200000  53.000000  14.142136
37.300000  51.000000  14.142136
37.400000  51.000000  19.798990
37.500000  55.500000  13.435029
37.600000  57.500000  16.263456
37.700000  52.500000  13.435029
37.800000  57.000000  5.656854
37.900000  53.500000  21.920310
38.000000  49.000000  12.727922
38.100000  54.000000  15.556349
38.200000  57.500000  19.091883
38.300000  54.500000  7.778175
38.400000  49.000000  14.142136
38.500000  56.000000  4.242641
38.600000  52.500000  14.849242
38.700000  51.500000  19.091883
38.800000  52.500000  9.192388
38.900000  54.500000  16.263456
39.000000  56.500000  10.606602
39.100000  46.000000  14.142136
39.200000  46.500000  7.778175
39.300000  49.500000  13.435029
39.400000  53.500000  14.849242
39.500000  50.000000  14.142136
39.600000  44.000000  7.071068
39.700000  55.000000  15.556349
39.800000  56.000000  25.455844
39.900000  45.500000  9.192388
40.000000  48.000000  9.899495
40.100000  51.000000  5.656854
40.200000  52.000000  12.727922
40.300000  48.500000  10.606602
40.400000  48.000000  14.142136
40.500000  51.500000  17.677670
40.600000  53.500000  20.506097
40.700000  51.000000  15.556349
40.800000  50.000000  16.970563
40.900000  46.500000  13.435029
41.000000  52.500000  17.677670
41.100000  46.500000  4.949747
41.200000  50.500000  14.849242
41.300000  51.500000  19.091883
41.400000  48.000000  14.142136
41.500000  46.000000  9.899495
41.600000  46.000000  16.970563
41.700000  50.000000  12.727922
41.800000  45.500000  13.435029
41.900000  51.500000  23.334524
42.000000  47.500000  12.020815
42.100000  45.000000  11.313708
42.200000  45.000000  8.485281
42.300000  45.000000  7.071068
42.400000  45.500000  12.020815
42.500000  46.500000  10.606602
42.600000  42.000000  14.142136
42.700000  48.000000  19.798990
42.800000  49.000000  21.213203
42.900000  51.500000  19.091883
43.000000  50.500000  24.748737
43.100000  43.500000  13.435029
43.200000  41.000000  8.485281
43.300000  45.500000  10.606602
43.400000  44.000000  15.556349
43.500000  47.000000  9.899495
43.600000  48.500000  0.707107
43.700000  38.500000  3.535534
43.800000  46.500000  2.121320
43.900000  49.000000  11.313708
44.000000  54.500000  17.677670
44.100000  52.500000  23.334524
44.200000  47.000000  7.071068
44.300000  50.500000  13.435029
44.400000  51.500000  10.606602
44.500000  52.500000  14.849242
44.600000  50.500000  16.263456
44.700000  56.000000  11.313708
44.800000  48.500000  10.606602
44.900000  52.500000  23.334524
45.000000  48.000000  15.556349
45.100000  45.000000  15.556349
45.200000  53.000000  24.041631
45.300000  53.500000  23.334524
45.400000  55.000000  12.727922
45.500000  53.500000  6.363961
45.600000  53.500000  16.263456
45.700000  55.000000  8.485281
45.800000  50.000000  4.242641
45.900000  53.000000  15.556349
46.000000  52.000000  14.142136
46.100000  48.000000  9.899495
46.200000  47.500000  12.020815
46.300000  49.000000  21.213203
46.400000  53.500000  14.849242
46.500000  51.000000  19.798990
46.600000  54.500000  7.778175
46.700000  51.500000  17.677670
46.800000  48.000000  21.213203
46.900000  54.500000  17.677670
47.000000  52.500000  9.192388
47.100000  50.500000  7.778175
47.200000  47.500000  13.435029
47.300000  58.000000  21.213203
47.400000  50.500000  9.192388
47.500000  45.500000  10.606602
47.600000  59.000000  22.627417
47.700000  49.000000  16.970563
47.800000  49.500000  12.020815
47.900000  49.500000  9.192388
48.000000  57.500000  13.435029
48.100000  50.500000  16.263456
48.200000  52.500000  23.334524
48.300000  47.000000  24.041631
48.400000  47.500000  6.363961
48.500000  51.000000  24.041631
48.600000  52.000000  25.455844
48.700000  48.500000  26.162951
48.800000  45.500000  16.263456
48.900000  51.500000  17.677670
49.000000  47.500000  23.334524
49.100000  52.500000  23.334524
49.200000  56.000000  22.627417
49.300000  54.000000  18.384776
49.400000  53.000000  11.313708
49.500000  57.000000  15.556349
49.600000  52.000000  5.656854
49.700000  59.000000  22.627417
49.800000  55.500000  10.606602
49.900000  48.500000  17.677670
50.000000  44.000000  7.071068
50.100000  54.000000  22.627417
50.200000  49.500000  26.162951
50.300000  49.000000  15.556349
50.400000  48.500000  10.606602
50.500000  52.000000  18.384776
50.600000  46.000000  1.414214
50.700000  52.500000  12.020815
50.800000  60.500000  14.849242
50.900000  45.500000  7.778175
51.000000  52.000000  24.041631
51.100000  45.500000  7.778175
51.200000  49.500000  10.606602
51.300000  51.000000  14.142136
51.400000  48.500000  13.435029
51.500000  53.000000  2.828427
51.600000  49.500000  16.263456
51.700000  49.500000  3.535534
51.800000  44.500000  9.192388
51.900000  56.000000  21.213203
52.000000  56.500000  16.263456
52.100000  55.000000  15.556349
52.200000  57.000000  12.727922
52.300000  55.500000  12.020815
52.400000  53.500000  13.435029
52.500000  55.500000  19.091883
52.600000  56.500000  17.677670
52.700000  57.000000  9.899495
52.800000  52.000000  19.798990
52.900000  49.500000  12.020815
53.000000  56.500000  20.506097
53.100000  55.500000  26.162951
53.200000  51.500000  12.020815
53.300000  53.500000  10.606602
53.400000  54.000000  15.556349
53.500000  55.500000  13.435029
53.600000  53.500000  17.677670
53.700000  53.000000  8.485281
53.800000  60.500000  13.435029
53.900000  51.500000  0.707107
54.000000  61.000000  18.384776
54.100000  55.000000  8.485281
54.200000  56.000000  8.485281
54.300000  54.500000  7.778175
54.400000  55.000000  8.485281
54.500000  48.500000  4.949747
54.600000  52.500000  10.606602
54.700000  59.500000  12.020815
54.800000  58.500000  13.435029
54.900000  52.000000  2.828427
55.000000  56.000000  5.656854
55.100000  51.500000  7.778175
55.200000  60.500000  16.263456
55.300000  51.500000  6.363961
55.400000  54.500000  9.192388
55.500000  57.000000  16.970563
55.600000  60.000000  12.727922
55.700000  49.000000  2.828427
55.800000  61.000000  15.556349
55.900000  48.500000  0.707107
56.000000  58.500000  14.849242
56.100000  53.500000  12.020815
56.200000  54.000000  12.727922
56.300000  56.000000  15.556349
56.400000  53.000000  14.142136
56.500000  55.000000  8.485281
56.600000  56.500000  14.849242
56.700000  59.500000  10.606602
56.800000  54.500000  13.435029
56.900000  69.000000  18.384776
57.000000  53.500000  14.849242
57.100000  54.500000  10.606602
57.200000  57.000000  12.727922
57.300000  61.000000  16.970563
57.400000  61.000000  19.798990
57.500000  56.000000  9.899495
57.600000  54.500000  16.263456
57.700000  53.500000  7.778175
57.800000  50.500000  9.192388
57.900000  53.000000  2.828427
58.000000  58.000000  12.727922
58.100000  59.000000  18.384776
58.200000  63.500000  7.778175
58.300000  58.000000  15.556349
58.400000  57.500000  13.435029
58.500000  59.000000  12.727922
58.600000  52.500000  4.949747
58.700000  57.000000  11.313708
58.800000  61.000000  19.798990
58.900000  55.000000  8.485281
59.000000  58.500000  13.435029
59.100000  53.500000  6.363961
59.200000  57.500000  16.263456
59.300000  55.500000  4.949747
59.400000  53.000000  11.313708
59.500000  65.500000  10.606602
59.600000  52.000000  8.485281
59.700000  63.000000  15.556349
59.800000  61.500000  13.435029
59.900000  56.000000  11.313708
60.000000  61.000000  7.071068
60.100000  62.500000  4.949747
60.200000  61.500000  9.192388
60.300000  62.500000  13.435029
60.400000  56.000000  8.485281
60.500000  60.000000  9.899495
60.600000  59.000000  12.727922
60.700000  58.500000  16.263456
60.800000  63.500000  3.535534
60.900000  64.500000  4.949747
61.000000  53.500000  3.535534
61.100000  57.500000  16.263456
61.200000  51.500000  16.263456
61.300000  52.500000  10.606602
61.400000  52.000000  4.242641
61.500000  58.500000  26.162951
61.600000  52.000000  14.142136
61.700000  62.500000  13.435029
61.800000  57.000000  8.485281
61.900000  59.500000  12.020815
62.000000  58.000000  11.313708
62.100000  55.500000  14.849242
62.200000  64.500000  13.435029
62.300000  60.000000  9.899495
62.400000  59.500000  16.263456
62.500000  62.000000  19.798990
62.600000  65.000000  12.727922
62.700000  66.500000  13.435029
62.800000  56.500000  12.020815
62.900000  61.500000  17.677670
63.000000  63.500000  6.363961
63.100000  64.000000  5.656854
63.200000  66.000000  8.485281
63.300000  55.500000  0.707107
63.400000  61.000000  8.485281
63.500000  64.000000  19.798990
63.600000  69.000000  16.970563
63.700000  55.500000  4.949747
63.800000  59.000000  19.798990
63.900000  61.500000  7.778175
64.000000  68.000000  9.899495
64.100000  56.500000  9.192388
64.200000  70.000000  4.242641
64.300000  67.000000  15.556349
64.400000  62.000000  4.242641
64.500000  58.500000  13.435029
64.600000  61.500000  0.707107
64.700000  60.500000  2.121320
64.800000  61.500000  19.091883
64.900000  68.000000  4.242641
65.000000  60.500000  6.363961
65.100000  62.000000  5.656854
65.200000  62.000000  9.899495
65.300000  60.500000  12.020815
65.400000  50.000000  8.485281
65.500000  53.000000  14.142136
65.600000  59.000000  5.656854
65.700000  63.500000  13.435029
65.800000  59.000000  2.828427
65.900000  50.500000  9.192388
66.000000  48.500000  14.849242
66.100000  52.000000  1.414214
66.200000  53.500000  9.192388
66.300000  53.000000  1.414214
66.400000  53.500000  3.535534
66.500000  56.000000  7.071068
66.600000  51.500000  12.020815
66.700000  50.000000  12.727922
66.800000  47.500000  13.435029
66.900000  52.000000  18.384776
67.000000  50.000000  12.727922
67.100000  51.000000  8.485281
67.200000  54.000000  8.485281
67.300000  55.000000  21.213203
67.400000  55.500000  12.020815
67.500000  44.000000  18.384776
67.600000  55.000000  12.727922
67.700000  53.000000  11.313708
67.800000  53.500000  14.849242
67.900000  55.500000  12.020815
68.000000  46.500000  6.363961
68.100000  53.000000  8.485281
68.200000  57.500000  13.435029
68.300000  51.000000  11.313708
68.400000  41.000000  5.656854
68.500000  51.000000  8.485281
68.600000  60.000000  8.485281
68.700000  50.500000  7.778175
68.800000  56.000000  18.384776
68.900000  56.500000  28.991378
69.000000  58.500000  20.506097
69.100000  53.500000  3.535534
69.200000  56.500000  16.263456
69.300000  43.500000  2.121320
69.400000  56.500000  20.506097
69.500000  51.500000  3.535534
69.600000  46.000000  11.313708
69.700000  48.500000  17.677670
69.800000  47.500000  10.606602
69.900000  54.000000  4.242641
70.000000  50.000000  12.727922
70.100000  47.000000  9.899495
70.200000  53.500000  17.677670
70.300000  52.000000  9.899495
70.400000  51.500000  12.020815
70.500000  49.500000  4.949747
70.600000  54.500000  14.849242
70.700000  55.500000  19.091883
70.800000  60.500000  23.334524
70.900000  57.500000  12.020815
71.000000  57.500000  13.435029
71.100000  54.500000  14.849242
71.200000  55.500000  14.849242
71.300000  57.500000  17.677670
71.400000  61.500000  19.091883
71.500000  59.000000  5.656854
71.600000  53.000000  16.970563
71.700000  46.500000  6.363961
71.800000  54.000000  18.384776
71.900000  55.000000  9.899495
72.000000  54.500000  13.435029
72.100000  60.000000  12.727922
72.200000  58.500000  14.849242
72.300000  55.000000  9.899495
72.400000  57.500000  17.677670
72.500000  56.000000  14.142136
72.600000  57.000000  26.870058
72.700000  54.000000  16.970563
72.800000  43.500000  12.020815
72.900000  58.500000  23.334524
73.000000  57.000000  16.970563
73.100000  57.500000  17.677670
73.200000  47.500000  4.949747
73.300000  52.000000  11.313708
73.400000  53.000000  9.899495
73.500000  58.500000  23.334524
73.600000  51.500000  14.849242
73.700000  50.500000  17.677670
73.800000  55.500000  17.677670
73.900000  55.500000  13.435029
74.000000  57.500000  13.435029
74.100000  57.000000  7.071068
74.200000  59.500000  16.263456
74.300000  55.000000  19.798990
74.400000  53.000000  14.142136
74.500000  50.000000  15.556349
74.600000  55.500000  14.849242
74.700000  47.500000  7.778175
74.800000  45.500000  7.778175
74.900000  49.500000  12.020815
75.000000  47.000000  5.656854
75.100000  49.000000  9.899495
75.200000  50.000000  12.727922
75.300000  52.500000  16.263456
75.400000  63.000000  26.870058
75.500000  53.000000  15.556349
75.600000  51.500000  12.020815
75.700000  52.500000  16.263456
75.800000  59.000000  25.455844
75.900000  47.500000  9.192388
76.000000  48.500000  9.192388
76.100000  51.000000  11.313708
76.200000  55.000000  21.213203
76.300000  55.500000  19.091883
76.400000  54.500000  21.920310
76.500000  53.500000  19.091883
76.600000  50.000000  11.313708
76.700000  45.500000  9.192388
76.800000  59.000000  21.213203
76.900000  57.500000  21.920310
77.000000  48.500000  9.192388
77.100000  51.500000  9.192388
77.200000  52.000000  8.485281
77.300000  56.500000  16.263456
77.400000  60.500000  24.748737
77.500000  59.500000  19.091883
77.600000  56.000000  18.384776
77.700000  46.000000  16.970563
77.800000  54.500000  24.748737
77.900000  53.500000  17.677670
78.000000  48.500000  12.020815
78.100000  52.500000  19.091883
78.200000  52.000000  16.970563
78.300000  49.000000  16.970563
78.400000  47.000000  8.485281
78.500000  51.500000  6.363961
78.600000  47.500000  6.363961
78.700000  50.500000  13.435029
78.800000  47.000000  18.384776
78.900000  46.000000  8.485281
79.000000  54.000000  14.142136
79.100000  54.000000  9.899495
79.200000  48.500000  12.020815
79.300000  50.000000  14.142136
79.400000  46.000000  11.313708
79.500000  45.500000  6.363961
79.600000  54.500000  19.091883
79.700000  46.500000  7.778175
79.800000  57.500000  19.091883
79.900000  51.000000  7.071068
80.000000  53.500000  14.849242
80.100000  53.500000  19.091883
80.200000  50.000000  16.970563
80.300000  50.500000  24.748737
80.400000  57.500000  16.263456
80.500000  47.000000  14.142136
80.600000  51.500000  13.435029
80.700000  59.000000  24.041631
80.800000  56.000000  25.455844
80.900000  55.500000  21.920310
81.000000  54.000000  21.213203
81.100000  58.500000  23.334524
81.200000  57.500000  13.435029
81.300000  50.000000  19.798990
81.400000  58.500000  24.748737
81.500000  54.500000  13.435029
81.600000  54.500000  21.920310
81.700000  55.000000  22.627417
81.800000  42.500000  13.435029
81.900000  51.000000  22.627417
82.000000  51.000000  24.041631
82.100000  50.000000  19.798990
82.200000  52.500000  13.435029
82.300000  53.000000  14.142136
82.400000  54.000000  22.627417
82.500000  49.500000  20.506097
82.600000  48.000000  22.627417
82.700000  44.500000  26.162951
82.800000  51.000000  14.142136
82.900000  47.500000  30.405592
83.000000  43.500000  20.506097
83.100000  47.000000  25.455844
83.200000  45.500000  21.920310
83.300000  42.500000  17.677670
83.400000  41.500000  17.677670
83.500000  48.500000  21.920310
83.600000  52.000000  22.627417
83.700000  56.500000  27.577164
83.800000  53.000000  24.041631
83.900000  48.500000  24.748737
84.000000  50.500000  12.020815
84.100000  44.500000  14.849242
84.200000  46.000000  28.284271
84.300000  39.000000  16.970563
84.400000  50.000000  22.627417
84.500000  44.500000  16.263456
84.600000  43.500000  24.748737
84.700000  41.500000  21.920310
84.800000  37.500000  10.606602
84.900000  48.500000  26.162951
85.000000  44.000000  18.384776
85.100000  44.500000  24.748737
85.200000  43.000000  24.041631
85.300000  45.500000  24.748737
85.400000  40.000000  19.798990
85.500000  44.500000  33.234019
85.600000  42.500000  23.334524
85.700000  35.000000  19.798990
85.800000  42.500000  20.506097
85.900000  43.000000  25.455844
86.000000  38.500000  19.091883
86.100000  44.500000  23.334524
86.200000  47.500000  19.091883
86.300000  40.000000  16.970563
86.400000  42.500000  20.506097
86.500000  46.500000  7.778175
86.600000  44.500000  21.920310
86.700000  43.500000  24.748737
86.800000  47.000000  29.698485
86.900000  49.000000  32.526912
87.000000  39.500000  20.506097
87.100000  48.500000  30.405592
87.200000  39.500000  23.334524
87.300000  49.000000  29.698485
87.400000  45.500000  27.577164
87.500000  43.000000  24.041631
87.600000  51.000000  36.769553
87.700000  45.000000  32.526912
87.800000  45.500000  26.162951
87.900000  41.500000  19.091883
88.000000  44.000000  28.284271
88.100000  41.000000  19.798990
88.200000  49.500000  33.234019
88.300000  49.000000  22.627417
88.400000  44.500000  21.920310
88.500000  42.500000  21.920310
88.600000  46.500000  17.677670
88.700000  48.000000  28.284271
88.800000  49.500000  21.920310
88.900000  45.000000  14.142136
89.000000  46.000000  16.970563
89.100000  54.000000  15.556349
89.200000  46.000000  8.485281
89.300000  47.000000  11.313708
89.400000  44.000000  12.727922
89.500000  45.000000  5.656854
89.600000  53.500000  20.506097
89.700000  46.000000  21.213203
89.800000  45.500000  16.263456
89.900000  43.500000  20.506097
90.000000  49.500000  21.920310
90.100000  40.500000  12.020815
90.200000  43.000000  18.384776
90.300000  44.500000  12.020815
90.400000  49.000000  15.556349
90.500000  43.500000  17.677670
90.600000  49.000000  29.698485
90.700000  42.000000  18.384776
90.800000  51.000000  15.556349
90.900000  43.500000  17.677670
91.000000  44.000000  15.556349
91.100000  47.000000  15.556349
91.200000  49.500000  14.849242
91.300000  45.500000  19.091883
91.400000  45.500000  14.849242
91.500000  42.000000  11.313708
91.600000  43.500000  17.677670
91.700000  49.000000  16.970563
91.800000  46.000000  14.142136
91.900000  51.000000  12.727922
92.000000  43.000000  7.071068
92.100000  48.500000  20.506097
92.200000  48.500000  24.748737
92.300000  41.000000  15.556349
92.400000  45.500000  21.920310
92.500000  49.500000  27.577164
92.600000  45.000000  14.142136
92.700000  45.500000  24.748737
92.800000  40.500000  12.020815
92.900000  43.500000  20.506097
93.000000  48.500000  27.577164
93.100000  46.000000  18.384776
93.200000  44.500000  16.263456
93.300000  46.000000  21.213203
93.400000  41.000000  16.970563
93.500000  48.500000  30.405592
93.600000  43.500000  19.091883
93.700000  43.000000  21.213203
93.800000  41.500000  19.091883
93.900000  47.000000  19.798990
94.000000  46.000000  25.455844
94.100000  41.500000  23.334524
94.200000  45.500000  23.334524
94.300000  48.500000  23.334524
94.400000  48.500000  30.405592
94.500000  43.000000  19.798990
94.600000  44.000000  15.556349
94.700000  50.500000  26.162951
94.800000  50.000000  12.727922
94.900000  46.000000  19.798990
95.000000  42.000000  16.970563
95.100000  49.000000  16.970563
95.200000  49.500000  17.677670
95.300000  54.500000  21.920310
95.400000  47.500000  10.606602
95.500000  49.500000  26.162951
95.600000  52.500000  20.506097
95.700000  51.000000  11.313708
95.800000  50.500000  17.677670
95.900000  52.000000  16.970563
96.000000  46.000000  8.485281
96.100000  45.000000  11.313708
96.200000  47.500000  16.263456
96.300000  50.500000  26.162951
96.400000  53.000000  26.870058
96.500000  53.500000  28.991378
96.600000  52.500000  13.435029
96.700000  53.000000  31.112698
96.800000  52.000000  18.384776
96.900000  48.000000  16.970563
97.000000  53.500000  30.405592
97.100000  45.500000  16.263456
97.200000  47.500000  24.748737
97.300000  45.500000  24.748737
97.400000  50.500000  34.648232
97.500000  44.500000  26.162951
97.600000  49.500000  34.648232
97.700000  53.000000  33.941125
97.800000  52.500000  31.819805
97.900000  40.500000  21.920310
98.000000  51.500000  30.405592
98.100000  44.500000  21.920310
98.200000  46.500000  27.577164
98.300000  45.500000  24.748737
98.400000  43.500000  23.334524
98.500000  47.000000  26.870058
98.600000  46.500000  30.405592
98.700000  49.000000  33.941125
98.800000  49.000000  32.526912
98.900000  53.000000  29.698485
99.000000  49.500000  33.234019
99.100000  51.500000  31.819805
99.200000  44.500000  26.162951
99.300000  48.500000  33.234019
99.400000  46.000000  25.455844
99.500000  46.000000  31.112698
99.600000  45.000000  24.041631
99.700000  46.000000  24.041631
99.800000  42.500000  23.334524
99.900000  47.000000  33.941125
100.000000  45.500000  26.162951
