# aggregated from 2 replicates
# x  mean  std
0.000000  59.795227  0.000000
0.100000  58.663128  0.099177
0.200000  62.005616  4.956503
0.300000  49.062933  7.519062
0.400000  54.598614  11.840224
0.500000  53.340010  9.841910
0.600000  51.594082  7.011246
0.700000  51.570518  6.217605
0.800000  49.531794  5.307966
0.900000  52.318055  4.051543
1.000000  49.217472  3.176576
1.100000  49.064445  2.681080
1.200000  47.314827  1.718310
1.300000  47.221951  1.378840
1.400000  48.753709  0.903074
1.500000  49.813331  2.972243
1.600000  46.432400  4.274251
1.700000  47.754045  3.248382
1.800000  47.156660  3.256553
1.900000  49.252255  0.572884
2.000000  47.197413  6.741647
2.100000  41.340777  0.752053
2.200000  46.285322  0.120392
2.300000  46.519071  4.793637
2.400000  45.401013  1.179536
2.500000  47.154755  1.473497
2.600000  48.606089  1.806338
2.700000  46.519306  1.517695
2.800000  48.605038  3.175771
2.900000  48.237036  0.379769
3.000000  47.503977  3.064256
3.100000  50.729147  2.487079
3.200000  48.893717  0.551689
3.300000  49.636314  0.558189
3.400000  48.367561  4.546376
3.500000  44.444807  2.171087
3.600000  49.411083  0.366071
3.700000  46.109718  3.128657
3.800000  47.640011  1.481097
3.900000  48.324378  6.399241
4.000000  47.697148  1.930245
4.100000  47.423468  3.558227
4.200000  48.169044  6.237377
4.300000  45.948047  2.235372
4.400000  46.260020  2.776127
4.500000  49.989337  1.485648
4.600000  50.084412  3.370428
4.700000  47.294169  0.936407
4.800000  50.759999  4.270545
4.900000  49.917753  3.773631
5.000000  49.233892  1.907623
5.100000  48.612572  1.692431
5.200000  48.813752  0.048904
5.300000  49.959040  6.389181
5.400000  49.565113  0.763088
5.500000  46.574308  2.236461
5.600000  50.805594  2.796781
5.700000  47.385710  2.372508
5.800000  48.082845  2.533134
5.900000  52.172049  1.880244
6.000000  49.832067  3.442226
6.100000  49.136564  3.039729
6.200000  51.913121  1.425281
6.300000  46.472503  6.125807
6.400000  47.526896  6.037230
6.500000  48.312589  1.546015
6.600000  50.029281  1.169976
6.700000  49.645617  2.585322
6.800000  48.916654  4.687637
6.900000  51.058864  4.547450
7.000000  48.308187  2.981434
7.100000  47.568221  5.773322
7.200000  50.156258  0.130139
7.300000  51.759929  3.395418
7.400000  47.716217  1.252775
7.500000  50.587218  4.636171
7.600000  53.125376  4.197711
7.700000  47.231965  0.883239
7.800000  44.120479  5.881186
7.900000  48.111703  1.581881
8.000000  45.952741  4.612993
8.100000  48.139752  2.152063
8.200000  44.504587  0.772502
8.300000  46.453581  2.909966
8.400000  47.121830  1.056265
8.500000  46.449269  1.183268
8.600000  46.748873  5.326848
8.700000  46.667220  1.705093
8.800000  48.593926  1.616153
8.900000  48.052873  2.665985
9.000000  49.813528  3.579341
9.100000  51.182291  0.751010
9.200000  50.005617  0.131069
9.300000  51.235006  0.003767
9.400000  49.922329  2.847091
9.500000  47.623015  0.240989
9.600000  47.954605  0.190351
9.700000  46.360717  2.340250
9.800000  51.458309  2.015073
9.900000  48.898892  0.660772
10.000000  50.069181  1.262014
10.100000  46.749128  1.491281
10.200000  49.736033  5.722410
10.300000  54.064527  8.913067
10.400000  52.322270  1.107317
10.500000  50.213295  3.515309
10.600000  52.800213  1.081239
10.700000  53.091428  1.918439
10.800000  55.576266  8.499305
10.900000  53.439677  7.043201
11.000000  50.466079  8.380871
11.100000  48.311221  1.582813
11.200000  49.667337  3.621635
11.300000  48.985916  2.655040
11.400000  49.731099  7.959774
11.500000  53.313958  0.024117
11.600000  50.668369  0.433653
11.700000  51.395857  2.078558
11.800000  54.027372  0.785746
11.900000  51.213305  0.474715
12.000000  48.480932  3.290143
12.100000  48.800714  14.337989
12.200000  48.332233  6.883272
12.300000  44.212764  9.007593
12.400000  54.094579  3.114271
12.500000  50.731589  6.079063
12.600000  54.366464  1.837958
12.700000  55.361908  3.836809
12.800000  60.935391  14.467464
12.900000  57.799570  3.062103
13.000000  57.161420  3.728643
13.100000  57.037553  3.864744
13.200000  57.582880  3.623367
13.300000  57.485564  9.964412
13.400000  54.108531  3.836605
13.500000  51.991415  1.530081
13.600000  49.689942  1.243347
13.700000  54.669290  3.946207
13.800000  51.454350  2.667317
13.900000  51.384277  4.976210
14.000000  56.881141  7.754386
14.100000  52.676986  6.535480
14.200000  54.333299  6.243163
14.300000  56.391167  6.652742
14.400000  56.569210  7.276197
14.500000  56.758257  3.961586
14.600000  58.559266  8.861220
14.700000  53.775345  0.347858
14.800000  55.301586  8.764438
14.900000  54.915273  2.816916
15.000000  51.679669  1.118098
15.100000  57.656104  5.394955
15.200000  57.107375  4.656236
15.300000  57.283297  9.353298
15.400000  54.220605  3.062100
15.500000  51.747154  2.190924
15.600000  53.880616  1.313205
15.700000  53.291938  7.319581
15.800000  57.618415  10.118190
15.900000  57.815362  11.254212
16.000000  60.398527  17.336965
16.100000  60.191349  14.182002
16.200000  62.025052  14.222498
16.300000  59.652847  11.117883
16.400000  59.386858  12.673367
16.500000  55.694674  8.703608
16.600000  52.997522  8.235229
16.700000  58.273409  11.533197
16.800000  47.063863  2.970207
16.900000  52.173145  6.680574
17.000000  51.085819  6.528018
17.100000  56.170141  13.012407
17.200000  59.793388  14.287905
17.300000  53.758926  3.387683
17.400000  53.502702  7.591962
17.500000  56.175702  4.917270
17.600000  54.882341  10.274336
17.700000  55.650924  8.087515
17.800000  56.747472  8.472255
17.900000  56.584437  9.625827
18.000000  55.180319  3.799003
18.100000  53.358341  3.776401
18.200000  60.844557  11.478098
18.300000  68.240592  27.892200
18.400000  67.163520  19.220866
18.500000  62.358552  18.859133
18.600000  57.296564  12.913328
18.700000  57.906993  5.726110
18.800000  58.301928  11.152050
18.900000  61.307305  17.706215
19.000000  51.653623  0.957894
19.100000  63.925834  18.482899
19.200000  65.912466  21.843351
19.300000  53.714612  7.082295
19.400000  60.072792  13.494955
19.500000  62.311434  18.695302
19.600000  57.416742  10.102889
19.700000  64.219502  13.070375
19.800000  56.783221  10.926882
19.900000  66.199891  23.544831
20.000000  59.942280  9.009305
20.100000  66.714746  22.035579
20.200000  62.370958  20.422143
20.300000  55.295040  1.297352
20.400000  58.669219  9.549689
20.500000  59.451472  9.363033
20.600000  56.028572  11.396415
20.700000  62.201978  11.326286
20.800000  61.913321  17.308937
20.900000  57.323588  9.206914
21.000000  55.633423  13.242822
21.100000  55.917019  9.203355
21.200000  57.100304  12.009940
21.300000  53.995954  8.273634
21.400000  53.453902  6.386028
21.500000  52.227740  6.146268
21.600000  54.631765  7.843767
21.700000  55.688023  9.487310
21.800000  60.858213  8.359458
21.900000  58.566080  13.221790
22.000000  60.992820  13.792617
22.100000  59.705036  11.788018
22.200000  59.270171  11.168252
22.300000  55.804091  9.460077
22.400000  53.962773  5.385410
22.500000  53.674125  5.953532
22.600000  56.589162  11.290257
22.700000  55.652147  5.162607
22.800000  61.971353  16.138263
22.900000  60.864938  13.986315
23.000000  66.135078  21.413761
23.100000  56.568134  11.667398
23.200000  56.747604  15.335265
23.300000  59.607305  10.048450
23.400000  54.905225  10.717337
23.500000  53.936212  7.068910
23.600000  57.815575  10.249533
23.700000  57.918520  9.356206
23.800000  59.411806  18.243283
23.900000  55.750968  11.468070
24.000000  61.392646  13.578376
24.100000  56.115179  9.510930
24.200000  63.002907  15.122991
24.300000  56.334779  9.624998
24.400000  59.295826  13.012009
24.500000  52.196472  6.903462
24.600000  54.437377  1.849550
24.700000  56.129567  4.327662
24.800000  58.384003  6.832717
24.900000  56.698028  11.347970
25.000000  61.916976  19.288785
25.100000  59.942151  17.459418
25.200000  60.494110  21.383197
25.300000  61.647126  12.926319
25.400000  61.368257  16.929210
25.500000  55.936449  11.534141
25.600000  58.387691  19.270846
25.700000  66.012517  28.687570
25.800000  63.376154  22.577287
25.900000  56.900835  16.298516
26.000000  56.904544  10.226568
26.100000  55.803396  8.979724
26.200000  55.944139  11.997858
26.300000  62.363229  16.582584
26.400000  59.803888  13.966344
26.500000  59.835175  11.611728
26.600000  60.367638  17.289674
26.700000  59.596585  18.388098
26.800000  59.848099  17.422932
26.900000  54.175171  8.953241
27.000000  50.048581  2.265795
27.100000  55.056137  11.419257
27.200000  54.754037  6.661834
27.300000  56.083996  10.815077
27.400000  55.972286  10.859709
27.500000  54.738762  3.668987
27.600000  49.453200  6.592696
27.700000  52.354083  4.998151
27.800000  50.936676  10.464963
27.900000  54.106821  9.080138
28.000000  53.684565  8.569418
28.100000  54.791588  4.211469
28.200000  54.732644  9.285530
28.300000  52.549900  8.690929
28.400000  55.394511  10.557567
28.500000  52.273559  2.908544
28.600000  54.545136  9.759138
28.700000  54.498491  5.070428
28.800000  53.983207  9.549277
28.900000  51.690431  8.724955
29.000000  52.341307  11.657727
29.100000  55.231969  7.789716
29.200000  55.573949  10.442663
29.300000  51.569776  5.788265
29.400000  52.682908  7.400293
29.500000  52.453212  6.857608
29.600000  52.565570  2.706180
29.700000  57.655588  12.179096
29.800000  54.722644  10.878264
29.900000  54.812549  12.081660
30.000000  54.660639  12.054153
30.100000  54.710213  10.718410
30.200000  58.608809  10.272943
30.300000  56.231569  7.287657
30.400000  56.547367  7.330822
30.500000  57.005007  12.563083
30.600000  50.552253  8.157161
30.700000  61.932400  22.943784
30.800000  60.492391  18.004165
30.900000  57.448816  19.306960
31.000000  59.008006  17.253108
31.100000  58.418112  14.443509
31.200000  62.686923  20.048480
31.300000  53.146557  3.662924
31.400000  57.210459  13.957621
31.500000  69.231468  29.363588
31.600000  59.060298  15.257206
31.700000  61.383924  16.747317
31.800000  60.100398  15.443975
31.900000  61.417825  12.123223
32.000000  53.952948  7.481725
32.100000  53.996999  10.413320
32.200000  57.079582  16.857340
32.300000  59.071790  14.442217
32.400000  56.333792  13.292092
32.500000  59.229788  17.922775
32.600000  57.911110  10.771650
32.700000  58.855989  14.927673
32.800000  59.739084  12.002685
32.900000  55.605833  15.714298
33.000000  55.069407  10.882680
33.100000  58.744186  12.008421
33.200000  58.091718  9.425999
33.300000  60.940436  10.647802
33.400000  54.532942  13.233274
33.500000  57.843183  7.857955
33.600000  57.851104  12.597636
33.700000  55.506682  9.904967
33.800000  57.458634  10.673523
33.900000  54.655047  7.908214
34.000000  55.885984  14.668867
34.100000  59.359401  6.926616
34.200000  53.115025  13.085408
34.300000  61.479251  22.780607
34.400000  61.222274  8.869948
34.500000  57.484794  13.274819
34.600000  60.394674  13.571184
34.700000  59.988628  14.085576
34.800000  58.338990  7.890915
34.900000  63.885079  18.810638
35.000000  59.626058  13.932986
35.100000  59.668505  15.366819
35.200000  60.604620  13.818144
35.300000  58.631033  16.425052
35.400000  59.665645  18.751345
35.500000  58.509047  14.487462
35.600000  54.989663  9.032665
35.700000  58.873054  9.321118
35.800000  57.048837  9.045217
35.900000  57.398991  13.200826
36.000000  55.782130  15.076139
36.100000  57.880680  18.374475
36.200000  59.061830  17.845966
36.300000  61.540220  21.178363
36.400000  58.716603  12.733591
36.500000  61.114900  19.872675
36.600000  59.325231  8.607080
36.700000  59.728962  19.245445
36.800000  58.591822  16.950472
36.900000  57.676885  14.063454
37.000000  61.956597  14.670158
37.100000  58.367793  8.747156
37.200000  60.611356  16.974706
37.300000  63.478825  14.359244
37.400000  61.798542  14.921683
37.500000  57.905535  10.284261
37.600000  62.562486  16.204406
37.700000  59.337621  16.055260
37.800000  56.462953  18.636595
37.900000  56.724925  11.830876
38.000000  61.750563  16.784290
38.100000  58.356428  13.981625
38.200000  57.496913  15.352344
38.300000  62.686857  18.980761
38.400000  57.856552  16.860335
38.500000  55.061285  21.075168
38.600000  54.764893  22.952441
38.700000  58.449661  15.571597
38.800000  52.472058  11.257756
38.900000  61.203153  9.172888
39.000000  54.845222  3.679709
39.100000  55.928945  9.338938
39.200000  60.393394  14.393405
39.300000  53.456672  11.026733
39.400000  62.257422  19.635742
39.500000  62.322335  16.214174
39.600000  58.401742  18.036190
39.700000  62.358922  23.135610
39.800000  62.623452  17.755646
39.900000  60.532646  16.287679
40.000000  62.980230  15.980692
40.100000  59.595636  13.173201
40.200000  60.092230  14.030727
40.300000  58.960439  12.837314
40.400000  58.500016  16.779931
40.500000  63.922950  17.917971
40.600000  63.407300  16.438787
40.700000  65.565691  22.965733
40.800000  62.509694  23.777450
40.900000  63.344031  22.383332
41.000000  62.585047  15.220097
41.100000  64.334895  23.614175
41.200000  64.991465  16.635390
41.300000  58.246147  12.011505
41.400000  57.350279  16.711115
41.500000  61.374268  16.827726
41.600000  63.286055  23.230769
41.700000  65.809311  17.982525
41.800000  67.191355  18.983154
41.900000  59.987010  16.692796
42.000000  59.566648  13.252264
42.100000  63.360656  16.681412
42.200000  60.327662  16.729818
42.300000  59.895612  15.614467
42.400000  60.040256  14.088301
42.500000  58.108777  13.600456
42.600000  56.429645  13.810982
42.700000  59.022280  12.010209
42.800000  64.230143  20.651206
42.900000  61.491629  14.601379
43.000000  62.006593  15.399247
43.100000  64.184445  19.365357
43.200000  64.775331  17.836993
43.300000  58.840792  17.642855
43.400000  58.448837  17.257169
43.500000  61.793198  15.402276
43.600000  60.934974  15.830141
43.700000  61.274092  20.250300
43.800000  59.573150  12.491537
43.900000  64.005618  21.622492
44.000000  58.177598  8.239969
44.100000  61.331079  19.246343
44.200000  60.857873  11.269355
44.300000  61.911867  16.152684
44.400000  55.451093  18.718181
44.500000  62.231934  13.638017
44.600000  60.726935  20.980070
44.700000  59.800539  14.284273
44.800000  59.407833  10.747620
44.900000  57.830759  15.652242
45.000000  58.250065  12.423110
45.100000  59.303197  11.592908
45.200000  57.225383  15.376907
45.300000  58.237171  14.446290
45.400000  60.085518  16.338974
45.500000  59.612056  13.632165
45.600000  61.889022  19.073242
45.700000  59.123659  11.467148
45.800000  60.205620  18.144646
45.900000  63.545869  16.358231
46.000000  60.600339  16.717486
46.100000  59.029600  13.972739
46.200000  62.401473  17.634837
46.300000  64.295381  22.460618
46.400000  62.960041  18.207944
46.500000  56.995204  7.802578
46.600000  59.811194  15.070441
46.700000  61.991514  15.772990
46.800000  59.442816  14.011187
46.900000  60.185480  15.677799
47.000000  57.396616  16.106244
47.100000  63.527264  17.577392
47.200000  61.102819  18.728483
47.300000  63.776081  17.785156
47.400000  58.725136  18.945150
47.500000  58.905185  19.360725
47.600000  62.119860  18.618158
47.700000  58.896001  22.908541
47.800000  57.619317  10.953858
47.900000  63.742382  18.166497
48.000000  64.248796  17.770562
48.100000  57.316594  10.201921
48.200000  57.688254  13.304051
48.300000  55.986021  9.423505
48.400000  59.691185  16.031590
48.500000  62.289634  15.686340
48.600000  59.072691  16.190314
48.700000  57.357153  18.345196
48.800000  64.518703  22.639066
48.900000  56.876995  21.156595
49.000000  58.710928  25.558731
49.100000  61.448382  27.657747
49.200000  53.846452  13.311481
49.300000  54.711980  9.402310
49.400000  54.315708  17.174605
49.500000  63.964957  20.647492
49.600000  60.840825  21.145841
49.700000  59.307457  21.653527
49.800000  61.331457  16.246873
49.900000  63.595328  20.877898
50.000000  64.441966  24.819449
50.100000  61.897881  18.868746
50.200000  58.925569  18.849761
50.300000  65.291646  22.868113
50.400000  63.468801  22.231988
50.500000  61.892544  20.134598
50.600000  63.849639  22.012252
50.700000  65.644025  22.504469
50.800000  63.698058  19.993454
50.900000  59.113118  17.761257
51.000000  62.118353  23.656999
51.100000  66.945719  29.306311
51.200000  66.662499  24.510036
51.300000  59.044530  14.115476
51.400000  57.845634  15.024044
51.500000  64.047259  27.587675
51.600000  61.558426  17.982223
51.700000  60.812669  15.713658
51.800000  54.966318  14.398467
51.900000  60.486812  20.823257
52.000000  57.967091  21.455310
52.100000  63.601235  27.668388
52.200000  63.528522  23.684346
52.300000  60.676914  19.312493
52.400000  64.696961  27.565685
52.500000  64.557888  20.468457
52.600000  54.942476  8.693456
52.700000  61.013497  18.278355
52.800000  62.604028  19.218136
52.900000  64.731035  25.225988
53.000000  68.244900  28.240344
53.100000  62.141945  19.731899
53.200000  62.561753  15.378153
53.300000  60.752042  16.453825
53.400000  59.504980  15.046145
53.500000  56.729478  12.660113
53.600000  57.928667  15.942730
53.700000  62.578098  20.447298
53.800000  59.962129  14.767287
53.900000  61.597492  14.751981
54.000000  60.046506  17.458135
54.100000  60.845771  12.940150
54.200000  60.375830  13.448564
54.300000  65.817773  26.615508
54.400000  61.601535  16.398663
54.500000  57.326729  13.903237
54.600000  59.047439  21.318610
54.700000  58.616425  18.578563
54.800000  63.652825  24.382196
54.900000  61.851098  23.409324
55.000000  62.781177  23.084842
55.100000  61.891944  19.109749
55.200000  62.435992  20.138507
55.300000  59.915139  13.763620
55.400000  62.490555  17.558550
55.500000  61.157179  14.366912
55.600000  63.007732  20.223830
55.700000  62.602902  18.286870
55.800000  66.475545  23.241073
55.900000  60.319437  19.399352
56.000000  63.260617  17.728933
56.100000  65.199732  25.630265
56.200000  62.111171  25.186062
56.300000  63.020048  18.851125
56.400000  61.281709  17.130422
56.500000  62.231479  22.511237
56.600000  57.528275  16.763943
56.700000  57.188277  13.447729
56.800000  60.007000  17.910171
56.900000  62.535005  26.056470
57.000000  65.412035  25.814650
57.100000  58.710592  14.740287
57.200000  67.549099  24.705525
57.300000  66.857309  28.670079
57.400000  63.442031  25.642141
57.500000  62.742905  22.121701
57.600000  63.694450  22.139817
57.700000  58.721386  16.549868
57.800000  61.558374  20.895659
57.900000  61.623480  21.265218
58.000000  55.033246  17.146414
58.100000  58.272779  14.649318
58.200000  62.983781  21.139564
58.300000  63.513113  22.173726
58.400000  65.355633  26.702185
58.500000  58.725529  19.642851
58.600000  61.128722  23.984971
58.700000  60.374170  24.767801
58.800000  59.737457  21.278695
58.900000  61.091290  12.992283
59.000000  60.978292  18.546226
59.100000  53.657920  9.061710
59.200000  63.692980  24.114188
59.300000  63.345612  23.506979
59.400000  62.924009  24.755385
59.500000  64.484877  27.549608
59.600000  64.829932  29.923896
59.700000  65.418762  33.385422
59.800000  61.452027  19.974923
59.900000  55.902406  21.984929
60.000000  66.678461  31.602571
60.100000  57.663938  10.368392
60.200000  61.059462  18.923430
60.300000  62.401468  29.614518
60.400000  59.803464  23.194377
60.500000  63.443342  22.850796
60.600000  66.754142  24.323622
60.700000  68.770388  24.995216
60.800000  67.904468  25.539678
60.900000  66.875302  29.329251
61.000000  63.299271  29.090314
61.100000  62.610560  16.283312
61.200000  64.463400  21.296578
61.300000  66.273100  31.125716
61.400000  66.364489  25.111330
61.500000  66.218449  24.583127
61.600000  66.330231  28.978857
61.700000  67.519421  28.458662
61.800000  67.524602  26.384270
61.900000  67.208642  24.703550
62.000000  68.532061  29.991740
62.100000  67.203165  30.756816
62.200000  65.824635  27.035434
62.300000  63.064661  26.432422
62.400000  64.864815  27.300062
62.500000  67.154062  30.306779
62.600000  66.300991  30.206006
62.700000  65.967586  31.393635
62.800000  66.812719  28.772928
62.900000  64.025875  27.782639
63.000000  61.903485  16.723532
63.100000  67.941041  28.067694
63.200000  67.080521  21.672752
63.300000  67.446042  26.116072
63.400000  63.745445  23.623395
63.500000  66.128335  23.595148
63.600000  66.521739  24.446927
63.700000  69.345766  26.136058
63.800000  66.216140  25.800513
63.900000  68.210493  22.944629
64.000000  66.693962  28.312744
64.100000  68.993111  25.338964
64.200000  68.781959  24.433512
64.300000  66.596220  28.203874
64.400000  67.758668  29.000561
64.500000  68.849285  29.755481
64.600000  67.266869  24.273026
64.700000  67.019505  25.192778
64.800000  69.515031  27.806332
64.900000  68.033007  26.450649
65.000000  70.911978  24.409253
65.100000  66.451732  28.275708
65.200000  66.801205  28.116217
65.300000  66.966197  27.253558
65.400000  68.194740  28.885712
65.500000  64.353146  34.668953
65.600000  62.684155  25.959113
65.700000  68.882644  27.205556
65.800000  68.218692  30.760589
65.900000  67.411862  30.711811
66.000000  66.674849  31.147826
66.100000  65.884263  30.871012
66.200000  67.739638  28.008152
66.300000  65.873597  27.122351
66.400000  64.021970  32.384167
66.500000  66.679962  31.563557
66.600000  66.531064  31.429431
66.700000  66.760020  32.741964
66.800000  65.704200  30.801732
66.900000  65.740574  32.270919
67.000000  64.925135  32.547343
67.100000  65.712242  29.507623
67.200000  65.830816  29.322121
67.300000  68.305250  25.666947
67.400000  66.873556  30.347219
67.500000  64.990161  32.344285
67.600000  65.083030  25.847361
67.700000  66.410391  27.665428
67.800000  67.013717  27.703190
67.900000  68.270803  23.860516
68.000000  66.855895  31.139532
68.100000  66.465299  31.808424
68.200000  61.669422  24.224971
68.300000  64.402734  31.371051
68.400000  60.756811  30.239257
68.500000  66.433480  27.244295
68.600000  66.107447  29.791007
68.700000  67.209245  24.946993
68.800000  68.551739  29.594257
68.900000  62.187693  32.019772
69.000000  65.257250  26.229190
69.100000  65.473813  24.502684
69.200000  63.158666  32.837672
69.300000  67.690604  24.687079
69.400000  69.187398  25.403504
69.500000  66.481621  25.349986
69.600000  65.927248  31.394378
69.700000  63.825255  18.018143
69.800000  61.923763  16.014113
69.900000  65.568958  30.719876
70.000000  67.320453  27.113066
70.100000  66.828271  29.259116
70.200000  66.173426  27.010109
70.300000  69.504290  27.290206
70.400000  68.729013  26.896097
70.500000  66.737267  29.911279
70.600000  66.453530  30.643856
70.700000  68.358072  29.375876
70.800000  62.679455  31.154880
70.900000  67.030111  28.112282
71.000000  64.599741  27.281127
71.100000  64.696363  29.663067
71.200000  63.235906  25.264566
71.300000  62.183588  31.147177
71.400000  64.817447  29.703432
71.500000  60.952221  37.563038
71.600000  63.731730  31.722644
71.700000  63.988931  33.135704
71.800000  63.924660  28.994220
71.900000  63.392287  35.706646
72.000000  64.296264  35.134834
72.100000  61.934931  31.608796
72.200000  60.901209  31.399087
72.300000  59.672807  29.179374
72.400000  62.316532  34.791608
72.500000  59.645090  30.704632
72.600000  62.015609  34.109779
72.700000  56.435826  25.263175
72.800000  59.445398  24.331894
72.900000  55.009241  25.782129
73.000000  58.855043  27.048598
73.100000  57.633317  24.001376
73.200000  51.587880  19.170372
73.300000  58.590532  30.701693
73.400000  58.413801  27.494680
73.500000  56.911036  29.848503
73.600000  60.968134  32.497241
73.700000  62.763979  32.235607
73.800000  54.911859  24.787408
73.900000  58.713178  24.418878
74.000000  56.956716  26.611026
74.100000  56.989690  29.090470
74.200000  54.900974  26.313775
74.300000  54.764539  25.564715
74.400000  57.687196  21.557411
74.500000  63.380617  29.025982
74.600000  57.604717  27.528124
74.700000  57.641306  26.390465
74.800000  56.186841  24.982381
74.900000  61.266719  33.945903
75.000000  57.475068  33.562899
75.100000  58.084415  29.800967
75.200000  58.498580  26.881742
75.300000  59.736584  33.305733
75.400000  58.111642  35.178443
75.500000  56.538612  30.907419
75.600000  58.248593  33.937592
75.700000  59.005865  36.217253
75.800000  58.325929  32.913431
75.900000  57.644215  30.572853
76.000000  57.127443  31.335353
76.100000  60.804416  38.730733
76.200000  60.356576  39.758318
76.300000  59.004014  36.592679
76.400000  59.360031  36.714620
76.500000  61.420756  36.838894
76.600000  60.180870  35.791143
76.700000  58.123375  36.539017
76.800000  58.838872  31.954913
76.900000  57.459269  31.794002
77.000000  54.075373  32.295335
77.100000  55.181349  31.167351
77.200000  51.118485  28.201032
77.300000  53.085748  26.304201
77.400000  54.394616  32.428806
77.500000  56.924067  27.412174
77.600000  55.262322  25.899115
77.700000  54.188227  25.660996
77.800000  54.431158  25.004962
77.900000  53.426565  22.771402
78.000000  58.238948  34.457374
78.100000  61.333000  31.528088
78.200000  59.325344  30.786359
78.300000  53.250073  31.751050
78.400000  56.726824  25.102341
78.500000  54.555683  29.683710
78.600000  55.731362  32.025344
78.700000  53.559764  28.491734
78.800000  56.840116  36.126572
78.900000  51.612338  26.671471
79.000000  58.111397  25.883108
79.100000  58.028642  33.031522
79.200000  55.346078  27.416916
79.300000  57.796649  23.022379
79.400000  56.076318  28.891639
79.500000  58.874233  25.769920
79.600000  58.191542  24.614219
79.700000  56.779560  32.799990
79.800000  59.701130  34.416434
79.900000  55.111569  31.577025
80.000000  55.408176  29.958160
80.100000  57.096129  26.487084
80.200000  55.902164  30.620699
80.300000  54.996440  34.021241
80.400000  55.210741  33.439563
80.500000  58.055199  27.666166
80.600000  57.146344  27.752300
80.700000  58.649272  28.793741
80.800000  59.230149  28.642454
80.900000  56.790287  31.520330
81.000000  57.917762  27.930089
81.100000  55.060910  27.804561
81.200000  54.895443  35.322597
81.300000  52.667746  28.083269
81.400000  57.534843  34.934295
81.500000  55.677594  34.326221
81.600000  54.421945  32.462953
81.700000  52.316377  28.327161
81.800000  54.875048  27.140290
81.900000  58.118574  24.538507
82.000000  56.094245  24.753706
82.100000  54.076005  25.616973
82.200000  59.580607  30.248456
82.300000  55.847464  21.279831
82.400000  57.039428  21.549467
82.500000  57.686769  21.483425
82.600000  53.224469  25.405297
82.700000  58.528521  22.459968
82.800000  56.374002  30.209087
82.900000  57.812150  32.353467
83.000000  58.770429  40.866425
83.100000  57.904151  38.571536
83.200000  57.566830  40.695454
83.300000  55.416182  33.772751
83.400000  56.841415  34.103860
83.500000  55.387349  38.143040
83.600000  55.226469  34.058733
83.700000  50.065254  33.807624
83.800000  54.471001  34.213652
83.900000  54.191311  32.018448
84.000000  52.890435  31.005821
84.100000  52.068235  32.925535
84.200000  51.774436  32.449939
84.300000  58.254444  32.984957
84.400000  52.355962  26.439697
84.500000  50.248543  29.362429
84.600000  53.079249  32.335386
84.700000  54.442392  29.657511
84.800000  54.921256  31.403635
84.900000  55.325185  30.006571
85.000000  53.846640  31.700292
85.100000  51.819435  32.957353
85.200000  52.599316  35.787762
85.300000  56.659799  32.863213
85.400000  52.707231  33.992387
85.500000  57.831468  29.128977
85.600000  55.097816  29.553041
85.700000  59.689940  32.897997
85.800000  55.053960  27.895157
85.900000  54.115772  37.729707
86.000000  56.368439  29.104260
86.100000  57.656203  32.785381
86.200000  56.218063  29.545540
86.300000  53.459412  32.742334
86.400000  57.065694  36.298733
86.500000  53.337582  29.052401
86.600000  50.900278  26.391081
86.700000  55.228468  32.457736
86.800000  58.537086  35.626823
86.900000  55.376345  30.791687
87.000000  58.282692  30.907918
87.100000  56.350803  30.464278
87.200000  55.877084  27.489328
87.300000  61.555951  30.340420
87.400000  58.865759  27.469145
87.500000  59.045952  33.907806
87.600000  55.898590  31.015987
87.700000  56.729071  31.856088
87.800000  54.223990  31.512529
87.900000  56.149347  32.484932
88.000000  63.318720  32.980204
88.100000  59.315216  30.755485
88.200000  60.501666  25.759290
88.300000  57.888638  33.125795
88.400000  62.095245  26.727685
88.500000  58.975580  26.072593
88.600000  59.944858  28.611064
88.700000  61.266471  24.997516
88.800000  57.974258  24.469049
88.900000  60.071084  22.511875
89.000000  58.375517  25.128423
89.100000  64.030851  19.582786
89.200000  60.718339  21.644378
89.300000  59.642518  28.500490
89.400000  60.345759  29.732577
89.500000  57.486728  28.999068
89.600000  58.545123  29.939873
89.700000  59.769317  30.167427
89.800000  61.529068  33.653540
89.900000  64.368663  33.241154
90.000000  62.544622  31.317272
90.100000  59.985518  31.738455
90.200000  57.078737  35.948928
90.300000  54.341794  31.228216
90.400000  57.612507  29.216647
90.500000  56.131842  32.888216
90.600000  56.654664  29.658433
90.700000  58.354210  32.189324
90.800000  59.105038  30.119655
90.900000  58.206964  33.067407
91.000000  59.243752  31.394483
91.100000  60.255719  29.201064
91.200000  59.054594  30.318241
91.300000  59.569845  31.505244
91.400000  59.448185  31.741783
91.500000  59.519306  31.538987
91.600000  61.132947  34.592880
91.700000  59.271077  31.847801
91.800000  60.382411  33.139797
91.900000  54.251711  33.547001
92.000000  56.693877  30.424403
92.100000  58.368695  28.323621
92.200000  56.729538  33.950107
92.300000  56.365147  28.742943
92.400000  56.112251  29.698648
92.500000  57.655285  25.996032
92.600000  59.162889  32.718836
92.700000  58.889764  30.810308
92.800000  55.590684  31.576209
92.900000  59.185327  33.714139
93.000000  59.647087  34.145402
93.100000  55.201098  31.541412
93.200000  52.898200  30.229427
93.300000  56.116097  30.856945
93.400000  58.925268  30.647071
93.500000  56.512600  33.557299
93.600000  61.507671  31.790563
93.700000  55.550648  34.746666
93.800000  59.463825  27.806911
93.900000  58.157692  26.299275
94.000000  57.087516  28.880741
94.100000  56.665645  25.430119
94.200000  58.900431  33.793904
94.300000  52.725138  32.053631
94.400000  60.775736  34.460501
94.500000  49.883359  24.578437
94.600000  55.657607  33.171914
94.700000  56.827855  33.049357
94.800000  56.482299  31.985463
94.900000  54.703130  29.598500
95.000000  55.366694  26.812447
95.100000  55.416946  35.816957
95.200000  56.884902  29.710046
95.300000  58.074195  36.004595
95.400000  58.063153  34.852035
95.500000  57.387543  31.846811
95.600000  54.407430  34.793840
95.700000  52.038629  36.131221
95.800000  61.392318  35.021116
95.900000  58.399023  30.602201
96.000000  58.253698  33.712439
96.100000  55.127936  35.202211
96.200000  60.333267  30.636150
96.300000  54.739371  29.227400
96.400000  56.723315  30.283505
96.500000  54.326171  27.528332
96.600000  56.149766  24.694516
96.700000  53.201988  24.353605
96.800000  55.661336  30.218539
96.900000  59.043924  26.310931
97.000000  55.999918  30.228048
97.100000  58.724772  35.514957
97.200000  56.462978  22.875331
97.300000  52.386235  23.794055
97.400000  57.834074  28.170479
97.500000  54.779967  23.983036
97.600000  54.337058  19.711792
97.700000  56.394016  19.804681
97.800000  53.132283  23.881421
97.900000  58.696955  27.023438
98.000000  58.244850  23.683819
98.100000  57.358525  23.963697
98.200000  57.038223  26.774026
98.300000  53.227407  25.310356
98.400000  55.655188  26.553909
98.500000  59.008650  27.415379
98.600000  57.496066  26.539471
98.700000  57.042605  26.645061
98.800000  57.828629  27.549875
98.900000  59.314390  26.767112
99.000000  62.042970  24.449875
99.100000  63.140342  35.649223
99.200000  55.966816  30.364560
99.300000  61.351493  34.505855
99.400000  57.989426  32.320186
99.500000  56.669631  25.014276
99.600000  57.647280  31.586333
99.700000  54.715275  28.452794
99.800000  56.703632  25.793122
99.900000  60.095246  30.803211
100.000000  57.881087  29.156934
100.100000  62.266020  32.317031
100.200000  53.450187  31.803895
100.300000  55.604055  36.179997
100.400000  54.839398  36.842656
100.500000  55.547588  41.215907
100.600000  53.651333  35.900750
100.700000  54.372127  40.914286
100.800000  53.151161  43.629425
100.900000  55.011317  32.491349
101.000000  58.857102  30.383600
101.100000  54.647951  28.492692
101.200000  58.022785  29.109135
101.300000  58.222490  33.523491
101.400000  59.103195  34.175700
101.500000  59.238895  33.998396
101.600000  59.537802  30.643124
101.700000  58.141143  31.504084
101.800000  57.037948  29.791732
101.900000  56.356962  28.384503
102.000000  58.874518  27.107385
102.100000  57.195813  27.946167
102.200000  58.520210  32.590481
102.300000  60.828090  32.625362
102.400000  54.001086  28.150041
102.500000  55.892278  31.988136
102.600000  61.470244  33.265621
102.700000  59.985803  32.785886
102.800000  59.816521  33.903154
102.900000  50.244223  30.531379
103.000000  59.488972  32.900216
103.100000  55.342420  33.257790
103.200000  53.954178  31.753353
103.300000  58.195841  35.576598
103.400000  56.698975  30.421212
103.500000  59.955591  31.052996
103.600000  54.924556  35.214696
103.700000  57.615903  28.118624
103.800000  60.039612  29.051700
103.900000  55.653553  28.485616
104.000000  56.771282  31.890361
104.100000  59.131328  32.880685
104.200000  56.929771  33.655273
104.300000  57.799979  32.177260
104.400000  56.571383  26.539682
104.500000  59.628223  31.396543
104.600000  59.715937  31.660246
104.700000  60.209991  34.184004
104.800000  60.144728  35.262251
104.900000  56.135006  34.511025
105.000000  56.949988  29.784113
105.100000  55.490361  33.150613
105.200000  59.023459  36.457501
105.300000  56.936267  34.676768
105.400000  59.255368  28.391436
105.500000  55.935764  28.359554
105.600000  57.333608  34.405617
105.700000  57.524674  32.244881
105.800000  60.547562  29.667883
105.900000  56.801116  31.846452
106.000000  60.216425  29.692799
106.100000  57.918516  32.354115
106.200000  58.030985  33.690733
106.300000  58.152396  32.525771
106.400000  58.056448  31.276321
106.500000  64.507503  33.089712
106.600000  59.790841  32.477623
106.700000  61.889460  37.246686
106.800000  62.222282  35.737172
106.900000  57.715034  31.621834
107.000000  60.427686  28.248159
107.100000  59.323960  33.855819
107.200000  60.177629  28.652184
107.300000  61.916452  28.925047
107.400000  60.554695  26.661053
107.500000  58.548494  26.437128
107.600000  62.841915  36.923748
107.700000  60.850910  36.294699
107.800000  63.239872  37.481452
107.900000  63.528297  34.324769
108.000000  53.972099  30.512949
108.100000  56.257774  28.123682
108.200000  61.281323  40.420330
108.300000  56.622173  31.755784
108.400000  60.818438  33.312918
108.500000  61.802546  30.067379
108.600000  64.456427  33.477761
108.700000  60.301864  36.764270
108.800000  64.462572  30.758555
108.900000  61.738469  37.235736
109.000000  61.227326  36.275233
109.100000  60.716297  34.865863
109.200000  58.281374  37.174970
109.300000  60.126983  36.118832
109.400000  58.153526  28.377278
109.500000  57.763053  30.812293
109.600000  55.143106  30.579137
109.700000  58.183640  29.709687
109.800000  58.704833  33.548902
109.900000  55.973602  33.254711
110.000000  55.233605  28.061437
110.100000  55.160573  25.208559
110.200000  53.789634  32.542110
110.300000  56.274248  31.486327
110.400000  57.374007  31.332904
110.500000  58.014803  33.948725
110.600000  61.197278  31.965855
110.700000  60.360266  36.999244
110.800000  58.218552  30.136846
110.900000  59.330610  34.959368
111.000000  58.633471  32.246738
111.100000  59.731440  32.309190
111.200000  59.222638  30.935105
111.300000  60.008946  37.903646
111.400000  56.794661  30.060139
111.500000  59.862257  31.521698
111.600000  57.363214  34.699963
111.700000  61.538004  30.534414
111.800000  61.821515  35.975234
111.900000  59.228797  29.946129
112.000000  58.334806  37.376206
112.100000  57.234399  33.087705
112.200000  60.363836  37.738717
112.300000  58.475284  33.008113
112.400000  58.770429  26.700481
112.500000  59.074947  28.995475
112.600000  62.204457  38.254077
112.700000  62.384834  35.070830
112.800000  59.961223  35.974644
112.900000  59.247326  33.642761
113.000000  59.849176  33.935916
113.100000  59.986594  36.120832
113.200000  60.711498  35.887993
113.300000  60.559419  33.982507
113.400000  60.648597  34.656648
113.500000  59.087936  33.204454
113.600000  60.639762  37.369899
113.700000  55.157415  38.305944
113.800000  58.324379  35.396759
113.900000  62.045484  33.784199
114.000000  62.109556  32.764247
114.100000  62.305792  33.181124
114.200000  62.502713  31.930985
114.300000  61.209346  35.578069
114.400000  61.900778  34.397525
114.500000  61.942170  35.815377
114.600000  60.677363  34.180500
114.700000  61.892499  38.563442
114.800000  60.015154  33.145792
114.900000  58.939782  32.808768
115.000000  57.551178  31.686103
115.100000  58.108499  33.562487
115.200000  60.666881  32.067954
115.300000  59.643850  31.876465
115.400000  59.505411  30.855273
115.500000  60.508376  30.560635
115.600000  59.091963  32.865860
115.700000  60.454990  34.636004
115.800000  60.207981  33.700751
115.900000  57.031381  38.433386
116.000000  61.103748  34.962927
116.100000  59.592175  29.918237
116.200000  59.899002  31.120955
116.300000  60.471041  36.164455
116.400000  60.627829  34.200776
116.500000  60.634462  32.537570
116.600000  57.398027  32.267762
116.700000  62.254479  33.381047
116.800000  59.996292  32.806450
116.900000  60.770995  32.669405
117.000000  59.995569  30.747570
117.100000  61.306194  33.057241
117.200000  58.901453  31.797889
117.300000  61.450402  28.565413
117.400000  60.786991  30.611353
117.500000  57.858948  36.903469
117.600000  58.985028  32.131358
117.700000  57.983540  34.044712
117.800000  60.534531  32.842434
117.900000  58.983721  32.829787
118.000000  61.175991  31.598046
118.100000  60.334130  33.157922
118.200000  58.810914  30.597867
118.300000  62.644562  31.624649
118.400000  58.657264  28.020447
118.500000  62.210678  30.762594
118.600000  62.655120  29.077651
118.700000  65.154395  31.655814
118.800000  59.560451  32.469769
118.900000  61.225348  30.711705
119.000000  57.532200  32.012782
119.100000  58.292226  31.914236
119.200000  64.117685  31.148733
119.300000  62.257503  33.482522
119.400000  60.637034  25.659541
119.500000  62.098975  35.119817
119.600000  59.051486  33.070829
119.700000  59.925453  34.373253
119.800000  56.372616  30.520028
119.900000  60.396794  32.269350
120.000000  57.535414  29.052332
120.100000  59.773016  29.683408
120.200000  61.657331  32.064705
120.300000  62.004044  28.867819
120.400000  60.814224  30.392241
120.500000  58.154857  32.865784
120.600000  59.806822  30.530214
120.700000  59.479215  30.024112
120.800000  59.988122  31.558251
120.900000  60.612527  30.014874
121.000000  59.289144  29.550286
121.100000  61.178376  34.276175
121.200000  61.189737  33.494874
121.300000  58.566051  28.130832
121.400000  60.906681  29.086253
121.500000  58.654292  30.279588
121.600000  59.545392  31.593984
121.700000  58.570368  30.805393
121.800000  61.753051  34.039458
121.900000  62.434376  33.471962
122.000000  62.016019  32.460754
122.100000  62.737589  32.515452
122.200000  58.681522  36.955817
122.300000  63.321438  33.467476
122.400000  57.085819  31.312385
122.500000  59.601506  30.124492
122.600000  61.995402  33.667864
122.700000  60.057341  27.842653
122.800000  63.187745  32.153129
122.900000  58.807074  35.124411
123.000000  58.739660  33.348263
123.100000  59.170633  34.151145
123.200000  57.589613  34.950340
123.300000  60.933483  31.809507
123.400000  57.955239  36.343007
123.500000  60.799343  34.001911
123.600000  61.100792  30.416919
123.700000  58.027515  26.464767
123.800000  60.689529  27.643272
123.900000  58.905797  30.123365
124.000000  58.943523  30.023233
124.100000  58.772886  31.956470
124.200000  58.066417  27.143120
124.300000  60.469710  28.865843
124.400000  60.077495  30.200782
124.500000  59.384684  29.762195
124.600000  58.642851  27.424289
124.700000  54.181588  30.028600
124.800000  58.691588  33.600969
124.900000  56.025045  34.396174
125.000000  57.544874  29.079457
125.100000  56.703896  33.953154
125.200000  60.264830  34.912187
125.300000  58.541185  30.574140
125.400000  61.870735  32.026748
125.500000  57.390959  26.592073
125.600000  57.664791  27.845848
125.700000  57.952537  30.387623
125.800000  60.783259  29.779176
125.900000  56.758539  29.757289
126.000000  56.432620  27.142466
126.100000  57.419256  28.217648
126.200000  58.297071  33.325928
126.300000  59.436704  32.650532
126.400000  61.710946  31.458677
126.500000  57.430824  29.536772
126.600000  57.306940  31.029796
126.700000  57.117765  28.045128
126.800000  59.353470  30.348527
126.900000  60.289084  25.097791
127.000000  59.917249  24.091402
127.100000  62.987450  27.669643
127.200000  59.485568  29.568515
127.300000  56.120424  32.945994
127.400000  60.077540  29.244442
127.500000  60.465821  27.679768
127.600000  59.581528  33.470505
127.700000  64.792395  34.861280
127.800000  61.777038  32.274065
127.900000  61.312812  30.840779
128.000000  60.607622  32.972840
128.100000  62.761513  31.905680
128.200000  60.806985  31.722336
128.300000  63.130678  35.670963
128.400000  64.163318  33.738777
128.500000  59.176578  32.451692
128.600000  63.370871  34.325331
128.700000  62.002060  29.530463
128.800000  62.085922  30.302935
128.900000  59.430827  29.281041
129.000000  59.962693  28.451768
129.100000  62.226582  28.578039
129.200000  61.252637  30.773596
129.300000  60.473359  29.888861
129.400000  60.516256  27.425050
129.500000  61.786260  27.673229
129.600000  59.851803  31.863298
129.700000  57.935322  33.529928
129.800000  64.737706  34.645192
129.900000  60.084764  38.251126
130.000000  56.046426  22.012124
130.100000  62.199526  35.033844
130.200000  61.858820  31.989297
130.300000  59.381531  36.871537
130.400000  62.448339  38.880042
130.500000  61.816269  35.473674
130.600000  61.243887  32.664916
130.700000  59.973950  38.010839
130.800000  58.492055  27.735033
130.900000  62.490751  30.830601
131.000000  63.352528  32.685992
131.100000  60.151526  39.864358
131.200000  62.151312  39.063325
131.300000  57.944957  36.201954
131.400000  63.250438  37.559580
131.500000  64.083466  35.671023
131.600000  62.827862  36.216584
131.700000  63.124046  37.395752
131.800000  60.883404  35.931321
131.900000  60.597009  41.109471
132.000000  61.333952  38.364465
132.100000  59.813091  37.457137
132.200000  64.154037  33.652867
132.300000  62.017854  35.652353
132.400000  62.125183  36.866443
132.500000  61.645642  33.142749
132.600000  65.403388  33.984724
132.700000  62.725845  33.510427
132.800000  59.086525  34.857170
132.900000  57.912553  29.131973
133.000000  60.897289  36.063774
133.100000  58.459360  31.643497
133.200000  59.401175  30.011772
133.300000  60.303393  36.803209
133.400000  60.535500  41.417065
133.500000  60.921886  32.854051
133.600000  62.277330  37.438864
133.700000  57.633818  35.191114
133.800000  61.167900  34.721146
133.900000  59.564881  34.303863
134.000000  61.781998  34.411858
134.100000  59.429089  35.546285
134.200000  63.549378  36.343414
134.300000  61.012804  37.550566
134.400000  60.592976  40.668444
134.500000  62.410449  37.104998
134.600000  59.721728  41.099265
134.700000  63.574477  36.760258
134.800000  64.210285  35.103102
134.900000  55.257789  33.499201
135.000000  60.822046  35.672695
135.100000  60.990704  36.256059
135.200000  60.841774  31.990603
135.300000  63.736546  35.188897
135.400000  60.695539  31.136866
135.500000  64.506608  35.730623
135.600000  61.802473  36.007938
135.700000  59.452873  32.503905
135.800000  60.024803  33.519411
135.900000  55.916680  29.077091
136.000000  62.092641  33.458201
136.100000  63.516205  36.491903
136.200000  60.973678  35.429532
136.300000  59.856159  34.410688
136.400000  59.285787  36.785162
136.500000  62.317075  32.098246
136.600000  61.533348  35.060739
136.700000  62.587574  38.628510
136.800000  63.653109  37.176240
136.900000  64.204658  35.617004
137.000000  61.705270  34.345334
137.100000  64.606168  32.593095
137.200000  61.426293  34.750968
137.300000  62.979746  35.250144
137.400000  58.176211  34.235467
137.500000  64.762786  34.923520
137.600000  63.276902  36.542879
137.700000  59.716438  38.833228
137.800000  55.727327  28.611756
137.900000  62.721749  33.530728
138.000000  62.768932  38.012844
138.100000  63.734108  34.159431
138.200000  63.241622  36.237849
138.300000  60.075990  36.357686
138.400000  62.063546  38.363520
138.500000  63.720499  31.144196
138.600000  65.423005  34.754175
138.700000  59.049718  34.640649
138.800000  61.832954  38.883456
138.900000  63.128922  33.618594
139.000000  61.947952  33.566429
139.100000  65.186604  32.560720
139.200000  62.455314  37.582015
139.300000  60.400671  26.852473
139.400000  60.778925  30.999694
139.500000  54.088824  24.998869
139.600000  60.821701  30.524330
139.700000  63.711343  33.786198
139.800000  62.628867  35.405088
139.900000  62.367130  35.319387
140.000000  58.997600  39.461015
140.100000  61.433052  39.137979
140.200000  58.879508  30.068280
140.300000  60.642035  37.795818
140.400000  56.448521  41.329824
140.500000  58.924145  29.751848
140.600000  57.568343  33.981544
140.700000  58.625290  30.782757
140.800000  59.605185  29.681198
140.900000  56.927782  29.896099
141.000000  58.416219  38.382972
141.100000  56.940112  36.364718
141.200000  63.381525  35.755511
141.300000  57.600310  32.311133
141.400000  58.969448  35.929085
141.500000  64.256299  36.236556
141.600000  60.438925  32.465423
141.700000  62.506925  33.669715
141.800000  59.490905  28.323968
141.900000  59.635114  37.937370
142.000000  55.220768  34.477311
142.100000  64.781426  35.359050
142.200000  60.127742  34.159355
142.300000  58.772527  32.268211
142.400000  60.279775  35.114270
142.500000  62.280363  38.725626
142.600000  56.217071  35.731838
142.700000  61.792421  36.804943
142.800000  62.649423  36.851059
142.900000  62.458688  35.057988
143.000000  62.281385  37.322140
143.100000  58.511572  38.090613
143.200000  60.204800  38.376134
143.300000  59.745143  39.469031
143.400000  60.185662  42.096937
143.500000  61.723176  34.562245
143.600000  61.294102  37.727646
143.700000  60.558610  37.350427
143.800000  58.474769  32.203932
143.900000  59.135835  42.036915
144.000000  61.272440  37.315930
144.100000  60.898896  36.035142
144.200000  60.087156  41.344762
144.300000  61.691377  37.421073
144.400000  62.222769  36.461215
144.500000  61.439969  38.706624
144.600000  62.557524  38.079682
144.700000  59.897188  39.842246
144.800000  59.940057  32.399318
144.900000  60.599947  39.489714
145.000000  58.337235  40.880754
145.100000  62.041256  36.064445
145.200000  62.817083  36.481348
145.300000  63.033023  33.701558
145.400000  62.653710  37.886762
145.500000  58.858863  41.792454
145.600000  55.190945  37.509048
145.700000  61.690086  39.674711
145.800000  62.701030  38.222055
145.900000  61.911650  34.988691
146.000000  61.281222  35.923172
146.100000  60.854925  34.885951
146.200000  63.412255  33.777441
146.300000  62.748099  38.507104
146.400000  59.728554  37.401406
146.500000  61.594950  37.614597
146.600000  60.197955  37.603466
146.700000  59.618906  37.116651
146.800000  58.609455  32.769211
146.900000  63.234671  37.565563
147.000000  58.028471  32.952597
147.100000  61.625106  34.663721
147.200000  63.613130  37.129446
147.300000  61.556861  35.403162
147.400000  58.246077  34.672486
147.500000  57.881912  37.777743
147.600000  57.451425  37.865250
147.700000  58.131276  39.692295
147.800000  61.009022  33.430839
147.900000  60.530461  35.530357
148.000000  62.912328  32.687645
148.100000  55.848733  33.584415
148.200000  59.765652  33.445463
148.300000  62.198200  37.816087
148.400000  61.578334  34.842582
148.500000  60.787850  39.050961
148.600000  59.038541  39.942042
148.700000  62.422772  35.709157
148.800000  59.426189  38.962749
148.900000  59.345720  39.411055
149.000000  59.136480  34.191067
149.100000  58.249693  38.626619
149.200000  60.660105  37.451583
149.300000  61.057386  39.687152
149.400000  59.760998  38.092629
149.500000  59.903719  35.250701
149.600000  63.414141  35.916764
149.700000  63.301473  37.373239
149.800000  64.964478  35.167727
149.900000  58.915820  29.844560
150.000000  61.598114  29.821927
150.100000  58.398725  29.723483
150.200000  61.403155  35.420076
150.300000  62.803139  37.516532
150.400000  61.965968  33.886550
150.500000  56.189612  32.489585
150.600000  61.763582  36.645697
150.700000  60.018567  40.394327
150.800000  57.921758  45.293023
150.900000  57.999753  32.795649
151.000000  56.758274  29.566641
151.100000  56.773035  26.815495
151.200000  58.103205  27.960474
151.300000  59.054887  32.759539
151.400000  58.810669  37.420017
151.500000  61.250606  39.748738
151.600000  63.483457  36.874948
151.700000  61.337478  37.592481
151.800000  62.234403  37.796820
151.900000  59.054329  35.044457
152.000000  61.726963  39.145257
152.100000  62.983044  36.145160
152.200000  61.311611  31.136384
152.300000  59.714298  37.264727
152.400000  63.697626  33.929714
152.500000  60.866284  37.012227
152.600000  61.125428  31.480552
152.700000  58.151375  31.990926
152.800000  58.781282  35.667983
152.900000  62.623353  35.044295
153.000000  60.567847  35.799611
153.100000  62.278209  37.012164
153.200000  60.117512  35.799623
153.300000  61.999187  36.465241
153.400000  63.016120  37.939804
153.500000  59.759432  40.335791
153.600000  58.764079  40.674670
153.700000  61.098210  35.971251
153.800000  61.659226  35.721684
153.900000  57.507723  34.730779
154.000000  59.632162  32.730721
154.100000  62.602347  35.326821
154.200000  61.743178  36.592590
154.300000  60.545359  38.677064
154.400000  62.878478  35.284169
154.500000  61.089556  34.296179
154.600000  56.930484  34.672737
154.700000  60.800922  39.214814
154.800000  63.579194  35.602251
154.900000  62.423985  35.599670
155.000000  62.665968  36.591476
155.100000  60.943602  31.940990
155.200000  64.159349  36.340000
155.300000  63.757145  36.911067
155.400000  62.808143  37.486792
155.500000  53.725723  24.926938
155.600000  61.575770  35.578783
155.700000  61.651499  39.713388
155.800000  59.624526  36.337263
155.900000  61.468364  37.556968
156.000000  61.034982  36.722766
156.100000  62.179224  38.332286
156.200000  57.127130  37.298334
156.300000  58.832796  36.761855
156.400000  57.222439  34.966241
156.500000  61.155783  38.537653
156.600000  61.131414  38.368957
156.700000  56.185094  37.892514
156.800000  59.544167  34.142326
156.900000  59.015000  29.477836
157.000000  61.402035  37.080680
157.100000  64.023241  35.696524
157.200000  62.554750  37.786965
157.300000  61.247326  38.723184
157.400000  59.183414  38.025204
157.500000  61.929806  39.332213
157.600000  61.821144  38.683150
157.700000  60.991824  40.057690
157.800000  61.672138  32.476057
157.900000  58.195805  35.955521
158.000000  61.835444  34.543598
158.100000  57.827403  35.333835
158.200000  59.919691  37.541192
158.300000  62.001900  36.141092
158.400000  61.125070  32.659753
158.500000  61.512830  39.931750
158.600000  59.914783  36.350346
158.700000  64.063289  35.555964
158.800000  56.061881  33.803685
158.900000  60.852494  36.374221
159.000000  58.718443  34.153034
159.100000  61.848761  35.673887
159.200000  59.358239  28.658361
159.300000  61.250759  38.002106
159.400000  58.699842  31.010287
159.500000  56.043361  29.416237
159.600000  61.047213  34.603921
159.700000  63.006670  35.212939
159.800000  61.521824  37.871052
159.900000  62.127568  38.624465
160.000000  58.506365  28.118161
160.100000  57.788726  32.192879
160.200000  64.157489  35.715110
160.300000  59.950663  36.584809
160.400000  59.714923  34.405973
160.500000  63.804927  36.005430
160.600000  59.601720  34.976001
160.700000  61.414788  38.604847
160.800000  56.415796  33.963626
160.900000  60.704123  31.446542
161.000000  58.469762  26.209541
161.100000  61.303739  32.961235
161.200000  56.538424  27.866315
161.300000  60.430318  30.070924
161.400000  62.408026  36.763409
161.500000  60.399740  28.453189
161.600000  50.783921  16.253638
161.700000  60.358225  32.085333
161.800000  62.312856  31.581966
161.900000  59.075616  24.917469
162.000000  58.080799  24.549809
162.100000  59.034073  38.579598
162.200000  62.131130  39.241418
162.300000  61.123441  37.366366
162.400000  60.171300  30.612321
162.500000  61.157716  34.780736
162.600000  53.893785  26.313874
162.700000  62.036204  38.277096
162.800000  58.017728  30.715618
162.900000  61.031301  31.720660
163.000000  59.083097  30.955263
163.100000  59.491524  32.955225
163.200000  61.376423  33.778899
163.300000  61.000974  31.441567
163.400000  60.711743  31.081352
163.500000  58.884736  29.212649
163.600000  58.194113  30.793830
163.700000  62.976902  29.618399
163.800000  61.137532  38.450909
163.900000  59.474496  30.450974
164.000000  59.040398  33.538601
164.100000  60.544036  38.923884
164.200000  57.975517  32.109996
164.300000  58.464675  36.507446
164.400000  62.301825  35.552571
164.500000  58.526925  32.101092
164.600000  59.043526  37.228239
164.700000  61.253691  32.323053
164.800000  60.378632  33.400432
164.900000  60.099500  36.361172
165.000000  60.727607  35.725072
165.100000  58.827213  32.115002
165.200000  61.856379  35.846658
165.300000  57.756569  34.538575
165.400000  57.261196  35.252823
165.500000  56.969966  31.580825
165.600000  59.384065  41.619255
165.700000  61.539732  36.254013
165.800000  59.632604  36.970169
165.900000  60.968680  39.464136
166.000000  60.884055  36.383686
166.100000  62.038172  37.723912
166.200000  58.994327  40.307588
166.300000  59.155794  41.468513
166.400000  56.943637  35.205140
166.500000  59.323897  35.042618
166.600000  60.610039  38.226126
166.700000  57.731226  32.738151
166.800000  60.762385  39.955238
166.900000  59.791969  29.855261
167.000000  58.254788  37.791513
167.100000  63.850982  36.931770
167.200000  59.367250  33.388483
167.300000  59.269830  35.025047
167.400000  59.014946  33.329323
167.500000  59.978618  36.996977
167.600000  63.803393  36.503821
167.700000  63.355160  37.401638
167.800000  62.188242  37.252929
167.900000  63.077911  34.700929
168.000000  61.626197  36.366444
168.100000  62.050108  30.753095
168.200000  62.564304  38.728289
168.300000  63.694982  34.147176
168.400000  62.405155  35.767362
168.500000  63.936160  35.883196
168.600000  58.098743  30.019919
168.700000  58.159925  33.837578
168.800000  57.948393  31.814008
168.900000  61.309386  35.313464
169.000000  53.091929  37.128248
169.100000  61.599165  37.203590
169.200000  64.188898  33.499642
169.300000  65.962931  33.739128
169.400000  62.325218  33.380041
169.500000  65.078948  31.255196
169.600000  66.235456  31.890480
169.700000  64.827952  34.814501
169.800000  59.762615  35.452930
169.900000  60.750467  39.447448
170.000000  64.408175  36.107783
170.100000  63.151536  36.783638
170.200000  61.122459  28.348267
170.300000  63.900204  33.915595
170.400000  61.468091  33.005273
170.500000  59.172754  31.875552
170.600000  61.744518  35.312143
170.700000  60.232523  27.694080
170.800000  64.033666  29.176292
170.900000  65.072007  34.503867
171.000000  59.905788  36.925214
171.100000  60.163274  34.771105
171.200000  62.754172  37.908662
171.300000  59.715576  31.638237
171.400000  65.380444  33.394598
171.500000  62.982458  33.296613
171.600000  61.298393  31.782705
171.700000  55.939016  30.417663
171.800000  62.928599  37.777925
171.900000  60.163255  40.217648
172.000000  64.168111  33.510198
172.100000  61.774635  37.261568
172.200000  58.279978  33.790121
172.300000  57.311922  36.019918
172.400000  57.490945  34.944553
172.500000  56.579989  32.992079
172.600000  57.336946  35.812498
172.700000  62.780806  35.972236
172.800000  63.296034  35.329530
172.900000  60.368505  31.791821
173.000000  61.007488  33.088131
173.100000  59.904675  32.517484
173.200000  62.745723  36.434042
173.300000  59.753000  32.760022
173.400000  59.312112  35.593507
173.500000  59.623128  36.851112
173.600000  62.467666  37.348382
173.700000  61.528821  37.688960
173.800000  61.697843  34.468450
173.900000  61.066429  36.174191
174.000000  61.189408  38.674802
174.100000  61.435925  35.971725
174.200000  59.745570  32.458883
174.300000  61.551186  38.170928
174.400000  62.522093  37.898057
174.500000  60.133781  39.110779
174.600000  59.454538  36.447903
174.700000  63.419466  36.732026
174.800000  61.451948  38.380696
174.900000  62.587016  37.719717
175.000000  59.968506  36.680882
175.100000  63.013470  36.636927
175.200000  63.678967  36.614013
175.300000  63.477695  35.345804
175.400000  60.822482  40.922647
175.500000  60.110226  39.196168
175.600000  59.711371  36.675234
175.700000  63.068522  34.369010
175.800000  60.909020  38.150114
175.900000  60.148356  40.450384
176.000000  62.127777  39.110903
176.100000  58.586281  39.115960
176.200000  60.859918  41.079535
176.300000  62.677415  36.172544
176.400000  59.765929  37.442848
176.500000  64.314505  34.594834
176.600000  58.898088  32.077075
176.700000  63.112452  37.693601
176.800000  52.369237  19.898194
176.900000  47.614463  13.049763
177.000000  48.578167  24.564938
177.100000  54.590958  24.631872
177.200000  49.084463  18.689995
177.300000  56.504148  34.280419
177.400000  50.027972  25.146271
177.500000  55.452402  30.386833
177.600000  51.817026  20.006759
177.700000  52.586557  24.544371
177.800000  53.328931  24.644489
177.900000  47.527650  21.780348
178.000000  48.451603  21.133446
178.100000  44.846497  20.109302
178.200000  47.556342  19.129032
178.300000  48.267678  24.075886
178.400000  50.924126  26.104242
178.500000  43.106215  17.966769
178.600000  44.957452  10.502649
178.700000  49.526072  21.955413
178.800000  57.056919  28.428641
178.900000  47.329518  22.048753
179.000000  52.990426  23.936270
179.100000  52.135372  27.675315
179.200000  57.991602  30.469632
179.300000  57.077788  25.033743
179.400000  58.980968  33.694183
179.500000  52.268085  25.353321
179.600000  53.698859  26.668821
179.700000  58.032671  37.613596
179.800000  57.199562  34.764324
179.900000  52.079631  30.856881
180.000000  53.354897  24.485177
180.100000  53.575166  27.574125
180.200000  58.591766  30.559524
180.300000  50.584499  24.089355
180.400000  62.710578  29.674375
180.500000  52.029347  25.228314
180.600000  50.059722  22.867383
180.700000  51.425567  22.949822
180.800000  57.543214  26.802907
180.900000  55.951572  27.520332
181.000000  57.646936  32.780404
181.100000  53.553992  29.411959
181.200000  52.229335  28.479496
181.300000  47.838474  20.758467
181.400000  50.540869  28.464489
181.500000  42.699303  15.874632
181.600000  53.629780  29.717292
181.700000  53.643497  24.435146
181.800000  54.792465  30.973922
181.900000  51.338631  24.990828
182.000000  55.157629  25.020446
182.100000  57.421498  27.916864
182.200000  48.827594  25.879426
182.300000  47.342098  23.139420
182.400000  54.653296  24.587569
182.500000  49.958023  18.077935
182.600000  52.305915  25.478133
182.700000  51.159780  19.461103
182.800000  51.384512  24.207156
182.900000  52.152577  13.582646
183.000000  47.051745  20.993928
183.100000  54.039085  27.720319
183.200000  50.919189  17.476286
183.300000  54.400808  19.317368
183.400000  52.663575  23.743598
183.500000  50.351109  26.880423
183.600000  48.851520  21.239914
183.700000  48.207878  20.996438
183.800000  45.876919  24.629344
183.900000  46.613978  20.288397
184.000000  49.604166  20.941848
184.100000  48.452412  25.214178
184.200000  45.558458  26.663573
184.300000  52.694701  22.064431
184.400000  47.904784  27.175552
184.500000  47.347729  24.098430
184.600000  47.124398  17.155671
184.700000  48.464172  21.713937
184.800000  51.176792  23.726928
184.900000  44.535356  16.824059
185.000000  50.272540  20.847265
185.100000  46.794329  22.877696
185.200000  44.970001  18.873123
185.300000  49.400536  20.027835
185.400000  49.603649  23.944567
185.500000  53.605047  22.776255
185.600000  51.784842  16.890282
185.700000  46.677488  19.669279
185.800000  47.533336  18.365667
185.900000  50.280248  18.349691
186.000000  53.693285  23.653659
186.100000  52.563129  20.992794
186.200000  49.435327  25.412990
186.300000  43.712877  16.236525
186.400000  50.779507  20.495487
186.500000  51.500091  19.928030
186.600000  48.773335  16.021915
186.700000  48.527607  14.699297
186.800000  51.973203  19.675533
186.900000  51.970526  22.165866
187.000000  50.955322  22.106721
187.100000  47.689874  13.561624
187.200000  49.018849  23.969209
187.300000  51.462733  19.866405
187.400000  50.277901  14.999674
187.500000  49.779363  11.860388
187.600000  53.213568  19.271549
187.700000  56.104084  29.944522
187.800000  50.773195  19.428939
187.900000  51.609567  23.578384
188.000000  54.510728  20.471612
188.100000  51.407723  20.799363
188.200000  48.734616  19.058919
188.300000  53.198355  22.167185
188.400000  54.246279  21.889911
188.500000  50.352260  18.268864
188.600000  48.776124  19.618188
188.700000  50.347428  22.144802
188.800000  50.086635  19.998645
188.900000  49.876637  14.571096
189.000000  48.955760  14.602361
189.100000  52.199068  21.577806
189.200000  47.979055  16.436462
189.300000  52.682166  23.304361
189.400000  50.341203  21.554777
189.500000  49.222924  21.071917
189.600000  50.399703  21.373005
189.700000  48.775788  25.933349
189.800000  47.436887  17.796351
189.900000  47.030276  16.724666
190.000000  50.482726  22.932126
190.100000  51.060954  19.235089
190.200000  48.318327  19.198892
190.300000  49.222206  18.571503
190.400000  46.233222  17.226507
190.500000  50.591308  23.781155
190.600000  49.676778  17.420791
190.700000  51.570121  26.568183
190.800000  49.645585  21.604215
190.900000  46.587331  17.570651
191.000000  48.088583  17.652693
191.100000  47.919839  16.701686
191.200000  49.846415  20.536468
191.300000  48.963465  19.152387
191.400000  50.184368  16.261669
191.500000  47.846456  23.408295
191.600000  50.869924  21.449581
191.700000  46.631851  22.312903
191.800000  52.381656  26.736603
191.900000  48.352533  18.658229
192.000000  47.510019  17.848322
192.100000  52.241569  22.455227
192.200000  54.041084  23.643754
192.300000  47.831096  18.980640
192.400000  49.208659  15.504859
192.500000  55.537734  25.936501
192.600000  47.080557  22.136018
192.700000  48.714216  27.055379
192.800000  45.026410  25.994440
192.900000  51.217360  20.331052
193.000000  46.594262  18.021019
193.100000  49.496899  17.701386
193.200000  50.859535  20.795503
193.300000  52.679560  23.933487
193.400000  42.537060  12.851135
193.500000  45.683443  15.601935
193.600000  47.391499  18.298900
193.700000  47.003847  12.404863
193.800000  44.372291  16.994017
193.900000  43.489363  11.827164
194.000000  48.969027  11.648404
194.100000  50.278020  25.143804
194.200000  49.693980  24.196714
194.300000  43.244100  12.337919
194.400000  46.671622  18.259947
194.500000  47.598857  14.036886
194.600000  42.646697  9.806329
194.700000  54.358903  19.777839
194.800000  51.829985  21.094716
194.900000  52.994949  20.616944
195.000000  52.178002  20.144733
195.100000  55.309250  18.736855
195.200000  55.666409  15.347000
195.300000  56.872418  16.128669
195.400000  54.299795  14.221969
195.500000  55.180673  18.492435
195.600000  57.825778  17.339026
195.700000  59.314510  19.773590
195.800000  53.769506  15.827089
195.900000  55.515342  21.535892
196.000000  58.072787  21.341005
196.100000  61.786609  25.774588
196.200000  54.915695  16.655134
196.300000  55.111871  12.980342
196.400000  59.778165  25.041601
196.500000  59.277052  19.969640
196.600000  55.683660  11.805457
196.700000  53.721057  11.753470
196.800000  53.164260  15.541687
196.900000  58.575207  15.408004
197.000000  52.170371  13.995493
197.100000  58.103965  22.231133
197.200000  54.340713  16.127099
197.300000  55.000620  18.346477
197.400000  55.440734  18.343772
197.500000  58.139929  22.051635
197.600000  58.207853  20.426866
197.700000  58.823827  17.829009
197.800000  60.540804  15.209627
197.900000  53.403821  7.129210
198.000000  56.571180  9.228738
198.100000  50.693113  3.426564
198.200000  56.206605  18.765372
198.300000  58.504754  19.496390
198.400000  56.100045  17.757694
198.500000  50.994996  11.893287
198.600000  52.128968  11.103020
198.700000  53.462024  22.535333
198.800000  55.884928  17.663919
198.900000  53.200334  19.012292
199.000000  60.629981  25.297777
199.100000  59.135205  24.057336
199.200000  56.679369  15.423882
199.300000  53.023996  19.377457
199.400000  53.879094  20.449078
199.500000  53.993983  20.527902
199.600000  55.898142  19.251416
199.700000  54.325545  20.187446
199.800000  58.241305  23.180517
199.900000  50.415011  16.292109
200.000000  52.797019  19.859260
