# aggregated from 2 replicates
# x  mean  std
0.000000  68.889000  0.000000
0.100000  73.268000  0.633568
0.200000  72.791000  0.663266
0.300000  72.177000  2.498915
0.400000  72.913000  1.005506
0.500000  73.192000  0.858428
0.600000  71.970500  0.156271
0.700000  72.386500  0.153442
0.800000  73.455500  1.443205
0.900000  72.501500  0.224153
1.000000  73.996000  0.910754
1.100000  72.637000  1.716855
1.200000  73.550500  1.245215
1.300000  73.872000  0.135765
1.400000  74.021000  1.247336
1.500000  74.005500  0.359917
1.600000  73.552000  0.381838
1.700000  73.363500  0.726199
1.800000  73.154000  0.630739
1.900000  73.339500  0.201525
2.000000  73.297500  0.910046
2.100000  73.991500  1.298955
2.200000  73.206500  0.123744
2.300000  72.192500  0.290621
2.400000  73.392000  0.123037
2.500000  73.562000  0.627911
2.600000  73.909000  0.975807
2.700000  72.587000  1.566949
2.800000  73.073000  1.026719
2.900000  73.215500  1.571898
3.000000  73.137500  1.709077
3.100000  73.647000  0.175362
3.200000  74.103000  1.175211
3.300000  73.983500  0.400930
3.400000  73.346000  0.753776
3.500000  73.357500  0.485782
3.600000  74.048000  0.936209
3.700000  72.713500  0.511238
3.800000  73.143500  0.391030
3.900000  73.350000  0.239002
4.000000  73.850500  1.943837
4.100000  73.452500  1.713320
4.200000  73.673500  0.753069
4.300000  72.751000  2.165161
4.400000  71.685000  0.605283
4.500000  71.936000  0.497803
4.600000  71.744000  0.824487
4.700000  73.050000  1.865348
4.800000  73.712000  2.059095
4.900000  71.435000  2.569626
5.000000  73.600500  0.703571
5.100000  72.835500  0.234052
5.200000  72.675500  0.307591
5.300000  73.379500  0.775696
5.400000  73.036000  0.533159
5.500000  73.299000  1.057832
5.600000  74.483500  1.571898
5.700000  74.280000  2.177889
5.800000  73.576000  0.647710
5.900000  74.495000  2.344766
6.000000  73.557500  2.195567
6.100000  73.688500  1.754332
6.200000  72.917000  1.791809
6.300000  73.181500  1.689278
6.400000  74.276000  2.405577
6.500000  73.763500  0.159099
6.600000  73.273000  0.247487
6.700000  72.948500  1.754332
6.800000  72.801000  1.118643
6.900000  73.425000  2.606396
7.000000  72.397000  1.869590
7.100000  72.825000  1.559878
7.200000  73.110500  0.791252
7.300000  73.037000  0.089095
7.400000  72.461000  0.018385
7.500000  74.183500  0.094045
7.600000  73.321500  0.359917
7.700000  72.546000  0.564271
7.800000  71.802000  1.295420
7.900000  72.515500  0.075660
8.000000  72.368500  1.154705
8.100000  72.955500  1.229659
8.200000  72.911000  2.053438
8.300000  72.749000  0.272943
8.400000  73.833500  1.718977
8.500000  74.053000  0.311127
8.600000  73.295500  1.943837
8.700000  72.947500  1.793930
8.800000  73.310000  0.337997
8.900000  72.972500  1.349867
9.000000  73.562000  0.159806
9.100000  73.170500  1.406435
9.200000  72.190000  1.112986
9.300000  73.223500  0.190212
9.400000  72.078000  1.780495
9.500000  72.700500  0.948230
9.600000  72.048000  0.497803
9.700000  72.986500  0.864792
9.800000  72.994000  1.923330
9.900000  73.062000  0.902268
10.000000  72.440000  0.411536
10.100000  72.838000  1.146927
10.200000  72.807500  0.826608
10.300000  72.306500  2.407699
10.400000  72.809000  1.589576
10.500000  73.954000  3.187637
10.600000  72.343000  1.732412
10.700000  73.404500  1.591697
10.800000  73.937000  0.255973
10.900000  74.380000  0.801859
11.000000  73.594000  0.380423
11.100000  73.703000  0.405879
11.200000  74.379000  1.622103
11.300000  72.875000  0.709935
11.400000  73.938000  0.308299
11.500000  73.532500  2.649529
11.600000  73.638500  0.303349
11.700000  73.979000  1.815850
11.800000  73.487500  0.618718
11.900000  73.913500  0.958130
12.000000  74.236500  0.936916
12.100000  74.157500  0.187383
12.200000  72.749500  0.441942
12.300000  74.530500  3.136019
12.400000  72.604500  2.054145
12.500000  73.233500  3.331180
12.600000  73.142500  1.912724
12.700000  73.465000  0.790545
12.800000  74.073500  3.336837
12.900000  74.741000  2.678520
13.000000  73.443500  4.055257
13.100000  73.896500  4.249005
13.200000  74.386500  2.064045
13.300000  74.161500  3.317038
13.400000  74.025000  3.788678
13.500000  75.026500  3.490986
13.600000  73.601000  3.623215
13.700000  73.625000  4.948333
13.800000  72.753000  2.513058
13.900000  74.058500  2.731553
14.000000  74.161000  3.640186
14.100000  73.674500  3.083693
14.200000  73.184000  2.773273
14.300000  73.263000  3.703825
14.400000  74.840500  2.846105
14.500000  73.592500  1.134906
14.600000  73.027000  2.455075
14.700000  73.283500  0.300520
14.800000  73.278500  3.194001
14.900000  73.185000  1.805951
15.000000  72.999000  0.427092
15.100000  72.868500  1.692107
15.200000  71.968500  2.710340
15.300000  73.257000  2.254256
15.400000  72.688500  3.540484
15.500000  73.415000  0.644881
15.600000  72.837000  0.510531
15.700000  73.632000  1.530179
15.800000  74.538000  2.851055
15.900000  73.459000  0.377595
16.000000  72.801500  2.038589
16.100000  72.018500  1.136321
16.200000  73.027500  0.784181
16.300000  72.900000  3.729281
16.400000  75.187500  1.451690
16.500000  73.614000  2.209002
16.600000  74.222500  2.448711
16.700000  74.620500  3.075207
16.800000  72.808500  2.017376
16.900000  73.290500  1.899996
17.000000  74.288000  2.210416
17.100000  73.738500  3.380678
17.200000  73.887500  2.810749
17.300000  73.446000  3.454924
17.400000  73.390000  2.070409
17.500000  73.450500  2.575990
17.600000  73.444500  1.926866
17.700000  72.354000  2.491844
17.800000  72.789500  3.326937
17.900000  73.730500  3.280268
18.000000  73.496000  3.770293
18.100000  74.291000  1.994041
18.200000  73.331000  2.708219
18.300000  73.756000  2.934493
18.400000  72.163500  2.768323
18.500000  72.665000  3.081571
18.600000  73.123000  3.650085
18.700000  71.483500  0.782767
18.800000  71.759000  3.464823
18.900000  72.824500  2.191324
19.000000  71.779000  3.395527
19.100000  73.095500  2.192738
19.200000  72.076000  3.000961
19.300000  72.884500  2.929543
19.400000  73.250000  1.459468
19.500000  72.851000  2.578111
19.600000  73.961000  4.504270
19.700000  72.722000  3.477551
19.800000  73.678000  2.104350
19.900000  73.336000  1.607961
20.000000  73.562000  3.575132
20.100000  72.851500  1.255115
20.200000  72.967000  3.976769
20.300000  72.152000  2.163747
20.400000  73.150000  2.807214
20.500000  73.903500  4.295674
20.600000  74.682000  4.378405
20.700000  73.619500  1.998991
20.800000  73.291000  1.927573
20.900000  72.958000  4.664076
21.000000  73.002500  3.667763
21.100000  73.521500  2.114956
21.200000  73.407000  3.186223
21.300000  73.136500  3.505128
21.400000  72.976000  2.996719
21.500000  73.925500  3.524927
21.600000  73.654500  3.980304
21.700000  74.054000  2.059095
21.800000  73.399500  4.357899
21.900000  73.786500  3.727160
22.000000  72.523000  2.918937
22.100000  72.870000  2.974091
22.200000  72.953000  2.754888
22.300000  73.355500  3.869995
22.400000  72.768000  3.443610
22.500000  72.564500  2.881460
22.600000  72.907500  3.621094
22.700000  72.531500  2.823477
22.800000  71.920500  3.080864
22.900000  71.207500  2.399213
23.000000  72.625000  2.431033
23.100000  71.715500  2.960656
23.200000  71.435500  2.533564
23.300000  72.241500  3.759687
23.400000  73.442000  3.775950
23.500000  73.938500  3.413204
23.600000  72.572000  3.056116
23.700000  71.848500  4.462551
23.800000  73.084000  1.822921
23.900000  73.450000  4.516998
24.000000  73.676000  1.238851
24.100000  73.041500  2.588718
24.200000  71.595500  1.523815
24.300000  71.924000  1.612203
24.400000  72.019000  1.575434
24.500000  71.999000  3.388456
24.600000  72.214500  3.251984
24.700000  72.814500  3.000254
24.800000  72.226500  2.353958
24.900000  72.026000  2.387192
25.000000  71.782000  0.987121
25.100000  71.788000  3.831105
25.200000  72.512500  3.616851
25.300000  72.457000  2.087379
25.400000  72.265500  3.526342
25.500000  72.641000  1.950201
25.600000  72.331000  2.254256
25.700000  73.925000  1.740897
25.800000  72.678000  2.974091
25.900000  72.320500  2.090915
26.000000  72.793500  2.450125
26.100000  72.351500  1.328654
26.200000  72.817500  1.455933
26.300000  71.738500  1.858984
26.400000  71.851500  2.653772
26.500000  73.135500  3.126119
26.600000  72.104000  2.452246
26.700000  72.137000  2.276884
26.800000  72.726500  2.619831
26.900000  72.977500  1.274914
27.000000  71.908500  3.522099
27.100000  72.441000  2.660136
27.200000  71.509500  2.868732
27.300000  73.549000  3.314917
27.400000  71.868000  1.278449
27.500000  71.763000  2.636094
27.600000  72.072000  2.907623
27.700000  72.794500  2.826306
27.800000  72.440000  1.967171
27.900000  72.261500  2.870146
28.000000  72.254500  4.650641
28.100000  72.659000  3.150868
28.200000  71.959500  3.998689
28.300000  72.959000  2.903380
28.400000  73.542500  3.932221
28.500000  71.513500  2.420427
28.600000  73.219000  2.753474
28.700000  72.142000  3.066015
28.800000  71.877000  1.196425
28.900000  73.275500  2.445882
29.000000  73.555500  2.308704
29.100000  72.738500  2.515179
29.200000  73.522500  2.533564
29.300000  72.605000  2.531442
29.400000  72.815500  4.018488
29.500000  73.404500  2.957828
29.600000  72.269500  2.230922
29.700000  73.061000  2.252842
29.800000  73.057000  2.773273
29.900000  73.223500  3.113391
30.000000  73.214000  2.238700
30.100000  74.530000  2.309411
30.200000  72.441000  3.091471
30.300000  72.637000  1.965757
30.400000  73.105500  2.649529
30.500000  71.991000  1.807365
30.600000  72.456000  2.889238
30.700000  72.048000  2.559727
30.800000  73.634000  2.685592
30.900000  72.501000  3.242792
31.000000  73.092500  3.680491
31.100000  71.171500  3.517856
31.200000  71.914000  3.290875
31.300000  72.769000  2.373050
31.400000  72.246000  1.643316
31.500000  73.550000  3.276733
31.600000  73.545000  2.466388
31.700000  72.686500  0.963787
31.800000  71.639000  0.640639
31.900000  72.648000  2.255671
32.000000  72.607000  2.196274
32.100000  71.737000  2.647408
32.200000  71.699000  1.684328
32.300000  73.108500  2.578818
32.400000  72.365000  1.282692
32.500000  72.406000  1.042275
32.600000  72.822500  1.559170
32.700000  72.430000  1.989798
32.800000  72.320500  2.874389
32.900000  71.971000  2.013840
33.000000  72.093500  2.467096
33.100000  72.764500  3.500886
33.200000  72.507000  2.894895
33.300000  72.328000  2.073237
33.400000  72.076000  3.017932
33.500000  72.317500  1.921209
33.600000  72.069500  2.171525
33.700000  70.231000  2.804385
33.800000  71.338000  2.261327
33.900000  71.056500  3.322695
34.000000  72.745000  0.919239
34.100000  71.603500  1.298955
34.200000  71.236000  0.608112
34.300000  72.076000  2.750645
34.400000  72.151000  1.709784
34.500000  71.020500  0.880348
34.600000  72.370500  1.813729
34.700000  71.823000  2.163747
34.800000  72.481500  1.755746
34.900000  72.880500  2.844691
35.000000  72.783000  2.175060
35.100000  71.706000  2.558312
35.200000  71.935500  3.174202
35.300000  72.588500  2.687713
35.400000  72.226500  1.908481
35.500000  71.702000  3.238549
35.600000  72.271500  2.933786
35.700000  71.505000  3.323402
35.800000  71.119000  1.520280
35.900000  70.958000  1.797465
36.000000  72.649500  1.858984
36.100000  73.308000  1.312390
36.200000  71.948500  3.201072
36.300000  72.734000  1.781909
36.400000  71.982000  3.317745
36.500000  71.881500  3.237842
36.600000  71.241500  2.279005
36.700000  71.273500  1.878783
36.800000  71.922000  1.926159
36.900000  72.306000  0.844285
37.000000  71.237500  1.464418
37.100000  72.347500  2.310118
37.200000  71.271000  1.851206
37.300000  71.850500  1.426234
37.400000  71.131000  2.274055
37.500000  71.116000  2.293854
37.600000  71.341500  2.430326
37.700000  71.691000  1.531593
37.800000  72.292000  1.336432
37.900000  71.692500  2.295976
38.000000  71.435500  1.554928
38.100000  71.426000  2.274055
38.200000  72.252500  3.068136
38.300000  70.667500  1.516744
38.400000  71.896000  1.463711
38.500000  70.051000  3.017932
38.600000  70.311000  1.859691
38.700000  72.354000  1.428356
38.800000  72.478000  2.046367
38.900000  71.541500  0.347189
39.000000  70.360500  2.645286
39.100000  72.606500  1.393707
39.200000  71.819500  3.227942
39.300000  72.601500  2.290319
39.400000  73.550500  3.652207
39.500000  72.408500  3.967576
39.600000  72.125000  2.148190
39.700000  71.669500  2.211123
39.800000  71.678500  2.699027
39.900000  72.819500  3.597052
40.000000  72.976500  3.495229
40.100000  71.754000  4.091320
40.200000  72.745500  1.644023
40.300000  71.495000  2.061923
40.400000  72.110500  2.161625
40.500000  73.652000  1.091773
40.600000  73.528500  1.703420
40.700000  73.031000  2.204759
40.800000  72.280000  2.397092
40.900000  71.378000  1.021062
41.000000  72.798000  2.052024
41.100000  72.535500  0.396687
41.200000  71.767000  1.941715
41.300000  71.034000  2.056267
41.400000  72.083000  2.169404
41.500000  71.924000  2.654479
41.600000  72.892500  3.991618
41.700000  72.459500  1.471489
41.800000  72.066500  2.028689
41.900000  73.658000  2.189203
42.000000  72.806500  2.157383
42.100000  72.436000  3.853732
42.200000  72.498500  1.240972
42.300000  72.560500  0.943988
42.400000  71.991500  0.398101
42.500000  71.536500  1.714734
42.600000  73.265500  1.666651
42.700000  73.596000  2.903380
42.800000  73.274500  1.615739
42.900000  72.993500  0.825194
43.000000  72.733500  2.621245
43.100000  72.120500  2.696198
43.200000  73.433000  0.939038
43.300000  72.321000  1.189354
43.400000  72.197500  1.105208
43.500000  71.995000  1.380272
43.600000  71.257500  2.116371
43.700000  71.902000  2.248600
43.800000  70.953000  0.950352
43.900000  72.910500  3.285925
44.000000  71.461000  1.926159
44.100000  71.892000  1.187939
44.200000  72.411500  2.645286
44.300000  71.877000  0.926310
44.400000  73.272500  2.829134
44.500000  71.999500  1.385222
44.600000  73.007500  2.045660
44.700000  73.132000  0.436992
44.800000  72.990500  2.454368
44.900000  73.322500  2.626902
45.000000  74.445000  2.931665
45.100000  72.295500  4.718524
45.200000  73.249500  3.055408
45.300000  73.911000  3.705240
45.400000  73.363000  1.803122
45.500000  74.170500  4.017074
45.600000  73.497500  3.100663
45.700000  73.898000  2.406991
45.800000  72.697000  2.613467
45.900000  72.893000  1.831407
46.000000  72.467500  1.195718
46.100000  73.096000  1.439669
46.200000  73.062500  2.783879
46.300000  72.419000  2.580940
46.400000  72.215500  3.317038
46.500000  71.796500  1.735947
46.600000  71.583000  1.417042
46.700000  71.956500  1.658165
46.800000  72.621500  2.386485
46.900000  73.825500  2.320017
47.000000  73.119500  0.480126
47.100000  72.293500  1.768474
47.200000  71.258000  2.443761
47.300000  72.386000  1.210567
47.400000  73.189500  2.642458
47.500000  72.325500  1.854741
47.600000  72.790500  2.271934
47.700000  71.555000  0.111723
47.800000  72.146000  0.807516
47.900000  71.719500  1.328654
48.000000  71.800500  0.449013
48.100000  73.106000  1.603718
48.200000  72.779000  0.265872
48.300000  71.885000  1.692814
48.400000  72.063500  1.354109
48.500000  71.113000  0.090510
48.600000  72.304000  0.011314
48.700000  72.162500  2.356787
48.800000  72.513500  0.654074
48.900000  71.814000  1.694228
49.000000  72.607000  2.018083
49.100000  73.033500  2.189910
49.200000  72.500000  0.124451
49.300000  71.108500  1.614325
49.400000  72.738000  1.452397
49.500000  73.537500  1.939594
49.600000  72.943500  2.325674
49.700000  73.053500  1.426234
49.800000  73.510000  1.674429
49.900000  71.151000  1.981313
50.000000  74.290000  2.746403
50.100000  72.608500  3.824741
50.200000  72.739000  2.093036
50.300000  72.927500  1.530886
50.400000  72.351000  2.935907
50.500000  73.270500  0.159099
50.600000  72.133500  1.641195
50.700000  72.043000  0.965908
50.800000  71.281500  1.226830
50.900000  72.444000  0.615183
51.000000  71.670500  2.607103
51.100000  72.921000  1.055003
51.200000  72.778000  2.035053
51.300000  71.907500  4.315473
51.400000  72.741500  2.860247
51.500000  72.470500  1.225416
51.600000  72.709000  1.129957
51.700000  72.855000  3.080157
51.800000  73.022000  2.501744
51.900000  72.863000  0.574171
52.000000  72.853500  2.362444
52.100000  72.983000  0.601041
52.200000  72.353000  1.699885
52.300000  72.422000  4.368506
52.400000  73.429000  0.610940
52.500000  72.645000  2.585182
52.600000  73.292000  4.447702
52.700000  72.145500  2.532149
52.800000  72.276000  1.503309
52.900000  72.992000  1.541493
53.000000  73.351000  2.264156
53.100000  71.610500  3.677662
53.200000  72.181500  1.731705
53.300000  71.096000  2.477702
53.400000  72.455000  3.522806
53.500000  72.770000  2.771859
53.600000  73.454500  3.261884
53.700000  73.768500  3.425932
53.800000  72.009500  2.904088
53.900000  72.551500  2.362444
54.000000  72.973000  1.798880
54.100000  73.648000  0.790545
54.200000  72.675500  1.651094
54.300000  72.935500  2.499622
54.400000  73.342500  2.701855
54.500000  72.922000  1.810193
54.600000  73.327000  1.373201
54.700000  72.053000  1.909188
54.800000  73.238000  2.534271
54.900000  72.636000  0.797616
55.000000  72.748000  0.989949
55.100000  71.978500  2.257792
55.200000  71.196000  1.211981
55.300000  72.488500  3.076622
55.400000  73.218500  2.492551
55.500000  72.505000  1.074802
55.600000  72.414500  0.589020
55.700000  72.534000  1.340674
55.800000  72.202500  0.218496
55.900000  72.930500  2.625487
56.000000  72.567000  2.886410
56.100000  73.302000  2.998133
56.200000  72.380000  2.448004
56.300000  72.902000  2.404163
56.400000  73.373500  1.373908
56.500000  72.073500  2.782465
56.600000  72.445000  3.203194
56.700000  73.501500  1.382394
56.800000  72.615000  1.220466
56.900000  71.718000  2.780344
57.000000  72.238000  2.735089
57.100000  72.848500  3.563111
57.200000  72.931500  2.742867
57.300000  73.175500  2.843276
57.400000  73.508000  3.841004
57.500000  72.813000  2.675692
57.600000  72.475000  1.654630
57.700000  72.831000  1.551392
57.800000  71.595000  1.397243
57.900000  72.539500  1.966464
58.000000  72.683500  2.390728
58.100000  72.317500  2.280419
58.200000  71.723000  1.899289
58.300000  73.214500  1.931109
58.400000  72.624500  0.526795
58.500000  71.731000  2.272641
58.600000  72.929500  0.400930
58.700000  72.096000  1.176626
58.800000  71.066500  2.856004
58.900000  72.443500  3.602709
59.000000  72.138500  3.206729
59.100000  72.999500  2.509522
59.200000  71.394500  0.340118
59.300000  71.332000  0.496389
59.400000  72.377500  1.707663
59.500000  71.595500  2.120613
59.600000  71.727000  1.548564
59.700000  71.358500  1.922623
59.800000  71.769500  2.196981
59.900000  71.705000  1.455226
60.000000  73.019500  1.827871
60.100000  73.071500  1.710491
60.200000  73.076500  0.754483
60.300000  72.387000  0.903682
60.400000  71.941500  1.293298
60.500000  72.983000  0.371938
60.600000  71.729500  2.146069
60.700000  71.630500  0.959544
60.800000  71.617500  1.977778
60.900000  72.339500  1.741604
61.000000  71.823500  1.134906
61.100000  72.482500  0.943988
61.200000  71.578000  1.012577
61.300000  71.480500  1.482803
61.400000  71.874500  2.290319
61.500000  72.220500  1.557756
61.600000  71.642000  1.074802
61.700000  71.321000  2.265570
61.800000  71.736000  0.933381
61.900000  71.295000  2.370222
62.000000  73.303500  1.344210
62.100000  72.170000  2.650236
62.200000  72.175500  0.774282
62.300000  72.997000  1.984142
62.400000  72.487500  2.154554
62.500000  71.645000  0.855599
62.600000  72.659000  1.895046
62.700000  72.846500  3.444317
62.800000  72.149000  1.170969
62.900000  73.825000  0.643467
63.000000  72.865000  1.820093
63.100000  72.085000  0.913582
63.200000  73.279500  1.484217
63.300000  71.926500  0.994899
63.400000  72.377000  1.626346
63.500000  73.155000  1.863933
63.600000  73.804000  1.766353
63.700000  72.512500  1.624224
63.800000  72.513000  0.098995
63.900000  71.248500  1.376737
64.000000  72.228500  0.012021
64.100000  72.974000  1.398657
64.200000  72.612500  0.065761
64.300000  72.090500  1.636952
64.400000  72.062000  1.231780
64.500000  72.506500  1.188646
64.600000  73.198500  1.761403
64.700000  73.427500  0.770039
64.800000  72.425500  0.777110
64.900000  73.581000  0.517602
65.000000  72.734500  0.949644
65.100000  70.990500  1.038740
65.200000  71.584000  1.308148
65.300000  72.791000  0.782060
65.400000  72.015000  1.155412
65.500000  72.415500  1.515330
65.600000  71.740000  1.197839
65.700000  72.784000  1.153998
65.800000  72.093000  2.423962
65.900000  72.727500  1.925452
66.000000  70.661500  1.899996
66.100000  71.706500  0.655488
66.200000  71.171000  1.486338
66.300000  70.792500  1.901410
66.400000  71.660500  2.676399
66.500000  72.101000  0.062225
66.600000  71.842000  2.674278
66.700000  72.204000  2.470631
66.800000  72.833500  2.458610
66.900000  73.383500  2.848933
67.000000  72.972000  1.639074
67.100000  72.008500  4.275875
67.200000  73.097500  0.002121
67.300000  72.775500  1.600183
67.400000  71.858000  3.585031
67.500000  73.232500  2.249307
67.600000  73.586000  1.673015
67.700000  72.877500  1.784030
67.800000  73.137500  1.696349
67.900000  73.071000  1.056418
68.000000  72.032000  3.039145
68.100000  74.084500  0.041719
68.200000  72.581500  0.748826
68.300000  72.143000  0.347897
68.400000  72.917500  2.799436
68.500000  72.900000  1.040861
68.600000  73.406000  2.423962
68.700000  73.799000  0.941866
68.800000  73.657000  2.481945
68.900000  72.219500  0.297692
69.000000  73.097000  3.006618
69.100000  73.048000  1.193596
69.200000  71.964500  1.806658
69.300000  72.477000  2.115663
69.400000  72.843500  0.334462
69.500000  73.127000  1.207738
69.600000  71.487000  1.323704
69.700000  73.085500  1.990506
69.800000  72.612500  0.863377
69.900000  72.618000  2.211830
70.000000  73.286500  2.073944
70.100000  72.834500  0.714885
70.200000  73.063500  1.116522
70.300000  73.521500  1.710491
70.400000  72.302500  1.457347
70.500000  72.662000  1.977071
70.600000  73.631500  1.839185
70.700000  72.645500  0.802566
70.800000  72.615500  2.757009
70.900000  72.944500  0.690843
71.000000  72.119500  1.472903
71.100000  72.825500  0.471640
71.200000  72.703000  0.637810
71.300000  72.149000  2.225972
71.400000  72.553500  0.802566
71.500000  73.415500  2.082429
71.600000  72.699000  0.782060
71.700000  72.934000  1.743725
71.800000  71.433000  3.172081
71.900000  71.967500  1.444619
72.000000  72.565000  2.093036
72.100000  73.271500  0.941159
72.200000  72.685000  1.111572
72.300000  71.752500  1.754332
72.400000  72.334000  0.736805
72.500000  72.025500  0.770039
72.600000  72.149500  1.532300
72.700000  71.801500  1.627053
72.800000  72.664500  0.877520
72.900000  73.476500  0.782767
73.000000  72.220000  0.016971
73.100000  73.112500  0.437699
73.200000  72.255500  0.140714
73.300000  73.182500  1.574727
73.400000  72.351500  3.141675
73.500000  73.729500  1.180161
73.600000  73.012000  0.695793
73.700000  73.455000  1.199253
73.800000  73.950000  1.308148
73.900000  73.863000  1.569777
74.000000  73.410500  2.721654
74.100000  72.179500  2.778223
74.200000  71.864000  2.145362
74.300000  72.990500  0.465983
74.400000  73.114000  1.921916
74.500000  73.384500  1.453104
74.600000  72.553500  0.235467
74.700000  73.902000  0.260215
74.800000  74.126000  3.449267
74.900000  73.229000  1.903531
75.000000  71.855500  1.528058
75.100000  72.083000  1.637659
75.200000  73.218500  1.543614
75.300000  72.614500  0.417900
75.400000  74.067000  1.350574
75.500000  73.368500  1.069853
75.600000  71.444500  0.473054
75.700000  72.114500  0.235467
75.800000  72.833000  1.878076
75.900000  73.020500  0.492853
76.000000  71.872000  0.459619
76.100000  73.870500  0.523966
76.200000  71.671000  1.528765
76.300000  72.497500  1.540786
76.400000  72.251500  0.891662
76.500000  72.812000  1.318047
76.600000  71.650000  1.398657
76.700000  72.217000  0.244659
76.800000  72.646000  0.708521
76.900000  74.089500  0.634275
77.000000  74.204500  2.040003
77.100000  72.957000  2.259913
77.200000  72.670500  1.563413
77.300000  72.383500  1.431891
77.400000  72.600000  0.117380
77.500000  72.291000  0.947523
77.600000  73.059000  2.508815
77.700000  73.762000  1.903531
77.800000  72.142000  1.415628
77.900000  72.920500  1.115107
78.000000  71.528000  0.156978
78.100000  73.465000  0.721249
78.200000  74.699500  0.294864
78.300000  72.729500  0.290621
78.400000  73.132500  1.588869
78.500000  73.806000  0.622254
78.600000  74.223500  0.943988
78.700000  73.831500  1.764231
78.800000  74.607000  2.032225
78.900000  74.059000  0.292742
79.000000  72.974500  1.379565
79.100000  73.583500  0.045962
79.200000  74.046500  2.242236
79.300000  73.482000  0.226274
79.400000  72.706500  0.627204
79.500000  74.248500  0.915703
79.600000  74.613500  0.755897
79.700000  73.411500  1.371080
79.800000  72.237500  0.983586
79.900000  74.526500  1.380980
80.000000  73.114500  0.129401
80.100000  74.063000  0.951766
80.200000  72.962000  0.387495
80.300000  73.361500  0.655488
80.400000  73.494000  1.995455
80.500000  73.422500  1.306026
80.600000  72.793500  1.004799
80.700000  73.489500  1.953736
80.800000  72.847500  0.224153
80.900000  73.923500  2.092329
81.000000  73.652500  2.219608
81.100000  73.095000  1.479267
81.200000  72.009000  1.544321
81.300000  72.557000  1.472196
81.400000  72.817500  0.692258
81.500000  74.016000  2.746403
81.600000  72.645500  2.379414
81.700000  73.501500  3.912422
81.800000  72.949500  4.125968
81.900000  72.536500  2.841862
82.000000  73.919000  1.193596
82.100000  74.056500  3.886966
82.200000  73.877500  2.554777
82.300000  73.307000  2.166575
82.400000  73.449000  2.626195
82.500000  74.306000  3.824033
82.600000  72.605500  2.734382
82.700000  73.394500  1.516744
82.800000  73.564000  2.814285
82.900000  73.115000  2.316482
83.000000  74.177000  1.544321
83.100000  74.441500  1.130664
83.200000  73.983000  0.755190
83.300000  73.577000  2.503158
83.400000  73.658000  3.981011
83.500000  73.432000  1.227537
83.600000  74.104500  0.987828
83.700000  73.592500  2.754181
83.800000  75.100500  2.216780
83.900000  73.793500  2.471338
84.000000  74.220000  1.767767
84.100000  74.645500  2.271934
84.200000  72.929500  4.336686
84.300000  73.963000  1.808779
84.400000  73.383500  3.655035
84.500000  72.597000  1.656044
84.600000  73.915000  0.763675
84.700000  74.048000  1.359059
84.800000  74.131000  0.304056
84.900000  74.406000  2.394264
85.000000  74.172500  1.311683
85.100000  74.872000  0.869741
85.200000  73.794000  0.589727
85.300000  72.790500  2.423255
85.400000  74.263000  2.068994
85.500000  73.654000  0.104652
85.600000  73.750500  1.423406
85.700000  74.035000  0.339411
85.800000  72.939000  0.868327
85.900000  73.839500  1.782616
86.000000  73.207500  0.881762
86.100000  74.417000  0.301227
86.200000  73.636500  0.426385
86.300000  72.856500  0.409415
86.400000  73.758000  0.039598
86.500000  72.730500  0.260922
86.600000  71.871000  0.667509
86.700000  72.070000  1.926159
86.800000  72.594000  1.127128
86.900000  71.896500  1.199960
87.000000  72.386000  0.188090
87.100000  73.005000  0.246073
87.200000  72.487500  1.279156
87.300000  73.582500  1.936765
87.400000  73.486500  2.489723
87.500000  72.833000  0.666095
87.600000  73.401000  1.223295
87.700000  73.488500  0.625790
87.800000  73.736500  0.149200
87.900000  73.845000  0.106066
88.000000  72.258000  1.170969
88.100000  73.050500  0.782767
88.200000  73.372000  0.511945
88.300000  71.996000  0.398808
88.400000  73.940000  0.678823
88.500000  73.636000  1.702713
88.600000  74.206000  1.510380
88.700000  73.538000  1.366130
88.800000  72.420000  0.957423
88.900000  74.319000  0.024042
89.000000  74.570500  1.020355
89.100000  72.346000  0.865499
89.200000  73.395500  0.259508
89.300000  73.472000  1.687157
89.400000  73.036000  1.221881
89.500000  73.739000  1.200667
89.600000  73.828000  0.420021
89.700000  73.793500  0.956715
89.800000  74.137500  0.021920
89.900000  74.591500  0.381131
90.000000  73.392000  2.443761
90.100000  73.802000  1.162484
90.200000  74.711000  0.745291
90.300000  73.307500  1.980606
90.400000  74.126500  0.096874
90.500000  73.189500  1.409264
90.600000  74.346000  0.755190
90.700000  74.134000  1.064903
90.800000  73.558500  0.943988
90.900000  73.351500  1.297541
91.000000  73.251500  1.796758
91.100000  73.314000  0.190919
91.200000  73.269500  0.077075
91.300000  73.492000  0.237588
91.400000  72.845500  1.707663
91.500000  72.796000  0.560029
91.600000  72.615000  0.301227
91.700000  73.713000  0.472347
91.800000  74.101000  0.869741
91.900000  72.710000  0.524673
92.000000  73.704500  0.620133
92.100000  73.154500  0.985000
92.200000  72.518500  1.809486
92.300000  73.983500  0.129401
92.400000  73.902500  0.258094
92.500000  73.827500  0.598919
92.600000  73.398000  0.865499
92.700000  73.795500  0.406586
92.800000  74.181000  0.326683
92.900000  74.727500  0.103945
93.000000  73.667000  0.004243
93.100000  73.699500  1.112279
93.200000  72.463500  1.450276
93.300000  74.730500  0.133643
93.400000  74.381000  1.354817
93.500000  72.344500  0.662559
93.600000  72.452000  1.216224
93.700000  73.797500  0.297692
93.800000  72.524500  0.819537
93.900000  73.504000  1.506137
94.000000  73.058500  0.843578
94.100000  71.765500  1.191475
94.200000  73.499500  0.081317
94.300000  72.753500  0.569221
94.400000  73.285500  0.979343
94.500000  73.030000  1.162484
94.600000  73.029000  3.094299
94.700000  72.907000  2.026568
94.800000  72.849000  0.260215
94.900000  73.128500  0.983586
95.000000  73.266000  1.411385
95.100000  72.605000  2.183546
95.200000  73.067000  0.892369
95.300000  72.263500  0.617304
95.400000  73.329500  2.419012
95.500000  72.762500  1.463004
95.600000  71.714500  2.560434
95.700000  72.796500  0.127986
95.800000  72.575500  1.830699
95.900000  74.437500  2.537806
96.000000  73.755000  2.903380
96.100000  73.613500  0.942573
96.200000  72.822000  1.207738
96.300000  72.647500  1.085409
96.400000  73.938000  1.972828
96.500000  72.988500  2.048488
96.600000  73.106500  0.219910
96.700000  73.485000  1.711198
96.800000  73.599500  2.629730
96.900000  73.315000  1.272792
97.000000  73.716500  0.379716
97.100000  73.278000  1.272792
97.200000  72.164500  0.195869
97.300000  72.360500  1.983435
97.400000  71.983500  1.249458
97.500000  72.904000  0.093338
97.600000  72.568000  0.581242
97.700000  73.631000  0.478004
97.800000  72.171500  0.803980
97.900000  72.492500  0.985000
98.000000  74.131000  0.852771
98.100000  73.568000  0.193747
98.200000  73.804500  0.852064
98.300000  73.499500  0.648417
98.400000  73.020000  0.356382
98.500000  72.808000  0.632153
98.600000  73.542000  1.383101
98.700000  72.778000  0.933381
98.800000  73.629000  0.224860
98.900000  73.536000  1.139856
99.000000  73.766000  0.038184
99.100000  72.811000  0.827315
99.200000  73.554000  0.695793
99.300000  73.374000  0.178191
99.400000  73.784000  0.540230
99.500000  74.073000  0.304056
99.600000  73.108500  0.034648
99.700000  73.580500  1.419163
99.800000  73.547500  0.389616
99.900000  73.818500  0.071418
100.000000  74.021500  0.251023
100.100000  75.048500  1.068438
100.200000  74.153500  0.187383
100.300000  73.958000  0.118794
100.400000  72.059000  0.519016
100.500000  73.462000  0.345068
100.600000  73.408000  0.237588
100.700000  73.615500  0.709228
100.800000  74.043000  1.667358
100.900000  73.723000  0.128693
101.000000  74.276500  1.219759
101.100000  73.948000  0.151321
101.200000  73.339000  0.223446
101.300000  73.320500  0.024749
101.400000  74.476000  0.593970
101.500000  73.288000  0.514774
101.600000  73.664500  0.000707
101.700000  74.740500  0.040305
101.800000  74.256000  1.040861
101.900000  73.701000  0.806102
102.000000  74.093000  0.339411
102.100000  73.804500  0.426385
102.200000  73.986500  0.792667
102.300000  73.144500  0.020506
102.400000  73.802000  0.698621
102.500000  73.286500  0.536694
102.600000  73.991000  0.565685
102.700000  74.227500  0.105359
102.800000  74.370000  0.927724
102.900000  75.240500  0.921360
103.000000  74.845500  0.846407
103.100000  74.643500  1.646852
103.200000  74.210000  1.818679
103.300000  73.364500  1.868883
103.400000  74.141500  0.692258
103.500000  73.646000  0.212132
103.600000  74.206000  0.055154
103.700000  72.794000  0.063640
103.800000  73.086500  0.406586
103.900000  74.569000  0.500632
104.000000  73.387000  1.473611
104.100000  73.532500  0.249609
104.200000  73.906000  1.384515
104.300000  73.825500  1.283399
104.400000  73.508500  1.389465
104.500000  73.417500  1.158948
104.600000  73.969000  1.682914
104.700000  72.815000  0.619426
104.800000  74.241500  0.888833
104.900000  74.386500  1.204203
105.000000  74.104500  2.165868
105.100000  74.415000  0.131522
105.200000  73.532500  1.303198
105.300000  73.897000  1.996870
105.400000  72.350500  1.892925
105.500000  74.033500  1.740190
105.600000  74.853500  1.072681
105.700000  74.112000  1.760696
105.800000  74.907000  0.896611
105.900000  74.534500  0.270822
106.000000  74.489000  0.045255
106.100000  74.880500  0.242538
106.200000  74.271500  0.997728
106.300000  73.078500  0.692258
106.400000  73.697000  0.554372
106.500000  73.630500  1.311683
106.600000  74.902500  1.201374
106.700000  74.030500  0.512652
106.800000  74.212500  0.352846
106.900000  73.128000  0.448306
107.000000  74.395000  0.552958
107.100000  73.756500  0.515481
107.200000  73.748500  0.283550
107.300000  72.967500  0.098288
107.400000  73.588500  0.825194
107.500000  73.334000  0.296985
107.600000  73.966000  0.588313
107.700000  72.776500  1.689278
107.800000  73.811500  0.456084
107.900000  73.602500  0.837922
108.000000  72.997000  0.318198
108.100000  73.509500  0.663973
108.200000  73.506000  0.659024
108.300000  72.842000  1.255822
108.400000  72.652500  1.214102
108.500000  72.541000  0.322441
108.600000  73.063000  1.327947
108.700000  72.360500  0.738927
108.800000  73.681500  0.395273
108.900000  73.422000  2.012426
109.000000  73.245000  3.256934
109.100000  73.957500  1.468661
109.200000  73.031000  1.439669
109.300000  74.461000  1.393000
109.400000  73.472500  2.035760
109.500000  72.809000  1.801708
109.600000  74.397500  1.894339
109.700000  74.957500  1.102379
109.800000  73.560000  0.625082
109.900000  73.610500  0.048790
110.000000  72.952500  1.504016
110.100000  73.115500  3.343908
110.200000  73.266000  0.885298
110.300000  74.267500  0.630032
110.400000  73.847500  1.388051
110.500000  73.412500  1.235316
110.600000  73.456000  1.569777
110.700000  73.517500  1.878783
110.800000  74.998000  0.281428
110.900000  72.891500  0.197283
111.000000  73.264500  0.586192
111.100000  73.318500  0.166170
111.200000  73.236000  0.277186
111.300000  74.473000  0.752362
111.400000  73.735500  0.905804
111.500000  73.913000  0.408708
111.600000  74.025500  1.634124
111.700000  73.747000  1.179454
111.800000  72.691500  1.656751
111.900000  72.754000  1.067731
112.000000  74.414500  0.603162
112.100000  74.044000  0.115966
112.200000  72.852000  1.411385
112.300000  73.577500  0.788424
112.400000  74.986000  0.024042
112.500000  74.290500  1.170262
112.600000  74.224500  0.099702
112.700000  73.977500  1.204203
112.800000  75.018500  1.028840
112.900000  75.068500  0.497096
113.000000  74.440000  0.510531
113.100000  74.112500  0.905804
113.200000  73.714000  0.165463
113.300000  73.826500  0.791252
113.400000  72.786000  1.233194
113.500000  74.792500  1.018941
113.600000  73.605500  1.764231
113.700000  74.511000  1.982727
113.800000  72.799000  0.919239
113.900000  74.673500  1.283399
114.000000  74.317000  0.214960
114.100000  74.727000  2.688420
114.200000  73.430500  0.860549
114.300000  72.160000  0.224860
114.400000  73.097000  0.304056
114.500000  73.447000  1.033790
114.600000  74.242000  0.086267
114.700000  74.117500  0.269408
114.800000  74.031000  0.930553
114.900000  73.315500  1.359766
115.000000  73.450500  0.127986
115.100000  73.797000  0.486489
115.200000  73.920000  0.954594
115.300000  73.712500  0.147785
115.400000  74.127500  0.548008
115.500000  73.777000  0.820244
115.600000  74.741000  0.073539
115.700000  74.587500  1.982020
115.800000  75.014000  0.725492
115.900000  74.120000  0.066468
116.000000  74.050500  0.256680
116.100000  73.481500  0.536694
116.200000  73.884000  0.183848
116.300000  73.295500  0.615890
116.400000  73.404500  1.298955
116.500000  72.828000  0.247487
116.600000  74.106500  0.463155
116.700000  73.889000  0.950352
116.800000  73.403500  0.125158
116.900000  73.570500  1.187232
117.000000  73.633000  0.767918
117.100000  72.908000  1.391586
117.200000  74.448000  0.561443
117.300000  74.226000  1.412799
117.400000  73.292500  0.768625
117.500000  72.934500  0.338704
117.600000  74.215500  0.354260
117.700000  73.306000  0.323855
117.800000  73.649500  0.938331
117.900000  74.511000  0.380423
118.000000  73.659000  1.899289
118.100000  74.096500  0.058690
118.200000  75.590500  0.208597
118.300000  73.819500  0.389616
118.400000  74.724500  1.604425
118.500000  73.030500  1.410678
118.600000  74.448000  1.001263
118.700000  74.058000  0.827315
118.800000  72.628500  0.340118
118.900000  74.702500  0.164756
119.000000  74.016000  1.309562
119.100000  74.120000  0.263044
119.200000  73.482000  1.282692
119.300000  73.289500  1.028840
119.400000  74.413000  1.047932
119.500000  73.522000  0.192333
119.600000  73.374500  0.000707
119.700000  74.324500  1.166019
119.800000  74.183500  0.010607
119.900000  73.725000  3.224407
120.000000  73.334000  0.267286
120.100000  74.509500  0.075660
120.200000  73.383000  0.110309
120.300000  73.901500  0.844993
120.400000  73.913500  0.511238
120.500000  73.720500  0.180312
120.600000  74.725500  1.767060
120.700000  74.369000  0.974393
120.800000  73.963500  0.632861
120.900000  72.311500  0.849235
121.000000  73.833500  0.003536
121.100000  74.675500  1.314512
121.200000  74.241500  1.338553
121.300000  75.488500  0.193040
121.400000  73.592500  0.161927
121.500000  72.922000  0.189505
121.600000  72.133500  1.287641
121.700000  72.967000  0.482247
121.800000  72.686500  0.321734
121.900000  73.909000  0.609526
122.000000  72.689500  2.619831
122.100000  73.882000  0.145664
122.200000  72.755000  0.883883
122.300000  73.385500  0.051619
122.400000  73.648000  0.131522
122.500000  72.653000  2.060509
122.600000  73.090000  0.500632
122.700000  72.768000  0.326683
122.800000  72.755500  0.618718
122.900000  73.455500  0.839336
123.000000  73.122000  0.626497
123.100000  73.558500  0.771453
123.200000  73.963000  0.489318
123.300000  73.757000  0.650538
123.400000  73.464000  0.084853
123.500000  73.159500  0.318905
123.600000  74.030500  0.006364
123.700000  73.842500  1.265014
123.800000  72.991000  0.391737
123.900000  74.836000  1.582505
124.000000  73.875500  1.048639
124.100000  73.211500  0.074246
124.200000  73.211000  0.097581
124.300000  73.981000  0.673166
124.400000  73.755500  0.511238
124.500000  70.626500  0.427800
124.600000  73.464000  1.753625
124.700000  74.331000  1.494824
124.800000  73.822000  0.323855
124.900000  72.802000  1.671600
125.000000  73.204000  0.772161
125.100000  72.952000  0.041012
125.200000  73.458000  2.122735
125.300000  73.473000  0.284257
125.400000  73.956500  1.099551
125.500000  73.635000  0.339411
125.600000  73.468500  0.655488
125.700000  72.867500  0.074246
125.800000  73.097500  0.161927
125.900000  72.678000  0.137179
126.000000  73.158500  0.649831
126.100000  73.362500  0.120915
126.200000  72.807500  0.837922
126.300000  73.138500  0.628618
126.400000  73.540500  0.178898
126.500000  73.380000  0.104652
126.600000  72.891500  2.170111
126.700000  73.364000  0.564271
126.800000  73.419000  0.429921
126.900000  73.614000  0.055154
127.000000  73.498500  0.253851
127.100000  73.433500  0.079903
127.200000  72.215500  1.926866
127.300000  74.626000  0.786303
127.400000  73.174500  1.621396
127.500000  73.288500  1.465832
127.600000  74.273000  0.695793
127.700000  74.247000  0.138593
127.800000  74.188000  0.205061
127.900000  74.074000  0.968736
128.000000  73.330500  0.389616
128.100000  73.299000  0.240416
128.200000  73.960000  0.517602
128.300000  72.910000  2.248600
128.400000  73.388000  0.098995
128.500000  72.935000  0.497803
128.600000  73.397500  0.631446
128.700000  72.953000  0.094752
128.800000  72.662000  0.811759
128.900000  72.594500  1.072681
129.000000  72.959500  0.335876
129.100000  72.711500  0.224153
129.200000  72.901000  0.978636
129.300000  74.377500  0.526795
129.400000  74.171500  0.325976
129.500000  71.790500  2.198395
129.600000  73.329000  0.497803
129.700000  74.196500  1.009041
129.800000  72.886000  0.804688
129.900000  74.204000  0.193747
130.000000  73.559500  0.195869
130.100000  73.112500  1.154705
130.200000  73.230500  0.212839
130.300000  74.142500  0.075660
130.400000  74.303000  2.436690
130.500000  72.889500  0.119501
130.600000  73.829500  0.017678
130.700000  73.802000  0.520431
130.800000  74.058000  1.199253
130.900000  73.657000  1.234608
131.000000  74.354000  0.899440
131.100000  72.996000  0.558614
131.200000  73.938500  0.417900
131.300000  74.498500  0.168999
131.400000  73.753500  0.914289
131.500000  73.330500  0.955301
131.600000  73.804500  2.044246
131.700000  72.611500  0.048790
131.800000  72.239500  0.007778
131.900000  72.158000  1.534422
132.000000  72.351000  0.274357
132.100000  72.350000  0.079196
132.200000  72.632000  1.818679
132.300000  72.867000  0.178191
132.400000  74.631000  0.616597
132.500000  73.384000  1.513209
132.600000  73.480000  0.951766
132.700000  72.721000  0.383252
132.800000  72.804000  0.927724
132.900000  72.528500  0.914289
133.000000  73.208000  0.831558
133.100000  73.362000  2.398506
133.200000  73.541000  0.428507
133.300000  74.512500  0.975100
133.400000  73.595500  1.235316
133.500000  73.116500  0.079903
133.600000  72.406500  0.325976
133.700000  73.144500  0.294864
133.800000  72.740500  0.393858
133.900000  74.214000  1.588162
134.000000  74.399500  1.089652
134.100000  72.483500  0.040305
134.200000  72.552500  1.112279
134.300000  73.310500  0.185969
134.400000  73.783500  0.292035
134.500000  73.003000  1.011163
134.600000  72.828500  0.270822
134.700000  73.170500  0.654074
134.800000  73.575000  1.494824
134.900000  73.011000  0.909339
135.000000  74.909500  1.158948
135.100000  75.319000  0.390323
135.200000  72.860500  0.153442
135.300000  73.873000  0.329512
135.400000  73.930000  0.206475
135.500000  72.677500  0.914289
135.600000  73.315000  1.882318
135.700000  72.212000  0.036770
135.800000  73.544000  0.494975
135.900000  74.420500  1.885854
136.000000  73.872000  1.039447
136.100000  73.868000  0.777817
136.200000  73.916000  0.521845
136.300000  72.764000  1.588162
136.400000  73.144500  0.357089
136.500000  72.897000  0.175362
136.600000  72.970000  0.527502
136.700000  74.271500  0.447599
136.800000  73.978500  1.600183
136.900000  74.112000  0.349311
137.000000  74.113000  0.461034
137.100000  74.278500  0.318905
137.200000  74.159000  0.564271
137.300000  73.685000  1.547150
137.400000  73.351500  0.854892
137.500000  74.254000  0.410122
137.600000  73.326500  0.529623
137.700000  73.864000  0.739634
137.800000  74.041500  0.521138
137.900000  72.986500  0.388202
138.000000  73.190000  0.360624
138.100000  73.262000  0.444063
138.200000  72.251500  0.096874
138.300000  73.584500  0.593263
138.400000  74.255000  0.086267
138.500000  74.426500  2.180010
138.600000  74.275000  0.165463
138.700000  74.084000  2.057681
138.800000  73.036500  1.190061
138.900000  73.452000  1.381687
139.000000  72.527500  0.133643
139.100000  73.731000  0.745291
139.200000  73.019000  0.018385
139.300000  73.183500  0.002121
139.400000  73.449000  0.625082
139.500000  71.415500  0.350018
139.600000  73.462500  2.021618
139.700000  73.466500  1.248043
139.800000  72.955500  1.096723
139.900000  72.959500  1.266428
140.000000  74.019500  0.498510
140.100000  72.746500  1.740190
140.200000  73.026500  0.597505
140.300000  73.234000  0.237588
140.400000  73.482000  1.590990
140.500000  73.400000  1.360473
140.600000  73.815000  1.467954
140.700000  72.588000  0.650538
140.800000  73.310000  1.347746
140.900000  73.330000  0.080610
141.000000  72.638000  0.154149
141.100000  72.537500  0.519723
141.200000  73.809000  0.715592
141.300000  72.991000  0.403051
141.400000  72.222000  0.446891
141.500000  74.100500  0.665387
141.600000  74.455500  1.554928
141.700000  73.576000  0.882469
141.800000  71.788500  0.960958
141.900000  72.798000  1.772010
142.000000  72.888000  1.746554
142.100000  72.467000  0.321026
142.200000  73.227500  0.057276
142.300000  72.870500  0.371231
142.400000  72.399500  1.048639
142.500000  73.449000  0.175362
142.600000  72.818500  0.548008
142.700000  71.987500  0.118087
142.800000  71.880500  1.409264
142.900000  71.518500  1.067024
143.000000  72.301500  2.158797
143.100000  72.702500  1.812315
143.200000  72.696500  0.003536
143.300000  73.355000  0.001414
143.400000  72.228000  0.254558
143.500000  72.686500  0.467398
143.600000  72.933000  0.410122
143.700000  72.715000  2.337695
143.800000  73.153000  0.137179
143.900000  73.355000  1.206324
144.000000  73.756000  0.889540
144.100000  73.288000  1.284106
144.200000  72.671000  0.910754
144.300000  72.563000  1.045104
144.400000  72.509500  0.778525
144.500000  72.418500  1.072681
144.600000  72.808000  3.061772
144.700000  72.147500  1.256529
144.800000  73.207500  1.508259
144.900000  72.979000  0.896611
145.000000  73.337000  2.682763
145.100000  73.291000  0.511945
145.200000  73.126000  0.950352
145.300000  72.932500  1.587455
145.400000  72.914000  1.172383
145.500000  73.288000  0.147078
145.600000  72.904500  1.204203
145.700000  72.031500  1.081166
145.800000  72.371500  0.666802
145.900000  72.117000  0.113137
146.000000  72.449000  1.667358
146.100000  71.446000  1.701299
146.200000  71.916000  0.497803
146.300000  73.549500  0.608819
146.400000  72.468500  0.693672
146.500000  73.072000  2.596496
146.600000  72.142000  0.804688
146.700000  72.438500  1.662408
146.800000  73.185000  0.869741
146.900000  72.979000  2.617709
147.000000  72.566000  2.012426
147.100000  72.685500  0.799738
147.200000  73.440500  1.376737
147.300000  73.145500  0.932674
147.400000  73.250000  0.674580
147.500000  72.629000  0.059397
147.600000  74.022000  0.562857
147.700000  73.377000  0.302642
147.800000  73.102500  0.144957
147.900000  72.937500  0.218496
148.000000  72.687500  1.000556
148.100000  73.662000  0.449720
148.200000  73.112000  0.766504
148.300000  72.650500  0.081317
148.400000  73.865500  1.256529
148.500000  73.843500  0.095459
148.600000  73.326500  1.102379
148.700000  74.120000  1.080459
148.800000  73.631000  0.335169
148.900000  72.811000  0.229103
149.000000  72.909500  2.851762
149.100000  73.346000  0.255973
149.200000  73.050500  1.386636
149.300000  73.657500  0.006364
149.400000  74.707000  1.226123
149.500000  73.687500  0.977929
149.600000  72.886500  0.617304
149.700000  73.278000  1.076217
149.800000  72.871000  0.311127
149.900000  73.374000  0.067882
150.000000  74.052000  0.965908
150.100000  74.222500  0.010607
150.200000  74.230000  1.547150
150.300000  72.318000  0.755190
150.400000  73.798500  0.276479
150.500000  72.717500  1.166019
150.600000  72.778500  1.194303
150.700000  72.844000  0.953180
150.800000  73.139500  1.105208
150.900000  73.587500  1.103794
151.000000  73.803500  1.441791
151.100000  73.966500  1.395122
151.200000  73.548500  0.282136
151.300000  73.303000  0.435578
151.400000  72.654500  1.658165
151.500000  74.258000  0.919239
151.600000  73.698000  0.308299
151.700000  75.230500  0.796909
151.800000  74.225500  1.083995
151.900000  73.441500  0.942573
152.000000  73.605000  0.062225
152.100000  73.737000  1.774838
152.200000  73.262000  0.507703
152.300000  74.056000  0.117380
152.400000  74.358500  0.644174
152.500000  72.689500  0.105359
152.600000  73.093500  1.013284
152.700000  73.621500  0.820951
152.800000  73.928000  0.610940
152.900000  72.770500  0.638517
153.000000  73.443500  0.003536
153.100000  73.644500  1.061367
153.200000  73.043500  1.010456
153.300000  73.463500  1.033083
153.400000  74.121000  1.766353
153.500000  73.801500  1.112279
153.600000  73.918500  0.531037
153.700000  74.296500  0.723370
153.800000  73.788000  0.267286
153.900000  73.523500  0.495682
154.000000  72.988500  2.363858
154.100000  72.332000  0.732563
154.200000  73.299500  0.584777
154.300000  73.599500  0.953887
154.400000  73.473000  0.709935
154.500000  73.355000  0.138593
154.600000  75.286000  0.930553
154.700000  73.041000  0.288500
154.800000  74.156500  1.188646
154.900000  74.427500  0.549422
155.000000  73.421000  0.278600
155.100000  72.732000  1.081873
155.200000  75.132000  0.089095
155.300000  73.039500  0.683772
155.400000  73.600500  0.605991
155.500000  72.625500  0.890247
155.600000  72.951000  0.642053
155.700000  72.623500  0.552250
155.800000  74.616000  0.830143
155.900000  73.839000  0.643467
156.000000  74.009500  2.568919
156.100000  73.916000  0.982878
156.200000  74.743500  0.054447
156.300000  74.063000  0.680237
156.400000  74.042500  1.259357
156.500000  73.276500  1.027426
156.600000  74.558500  0.327390
156.700000  75.079000  0.765090
156.800000  73.285000  0.961665
156.900000  74.114000  0.489318
157.000000  73.956000  0.492146
157.100000  73.942000  0.777817
157.200000  75.115500  0.772868
157.300000  73.350000  0.089095
157.400000  73.722500  0.939745
157.500000  73.815000  0.705693
157.600000  73.793500  0.081317
157.700000  74.724500  1.949493
157.800000  74.009500  0.279307
157.900000  74.986500  0.586192
158.000000  73.637500  1.487046
158.100000  74.706500  1.214102
158.200000  75.204500  2.072530
158.300000  74.050000  0.329512
158.400000  72.726000  0.429921
158.500000  74.104000  1.855448
158.600000  74.770500  1.006213
158.700000  74.141000  0.043841
158.800000  73.117000  1.120057
158.900000  74.557000  1.465125
159.000000  75.455000  1.417042
159.100000  74.054000  2.292440
159.200000  73.005500  1.857570
159.300000  75.435000  0.916410
159.400000  74.227000  2.609224
159.500000  73.601500  0.484368
159.600000  73.926000  1.367545
159.700000  75.036000  1.675843
159.800000  73.797500  1.201374
159.900000  74.149000  0.255973
160.000000  73.104000  0.236174
160.100000  75.139000  0.476590
160.200000  73.261000  0.086267
160.300000  73.727500  0.802566
160.400000  73.857500  0.914289
160.500000  74.262500  0.748826
160.600000  74.857000  0.236174
160.700000  74.274000  0.883883
160.800000  74.787000  0.827315
160.900000  73.126500  0.316077
161.000000  73.655000  0.654781
161.100000  74.145000  0.298399
161.200000  73.997500  0.276479
161.300000  73.124500  0.676701
161.400000  72.928000  1.165312
161.500000  74.721500  2.402042
161.600000  73.115000  1.695642
161.700000  73.575000  0.386080
161.800000  74.090500  0.010607
161.900000  73.317000  1.244508
162.000000  72.382500  2.407699
162.100000  74.140000  1.233194
162.200000  74.277500  1.021769
162.300000  73.158000  1.436841
162.400000  74.553000  1.571191
162.500000  72.824000  2.097279
162.600000  73.671500  1.099551
162.700000  73.557500  1.147634
162.800000  73.761000  1.284106
162.900000  74.194500  2.294562
163.000000  74.973000  0.024042
163.100000  74.569000  1.575434
163.200000  74.829000  1.462297
163.300000  74.080000  1.643316
163.400000  74.513500  0.224153
163.500000  73.846500  1.314512
163.600000  73.238500  1.262186
163.700000  73.865000  0.517602
163.800000  73.929500  0.327390
163.900000  74.728000  1.516037
164.000000  73.842500  0.617304
164.100000  74.917000  1.380272
164.200000  74.816500  0.509824
164.300000  73.046000  1.237437
164.400000  74.781500  0.113844
164.500000  73.326000  0.014142
164.600000  73.941000  1.747968
164.700000  73.976000  1.308148
164.800000  73.533500  1.231073
164.900000  74.347500  0.781353
165.000000  74.202500  0.446184
165.100000  74.268000  0.209304
165.200000  72.399500  0.912875
165.300000  73.647500  0.668216
165.400000  73.034500  1.552099
165.500000  73.955000  1.818679
165.600000  73.906500  2.314360
165.700000  73.951000  1.100258
165.800000  73.754500  1.446033
165.900000  73.861500  1.656751
166.000000  73.345500  1.042983
166.100000  72.943000  0.793374
166.200000  73.289000  1.815850
166.300000  73.594500  0.696500
166.400000  73.708500  0.099702
166.500000  72.530000  0.264458
166.600000  72.695000  0.247487
166.700000  73.020500  0.229810
166.800000  74.198000  0.643467
166.900000  72.397500  0.897319
167.000000  72.696500  0.191626
167.100000  73.676500  2.155969
167.200000  74.293500  0.178898
167.300000  73.748000  1.930402
167.400000  73.312000  0.340825
167.500000  73.640500  0.306177
167.600000  73.358500  1.134906
167.700000  72.778000  0.172534
167.800000  73.814000  0.260215
167.900000  73.610500  1.396536
168.000000  73.740500  1.334310
168.100000  73.383000  0.350725
168.200000  72.838500  0.051619
168.300000  73.651000  0.610940
168.400000  73.880500  0.907218
168.500000  72.567500  0.689429
168.600000  73.701000  0.066468
168.700000  73.193500  0.836507
168.800000  73.990500  0.194454
168.900000  73.426500  0.419314
169.000000  72.774000  0.070711
169.100000  73.754500  0.625790
169.200000  73.839500  0.027577
169.300000  73.847500  0.396687
169.400000  73.708000  1.217638
169.500000  74.669500  0.693672
169.600000  74.726500  3.300067
169.700000  74.475500  0.960958
169.800000  73.812000  1.838478
169.900000  72.879000  2.760545
170.000000  73.913500  0.615890
170.100000  74.458500  3.319866
170.200000  73.749000  1.308148
170.300000  73.415500  1.795344
170.400000  73.596500  0.241123
170.500000  72.097500  0.857721
170.600000  72.223000  0.316784
170.700000  73.262000  0.001414
170.800000  73.937000  1.814436
170.900000  72.779500  1.659580
171.000000  74.117000  0.674580
171.100000  71.933000  3.221578
171.200000  73.821000  1.417042
171.300000  74.257500  1.481389
171.400000  72.899000  1.622103
171.500000  72.832000  0.035355
171.600000  74.269500  0.480126
171.700000  73.437500  2.037175
171.800000  73.556500  0.574878
171.900000  75.210000  1.516037
172.000000  73.442500  0.642760
172.100000  74.136000  3.227235
172.200000  74.870500  0.153442
172.300000  74.528000  2.228801
172.400000  73.335000  1.087530
172.500000  74.757500  0.654074
172.600000  72.830000  1.682914
172.700000  72.718000  0.302642
172.800000  73.200000  0.087681
172.900000  73.283000  0.357796
173.000000  72.093000  1.569777
173.100000  74.152500  2.110714
173.200000  73.731000  1.005506
173.300000  72.511000  1.214809
173.400000  73.882000  0.947523
173.500000  74.339500  0.068589
173.600000  75.236500  0.432042
173.700000  74.606500  1.134906
173.800000  74.017500  2.370929
173.900000  73.617000  2.186374
174.000000  72.521500  2.513765
174.100000  73.814500  1.150463
174.200000  74.258000  0.619426
174.300000  74.025000  1.275621
174.400000  73.860000  0.171120
174.500000  72.911500  0.009192
174.600000  73.220500  0.248194
174.700000  73.797000  1.111572
174.800000  74.619500  0.157685
174.900000  74.220500  2.349716
175.000000  73.614000  0.207889
175.100000  74.220000  0.592555
175.200000  75.161000  0.219203
175.300000  74.083500  1.287641
175.400000  73.280500  1.122178
175.500000  74.507500  0.997728
175.600000  72.746500  2.283248
175.700000  73.983500  0.301935
175.800000  74.311500  0.033234
175.900000  74.015500  1.157534
176.000000  74.368000  1.695642
176.100000  74.327000  2.689834
176.200000  73.957000  1.340674
176.300000  72.849000  0.403051
176.400000  75.132500  0.307591
176.500000  74.290000  0.390323
176.600000  74.146000  0.154149
176.700000  73.981500  0.958130
176.800000  74.634000  0.748119
176.900000  73.776500  1.260771
177.000000  73.774000  1.907774
177.100000  74.470500  1.751503
177.200000  72.868000  0.701450
177.300000  75.313500  0.256680
177.400000  74.625500  0.843578
177.500000  73.595000  1.354817
177.600000  73.259500  2.086672
177.700000  74.091000  2.320724
177.800000  73.745500  2.225265
177.900000  73.986500  1.365423
178.000000  74.383000  2.209002
178.100000  75.371000  1.216224
178.200000  74.942500  2.475581
178.300000  74.637000  3.314917
178.400000  74.846000  1.940301
178.500000  74.164500  1.682207
178.600000  74.228000  1.552806
178.700000  74.317000  1.603718
178.800000  74.806000  2.179303
178.900000  73.756500  0.608819
179.000000  75.069000  0.906511
179.100000  75.183000  1.453812
179.200000  74.788000  0.821658
179.300000  72.976000  0.674580
179.400000  73.341000  1.148341
179.500000  74.027000  0.405879
179.600000  74.828500  0.311834
179.700000  75.325500  1.225416
179.800000  74.267000  1.477853
179.900000  74.061500  3.130362
180.000000  74.170000  2.522957
180.100000  75.039500  1.273499
180.200000  73.133000  0.684479
180.300000  74.820000  0.565685
180.400000  74.265000  0.794788
180.500000  73.834500  0.299106
180.600000  75.133000  0.789131
180.700000  74.034500  0.914289
180.800000  73.476000  0.803273
180.900000  73.605000  1.013991
181.000000  74.182000  1.995455
181.100000  73.215000  0.014142
181.200000  74.338500  0.743169
181.300000  73.340000  0.810344
181.400000  75.046500  1.816557
181.500000  73.685500  2.419012
181.600000  73.107500  2.157383
181.700000  73.796500  0.635689
181.800000  73.080000  0.188090
181.900000  73.301000  0.028284
182.000000  74.662000  1.182283
182.100000  74.261500  1.997577
182.200000  74.695500  1.164605
182.300000  73.087000  1.079045
182.400000  74.743500  1.177333
182.500000  72.523000  1.740897
182.600000  73.709500  3.609780
182.700000  73.304500  1.823628
182.800000  72.566000  2.897724
182.900000  73.201000  1.475025
183.000000  73.457000  1.784738
183.100000  72.607000  0.823072
183.200000  73.362000  0.756604
183.300000  73.850500  2.030104
183.400000  73.292500  1.495531
183.500000  72.611500  1.977778
183.600000  72.720500  2.088086
183.700000  74.238500  0.545179
183.800000  73.697500  1.921209
183.900000  73.456000  0.073539
184.000000  73.412000  0.569928
184.100000  74.239000  1.409971
184.200000  72.497500  2.233750
184.300000  74.204000  2.360322
184.400000  71.915000  0.418607
184.500000  73.535500  1.815143
184.600000  72.941500  3.044095
184.700000  73.368000  2.354666
184.800000  73.431500  2.578818
184.900000  73.762000  2.875096
185.000000  72.501000  1.059246
185.100000  73.339500  3.179859
185.200000  72.720000  2.778930
185.300000  73.727500  2.102228
185.400000  73.539500  1.721805
185.500000  73.501500  0.081317
185.600000  72.100500  1.185818
185.700000  73.839000  2.476288
185.800000  72.616500  2.426083
185.900000  73.372000  0.456791
186.000000  72.988000  0.895197
186.100000  74.088500  0.861963
186.200000  75.118000  0.207889
186.300000  73.172000  1.486338
186.400000  73.539500  0.485782
186.500000  73.018500  0.088388
186.600000  72.999500  0.289207
186.700000  72.504000  0.742462
186.800000  74.472500  2.431740
186.900000  72.940000  2.442347
187.000000  73.437000  0.304056
187.100000  72.996500  1.315926
187.200000  74.284500  0.562150
187.300000  72.832500  2.496794
187.400000  72.552000  2.057681
187.500000  73.073500  1.146220
187.600000  72.712000  1.077631
187.700000  73.039500  0.043134
187.800000  74.677500  0.716299
187.900000  74.380000  1.551392
188.000000  73.986500  0.342947
188.100000  73.737000  2.679935
188.200000  72.429000  0.586899
188.300000  73.029000  1.504723
188.400000  72.746500  1.226830
188.500000  73.051500  1.662408
188.600000  73.316000  1.565534
188.700000  72.876000  0.957423
188.800000  73.452000  2.600739
188.900000  72.979000  1.940301
189.000000  72.495500  1.352695
189.100000  72.376500  1.624224
189.200000  71.841500  1.911310
189.300000  73.382000  2.084551
189.400000  72.998500  0.781353
189.500000  74.311500  0.656902
189.600000  73.326500  2.559019
189.700000  74.123000  0.114551
189.800000  74.015000  0.507703
189.900000  73.960000  1.648973
190.000000  74.708000  0.610940
190.100000  72.574000  0.560029
190.200000  73.729500  1.125007
190.300000  73.135000  2.165161
190.400000  73.792000  0.278600
190.500000  75.035000  1.500481
190.600000  74.420000  0.506288
190.700000  74.145500  0.375474
190.800000  73.505000  0.479418
190.900000  72.995500  0.234052
191.000000  72.114000  1.930402
191.100000  73.730000  1.588162
191.200000  72.990500  2.919644
191.300000  72.914500  2.706098
191.400000  72.372500  1.430477
191.500000  72.071000  0.801859
191.600000  73.035000  1.893632
191.700000  72.252500  1.700592
191.800000  74.044500  0.316077
191.900000  72.779500  1.481389
192.000000  72.385500  1.993334
192.100000  73.501500  0.536694
192.200000  72.115500  0.545179
192.300000  72.235500  1.689278
192.400000  72.269000  0.337997
192.500000  72.520000  0.062225
192.600000  73.364000  1.673015
192.700000  74.110000  0.200818
192.800000  74.797000  2.121320
192.900000  73.907500  2.440226
193.000000  75.281000  2.691248
193.100000  71.959000  2.696905
193.200000  73.747000  1.013991
193.300000  73.366000  0.544472
193.400000  73.406000  0.080610
193.500000  73.424000  1.245922
193.600000  73.884000  0.660438
193.700000  72.976500  0.058690
193.800000  73.318500  0.914289
193.900000  73.181000  0.251730
194.000000  73.228000  0.513360
194.100000  72.878500  0.217082
194.200000  73.085500  1.301784
194.300000  72.705500  0.009192
194.400000  72.918000  0.364867
194.500000  72.200500  2.119199
194.600000  74.521000  2.399920
194.700000  73.469500  2.403456
194.800000  72.488000  3.754737
194.900000  71.756000  0.963079
195.000000  71.932000  0.871156
195.100000  72.754000  1.538664
195.200000  71.870000  2.419719
195.300000  73.154500  2.444468
195.400000  73.588500  0.374059
195.500000  72.790000  0.987121
195.600000  72.645500  0.368403
195.700000  73.273000  0.089095
195.800000  73.055500  0.830850
195.900000  74.951500  0.563564
196.000000  71.913500  0.081317
196.100000  72.650000  0.929138
196.200000  71.514000  1.895046
196.300000  73.066500  0.644174
196.400000  73.148000  3.218750
196.500000  73.106500  0.419314
196.600000  72.847000  2.307997
196.700000  73.075500  2.359615
196.800000  73.129500  0.509824
196.900000  73.401500  0.559321
197.000000  73.251500  1.134906
197.100000  72.202500  0.881762
197.200000  72.389500  1.566242
197.300000  73.587000  0.557200
197.400000  73.663000  0.141421
197.500000  73.107000  1.176626
197.600000  71.584500  2.537806
197.700000  74.101500  0.188798
197.800000  71.557000  3.081571
197.900000  73.506000  0.217789
198.000000  73.389000  1.786152
198.100000  73.029000  1.923330
198.200000  73.816000  0.596798
198.300000  74.247500  1.085409
198.400000  72.692500  0.374059
198.500000  74.041000  0.739634
198.600000  72.926000  0.395980
198.700000  73.237500  1.890096
198.800000  72.556500  0.932674
198.900000  73.260500  0.465983
199.000000  72.839000  0.137179
199.100000  73.288500  0.159099
199.200000  71.699500  0.474469
199.300000  72.231500  0.852064
199.400000  73.316500  0.217082
199.500000  72.521500  0.320319
199.600000  73.305500  0.492853
199.700000  72.439000  0.364867
199.800000  73.997000  0.944695
199.900000  73.750500  0.337290
200.000000  72.594000  0.838629
