# aggregated from 2 replicates
# x  mean  std
0.000000  26.307120  0.489253
1.000000  25.241862  1.001171
2.000000  24.460269  1.022633
3.000000  23.680165  0.153584
4.000000  23.447164  0.411048
5.000000  21.115077  3.725912
6.000000  20.787031  1.499120
7.000000  21.831677  0.344453
8.000000  24.030520  0.897075
11.000000  22.969324  0.306244
12.000000  21.590164  0.342573
13.000000  22.046861  0.744314
14.000000  21.233518  1.898534
15.000000  22.006118  2.754882
16.000000  21.909191  4.201851
17.000000  23.076698  6.639666
18.000000  22.870155  5.420819
19.000000  23.880660  6.053666
20.000000  22.354200  5.076582
21.000000  23.484525  4.800258
22.000000  23.121249  4.554889
23.000000  23.122222  3.861391
24.000000  21.867374  4.373455
25.000000  20.834916  4.214390
26.000000  20.384128  3.097476
27.000000  21.692805  2.908740
28.000000  24.121648  2.580974
29.000000  23.914701  3.242437
30.000000  25.322154  3.633610
31.000000  23.496392  4.235142
32.000000  22.325427  2.613339
33.000000  22.266500  1.577583
34.000000  21.650275  1.088739
35.000000  21.616090  0.391475
36.000000  21.189329  0.967925
37.000000  22.249105  1.182242
38.000000  20.974912  1.629546
39.000000  20.403649  2.806985
40.000000  21.145800  3.798137
41.000000  23.699320  4.333668
42.000000  24.237912  4.109490
43.000000  26.972034  4.775502
44.000000  29.034090  5.951358
45.000000  27.635179  5.922955
46.000000  23.739107  5.344272
47.000000  24.017138  6.317197
48.000000  23.227803  5.517229
49.000000  22.066851  5.920782
50.000000  23.321868  6.878398
51.000000  22.075597  6.050512
52.000000  22.256023  7.003687
53.000000  23.538089  6.901380
54.000000  22.472957  6.981026
55.000000  23.815410  7.827357
56.000000  22.381456  7.480053
57.000000  21.987459  7.763076
58.000000  20.746910  7.088102
59.000000  21.519472  7.786557
60.000000  20.319036  6.522720
61.000000  20.462084  5.995250
62.000000  20.694081  5.177891
63.000000  19.376067  4.396541
64.000000  19.830044  4.225579
65.000000  20.170280  2.948830
66.000000  21.396612  2.459672
68.000000  24.312698  2.681658
69.000000  21.719139  3.714470
70.000000  20.662592  3.765733
71.000000  19.899936  4.611814
72.000000  19.292748  4.129818
73.000000  19.182872  4.611954
74.000000  19.794594  5.671699
75.000000  20.207049  5.914100
76.000000  20.174490  6.274820
77.000000  22.216076  7.510974
78.000000  22.867340  8.343966
79.000000  23.952803  8.800958
80.000000  24.315833  8.387057
81.000000  25.532981  8.817338
82.000000  24.320497  7.124805
83.000000  23.771068  8.090756
84.000000  23.450910  7.563738
85.000000  23.378749  8.397123
86.000000  25.064222  9.104196
87.000000  27.115178  9.778543
88.000000  26.891030  9.892380
89.000000  25.440947  8.777257
90.000000  26.644058  9.433872
91.000000  27.287840  8.707606
93.000000  25.076919  9.858166
94.000000  22.351019  7.973840
95.000000  23.805385  8.189199
96.000000  24.308391  8.369703
97.000000  22.518688  7.656564
98.000000  22.535685  7.253277
99.000000  24.370576  7.705039
100.000000  23.759528  7.366573
101.000000  22.491049  6.501268
102.000000  24.007050  6.758208
103.000000  25.375342  7.094767
104.000000  24.272495  6.406878
105.000000  24.238285  5.877160
106.000000  26.478334  6.480752
107.000000  27.046755  6.538305
108.000000  25.465716  5.696300
109.000000  25.980992  6.887353
110.000000  27.709967  6.912771
111.000000  27.552213  6.967134
112.000000  31.438200  8.401304
113.000000  29.380958  8.071577
114.000000  28.770049  7.264363
115.000000  29.376940  7.206917
116.000000  30.663274  6.893056
117.000000  31.167133  8.197290
125.000000  32.964878  7.916944
126.000000  29.767705  8.042821
127.000000  28.562153  8.462583
128.000000  27.529802  8.277052
129.000000  26.451000  8.540283
130.000000  27.074917  8.744850
131.000000  29.837263  10.056280
132.000000  28.055233  9.856818
133.000000  27.973375  9.343392
134.000000  27.798665  9.160646
135.000000  26.379049  8.856835
136.000000  26.900056  8.283217
137.000000  26.603051  7.826757
138.000000  31.296003  8.469539
