# aggregated from 2 replicates
# x  mean  std
0.000000  71.271000  5.024277
2.000000  20.535100  16.328793
6.000000  8.544950  0.426739
7.000000  8.758200  0.981747
11.000000  7.954400  0.284116
13.000000  9.682600  0.765231
14.000000  10.527850  0.504379
15.000000  30.182800  6.440329
16.000000  33.243600  26.910080
17.000000  48.936800  8.133142
18.000000  85.325000  16.100963
20.000000  36.437650  13.293395
21.000000  60.069400  2.877642
22.000000  9.175800  0.495540
23.000000  55.196250  3.022952
24.000000  7.077300  0.098995
25.000000  56.354950  13.756550
26.000000  91.890700  29.319476
27.000000  18.482100  9.970064
30.000000  49.923500  15.089659
31.000000  43.626300  28.620430
32.000000  44.596950  6.736253
33.000000  9.250100  1.858984
34.000000  106.384800  14.701740
35.000000  40.671600  1.198687
36.000000  49.569250  12.428604
38.000000  61.796100  16.950764
39.000000  14.790900  0.698056
40.000000  15.603550  0.248548
41.000000  46.741400  1.282409
42.000000  8.632450  0.410051
43.000000  61.669000  2.270520
45.000000  15.414800  3.052014
46.000000  7.757850  0.009970
48.000000  25.389150  23.135756
49.000000  8.935550  0.218567
50.000000  13.725750  3.224902
52.000000  43.646400  9.236936
53.000000  10.036300  0.743876
54.000000  7.712350  0.107127
55.000000  15.917000  4.711452
56.000000  13.990050  2.185879
57.000000  15.382700  0.687591
58.000000  6.844650  0.015627
59.000000  9.255900  0.132088
60.000000  7.537100  0.087257
61.000000  44.037150  45.386568
62.000000  21.587250  5.990114
63.000000  7.714750  0.702228
64.000000  27.874050  2.334513
65.000000  15.101100  4.961768
66.000000  13.641900  4.440489
69.000000  49.579250  22.724220
70.000000  94.823250  8.919374
71.000000  26.320350  25.318878
72.000000  39.521750  37.799736
73.000000  8.264250  0.410334
74.000000  13.085050  1.903319
76.000000  40.313000  29.685050
77.000000  39.108200  40.770928
78.000000  49.137300  4.752606
80.000000  54.558150  7.614479
81.000000  62.485650  0.343866
82.000000  59.360950  1.467176
83.000000  51.567950  0.893712
84.000000  14.544200  8.741820
85.000000  33.108450  30.168357
87.000000  22.713800  1.363160
88.000000  7.657250  0.663761
89.000000  8.807600  0.843154
90.000000  15.609250  1.335937
91.000000  54.777300  1.076782
92.000000  10.753650  2.428983
93.000000  27.502750  6.335323
94.000000  8.090800  0.532169
95.000000  53.673050  25.946506
96.000000  13.157550  3.824104
98.000000  23.362700  3.050176
100.000000  9.200550  0.000212
101.000000  10.582700  0.784606
102.000000  7.422100  0.177060
103.000000  7.547400  0.231224
104.000000  15.911400  1.865065
105.000000  17.650700  0.840891
106.000000  33.992050  34.184017
108.000000  30.012600  3.485895
109.000000  49.023800  20.628143
110.000000  21.882550  0.418395
111.000000  13.655400  1.627194
113.000000  62.987650  3.545363
114.000000  47.693800  5.683866
115.000000  36.674500  9.696414
120.000000  59.863200  12.154883
121.000000  24.679500  1.645579
122.000000  18.997950  12.655302
123.000000  12.000950  0.046457
124.000000  64.139750  3.873319
125.000000  49.874100  8.356305
126.000000  12.548700  1.143392
127.000000  21.199450  11.487445
128.000000  19.088800  1.182707
129.000000  9.004700  0.175504
130.000000  8.601350  0.083509
131.000000  74.114350  5.346505
132.000000  63.439750  31.082505
133.000000  32.453750  13.815806
134.000000  15.612050  2.100036
135.000000  20.348900  7.742819
136.000000  37.205300  0.624941
137.000000  23.635550  0.362958
138.000000  10.791450  4.010356
