# aggregated from 2 replicates
# x  mean  std
0.000000  69.772000  0.000000
0.100000  74.055000  0.149907
0.200000  72.763000  0.687308
0.300000  72.447000  2.378707
0.400000  71.549000  0.989949
0.500000  72.329000  0.096167
0.600000  72.791500  1.088237
0.700000  71.628000  1.260064
0.800000  72.739000  0.670337
0.900000  73.784000  1.111572
1.000000  72.576500  0.058690
1.100000  70.949500  1.673722
1.200000  72.837000  0.248902
1.300000  73.537500  0.508410
1.400000  73.048000  1.070560
1.500000  73.396000  0.173948
1.600000  72.898000  2.203345
1.700000  72.351000  0.031113
1.800000  72.281000  1.190768
1.900000  73.793500  1.537957
2.000000  73.945000  0.493561
2.100000  73.158500  0.857721
2.200000  71.857000  0.668923
2.300000  72.360500  0.413657
2.400000  73.043500  1.489874
2.500000  72.618500  0.328805
2.600000  72.776000  0.066468
2.700000  72.233500  0.064347
2.800000  71.622000  0.193747
2.900000  71.662500  1.743018
3.000000  72.144500  1.267842
3.100000  72.323000  0.742462
3.200000  71.914000  0.151321
3.300000  72.958500  0.750240
3.400000  70.820000  0.431335
3.500000  70.871000  0.046669
3.600000  71.247500  0.443356
3.700000  72.319000  1.517451
3.800000  71.687000  0.789131
3.900000  69.777000  0.883883
4.000000  70.042500  0.170413
4.100000  70.187000  0.630739
4.200000  70.827500  1.182990
4.300000  70.390500  0.791252
4.400000  70.807500  1.171676
4.500000  71.572500  1.771302
4.600000  71.301500  0.564978
4.700000  71.252500  0.118087
4.800000  70.959000  0.123037
4.900000  71.299500  0.450427
5.000000  71.311500  0.853478
5.100000  71.052500  2.031518
5.200000  71.222500  0.249609
5.300000  71.040500  1.463004
5.400000  71.819000  1.066317
5.500000  70.904000  0.811759
5.600000  71.624000  1.472196
5.700000  71.669500  0.014849
5.800000  70.569500  0.300520
5.900000  70.692000  0.575585
6.000000  71.332500  0.993485
6.100000  71.707500  0.768625
6.200000  71.122000  0.142836
6.300000  70.837500  0.901561
6.400000  70.686500  1.018941
6.500000  70.472000  0.342240
6.600000  70.563000  0.196576
6.700000  71.079000  0.398808
6.800000  70.713000  1.145513
6.900000  70.619000  1.883732
7.000000  71.081500  1.949493
7.100000  70.787500  0.385373
7.200000  71.026000  0.659024
7.300000  70.450500  1.488460
7.400000  70.941500  3.082278
7.500000  71.434000  0.793374
7.600000  71.598500  0.202940
7.700000  72.396000  0.237588
7.800000  72.558000  0.164049
7.900000  70.041500  0.245366
8.000000  72.172000  1.015405
8.100000  71.418000  0.632153
8.200000  71.274500  1.366837
8.300000  71.432000  0.903682
8.400000  71.680500  0.280721
8.500000  71.029500  1.279156
8.600000  70.908000  0.178191
8.700000  71.349000  0.984293
8.800000  72.173500  0.009192
8.900000  71.571500  1.113693
9.000000  71.402500  0.444770
9.100000  70.979500  0.160513
9.200000  71.899000  0.733977
9.300000  69.931000  0.011314
9.400000  70.035000  1.185111
9.500000  72.112500  2.236579
9.600000  70.561500  1.441791
9.700000  70.741500  1.033083
9.800000  71.505000  0.837214
9.900000  71.364500  1.001970
10.000000  71.137500  1.463004
10.100000  72.023500  2.171525
10.200000  69.363500  1.826457
10.300000  71.435500  0.550836
10.400000  72.363500  1.523815
10.500000  72.233000  0.427092
10.600000  71.239000  1.705542
10.700000  71.180500  0.381131
10.800000  70.487000  1.715441
10.900000  71.074500  2.581647
11.000000  70.869500  2.889945
11.100000  71.213000  2.947221
11.200000  70.844000  1.223295
11.300000  70.973500  1.983435
11.400000  71.275000  1.277035
11.500000  72.078500  0.471640
11.600000  71.201500  2.939443
11.700000  71.058500  0.618718
11.800000  72.200500  0.072832
11.900000  70.555500  0.335876
12.000000  72.053000  2.268399
12.100000  71.139500  1.665236
12.200000  71.174000  3.667056
12.300000  72.342000  0.567100
12.400000  71.399500  1.040154
12.500000  71.336000  0.244659
12.600000  71.030000  0.589727
12.700000  71.472000  0.623668
12.800000  70.415500  0.945402
12.900000  71.771500  1.297541
13.000000  70.583000  1.327947
13.100000  70.444000  3.116927
13.200000  70.490500  1.601597
13.300000  69.819000  0.325269
13.400000  70.740500  0.794081
13.500000  72.290000  0.741048
13.600000  71.193000  0.500632
13.700000  71.381500  0.791252
13.800000  71.367500  0.747412
13.900000  71.411000  1.248751
14.000000  72.193500  0.348604
14.100000  70.984000  0.769332
14.200000  71.369000  0.909339
14.300000  69.995000  0.408708
14.400000  71.558500  0.310420
14.500000  71.200500  0.094045
14.600000  71.269500  1.188646
14.700000  72.308000  2.066166
14.800000  71.392000  2.409820
14.900000  71.259000  0.189505
15.000000  71.151000  1.868176
15.100000  71.839500  1.400779
15.200000  71.612000  2.507401
15.300000  71.050500  1.836356
15.400000  71.765500  1.904239
15.500000  71.803000  0.366281
15.600000  70.590500  2.847519
15.700000  71.094500  1.116522
15.800000  71.022500  1.846256
15.900000  70.823000  1.310976
16.000000  70.752500  0.026163
16.100000  71.276000  1.961514
16.200000  71.781000  2.489016
16.300000  72.148500  2.088086
16.400000  71.907500  2.484066
16.500000  71.914500  0.139300
16.600000  72.053000  3.657156
16.700000  71.837500  3.184102
16.800000  72.360000  1.897875
16.900000  72.407500  2.772566
17.000000  72.557000  1.815850
17.100000  72.422000  1.909188
17.200000  72.442000  3.217336
17.300000  70.578000  1.967171
17.400000  72.345500  2.529321
17.500000  73.483000  0.906511
17.600000  72.400500  0.077075
17.700000  73.107500  1.222588
17.800000  70.950500  0.919946
17.900000  71.995000  0.997021
18.000000  72.207500  2.304461
18.100000  71.829500  1.607254
18.200000  71.965500  0.214253
18.300000  72.324000  0.936209
18.400000  72.946000  2.442347
18.500000  72.055500  1.412092
18.600000  72.638500  2.246478
18.700000  72.067500  1.663822
18.800000  71.263000  3.198951
18.900000  71.523000  1.285520
19.000000  72.711500  2.011719
19.100000  72.165000  2.244357
19.200000  71.571500  1.974949
19.300000  71.357500  0.396687
19.400000  70.387500  1.416335
19.500000  71.186500  2.055559
19.600000  72.717000  1.371787
19.700000  71.678000  1.950201
19.800000  72.218000  1.564120
19.900000  71.964500  2.642458
20.000000  72.177000  3.126826
20.100000  71.009500  1.836356
20.200000  72.564500  0.594677
20.300000  72.159500  1.665236
20.400000  72.679500  0.352846
20.500000  72.713500  0.219910
20.600000  71.645000  1.709784
20.700000  70.655000  1.917674
20.800000  71.747000  0.700036
20.900000  71.398500  2.148898
21.000000  71.075000  0.121622
21.100000  71.711000  0.721249
21.200000  71.742500  0.736098
21.300000  71.901000  0.451134
21.400000  71.530500  0.194454
21.500000  71.533500  0.246780
21.600000  72.269500  3.300067
21.700000  70.247500  1.723219
21.800000  71.660500  0.410829
21.900000  72.656000  0.236174
22.000000  71.677000  2.392849
22.100000  72.046500  2.421841
22.200000  72.713500  1.607254
22.300000  71.778500  1.994748
22.400000  72.158000  0.070711
22.500000  72.184000  0.494975
22.600000  71.348500  0.327390
22.700000  71.752000  1.295420
22.800000  72.871000  3.657156
22.900000  71.782500  0.956715
23.000000  71.144500  2.148898
23.100000  71.885000  1.897875
23.200000  70.678000  0.537401
23.300000  71.904000  1.822921
23.400000  71.668500  1.679379
23.500000  70.962500  1.088237
23.600000  71.503000  2.416891
23.700000  72.222500  1.164605
23.800000  72.532500  0.717713
23.900000  70.468500  2.530735
24.000000  71.585500  1.847670
24.100000  72.346500  0.798324
24.200000  72.201000  0.837214
24.300000  70.932500  1.451690
24.400000  71.655500  1.506845
24.500000  72.392500  1.885854
24.600000  72.238500  1.352695
24.700000  71.660500  1.648266
24.800000  72.061000  1.257236
24.900000  71.942500  1.755746
25.000000  72.058000  1.879490
25.100000  71.715000  0.374767
25.200000  71.769000  0.530330
25.300000  72.346500  1.191475
25.400000  72.593000  0.289914
25.500000  72.513500  0.613062
25.600000  72.102500  0.989242
25.700000  71.543000  1.108743
25.800000  71.913500  0.748826
25.900000  71.796500  0.050205
26.000000  71.112500  0.870448
26.100000  70.485500  0.823779
26.200000  71.933500  0.311834
26.300000  71.700500  0.771453
26.400000  69.943500  0.859135
26.500000  71.055000  0.072125
26.600000  71.423000  0.090510
26.700000  70.284000  1.449569
26.800000  72.026500  2.006062
26.900000  71.236500  0.433456
27.000000  71.203000  1.733826
27.100000  72.038500  0.829436
27.200000  71.403000  1.460883
27.300000  70.973000  0.479418
27.400000  71.667000  1.846963
27.500000  72.401000  1.004092
27.600000  72.904500  0.316077
27.700000  73.215000  0.202233
27.800000  70.919500  1.192889
27.900000  70.942500  0.543765
28.000000  72.062000  2.165161
28.100000  72.491000  0.052326
28.200000  71.625500  1.010456
28.300000  71.256000  0.625082
28.400000  70.517000  0.063640
28.500000  71.718000  0.226274
28.600000  72.665000  0.110309
28.700000  72.738000  1.554221
28.800000  70.921000  2.228801
28.900000  72.274500  0.669630
29.000000  71.717500  0.226981
29.100000  71.978500  1.338553
29.200000  72.397000  0.304056
29.300000  71.925500  0.685186
29.400000  73.710000  1.849791
29.500000  72.808500  0.953887
29.600000  72.032500  0.562150
29.700000  71.943500  0.770039
29.800000  71.848000  0.644881
29.900000  72.121000  1.059246
30.000000  70.639000  3.196123
30.100000  72.463000  0.089095
30.200000  69.525500  0.639932
30.300000  71.687000  0.784889
30.400000  71.506000  0.940452
30.500000  70.674000  1.055003
30.600000  71.126500  1.506845
30.700000  72.283000  0.520431
30.800000  70.680500  2.537806
30.900000  71.225500  0.533866
31.000000  70.161000  1.137028
31.100000  70.515000  0.431335
31.200000  72.822500  0.688015
31.300000  72.328500  0.065761
31.400000  71.461500  1.120764
31.500000  71.907500  0.132229
31.600000  71.809000  1.673015
31.700000  71.633000  1.912017
31.800000  69.736500  0.662559
31.900000  71.973500  0.638517
32.000000  72.129000  0.475176
32.100000  70.621000  0.975807
32.200000  72.467500  0.102530
32.300000  72.122000  0.817415
32.400000  72.233000  1.281277
32.500000  71.619000  0.732563
32.600000  71.643500  0.348604
32.700000  72.181000  0.123037
32.800000  71.791000  1.510380
32.900000  71.600000  0.910754
33.000000  71.705500  0.566393
33.100000  71.507500  0.419314
33.200000  71.950500  1.198546
33.300000  71.414000  0.535987
33.400000  71.721000  0.362039
33.500000  71.668000  0.149907
33.600000  70.884000  0.782060
33.700000  71.882500  0.417900
33.800000  71.465500  1.523815
33.900000  71.108500  2.392142
34.000000  70.800500  2.211123
34.100000  70.710000  1.794637
34.200000  70.789000  2.415477
34.300000  70.041500  0.516895
34.400000  71.032500  0.835093
34.500000  71.461000  0.340825
34.600000  71.130000  0.234759
34.700000  71.217000  0.519016
34.800000  69.906500  1.136321
34.900000  71.366500  0.743169
35.000000  71.539500  0.156271
35.100000  72.284000  1.752211
35.200000  72.200000  0.849942
35.300000  70.702500  1.113693
35.400000  72.891000  1.084702
35.500000  72.185500  0.678115
35.600000  71.252500  0.232638
35.700000  72.157000  0.527502
35.800000  70.937500  1.604425
35.900000  71.537500  1.317340
36.000000  70.753500  1.253700
36.100000  71.683000  1.534422
36.200000  70.635000  1.562706
36.300000  71.126500  1.533715
36.400000  70.112500  2.185667
36.500000  70.968000  1.694228
36.600000  71.872000  1.008334
36.700000  71.527000  1.450983
36.800000  71.308000  1.207738
36.900000  71.245500  0.316077
37.000000  71.632000  0.264458
37.100000  72.816500  1.873126
37.200000  71.841000  1.043690
37.300000  71.954000  0.313955
37.400000  72.131000  1.036619
37.500000  72.138500  0.389616
37.600000  72.402000  1.086116
37.700000  72.137000  1.141270
37.800000  72.345000  0.158392
37.900000  71.249000  0.350725
38.000000  71.702000  0.185262
38.100000  71.779500  0.102530
38.200000  71.404000  0.316784
38.300000  72.075500  0.167584
38.400000  71.196000  1.599476
38.500000  71.924000  0.405879
38.600000  70.922500  0.194454
38.700000  71.403500  0.618718
38.800000  72.644500  0.393858
38.900000  71.609500  0.550836
39.000000  71.883500  0.704985
39.100000  72.215500  0.922774
39.200000  72.412500  0.388202
39.300000  72.533000  1.776252
39.400000  71.456000  0.138593
39.500000  71.559000  0.510531
39.600000  70.466500  1.352695
39.700000  70.766500  0.045962
39.800000  71.401000  0.394566
39.900000  70.710000  0.480833
40.000000  70.950000  0.571342
40.100000  71.153000  0.171120
40.200000  70.805000  0.475176
40.300000  71.551500  0.426385
40.400000  71.058500  0.212839
40.500000  71.516500  0.450427
40.600000  71.753000  0.336583
40.700000  71.887000  0.868327
40.800000  71.604500  1.315926
40.900000  71.822000  0.960251
41.000000  71.666000  0.677408
41.100000  72.163500  0.010607
41.200000  71.049500  0.816708
41.300000  72.242500  1.474318
41.400000  72.342000  2.945807
41.500000  72.041000  0.564271
41.600000  71.160000  1.465125
41.700000  70.818000  0.506288
41.800000  71.876000  1.716855
41.900000  73.342500  1.413506
42.000000  71.902500  0.296278
42.100000  71.881000  0.930553
42.200000  71.840500  0.465983
42.300000  72.135000  0.989949
42.400000  71.766000  1.422699
42.500000  72.299000  0.544472
42.600000  72.183500  0.994899
42.700000  71.093000  0.451134
42.800000  71.751500  0.736098
42.900000  72.479000  0.575585
43.000000  72.891000  0.046669
43.100000  71.068500  0.068589
43.200000  71.642500  1.020355
43.300000  71.514000  0.274357
43.400000  72.269500  2.170111
43.500000  72.009000  0.845700
43.600000  72.585000  0.257387
43.700000  72.681500  0.000707
43.800000  71.883000  0.339411
43.900000  72.406000  0.055154
44.000000  71.826500  0.671044
44.100000  72.398000  0.702864
44.200000  71.961500  0.065761
44.300000  72.576500  0.614476
44.400000  72.509500  0.989242
44.500000  72.683500  0.405172
44.600000  71.222000  1.110158
44.700000  71.977000  1.747968
44.800000  71.167000  0.584070
44.900000  71.818000  0.175362
45.000000  72.338500  1.147634
45.100000  72.928000  0.094752
45.200000  72.184000  1.104501
45.300000  70.534000  0.234759
45.400000  71.185500  0.424971
45.500000  71.728000  0.571342
45.600000  71.372000  0.452548
45.700000  71.995000  1.018234
45.800000  71.674500  0.173241
45.900000  72.809500  2.196981
46.000000  72.116500  1.072681
46.100000  72.176000  1.173797
46.200000  71.814500  0.027577
46.300000  72.138500  1.105208
46.400000  72.377500  1.082580
46.500000  70.768000  0.084853
46.600000  71.870500  0.081317
46.700000  71.617500  0.168999
46.800000  72.323500  0.490025
46.900000  71.290000  0.782060
47.000000  71.961000  0.103238
47.100000  70.929500  0.731856
47.200000  72.721500  2.474167
47.300000  72.853000  1.665944
47.400000  72.112000  0.610940
47.500000  71.509500  0.351432
47.600000  71.996500  0.318905
47.700000  72.502500  0.785596
47.800000  73.164000  1.749382
47.900000  72.479000  0.336583
48.000000  73.019500  1.115107
48.100000  71.863000  0.431335
48.200000  72.239500  0.249609
48.300000  71.365000  0.701450
48.400000  72.539500  1.235316
48.500000  71.648000  0.360624
48.600000  72.214500  0.820951
48.700000  71.834000  0.066468
48.800000  72.334500  1.792516
48.900000  71.729000  0.175362
49.000000  71.702000  0.459619
49.100000  71.838500  1.321583
49.200000  72.004000  0.472347
49.300000  71.485000  0.087681
49.400000  71.457000  1.231780
49.500000  72.060000  0.114551
49.600000  72.558000  0.077782
49.700000  72.465500  1.226830
49.800000  70.956000  0.056569
49.900000  72.077000  0.605283
50.000000  72.821000  1.723926
50.100000  73.053500  2.390728
50.200000  71.394500  0.610233
50.300000  71.925500  1.103794
50.400000  72.687000  0.405879
50.500000  72.030500  0.997728
50.600000  71.871500  0.611647
50.700000  71.868500  1.397950
50.800000  70.852500  0.809637
50.900000  71.464000  1.258650
51.000000  72.312000  0.473762
51.100000  72.623000  1.257236
51.200000  72.605000  0.113137
51.300000  73.767000  0.869741
51.400000  71.399000  0.835800
51.500000  71.297000  1.596647
51.600000  71.980000  0.552958
51.700000  71.760500  0.861963
51.800000  71.827000  1.105915
51.900000  71.416000  0.275772
52.000000  72.856500  0.218496
52.100000  72.448000  2.026568
52.200000  71.982500  0.156271
52.300000  72.194000  0.388909
52.400000  73.198500  0.522552
52.500000  72.687500  0.886005
52.600000  72.350500  0.335876
52.700000  72.836000  0.053740
52.800000  71.972500  0.095459
52.900000  71.519000  0.931967
53.000000  72.073500  1.252286
53.100000  71.324000  0.018385
53.200000  71.040500  0.671044
53.300000  72.034000  0.879641
53.400000  71.344000  0.384666
53.500000  71.392500  1.269257
53.600000  72.491000  0.168291
53.700000  72.654500  0.098288
53.800000  71.716500  0.523966
53.900000  71.733500  1.567656
54.000000  72.911500  0.166170
54.100000  71.900500  1.547857
54.200000  71.324500  1.703420
54.300000  72.316000  1.079045
54.400000  72.730000  1.207738
54.500000  71.824000  1.129957
54.600000  72.757500  1.314512
54.700000  71.448500  1.726048
54.800000  73.200500  0.686601
54.900000  71.234000  0.626497
55.000000  71.887000  0.777817
55.100000  71.739500  0.342947
55.200000  72.242000  0.883883
55.300000  72.766000  0.504874
55.400000  72.672000  1.755039
55.500000  73.259500  2.632559
55.600000  70.810500  0.515481
55.700000  71.384000  0.981464
55.800000  73.051000  0.421436
55.900000  73.025500  1.085409
56.000000  72.142500  0.174655
56.100000  72.911500  0.630032
56.200000  72.702500  0.163342
56.300000  71.135500  0.506996
56.400000  72.690000  0.285671
56.500000  72.235000  0.618011
56.600000  72.944000  1.055003
56.700000  73.612500  1.078338
56.800000  72.361000  0.206475
56.900000  73.869500  0.337290
57.000000  72.337000  0.644881
57.100000  72.463500  0.085560
57.200000  72.932500  1.096723
57.300000  72.685500  0.369817
57.400000  72.130500  1.011870
57.500000  73.705500  0.529623
57.600000  72.846500  0.279307
57.700000  72.721000  0.195161
57.800000  71.955500  0.019092
57.900000  72.212500  0.886005
58.000000  70.957000  0.657609
58.100000  73.647500  1.276328
58.200000  72.231500  0.878934
58.300000  71.638500  1.700592
58.400000  72.476000  0.585484
58.500000  72.473500  0.996313
58.600000  73.385500  0.703571
58.700000  72.054000  1.227537
58.800000  72.725000  0.277186
58.900000  72.673000  0.451134
59.000000  72.094500  0.307591
59.100000  72.914500  0.253851
59.200000  72.313500  0.000707
59.300000  72.880000  0.291328
59.400000  71.521500  0.444770
59.500000  71.393000  0.571342
59.600000  71.200000  0.147078
59.700000  71.008000  0.384666
59.800000  71.168000  0.205061
59.900000  71.831000  1.045104
60.000000  71.458500  0.556493
60.100000  71.531000  0.359210
60.200000  72.308000  0.149907
60.300000  72.258000  0.363453
60.400000  72.119500  0.696500
60.500000  71.697500  0.212839
60.600000  71.165000  0.271529
60.700000  73.078500  0.282136
60.800000  72.594000  1.462297
60.900000  72.415000  0.421436
61.000000  73.092000  1.712613
61.100000  72.906500  1.675136
61.200000  72.936000  0.168291
61.300000  73.222500  1.557756
61.400000  72.884500  0.166170
61.500000  72.044500  1.083995
61.600000  72.365500  0.149200
61.700000  72.898500  1.001970
61.800000  72.892500  0.068589
61.900000  73.704500  0.618718
62.000000  73.294000  0.018385
62.100000  73.200500  0.726199
62.200000  72.977500  1.526644
62.300000  72.505500  1.182990
62.400000  72.987000  0.383252
62.500000  73.623000  0.050912
62.600000  73.183000  1.912017
62.700000  72.331000  1.639074
62.800000  71.742500  0.907218
62.900000  70.981000  0.038184
63.000000  73.594000  0.613769
63.100000  72.643000  1.004092
63.200000  72.484000  1.060660
63.300000  72.313500  0.241123
63.400000  72.502500  1.356938
63.500000  73.008500  1.197132
63.600000  73.380000  0.492146
63.700000  72.987500  0.415072
63.800000  72.520500  0.103945
63.900000  72.506000  0.400222
64.000000  73.772500  1.414921
64.100000  73.155000  0.476590
64.200000  72.516500  1.205617
64.300000  73.038000  0.526087
64.400000  71.445500  1.134906
64.500000  73.604500  0.016263
64.600000  73.831500  0.481540
64.700000  73.199000  0.637810
64.800000  72.583500  1.280570
64.900000  73.724000  1.144099
65.000000  72.566500  0.296278
65.100000  72.594500  0.266579
65.200000  72.961500  0.712057
65.300000  72.550500  0.710642
65.400000  72.134000  0.065054
65.500000  72.404500  0.569221
65.600000  72.541500  0.060104
65.700000  72.401000  0.082024
65.800000  72.605000  0.162635
65.900000  72.696500  0.037477
66.000000  72.978000  1.856862
66.100000  73.579500  0.330219
66.200000  72.601000  0.745291
66.300000  73.913500  0.830850
66.400000  72.351000  0.113137
66.500000  72.376500  0.621547
66.600000  73.735000  1.062074
66.700000  72.724500  0.870448
66.800000  73.219000  1.419870
66.900000  72.125500  0.693672
67.000000  73.436500  2.031518
67.100000  72.917000  1.865348
67.200000  74.232500  0.077075
67.300000  72.251500  0.310420
67.400000  73.472000  0.329512
67.500000  74.177000  0.145664
67.600000  73.147000  0.813173
67.700000  72.848000  1.038033
67.800000  73.216500  0.552250
67.900000  73.895000  0.056569
68.000000  72.963500  1.180161
68.100000  73.542000  0.311127
68.200000  74.426000  0.117380
68.300000  73.606500  1.052882
68.400000  73.165000  0.576999
68.500000  73.474000  0.930553
68.600000  71.939500  0.061518
68.700000  72.639500  1.324411
68.800000  72.708000  1.764939
68.900000  73.194500  0.215668
69.000000  72.941500  1.680793
69.100000  73.277500  0.737512
69.200000  72.717500  1.180161
69.300000  73.377000  0.557200
69.400000  73.419500  0.219910
69.500000  72.455000  0.847114
69.600000  72.085500  0.228395
69.700000  72.196500  2.687713
69.800000  72.187500  0.826608
69.900000  72.357000  0.356382
70.000000  73.122000  0.237588
70.100000  73.303000  1.231780
70.200000  71.401500  0.805395
70.300000  71.347000  0.134350
70.400000  72.958000  2.343352
70.500000  74.048500  0.625790
70.600000  72.549000  0.633568
70.700000  73.057000  1.103087
70.800000  72.887000  0.182434
70.900000  72.994000  2.344766
71.000000  72.279000  1.507552
71.100000  72.280500  1.006213
71.200000  73.156000  0.421436
71.300000  72.430500  0.103945
71.400000  73.045000  0.834386
71.500000  71.081500  2.161625
71.600000  72.540000  0.171120
71.700000  72.720000  0.873984
71.800000  73.143000  0.572756
71.900000  72.304500  1.125007
72.000000  73.972500  0.968029
72.100000  73.750000  0.319612
72.200000  73.121000  0.073539
72.300000  73.139000  0.188090
72.400000  72.817500  0.135057
72.500000  72.209500  0.232638
72.600000  73.157500  0.198697
72.700000  72.699500  0.235467
72.800000  72.959500  0.200111
72.900000  72.142500  0.043134
73.000000  73.522500  0.689429
73.100000  73.359000  0.072125
73.200000  73.499000  1.565534
73.300000  73.924000  0.390323
73.400000  74.282000  1.885147
73.500000  74.028000  0.123037
73.600000  74.262500  0.070004
73.700000  73.616000  0.319612
73.800000  73.478000  0.698621
73.900000  73.874500  0.637103
74.000000  73.926000  0.502046
74.100000  72.764500  0.388202
74.200000  73.027000  0.459619
74.300000  73.535000  0.183848
74.400000  73.356000  0.182434
74.500000  73.196500  0.101116
74.600000  73.306500  0.881762
74.700000  72.330000  1.288349
74.800000  73.386500  0.037477
74.900000  73.638000  0.137179
75.000000  72.652000  0.950352
75.100000  72.590000  1.298248
75.200000  74.345000  2.111421
75.300000  73.045000  3.105613
75.400000  72.852000  0.852771
75.500000  73.401500  1.126421
75.600000  71.175000  2.282541
75.700000  73.807000  1.691399
75.800000  73.088000  0.158392
75.900000  73.338500  0.716299
76.000000  73.167000  0.263044
76.100000  71.993000  0.735391
76.200000  72.689500  0.443356
76.300000  72.922500  1.270671
76.400000  73.086000  0.429921
76.500000  73.140000  0.625082
76.600000  73.117500  0.361332
76.700000  72.514500  1.724633
76.800000  72.475000  0.118794
76.900000  70.428500  0.127986
77.000000  73.063000  0.220617
77.100000  72.182000  0.571342
77.200000  72.633000  0.159806
77.300000  73.822000  1.029547
77.400000  71.426500  0.078489
77.500000  72.517000  1.912017
77.600000  73.317000  1.251579
77.700000  73.876000  0.229103
77.800000  72.844500  1.197132
77.900000  73.716000  1.854034
78.000000  73.631000  0.390323
78.100000  73.903000  1.163898
78.200000  73.422000  0.219203
78.300000  73.461000  0.205061
78.400000  73.308000  1.820093
78.500000  73.077000  0.806102
78.600000  73.176500  1.071267
78.700000  73.406000  1.588162
78.800000  73.735500  0.065761
78.900000  73.753000  1.097430
79.000000  72.567000  0.524673
79.100000  74.137000  1.411385
79.200000  73.587000  1.228952
79.300000  73.213000  1.332189
79.400000  74.991500  0.166170
79.500000  73.717000  1.057832
79.600000  72.963500  1.501188
79.700000  73.383500  0.137886
79.800000  74.079000  1.919088
79.900000  72.159500  0.460327
80.000000  72.871500  0.538108
80.100000  72.564000  0.558614
80.200000  73.346500  1.192889
80.300000  73.338000  0.960251
80.400000  72.425000  1.507552
80.500000  73.333500  0.432042
80.600000  73.398500  0.679530
80.700000  73.501000  1.103087
80.800000  73.649500  0.174655
80.900000  73.486500  0.381131
81.000000  72.924000  1.071974
81.100000  72.802000  0.045255
81.200000  72.840500  0.246780
81.300000  72.702500  0.729027
81.400000  73.103500  1.464418
81.500000  73.735000  0.557200
81.600000  73.377500  0.409415
81.700000  74.313500  0.420729
81.800000  74.070000  1.695642
81.900000  73.035000  0.585484
82.000000  72.666500  0.526795
82.100000  72.304000  1.084702
82.200000  73.138500  0.328805
82.300000  72.858500  0.164756
82.400000  72.075000  1.129957
82.500000  72.013500  0.798324
82.600000  72.982000  0.346482
82.700000  72.764000  0.141421
82.800000  72.628000  0.939038
82.900000  73.478000  1.822921
83.000000  73.320500  0.491439
83.100000  72.386000  1.699885
83.200000  72.621000  2.715290
83.300000  73.389500  0.924189
83.400000  73.270000  0.043841
83.500000  73.794000  0.004243
83.600000  73.017000  0.873984
83.700000  72.943000  0.453963
83.800000  72.485500  0.231224
83.900000  73.049000  0.313955
84.000000  73.518000  0.425678
84.100000  72.915000  0.572756
84.200000  72.675000  0.463862
84.300000  73.363000  0.011314
84.400000  73.617000  0.123037
84.500000  73.301500  0.306177
84.600000  72.363500  0.366988
84.700000  72.310500  0.567807
84.800000  72.882500  0.070004
84.900000  71.976000  0.940452
85.000000  72.423000  0.036770
85.100000  71.254500  0.535280
85.200000  72.462000  0.108894
85.300000  72.481500  0.077075
85.400000  72.574500  0.101116
85.500000  71.693500  0.603162
85.600000  72.263000  0.408708
85.700000  73.749500  0.279307
85.800000  72.712500  0.041719
85.900000  72.371500  0.085560
86.000000  71.798500  0.246780
86.100000  73.059500  0.085560
86.200000  72.398000  0.613769
86.300000  71.780500  0.512652
86.400000  72.911000  1.866762
86.500000  73.939500  2.720240
86.600000  73.784000  1.339260
86.700000  71.505500  0.109602
86.800000  73.438000  1.135613
86.900000  72.420500  1.658165
87.000000  72.440500  0.679530
87.100000  72.052500  0.688015
87.200000  73.910500  1.137735
87.300000  72.378500  0.048790
87.400000  71.451000  0.834386
87.500000  73.266500  0.376888
87.600000  72.783000  0.933381
87.700000  73.313000  0.255973
87.800000  72.710500  1.035911
87.900000  73.125500  0.515481
88.000000  73.177500  0.911461
88.100000  72.429500  0.876105
88.200000  73.494000  0.084853
88.300000  74.397000  0.818830
88.400000  72.300000  2.371636
88.500000  74.439000  0.634982
88.600000  73.632500  0.098288
88.700000  73.941000  0.700036
88.800000  73.705000  0.858428
88.900000  73.895500  1.586041
89.000000  73.276500  0.350018
89.100000  72.974000  0.861256
89.200000  73.676500  2.962070
89.300000  73.602500  0.564978
89.400000  72.845500  0.396687
89.500000  74.765000  0.492146
89.600000  73.018000  0.715592
89.700000  72.632500  1.574727
89.800000  71.702500  0.222739
89.900000  73.118000  1.186525
90.000000  72.881000  0.045255
90.100000  73.045000  0.053740
90.200000  72.922000  1.047932
90.300000  72.907500  0.915703
90.400000  72.998000  0.449720
90.500000  73.241500  1.532300
90.600000  72.874500  1.946665
90.700000  73.425500  1.437548
90.800000  73.109000  1.404314
90.900000  73.088500  0.741755
91.000000  73.556000  1.869590
91.100000  73.958500  1.588869
91.200000  73.997000  1.704127
91.300000  73.915000  3.129655
91.400000  74.066500  2.851762
91.500000  73.430000  1.049346
91.600000  73.144500  0.979343
91.700000  72.959000  0.644881
91.800000  73.447500  0.147785
91.900000  74.577000  1.541493
92.000000  73.992000  0.480833
92.100000  73.170500  0.627204
92.200000  74.529500  0.781353
92.300000  74.666000  0.627911
92.400000  74.096000  0.354968
92.500000  74.148500  3.577253
92.600000  74.225000  0.219203
92.700000  73.682500  0.771453
92.800000  73.985500  1.717562
92.900000  73.625500  0.645588
93.000000  73.188000  0.444063
93.100000  74.170500  1.191475
93.200000  71.774500  0.439113
93.300000  73.268000  1.022476
93.400000  72.610000  1.670186
93.500000  73.161000  1.535836
93.600000  73.618500  1.113693
93.700000  73.622000  0.683065
93.800000  73.969500  0.928431
93.900000  73.519000  1.647559
94.000000  73.298500  0.330219
94.100000  73.691000  1.132785
94.200000  73.361500  1.079752
94.300000  73.840500  0.842164
94.400000  73.378500  0.403758
94.500000  74.117000  0.183848
94.600000  73.703500  0.357089
94.700000  73.250500  0.570635
94.800000  73.559000  1.585333
94.900000  73.875500  1.994748
95.000000  73.315500  1.095308
95.100000  73.638000  1.808779
95.200000  72.541500  0.335876
95.300000  74.111500  0.854892
95.400000  72.683000  2.320724
95.500000  72.989000  0.749533
95.600000  72.530500  0.977929
95.700000  72.741500  0.928431
95.800000  73.622500  1.089652
95.900000  74.986000  0.810344
96.000000  73.843000  0.274357
96.100000  73.319500  1.962221
96.200000  72.731500  0.058690
96.300000  73.394000  0.134350
96.400000  73.242000  0.371938
96.500000  72.428000  0.322441
96.600000  73.621500  1.270671
96.700000  72.032500  1.051468
96.800000  73.182500  1.149049
96.900000  74.075000  1.634831
97.000000  73.379000  1.500481
97.100000  72.898500  1.943837
97.200000  73.181500  0.215668
97.300000  72.227000  0.329512
97.400000  73.630000  2.585182
97.500000  73.294000  0.429921
97.600000  73.347500  1.482803
97.700000  73.229000  0.783474
97.800000  72.859000  1.170969
97.900000  73.260500  0.191626
98.000000  72.785000  1.108743
98.100000  73.230000  2.402749
98.200000  72.206000  0.844285
98.300000  73.054000  0.118794
98.400000  73.033000  0.183848
98.500000  73.048000  0.817415
98.600000  72.349000  2.084551
98.700000  72.687000  1.356231
98.800000  72.389500  1.728876
98.900000  73.988500  0.871863
99.000000  73.407000  0.156978
99.100000  73.804500  1.718977
99.200000  72.877000  0.639225
99.300000  73.089000  0.581242
99.400000  72.356000  0.224860
99.500000  73.211000  0.758018
99.600000  73.071500  0.378302
99.700000  73.395000  2.029396
99.800000  72.771000  0.335169
99.900000  73.150000  1.137028
100.000000  72.644500  1.608668
100.100000  72.243500  0.026163
100.200000  72.758000  0.405879
100.300000  72.845000  0.472347
100.400000  73.204000  1.137028
100.500000  73.440000  0.637810
100.600000  72.765000  0.900854
100.700000  71.611000  0.166877
100.800000  72.738000  0.229103
100.900000  71.660500  0.164756
101.000000  73.327000  1.258650
101.100000  73.169000  1.076217
101.200000  73.303000  1.648973
101.300000  73.294500  0.731856
101.400000  72.993500  1.276328
101.500000  73.961500  0.266579
101.600000  74.328000  0.632153
101.700000  73.740000  0.039598
101.800000  73.850000  1.663115
101.900000  73.830500  0.931260
102.000000  73.652500  2.530735
102.100000  72.180500  0.492853
102.200000  73.058500  0.671044
102.300000  72.880500  0.543765
102.400000  73.664000  0.717006
102.500000  72.943500  0.260922
102.600000  72.979500  0.159099
102.700000  73.854500  0.505581
102.800000  73.485500  0.355675
102.900000  72.539000  0.103238
103.000000  73.492500  0.338704
103.100000  74.202000  1.011163
103.200000  74.281000  0.987121
103.300000  73.171500  0.542351
103.400000  72.210000  0.527502
103.500000  72.630000  1.252993
103.600000  72.710000  0.230517
103.700000  73.591500  0.242538
103.800000  71.885000  0.923481
103.900000  72.808500  0.693672
104.000000  73.803500  0.744583
104.100000  72.770000  0.680237
104.200000  74.224500  1.126421
104.300000  72.449000  1.998284
104.400000  71.416000  1.746554
104.500000  73.065000  1.875247
104.600000  73.776000  2.315068
104.700000  73.417500  0.658316
104.800000  72.193000  0.494975
104.900000  72.686000  0.916410
105.000000  73.313500  0.398101
105.100000  72.651000  0.101823
105.200000  72.842500  0.589020
105.300000  73.200500  0.123744
105.400000  73.670000  1.050761
105.500000  72.869500  0.854892
105.600000  73.065000  1.861105
105.700000  72.243000  0.315370
105.800000  72.109000  0.804688
105.900000  72.955000  1.268550
106.000000  73.088500  2.575990
106.100000  73.563500  1.020355
106.200000  73.733500  0.335876
106.300000  73.369000  0.135765
106.400000  72.766500  0.436285
106.500000  73.261500  0.098288
106.600000  73.114000  2.179303
106.700000  72.460500  1.000556
106.800000  73.540000  0.287085
106.900000  73.523000  0.845700
107.000000  73.443000  0.294156
107.100000  72.249500  1.027426
107.200000  74.497500  0.942573
107.300000  72.698500  0.467398
107.400000  74.089000  1.961514
107.500000  73.040000  0.711349
107.600000  72.637000  0.878227
107.700000  72.742000  1.377444
107.800000  73.358000  0.084853
107.900000  73.562000  1.357645
108.000000  73.513000  0.379009
108.100000  73.733000  1.480682
108.200000  72.916500  2.280419
108.300000  73.624000  1.265721
108.400000  73.523000  1.176626
108.500000  73.175000  0.956008
108.600000  73.830000  1.308148
108.700000  73.270000  1.281277
108.800000  73.170500  0.071418
108.900000  72.503500  0.665387
109.000000  73.995500  0.881762
109.100000  73.074000  0.168291
109.200000  73.030000  0.285671
109.300000  73.017500  0.218496
109.400000  72.345500  1.733119
109.500000  72.133000  1.723926
109.600000  72.873000  0.339411
109.700000  73.320500  0.403758
109.800000  72.805500  0.644174
109.900000  73.608500  1.100965
110.000000  73.740000  0.709935
110.100000  72.468000  1.117229
110.200000  71.886500  0.697914
110.300000  72.702500  0.945402
110.400000  72.230000  2.119906
110.500000  73.325000  0.972979
110.600000  73.510500  1.734533
110.700000  73.804500  1.058539
110.800000  72.616000  1.455226
110.900000  73.107500  2.827720
111.000000  72.291500  1.427649
111.100000  73.464000  2.558312
111.200000  72.324500  1.726048
111.300000  73.937000  1.757867
111.400000  73.503500  0.864792
111.500000  73.289500  0.781353
111.600000  72.928000  0.582656
111.700000  71.752000  0.666095
111.800000  73.085500  1.921209
111.900000  71.997000  1.190768
112.000000  72.934500  0.218496
112.100000  72.565500  1.211274
112.200000  75.061000  1.390172
112.300000  72.625000  2.027982
112.400000  72.525500  2.288905
112.500000  71.433500  2.792365
112.600000  73.483500  0.362746
112.700000  72.302500  0.719128
112.800000  73.259000  1.135613
112.900000  73.125500  4.137282
113.000000  73.307000  0.132936
113.100000  72.859500  0.487197
113.200000  72.171000  0.692965
113.300000  71.256000  0.118794
113.400000  73.012000  0.069296
113.500000  71.663500  0.860549
113.600000  71.416000  0.500632
113.700000  72.050500  0.721956
113.800000  72.426000  0.046669
113.900000  73.336500  0.111016
114.000000  72.142500  1.262186
114.100000  72.400500  1.451690
114.200000  72.701000  1.913431
114.300000  72.175000  1.637659
114.400000  73.607500  1.294713
114.500000  72.485500  1.380980
114.600000  72.185000  1.335018
114.700000  73.325000  0.777817
114.800000  73.345500  0.417900
114.900000  73.496500  0.709228
115.000000  73.810500  2.648115
115.100000  72.536500  2.288905
115.200000  73.103500  0.883176
115.300000  74.173500  1.402193
115.400000  72.528500  1.446033
115.500000  73.088000  0.390323
115.600000  73.061500  0.931260
115.700000  73.818000  1.794637
115.800000  73.532000  0.538815
115.900000  72.114500  0.987828
116.000000  72.214500  0.255266
116.100000  72.512500  0.692258
116.200000  73.285000  1.006920
116.300000  72.814500  0.194454
116.400000  72.724500  1.419163
116.500000  72.815000  0.442649
116.600000  72.661000  2.583768
116.700000  72.552500  0.089803
116.800000  73.605000  0.560029
116.900000  73.308000  0.550129
117.000000  73.537000  0.254558
117.100000  73.101500  0.956715
117.200000  73.181500  0.417900
117.300000  72.753500  1.238144
117.400000  72.657000  0.755190
117.500000  73.749500  2.612760
117.600000  72.592000  1.356231
117.700000  73.065500  1.881611
117.800000  72.489000  1.535836
117.900000  72.074000  0.100409
118.000000  71.920500  1.554928
118.100000  71.844000  0.698621
118.200000  72.688500  1.933937
118.300000  74.413500  0.190212
118.400000  72.882500  2.134755
118.500000  72.952500  0.009192
118.600000  72.986000  2.224558
118.700000  71.796000  1.125714
118.800000  73.729000  0.988535
118.900000  73.345000  1.441084
119.000000  73.677500  0.788424
119.100000  72.279500  1.378151
119.200000  74.172000  0.725492
119.300000  73.270000  1.070560
119.400000  72.303500  1.081166
119.500000  75.575500  3.003082
119.600000  75.376000  3.471894
119.700000  73.960500  0.064347
119.800000  73.977500  0.116673
119.900000  74.124500  2.274763
120.000000  74.298000  1.615032
120.100000  74.005500  0.109602
120.200000  73.231500  0.098288
120.300000  74.118000  2.008183
120.400000  73.241000  0.203647
120.500000  73.355000  0.302642
120.600000  73.983000  0.574171
120.700000  73.333500  0.515481
120.800000  73.002000  0.237588
120.900000  73.886000  0.209304
121.000000  73.618000  0.589727
121.100000  74.100500  0.538108
121.200000  73.502000  0.794788
121.300000  72.259000  0.301227
121.400000  73.510500  1.665236
121.500000  73.579500  0.070004
121.600000  72.298500  0.108187
121.700000  73.324000  0.538815
121.800000  73.722500  1.366837
121.900000  73.955000  1.282692
122.000000  72.343500  0.062933
122.100000  73.990500  1.501188
122.200000  74.816500  1.941008
122.300000  75.400000  0.407294
122.400000  73.938500  0.610233
122.500000  72.311000  1.825750
122.600000  73.870000  0.041012
122.700000  73.683500  2.273348
122.800000  73.533000  0.615183
122.900000  73.525500  0.482954
123.000000  74.272000  0.014142
123.100000  72.874000  0.622254
123.200000  72.957500  0.714885
123.300000  73.148000  1.011163
123.400000  72.369000  0.272943
123.500000  73.536000  1.641902
123.600000  72.785000  0.046669
123.700000  73.730500  0.985000
123.800000  74.023500  0.318905
123.900000  73.652000  1.238851
124.000000  72.875500  0.775696
124.100000  73.743500  2.320017
124.200000  73.529000  0.486489
124.300000  73.808500  0.245366
124.400000  74.352500  0.068589
124.500000  73.158500  0.829436
124.600000  74.537000  0.244659
124.700000  73.750000  0.219203
124.800000  73.759000  0.965908
124.900000  73.635000  1.178040
125.000000  73.091000  0.029698
125.100000  73.307500  0.589020
125.200000  73.351500  0.383959
125.300000  72.472000  0.325269
125.400000  73.974500  0.224153
125.500000  73.443500  1.679379
125.600000  72.335000  0.722663
125.700000  72.801000  0.008485
125.800000  72.970500  0.156271
125.900000  72.159000  0.267286
126.000000  73.566000  0.050912
126.100000  72.207000  1.001263
126.200000  72.504500  0.788424
126.300000  73.153500  0.415072
126.400000  74.366000  0.977222
126.500000  73.034000  0.108894
126.600000  74.273000  0.036770
126.700000  72.349500  0.603162
126.800000  73.519000  1.620689
126.900000  72.932500  0.020506
127.000000  72.835000  0.750947
127.100000  73.194000  0.280014
127.200000  72.598500  1.586041
127.300000  72.588000  0.128693
127.400000  73.663000  0.398808
127.500000  72.917500  0.221324
127.600000  73.108000  0.418607
127.700000  71.668500  0.608819
127.800000  73.302500  1.669479
127.900000  73.406500  2.081015
128.000000  73.347500  0.127986
128.100000  73.980000  0.247487
128.200000  72.960000  0.695793
128.300000  72.944000  0.907925
128.400000  72.639500  0.624375
128.500000  72.805500  1.587455
128.600000  72.460000  0.787717
128.700000  73.044500  1.639781
128.800000  73.886500  1.532300
128.900000  74.316500  0.338704
129.000000  72.773500  0.372645
129.100000  73.545500  1.174504
129.200000  73.591000  1.361888
129.300000  72.885000  3.039145
129.400000  73.890500  0.874691
129.500000  73.187500  0.542351
129.600000  72.127500  1.513916
129.700000  72.452000  1.377444
129.800000  72.586500  0.697914
129.900000  73.167500  1.443205
130.000000  72.767500  1.489874
130.100000  73.960500  2.952171
130.200000  73.299500  1.683621
130.300000  74.268000  1.962928
130.400000  74.312000  2.753474
130.500000  72.787000  2.067580
130.600000  73.361000  2.579526
130.700000  72.458500  2.250721
130.800000  73.309000  1.351988
130.900000  73.816000  0.159806
131.000000  72.170500  1.086823
131.100000  72.113500  1.638366
131.200000  72.598000  1.924745
131.300000  73.662500  1.728876
131.400000  73.610000  0.936209
131.500000  73.606000  0.472347
131.600000  72.713000  1.549978
131.700000  73.353500  0.956715
131.800000  73.774000  2.148190
131.900000  72.942500  0.844993
132.000000  74.509000  0.733977
132.100000  74.557000  1.100258
132.200000  73.732500  2.236579
132.300000  73.257500  2.512350
132.400000  73.515500  1.047225
132.500000  74.303000  2.531442
132.600000  73.094000  2.165161
132.700000  74.154500  2.622659
132.800000  74.138000  1.862519
132.900000  74.037000  1.343503
133.000000  73.105500  0.699329
133.100000  73.322500  1.861812
133.200000  72.694500  1.420578
133.300000  74.341000  3.197537
133.400000  73.753500  1.431891
133.500000  72.743000  1.209153
133.600000  73.834500  1.909895
133.700000  74.011500  1.274914
133.800000  74.341000  1.701299
133.900000  73.003000  0.818830
134.000000  73.774000  0.755190
134.100000  74.101000  2.456489
134.200000  72.585000  1.390172
134.300000  73.471500  0.540937
134.400000  72.807500  0.531037
134.500000  74.280000  0.302642
134.600000  73.432500  1.810900
134.700000  72.655000  0.039598
134.800000  73.244000  1.380272
134.900000  74.005000  1.237437
135.000000  73.303500  1.071267
135.100000  73.646000  1.122886
135.200000  74.756000  1.342089
135.300000  74.123500  3.162889
135.400000  73.791000  0.939038
135.500000  72.156000  0.974393
135.600000  73.598500  0.972272
135.700000  72.633500  0.465983
135.800000  73.004000  0.917825
135.900000  73.604000  0.497803
136.000000  72.342000  1.312390
136.100000  71.906000  1.120057
136.200000  73.294000  0.466690
136.300000  72.191500  0.598919
136.400000  73.090500  0.812466
136.500000  73.107500  0.689429
136.600000  72.901000  0.315370
136.700000  74.277500  0.350018
136.800000  72.930500  2.708926
136.900000  73.335500  0.890247
137.000000  73.947000  1.226123
137.100000  73.224000  0.049497
137.200000  73.954500  0.731856
137.300000  73.680500  0.454670
137.400000  74.488500  1.478560
137.500000  72.421500  1.010456
137.600000  73.072000  1.286934
137.700000  72.529500  2.727311
137.800000  73.605000  2.039296
137.900000  73.848000  1.459468
138.000000  72.906000  0.965908
138.100000  73.103500  1.839185
138.200000  72.833500  1.440377
138.300000  72.588000  0.442649
138.400000  73.170000  3.036317
138.500000  74.244500  2.847519
138.600000  73.464000  2.585182
138.700000  73.191000  1.718269
138.800000  73.089000  1.463711
138.900000  73.541500  1.720391
139.000000  72.331000  0.360624
139.100000  74.167000  2.723775
139.200000  73.779000  0.478004
139.300000  73.573500  0.658316
139.400000  72.349000  2.716704
139.500000  72.923000  2.423962
139.600000  72.697000  2.358908
139.700000  73.203500  2.508108
139.800000  72.949000  2.136877
139.900000  72.459500  2.146069
140.000000  74.792000  0.639225
140.100000  72.791000  0.639225
140.200000  73.377500  1.952322
140.300000  73.827000  1.251579
140.400000  73.140500  1.188646
140.500000  74.114500  1.737361
140.600000  73.133500  1.140563
140.700000  73.703500  1.724633
140.800000  73.879500  1.086823
140.900000  74.553500  0.201525
141.000000  73.601000  1.060660
141.100000  74.144500  0.706400
141.200000  73.065000  0.513360
141.300000  74.095500  1.605840
141.400000  74.486500  2.004648
141.500000  73.840500  1.735947
141.600000  73.705000  0.844285
141.700000  74.296000  1.982727
141.800000  73.086500  0.738927
141.900000  73.152500  1.209860
142.000000  73.978500  0.934088
142.100000  73.083500  0.463155
142.200000  72.480500  0.789838
142.300000  74.240500  0.103945
142.400000  73.846500  0.683772
142.500000  73.293000  0.432749
142.600000  73.870500  0.253851
142.700000  73.601000  0.883883
142.800000  74.330500  1.525229
142.900000  73.346500  1.081166
143.000000  73.053000  1.046518
143.100000  73.039000  0.350725
143.200000  72.882500  0.528209
143.300000  73.144500  0.908632
143.400000  73.619500  1.045811
143.500000  72.499500  1.051468
143.600000  73.142500  0.881762
143.700000  74.519500  1.287641
143.800000  73.574000  1.854034
143.900000  73.480000  0.205061
144.000000  73.822000  0.171120
144.100000  72.880500  1.549271
144.200000  73.302000  0.004243
144.300000  73.628000  1.926159
144.400000  73.048500  0.760140
144.500000  72.978000  1.441084
144.600000  72.195000  0.881055
144.700000  73.041000  0.705693
144.800000  71.633500  0.905804
144.900000  74.070500  2.979041
145.000000  73.681500  0.142128
145.100000  72.177500  1.240972
145.200000  73.089500  0.142128
145.300000  72.597000  0.291328
145.400000  73.389500  0.170413
145.500000  72.228500  0.109602
145.600000  73.896500  0.160513
145.700000  73.347500  0.690843
145.800000  73.370500  0.188798
145.900000  73.960000  0.692965
146.000000  72.517500  0.897319
146.100000  74.338500  0.354260
146.200000  73.012500  0.983586
146.300000  72.288500  0.450427
146.400000  73.241000  0.031113
146.500000  72.924500  0.672459
146.600000  72.416500  1.696349
146.700000  72.235500  1.393707
146.800000  73.697000  0.782060
146.900000  73.272500  0.484368
147.000000  73.222000  0.599627
147.100000  73.636000  0.381838
147.200000  74.124000  1.723926
147.300000  73.132500  0.219910
147.400000  73.883500  0.037477
147.500000  73.715000  0.321026
147.600000  72.156500  0.468812
147.700000  74.296000  1.059246
147.800000  72.881000  0.395980
147.900000  73.243500  2.058388
148.000000  73.678500  0.129401
148.100000  72.939000  0.263044
148.200000  72.416500  0.364160
148.300000  72.589000  1.189354
148.400000  73.717000  0.585484
148.500000  73.128500  0.072832
148.600000  73.534000  2.303754
148.700000  72.797500  0.986414
148.800000  73.054500  0.040305
148.900000  72.203000  1.418456
149.000000  74.401000  0.019799
149.100000  73.210500  0.235467
149.200000  73.651000  1.391586
149.300000  73.654500  0.542351
149.400000  74.071000  0.799031
149.500000  74.372000  1.528765
149.600000  73.336000  0.289914
149.700000  75.010000  0.698621
149.800000  74.243000  0.869741
149.900000  74.138500  0.753069
150.000000  71.838500  0.932674
150.100000  74.238000  0.456791
150.200000  72.843500  1.199960
150.300000  72.974500  0.878934
150.400000  73.795000  0.434164
150.500000  73.029000  1.975656
150.600000  73.723000  0.288500
150.700000  72.451500  0.825194
150.800000  73.603500  0.229810
150.900000  72.331500  0.337290
151.000000  72.848500  0.403758
151.100000  73.774500  1.144806
151.200000  73.093500  0.625790
151.300000  73.528500  0.253851
151.400000  72.023500  1.463004
151.500000  71.555500  0.832265
151.600000  72.003000  0.111723
151.700000  71.751500  0.745998
151.800000  72.418500  1.410678
151.900000  72.791000  1.589576
152.000000  72.270000  0.701450
152.100000  72.814500  0.536694
152.200000  71.739000  0.398808
152.300000  73.218000  0.104652
152.400000  72.889000  1.122886
152.500000  72.289500  0.202940
152.600000  73.132500  0.495682
152.700000  72.483500  0.941159
152.800000  71.989000  0.462448
152.900000  71.410500  0.376888
153.000000  71.910000  0.735391
153.100000  72.299000  0.964494
153.200000  73.623500  0.132229
153.300000  71.724000  0.079196
153.400000  73.082500  0.368403
153.500000  73.810500  1.433305
153.600000  72.783000  0.933381
153.700000  73.310500  1.076924
153.800000  73.228500  1.040154
153.900000  72.483000  0.313955
154.000000  73.136000  0.415779
154.100000  73.829000  0.759433
154.200000  73.742000  1.555635
154.300000  73.348000  0.438406
154.400000  73.717000  1.135613
154.500000  73.101000  0.268701
154.600000  72.824500  1.069853
154.700000  73.043000  1.992627
154.800000  72.454000  0.784889
154.900000  72.993500  0.584777
155.000000  73.415000  0.077782
155.100000  74.789000  0.087681
155.200000  72.901500  0.748826
155.300000  73.165000  0.425678
155.400000  74.237000  3.181981
155.500000  72.813500  0.994899
155.600000  73.757000  1.131371
155.700000  73.980500  0.388202
155.800000  73.527000  1.721098
155.900000  72.756500  1.291884
156.000000  72.700500  0.191626
156.100000  73.857000  0.158392
156.200000  73.209500  0.808223
156.300000  73.181000  0.121622
156.400000  71.952000  0.381838
156.500000  73.565000  0.401637
156.600000  74.600000  0.476590
156.700000  72.526500  1.197132
156.800000  74.100500  0.420729
156.900000  73.856500  1.380980
157.000000  73.228000  0.840043
157.100000  73.749000  0.202233
157.200000  73.123000  0.028284
157.300000  73.675500  0.412243
157.400000  74.550000  2.136877
157.500000  75.165500  2.271934
157.600000  74.671500  1.752918
157.700000  74.124000  1.473611
157.800000  72.463000  0.115966
157.900000  72.053000  0.922067
158.000000  73.187500  0.651245
158.100000  72.337500  0.859135
158.200000  72.644000  0.205061
158.300000  72.674000  0.709935
158.400000  72.889500  0.419314
158.500000  72.761500  0.252437
158.600000  71.986000  0.175362
158.700000  71.752500  0.256680
158.800000  71.691000  0.420021
158.900000  73.369500  2.001819
159.000000  73.339500  0.972272
159.100000  72.791500  0.403758
159.200000  72.490000  0.079196
159.300000  73.483000  0.284257
159.400000  72.993000  0.354968
159.500000  72.863000  0.380423
159.600000  73.499500  0.663973
159.700000  72.574500  1.303198
159.800000  73.130000  0.280014
159.900000  73.579000  0.263044
160.000000  72.853000  0.349311
160.100000  73.474000  0.998435
160.200000  73.028000  0.190919
160.300000  72.291500  1.290470
160.400000  73.590000  0.267286
160.500000  72.888000  0.288500
160.600000  73.245500  0.556493
160.700000  72.751500  2.448711
160.800000  72.266000  0.506288
160.900000  73.171000  1.688571
161.000000  73.343000  0.931967
161.100000  74.296500  0.072832
161.200000  74.039000  0.111723
161.300000  73.847000  2.293854
161.400000  72.784500  0.519723
161.500000  74.362000  1.562706
161.600000  72.881000  0.543058
161.700000  73.552500  1.018941
161.800000  73.983000  0.506288
161.900000  74.210500  1.895753
162.000000  73.599500  0.176070
162.100000  73.199500  1.204203
162.200000  72.500000  0.022627
162.300000  72.405500  0.886005
162.400000  73.457500  0.033234
162.500000  73.919500  1.240972
162.600000  73.592000  0.301227
162.700000  73.100000  1.940301
162.800000  72.902500  0.075660
162.900000  72.438500  0.586192
163.000000  72.985500  0.724784
163.100000  73.322500  1.000556
163.200000  72.295500  1.074095
163.300000  73.580500  0.053033
163.400000  73.056000  0.770746
163.500000  72.957000  0.231931
163.600000  73.096500  0.815294
163.700000  74.126500  0.284964
163.800000  73.160500  0.149200
163.900000  73.285500  0.828022
164.000000  72.452000  0.316784
164.100000  73.850000  1.475025
164.200000  72.769500  0.931260
164.300000  72.697000  0.367696
164.400000  73.853000  0.335169
164.500000  73.331000  0.820244
164.600000  73.228000  1.456640
164.700000  73.595000  0.237588
164.800000  72.926500  0.399515
164.900000  72.953000  0.569928
165.000000  72.631000  0.237588
165.100000  73.418000  1.671600
165.200000  72.844500  1.208445
165.300000  71.357000  0.200818
165.400000  73.529000  0.149907
165.500000  72.163500  1.287641
165.600000  72.024500  0.733270
165.700000  72.278500  0.929845
165.800000  71.567500  2.303047
165.900000  73.518000  1.062074
166.000000  73.899500  0.884591
166.100000  72.415000  0.957423
166.200000  72.857500  0.246780
166.300000  72.499000  0.284257
166.400000  72.200500  0.060104
166.500000  72.133000  0.456791
166.600000  73.596500  0.399515
166.700000  72.367000  0.872570
166.800000  72.439000  0.035355
166.900000  71.936000  1.243094
167.000000  73.595500  0.413657
167.100000  72.400000  0.497803
167.200000  72.875500  0.157685
167.300000  72.337500  0.921360
167.400000  73.731000  0.476590
167.500000  73.033500  1.298955
167.600000  72.615500  0.733270
167.700000  73.477000  0.782060
167.800000  72.809000  0.074953
167.900000  73.158500  0.266579
168.000000  72.343000  0.670337
168.100000  74.050500  1.102379
168.200000  73.567000  1.763524
168.300000  72.637000  1.401486
168.400000  72.151000  0.576999
168.500000  73.247500  0.082731
168.600000  73.436000  0.308299
168.700000  73.080500  0.012021
168.800000  72.814500  0.020506
168.900000  73.238000  0.280014
169.000000  72.054500  0.673873
169.100000  73.210500  0.468812
169.200000  72.832000  0.804688
169.300000  71.445500  0.226981
169.400000  72.710500  0.422143
169.500000  71.294500  0.178898
169.600000  72.391000  0.524673
169.700000  72.919000  1.383101
169.800000  73.072500  2.293147
169.900000  72.761000  1.009748
170.000000  73.470500  0.197283
170.100000  71.216500  0.429214
170.200000  73.984000  0.117380
170.300000  72.810500  1.078338
170.400000  71.366000  0.780646
170.500000  72.197000  1.250165
170.600000  73.174500  0.200111
170.700000  72.066500  2.370929
170.800000  72.522000  0.849942
170.900000  72.414500  0.852064
171.000000  72.553500  0.557907
171.100000  71.544500  0.700743
171.200000  71.848000  0.253144
171.300000  71.609500  1.117936
171.400000  71.830000  1.726755
171.500000  72.531000  0.476590
171.600000  71.860500  0.389616
171.700000  72.074000  0.370524
171.800000  72.928000  2.158090
171.900000  72.825500  0.970858
172.000000  73.185500  1.055710
172.100000  73.058000  0.231931
172.200000  73.195500  1.307440
172.300000  72.549500  0.806809
172.400000  72.231000  0.305470
172.500000  72.497500  0.457498
172.600000  71.978500  0.013435
172.700000  72.069500  0.280721
172.800000  72.183000  0.057983
172.900000  72.521500  1.328654
173.000000  72.456000  0.732563
173.100000  72.353500  0.208597
173.200000  73.777500  0.171827
173.300000  73.011500  0.412243
173.400000  72.751000  1.080459
173.500000  72.363500  0.430628
173.600000  73.268500  1.197132
173.700000  71.386500  1.571898
173.800000  72.254000  1.397243
173.900000  72.117000  0.417193
174.000000  72.025000  0.275772
174.100000  73.110000  0.678823
174.200000  72.389500  0.740341
174.300000  71.975000  1.467954
174.400000  72.590000  0.462448
174.500000  72.016000  1.633417
174.600000  72.099000  0.704278
174.700000  72.253500  0.432042
174.800000  72.757000  0.272943
174.900000  72.339000  0.735391
175.000000  72.791000  1.342089
175.100000  73.118500  0.027577
175.200000  72.015000  0.072125
175.300000  71.901500  1.188646
175.400000  73.180500  0.347189
175.500000  71.689500  0.570635
175.600000  71.547000  0.728320
175.700000  71.751000  0.667509
175.800000  72.320500  0.143543
175.900000  71.827500  0.297692
176.000000  71.909500  1.253700
176.100000  70.707000  0.557200
176.200000  71.298000  0.726906
176.300000  72.151000  0.765090
176.400000  71.985000  1.913431
176.500000  71.007000  0.705693
176.600000  72.114500  0.867620
176.700000  74.081000  1.086116
176.800000  72.416000  0.400222
176.900000  72.028500  1.479974
177.000000  71.791500  0.744583
177.100000  71.478500  0.741755
177.200000  73.173000  0.250316
177.300000  72.458500  2.645286
177.400000  73.175000  0.316784
177.500000  73.082000  0.439820
177.600000  73.150500  0.532451
177.700000  72.929000  0.313955
177.800000  72.707000  0.951766
177.900000  72.743500  1.557756
178.000000  73.321500  0.369817
178.100000  72.660500  0.970858
178.200000  73.644000  0.485075
178.300000  72.354500  0.344361
178.400000  71.740000  1.310976
178.500000  72.283000  0.032527
178.600000  73.409500  0.434871
178.700000  73.060000  0.831558
178.800000  73.548000  0.626497
178.900000  73.169000  0.651952
179.000000  72.510500  1.207031
179.100000  73.778500  0.430628
179.200000  72.861000  0.643467
179.300000  73.814500  2.065459
179.400000  73.910000  1.943129
179.500000  74.153500  1.768474
179.600000  72.795500  1.331482
179.700000  73.144500  0.122329
179.800000  72.809500  1.253700
179.900000  73.137000  0.074953
180.000000  72.353500  0.426385
180.100000  73.136000  1.549978
180.200000  73.669500  0.641346
180.300000  74.213000  1.210567
180.400000  72.525000  1.472196
180.500000  72.574000  0.868327
180.600000  72.815500  0.072832
180.700000  73.926500  0.887419
180.800000  74.232000  0.019799
180.900000  73.169500  0.518309
181.000000  74.258500  0.603162
181.100000  73.603000  0.902268
181.200000  73.570500  1.047225
181.300000  73.760500  0.369817
181.400000  73.961000  0.905097
181.500000  74.481500  0.065761
181.600000  72.419000  0.585484
181.700000  74.172500  0.755897
181.800000  73.898000  1.865348
181.900000  72.410500  0.265165
182.000000  73.280500  0.604576
182.100000  73.332500  1.031669
182.200000  73.419000  0.513360
182.300000  72.609000  1.221881
182.400000  73.848000  1.767767
182.500000  73.293000  1.189354
182.600000  72.829000  0.497803
182.700000  72.830000  0.575585
182.800000  72.492500  0.651245
182.900000  72.957500  1.132078
183.000000  72.116000  1.170969
183.100000  73.316500  1.287641
183.200000  73.633500  0.130815
183.300000  73.394500  0.683772
183.400000  72.256000  0.410122
183.500000  72.256000  0.728320
183.600000  73.629000  0.726906
183.700000  73.618000  0.510531
183.800000  73.944500  0.351432
183.900000  73.782000  0.248902
184.000000  72.751500  0.986414
184.100000  72.852000  0.634982
184.200000  72.736500  0.385373
184.300000  72.794000  0.666095
184.400000  72.633000  0.093338
184.500000  73.394500  0.420729
184.600000  73.566500  0.409415
184.700000  72.985500  0.686601
184.800000  72.809000  0.585484
184.900000  72.689500  1.219759
185.000000  73.430500  2.766909
185.100000  73.290000  1.869590
185.200000  73.163500  1.250872
185.300000  73.767000  0.995606
185.400000  73.048000  0.323855
185.500000  71.642500  0.222739
185.600000  72.629500  0.386787
185.700000  73.749000  1.129957
185.800000  73.878000  0.398808
185.900000  72.529000  0.773575
186.000000  72.488000  2.312239
186.100000  73.842000  0.550129
186.200000  72.581500  0.680944
186.300000  73.176000  0.922067
186.400000  73.680500  1.163191
186.500000  73.123500  0.822365
186.600000  73.832500  0.181726
186.700000  73.956000  0.369110
186.800000  73.436500  0.900147
186.900000  73.086500  0.188798
187.000000  73.322000  0.379009
187.100000  73.628500  0.642760
187.200000  73.698500  1.634124
187.300000  73.542000  0.896611
187.400000  73.814000  1.441084
187.500000  73.186000  2.088793
187.600000  72.784000  1.599476
187.700000  73.056500  0.559321
187.800000  72.520000  1.302491
187.900000  74.182500  0.195869
188.000000  73.658500  1.574727
188.100000  72.377000  0.299813
188.200000  73.249000  0.113137
188.300000  73.865500  0.200111
188.400000  73.418500  2.144655
188.500000  73.994500  1.740190
188.600000  72.376500  1.400779
188.700000  73.578500  2.286076
188.800000  74.856000  1.295420
188.900000  72.750500  2.160211
189.000000  72.491500  0.132229
189.100000  73.726000  0.149907
189.200000  72.968500  1.769888
189.300000  74.246000  0.155563
189.400000  73.341000  0.015556
189.500000  72.753500  0.456084
189.600000  73.655000  0.301227
189.700000  72.899500  1.085409
189.800000  73.535500  1.508259
189.900000  75.171000  1.729583
190.000000  74.490000  0.575585
190.100000  72.623000  1.883732
190.200000  73.769500  0.150614
190.300000  73.853000  0.946109
190.400000  73.816500  1.198546
190.500000  73.164000  0.907925
190.600000  73.397500  1.184404
190.700000  73.421000  1.091773
190.800000  73.332000  0.692965
190.900000  72.916000  0.981464
191.000000  72.599000  1.070560
191.100000  72.936000  0.712764
191.200000  72.945000  1.040861
191.300000  72.454500  0.164756
191.400000  72.512500  1.328654
191.500000  73.182000  0.410122
191.600000  72.758000  2.677106
191.700000  73.055000  1.813022
191.800000  73.343500  0.422143
191.900000  71.858000  0.254558
192.000000  72.150000  1.337846
192.100000  73.018000  0.448306
192.200000  74.497500  0.388202
192.300000  73.053000  0.254558
192.400000  71.987000  0.369110
192.500000  71.313500  1.437548
192.600000  72.261500  0.243952
192.700000  72.506500  0.679530
192.800000  72.710500  0.753069
192.900000  72.282000  1.574020
193.000000  74.123000  0.108894
193.100000  72.695500  1.212688
193.200000  73.371500  0.953887
193.300000  73.623500  1.369666
193.400000  72.971000  0.316784
193.500000  72.556500  1.779788
193.600000  72.274000  0.055154
193.700000  73.615000  0.444063
193.800000  72.054500  0.232638
193.900000  73.160000  0.861256
194.000000  72.806000  0.169706
194.100000  72.779000  0.137179
194.200000  72.815000  0.340825
194.300000  73.475000  0.267286
194.400000  72.210500  0.850649
194.500000  73.270000  1.528765
194.600000  72.296500  1.703420
194.700000  73.057500  1.399364
194.800000  72.797500  0.589020
194.900000  73.166500  0.960958
195.000000  72.950500  0.417900
195.100000  72.079500  1.795344
195.200000  72.968500  0.219910
195.300000  72.331500  1.062781
195.400000  71.713500  0.808223
195.500000  73.596000  0.255973
195.600000  72.567500  1.199960
195.700000  74.074500  0.194454
195.800000  73.063500  0.710642
195.900000  73.659000  0.576999
196.000000  73.204000  0.677408
196.100000  72.696500  1.249458
196.200000  73.113000  0.135765
196.300000  74.241500  0.019092
196.400000  73.116000  0.702864
196.500000  72.453500  1.454519
196.600000  72.339500  0.779939
196.700000  72.622500  0.359917
196.800000  73.400500  0.050205
196.900000  73.418000  0.842871
197.000000  74.086500  0.207182
197.100000  73.711000  1.111572
197.200000  73.764500  0.518309
197.300000  73.912000  0.736805
197.400000  73.475500  1.140563
197.500000  73.247500  0.266579
197.600000  73.453000  0.206475
197.700000  72.781000  1.374616
197.800000  72.915500  0.914289
197.900000  73.276000  0.212132
198.000000  72.286500  0.432042
198.100000  73.600000  2.023740
198.200000  72.176000  1.070560
198.300000  72.527000  0.323855
198.400000  72.643500  0.092631
198.500000  73.450500  0.333047
198.600000  73.636000  0.939038
198.700000  73.652000  0.560029
198.800000  72.947500  0.948230
198.900000  73.303500  0.094045
199.000000  72.649000  0.111723
199.100000  72.955500  0.077075
199.200000  72.903000  1.145513
199.300000  72.574000  1.271378
199.400000  72.269500  0.842164
199.500000  71.816500  0.314663
199.600000  73.202500  0.593263
199.700000  72.732000  0.581242
199.800000  73.808000  0.714178
199.900000  72.797500  0.064347
200.000000  72.369000  1.038033
