# aggregated from 2 replicates
# x  mean  std
0.000000  53.898600  4.546555
1.000000  68.113400  17.912288
2.000000  67.105250  17.788756
3.000000  13.700500  5.334979
4.000000  83.170100  19.233587
5.000000  105.827450  34.213432
6.000000  35.250800  4.907887
7.000000  47.304100  24.379769
8.000000  38.911900  31.487606
11.000000  10.292650  1.509037
12.000000  9.660300  1.684046
13.000000  20.877750  5.168456
14.000000  12.334500  1.153857
15.000000  9.229050  0.808718
16.000000  20.835500  2.330341
17.000000  54.004650  11.144498
18.000000  16.877800  4.827135
19.000000  10.930800  0.960675
20.000000  48.935350  14.318559
21.000000  61.948650  35.046546
22.000000  8.252450  0.390535
23.000000  79.088400  4.249712
24.000000  7.615050  0.166806
25.000000  7.228350  0.158321
26.000000  11.165600  2.409678
27.000000  14.260350  1.243447
29.000000  12.458550  1.439457
30.000000  46.864650  17.258850
31.000000  23.869050  3.935403
33.000000  15.467100  2.040569
34.000000  40.975900  20.598021
35.000000  11.648550  6.194892
36.000000  15.478100  9.025511
37.000000  23.123450  6.608125
39.000000  38.243550  7.318767
40.000000  18.236600  9.584408
41.000000  18.545900  14.871163
42.000000  16.130800  9.864564
45.000000  70.730250  8.342092
46.000000  38.615000  31.479263
47.000000  12.951950  5.316807
48.000000  12.249150  0.681722
49.000000  12.384500  4.736060
52.000000  7.041850  0.247417
53.000000  13.904450  3.076268
54.000000  20.617250  5.438995
55.000000  7.351150  0.087469
56.000000  70.579300  2.883581
57.000000  87.991750  12.771692
58.000000  7.341600  0.071559
60.000000  7.173300  0.267852
61.000000  54.965100  3.537655
62.000000  12.015300  0.833255
63.000000  6.740950  0.505369
64.000000  9.753800  1.816982
65.000000  8.801800  0.279731
66.000000  36.712800  32.193865
68.000000  47.770250  1.314017
69.000000  20.761800  7.274290
70.000000  14.226400  0.977787
71.000000  10.793100  0.193889
72.000000  7.765350  1.188576
73.000000  9.225750  0.211920
74.000000  7.906850  0.474539
76.000000  13.157150  2.123088
77.000000  34.753700  17.973806
78.000000  11.314500  3.295259
83.000000  77.228450  13.087203
84.000000  7.474700  0.412243
85.000000  11.174100  1.680510
87.000000  19.497400  0.135906
88.000000  7.427250  0.407506
89.000000  47.461700  10.950256
90.000000  9.386200  0.957564
92.000000  47.920100  26.709827
93.000000  47.045000  15.987967
94.000000  7.962050  0.177696
95.000000  21.287650  1.446245
96.000000  7.791500  2.096572
97.000000  9.812000  1.577414
98.000000  7.540850  0.366918
100.000000  8.176700  0.041154
101.000000  10.059100  0.192192
103.000000  9.458950  1.544533
104.000000  15.094650  4.950242
105.000000  10.208550  3.467722
106.000000  31.745700  8.156477
107.000000  19.225900  5.648510
108.000000  25.298700  10.299293
109.000000  22.001600  4.802952
110.000000  11.906500  3.815548
111.000000  7.310150  0.256892
112.000000  27.873700  0.526370
113.000000  11.928800  2.942554
114.000000  62.582200  8.674362
115.000000  18.573050  4.546343
116.000000  10.600450  1.943624
117.000000  54.013200  3.371768
118.000000  55.120350  2.119553
120.000000  100.038750  12.367510
121.000000  24.028950  2.430397
122.000000  11.482600  2.562838
123.000000  6.357350  0.184201
124.000000  18.101200  4.598457
125.000000  80.054150  25.656309
126.000000  35.272950  4.620872
127.000000  13.146350  0.856801
128.000000  29.214950  4.219518
129.000000  7.838000  0.286378
130.000000  7.653050  0.078842
131.000000  29.858050  14.377673
132.000000  24.252250  0.334249
133.000000  15.323400  4.520392
134.000000  22.185750  0.915350
135.000000  42.160700  9.398863
136.000000  7.608800  0.130249
137.000000  48.848300  3.741585
138.000000  12.316900  3.223276
139.000000  63.394550  6.371527
