# aggregated from 2 replicates
# x  mean  std
0.000000  56.000000  0.000000
0.100000  56.500000  6.363961
0.200000  56.500000  10.606602
0.300000  68.500000  9.192388
0.400000  56.000000  7.071068
0.500000  57.500000  7.778175
0.600000  57.500000  0.707107
0.700000  54.000000  12.727922
0.800000  57.500000  14.849242
0.900000  53.500000  2.121320
1.000000  56.000000  8.485281
1.100000  53.500000  2.121320
1.200000  55.500000  4.949747
1.300000  53.000000  8.485281
1.400000  52.500000  14.849242
1.500000  55.000000  7.071068
1.600000  48.500000  6.363961
1.700000  53.000000  16.970563
1.800000  50.000000  19.798990
1.900000  54.000000  2.828427
2.000000  51.000000  2.828427
2.100000  50.500000  2.121320
2.200000  51.500000  3.535534
2.300000  54.000000  14.142136
2.400000  56.000000  1.414214
2.500000  50.000000  2.828427
2.600000  57.000000  9.899495
2.700000  49.000000  11.313708
2.800000  50.500000  7.778175
2.900000  50.500000  2.121320
3.000000  49.000000  11.313708
3.100000  51.500000  2.121320
3.200000  51.000000  2.828427
3.300000  45.000000  7.071068
3.400000  47.000000  2.828427
3.500000  43.000000  7.071068
3.600000  35.500000  6.363961
3.700000  39.500000  0.707107
3.800000  44.500000  3.535534
3.900000  45.000000  5.656854
4.000000  41.000000  1.414214
4.100000  45.000000  9.899495
4.200000  40.000000  7.071068
4.300000  44.500000  4.949747
4.400000  46.500000  3.535534
4.500000  46.500000  3.535534
4.600000  44.000000  8.485281
4.700000  44.500000  6.363961
4.800000  42.500000  3.535534
4.900000  46.000000  2.828427
5.000000  50.500000  6.363961
5.100000  43.000000  4.242641
5.200000  44.500000  6.363961
5.300000  44.500000  2.121320
5.400000  43.000000  2.828427
5.500000  47.000000  12.727922
5.600000  51.500000  4.949747
5.700000  45.500000  7.778175
5.800000  47.500000  2.121320
5.900000  51.000000  8.485281
6.000000  45.500000  0.707107
6.100000  45.000000  11.313708
6.200000  50.000000  7.071068
6.300000  52.000000  9.899495
6.400000  45.000000  2.828427
6.500000  47.000000  1.414214
6.600000  52.000000  4.242641
6.700000  42.000000  4.242641
6.800000  45.500000  0.707107
6.900000  49.000000  4.242641
7.000000  47.500000  2.121320
7.100000  46.000000  11.313708
7.200000  42.500000  10.606602
7.300000  40.500000  6.363961
7.400000  48.500000  0.707107
7.500000  44.500000  0.707107
7.600000  51.000000  5.656854
7.700000  48.000000  7.071068
7.800000  40.500000  6.363961
7.900000  46.500000  3.535534
8.000000  36.500000  6.363961
8.100000  53.000000  1.414214
8.200000  40.000000  4.242641
8.300000  43.000000  14.142136
8.400000  35.000000  8.485281
8.500000  48.000000  22.627417
8.600000  50.000000  19.798990
8.700000  39.500000  13.435029
8.800000  49.000000  19.798990
8.900000  48.500000  14.849242
9.000000  49.000000  2.828427
9.100000  42.500000  4.949747
9.200000  65.000000  4.242641
9.300000  48.500000  7.778175
9.400000  54.000000  7.071068
9.500000  55.000000  1.414214
9.600000  52.000000  16.970563
9.700000  59.500000  0.707107
9.800000  58.500000  3.535534
9.900000  60.500000  16.263456
10.000000  51.000000  11.313708
10.100000  59.000000  8.485281
10.200000  53.000000  7.071068
10.300000  58.500000  13.435029
10.400000  55.500000  13.435029
10.500000  61.500000  17.677670
10.600000  50.500000  3.535534
10.700000  53.500000  10.606602
10.800000  52.500000  4.949747
10.900000  48.000000  9.899495
11.000000  55.500000  6.363961
11.100000  53.500000  13.435029
11.200000  50.500000  7.778175
11.300000  50.000000  1.414214
11.400000  56.500000  17.677670
11.500000  58.000000  12.727922
11.600000  55.500000  6.363961
11.700000  63.000000  15.556349
11.800000  52.000000  5.656854
11.900000  58.000000  11.313708
12.000000  48.000000  4.242641
12.100000  48.500000  4.949747
12.200000  55.000000  9.899495
12.300000  54.000000  15.556349
12.400000  65.000000  18.384776
12.500000  51.000000  12.727922
12.600000  48.000000  7.071068
12.700000  57.000000  14.142136
12.800000  56.000000  15.556349
12.900000  53.500000  9.192388
13.000000  56.500000  14.849242
13.100000  57.000000  7.071068
13.200000  53.500000  7.778175
13.300000  59.000000  18.384776
13.400000  52.000000  11.313708
13.500000  50.500000  3.535534
13.600000  53.000000  14.142136
13.700000  52.000000  7.071068
13.800000  58.500000  16.263456
13.900000  56.000000  11.313708
14.000000  57.000000  15.556349
14.100000  53.000000  2.828427
14.200000  53.500000  9.192388
14.300000  46.500000  7.778175
14.400000  52.000000  7.071068
14.500000  45.000000  5.656854
14.600000  55.000000  8.485281
14.700000  52.000000  4.242641
14.800000  54.000000  12.727922
14.900000  54.500000  17.677670
15.000000  56.500000  16.263456
15.100000  58.000000  7.071068
15.200000  51.500000  13.435029
15.300000  53.000000  5.656854
15.400000  59.500000  12.020815
15.500000  57.500000  9.192388
15.600000  53.000000  15.556349
15.700000  53.000000  15.556349
15.800000  54.500000  4.949747
15.900000  52.500000  13.435029
16.000000  57.000000  11.313708
16.100000  52.500000  3.535534
16.200000  48.000000  1.414214
16.300000  46.000000  1.414214
16.400000  50.500000  3.535534
16.500000  53.000000  4.242641
16.600000  50.500000  0.707107
16.700000  53.500000  14.849242
16.800000  47.500000  9.192388
16.900000  49.000000  0.000000
17.000000  52.500000  7.778175
17.100000  55.000000  7.071068
17.200000  43.000000  4.242641
17.300000  54.500000  0.707107
17.400000  45.000000  2.828427
17.500000  53.500000  16.263456
17.600000  53.000000  8.485281
17.700000  47.500000  13.435029
17.800000  44.000000  5.656854
17.900000  52.000000  8.485281
18.000000  47.500000  6.363961
18.100000  54.000000  11.313708
18.200000  58.000000  9.899495
18.300000  49.000000  8.485281
18.400000  46.000000  2.828427
18.500000  53.500000  2.121320
18.600000  42.000000  2.828427
18.700000  51.500000  2.121320
18.800000  50.500000  3.535534
18.900000  54.500000  4.949747
19.000000  51.000000  4.242641
19.100000  61.000000  9.899495
19.200000  60.000000  16.970563
19.300000  54.500000  3.535534
19.400000  46.500000  3.535534
19.500000  53.000000  2.828427
19.600000  50.000000  7.071068
19.700000  51.000000  4.242641
19.800000  53.500000  2.121320
19.900000  55.000000  11.313708
20.000000  56.000000  11.313708
20.100000  55.000000  9.899495
20.200000  56.000000  5.656854
20.300000  53.000000  8.485281
20.400000  53.000000  4.242641
20.500000  56.000000  14.142136
20.600000  55.500000  17.677670
20.700000  58.000000  21.213203
20.800000  58.500000  12.020815
20.900000  58.500000  16.263456
21.000000  59.000000  14.142136
21.100000  58.500000  9.192388
21.200000  57.000000  9.899495
21.300000  48.000000  7.071068
21.400000  56.000000  18.384776
21.500000  55.500000  9.192388
21.600000  47.000000  1.414214
21.700000  58.000000  9.899495
21.800000  54.500000  21.920310
21.900000  55.500000  17.677670
22.000000  55.000000  1.414214
22.100000  56.000000  19.798990
22.200000  50.500000  13.435029
22.300000  55.000000  14.142136
22.400000  52.000000  11.313708
22.500000  48.000000  12.727922
22.600000  53.500000  12.020815
22.700000  56.000000  19.798990
22.800000  47.500000  6.363961
22.900000  54.000000  14.142136
23.000000  56.000000  8.485281
23.100000  53.500000  3.535534
23.200000  64.500000  6.363961
23.300000  60.000000  4.242641
23.400000  59.000000  2.828427
23.500000  62.000000  9.899495
23.600000  58.500000  7.778175
23.700000  60.000000  11.313708
23.800000  57.000000  16.970563
23.900000  57.000000  9.899495
24.000000  59.500000  20.506097
24.100000  64.500000  9.192388
24.200000  61.500000  12.020815
24.300000  54.000000  11.313708
24.400000  56.000000  7.071068
24.500000  58.500000  6.363961
24.600000  62.000000  0.000000
24.700000  56.000000  1.414214
24.800000  54.000000  9.899495
24.900000  57.000000  2.828427
25.000000  59.000000  2.828427
25.100000  66.000000  15.556349
25.200000  59.000000  14.142136
25.300000  63.500000  14.849242
25.400000  59.000000  7.071068
25.500000  59.000000  5.656854
25.600000  56.500000  3.535534
25.700000  59.500000  13.435029
25.800000  55.000000  11.313708
25.900000  54.000000  1.414214
26.000000  56.500000  4.949747
26.100000  56.500000  7.778175
26.200000  56.500000  0.707107
26.300000  60.000000  4.242641
26.400000  57.500000  3.535534
26.500000  54.500000  3.535534
26.600000  58.000000  2.828427
26.700000  58.500000  6.363961
26.800000  55.500000  0.707107
26.900000  65.500000  4.949747
27.000000  55.500000  0.707107
27.100000  60.000000  4.242641
27.200000  59.500000  0.707107
27.300000  52.000000  8.485281
27.400000  58.500000  4.949747
27.500000  59.500000  9.192388
27.600000  65.500000  0.707107
27.700000  60.500000  4.949747
27.800000  57.500000  7.778175
27.900000  58.500000  0.707107
28.000000  66.000000  2.828427
28.100000  58.500000  7.778175
28.200000  53.000000  5.656854
28.300000  59.000000  2.828427
28.400000  61.500000  3.535534
28.500000  61.000000  0.000000
28.600000  52.500000  0.707107
28.700000  61.500000  10.606602
28.800000  58.500000  3.535534
28.900000  64.500000  4.949747
29.000000  59.500000  14.849242
29.100000  53.500000  3.535534
29.200000  66.500000  6.363961
29.300000  62.500000  17.677670
29.400000  64.000000  9.899495
29.500000  63.500000  7.778175
29.600000  64.000000  14.142136
29.700000  60.000000  16.970563
29.800000  57.000000  7.071068
29.900000  67.000000  15.556349
30.000000  61.500000  4.949747
30.100000  58.500000  0.707107
30.200000  59.500000  10.606602
30.300000  61.500000  6.363961
30.400000  64.000000  12.727922
30.500000  65.000000  16.970563
30.600000  57.000000  1.414214
30.700000  56.500000  7.778175
30.800000  70.000000  18.384776
30.900000  54.000000  9.899495
31.000000  53.000000  8.485281
31.100000  61.000000  8.485281
31.200000  57.000000  7.071068
31.300000  65.500000  4.949747
31.400000  60.000000  4.242641
31.500000  58.000000  2.828427
31.600000  54.000000  5.656854
31.700000  56.000000  4.242641
31.800000  54.500000  2.121320
31.900000  61.000000  0.000000
32.000000  55.500000  4.949747
32.100000  51.000000  9.899495
32.200000  56.500000  2.121320
32.300000  56.000000  5.656854
32.400000  57.000000  4.242641
32.500000  62.000000  5.656854
32.600000  62.000000  2.828427
32.700000  59.500000  3.535534
32.800000  63.500000  10.606602
32.900000  60.000000  11.313708
33.000000  56.500000  7.778175
33.100000  63.000000  8.485281
33.200000  59.000000  8.485281
33.300000  64.500000  0.707107
33.400000  55.000000  2.828427
33.500000  57.000000  8.485281
33.600000  63.000000  4.242641
33.700000  65.500000  2.121320
33.800000  63.500000  6.363961
33.900000  54.000000  1.414214
34.000000  61.500000  6.363961
34.100000  55.000000  5.656854
34.200000  56.000000  1.414214
34.300000  53.000000  5.656854
34.400000  55.500000  0.707107
34.500000  59.000000  4.242641
34.600000  58.000000  4.242641
34.700000  63.500000  13.435029
34.800000  61.000000  8.485281
34.900000  64.500000  2.121320
35.000000  53.000000  1.414214
35.100000  75.000000  8.485281
35.200000  57.000000  11.313708
35.300000  59.000000  8.485281
35.400000  61.000000  7.071068
35.500000  59.000000  1.414214
35.600000  62.000000  5.656854
35.700000  61.000000  16.970563
35.800000  62.000000  7.071068
35.900000  62.000000  8.485281
36.000000  71.000000  11.313708
36.100000  61.500000  17.677670
36.200000  58.500000  4.949747
36.300000  61.500000  0.707107
36.400000  64.000000  4.242641
36.500000  55.500000  7.778175
36.600000  53.500000  0.707107
36.700000  63.500000  4.949747
36.800000  52.000000  1.414214
36.900000  54.500000  10.606602
37.000000  61.500000  12.020815
37.100000  60.000000  9.899495
37.200000  62.000000  15.556349
37.300000  53.000000  1.414214
37.400000  62.000000  5.656854
37.500000  59.000000  9.899495
37.600000  65.000000  0.000000
37.700000  66.500000  4.949747
37.800000  66.000000  4.242641
37.900000  63.500000  0.707107
38.000000  62.500000  6.363961
38.100000  60.500000  2.121320
38.200000  61.000000  2.828427
38.300000  53.500000  6.363961
38.400000  63.000000  1.414214
38.500000  63.000000  5.656854
38.600000  56.500000  2.121320
38.700000  58.000000  2.828427
38.800000  60.000000  12.727922
38.900000  57.500000  2.121320
39.000000  63.500000  2.121320
39.100000  60.000000  0.000000
39.200000  60.500000  2.121320
39.300000  57.000000  7.071068
39.400000  64.500000  7.778175
39.500000  59.000000  9.899495
39.600000  55.000000  7.071068
39.700000  63.000000  11.313708
39.800000  56.500000  3.535534
39.900000  57.500000  4.949747
40.000000  61.500000  3.535534
40.100000  68.000000  7.071068
40.200000  55.500000  3.535534
40.300000  65.500000  16.263456
40.400000  61.500000  9.192388
40.500000  55.000000  2.828427
40.600000  53.500000  3.535534
40.700000  56.500000  7.778175
40.800000  68.500000  9.192388
40.900000  62.000000  1.414214
41.000000  58.000000  4.242641
41.100000  57.500000  4.949747
41.200000  58.000000  5.656854
41.300000  61.500000  13.435029
41.400000  63.500000  2.121320
41.500000  60.500000  0.707107
41.600000  62.000000  5.656854
41.700000  52.000000  1.414214
41.800000  65.000000  19.798990
41.900000  62.000000  4.242641
42.000000  63.500000  10.606602
42.100000  62.000000  1.414214
42.200000  57.500000  0.707107
42.300000  60.000000  0.000000
42.400000  55.500000  3.535534
42.500000  64.000000  7.071068
42.600000  61.000000  7.071068
42.700000  65.500000  10.606602
42.800000  59.000000  14.142136
42.900000  71.500000  2.121320
43.000000  55.500000  2.121320
43.100000  62.500000  6.363961
43.200000  54.500000  4.949747
43.300000  65.000000  0.000000
43.400000  63.000000  5.656854
43.500000  67.000000  1.414214
43.600000  52.000000  1.414214
43.700000  56.000000  2.828427
43.800000  55.500000  6.363961
43.900000  54.500000  6.363961
44.000000  66.000000  11.313708
44.100000  60.000000  8.485281
44.200000  60.000000  1.414214
44.300000  59.500000  6.363961
44.400000  61.000000  1.414214
44.500000  66.000000  2.828427
44.600000  51.000000  7.071068
44.700000  59.000000  7.071068
44.800000  62.500000  9.192388
44.900000  51.500000  7.778175
45.000000  57.500000  0.707107
45.100000  49.500000  0.707107
45.200000  57.500000  13.435029
45.300000  57.500000  7.778175
45.400000  60.500000  0.707107
45.500000  55.500000  4.949747
45.600000  53.000000  14.142136
45.700000  53.000000  1.414214
45.800000  48.500000  6.363961
45.900000  58.500000  0.707107
46.000000  60.000000  2.828427
46.100000  57.000000  7.071068
46.200000  59.000000  0.000000
46.300000  54.500000  2.121320
46.400000  55.500000  7.778175
46.500000  61.500000  0.707107
46.600000  59.500000  2.121320
46.700000  58.500000  6.363961
46.800000  57.000000  1.414214
46.900000  59.500000  6.363961
47.000000  60.500000  0.707107
47.100000  57.000000  14.142136
47.200000  58.000000  2.828427
47.300000  56.500000  2.121320
47.400000  49.500000  2.121320
47.500000  61.000000  4.242641
47.600000  64.000000  8.485281
47.700000  54.500000  0.707107
47.800000  63.000000  5.656854
47.900000  60.000000  4.242641
48.000000  58.000000  2.828427
48.100000  58.000000  9.899495
48.200000  53.500000  3.535534
48.300000  62.500000  0.707107
48.400000  63.000000  5.656854
48.500000  57.000000  7.071068
48.600000  56.500000  2.121320
48.700000  62.500000  0.707107
48.800000  58.000000  1.414214
48.900000  44.500000  7.778175
49.000000  50.000000  12.727922
49.100000  52.500000  12.020815
49.200000  50.000000  7.071068
49.300000  52.000000  4.242641
49.400000  49.000000  5.656854
49.500000  53.000000  9.899495
49.600000  45.500000  6.363961
49.700000  43.000000  15.556349
49.800000  42.500000  16.263456
49.900000  39.500000  6.363961
50.000000  44.000000  2.828427
50.100000  49.500000  10.606602
50.200000  50.000000  2.828427
50.300000  45.000000  8.485281
50.400000  42.500000  7.778175
50.500000  45.000000  7.071068
50.600000  39.500000  4.949747
50.700000  46.500000  9.192388
50.800000  46.000000  5.656854
50.900000  45.500000  6.363961
51.000000  47.500000  12.020815
51.100000  44.000000  14.142136
51.200000  43.500000  14.849242
51.300000  50.500000  10.606602
51.400000  45.000000  19.798990
51.500000  40.000000  9.899495
51.600000  41.500000  10.606602
51.700000  45.500000  19.091883
51.800000  46.000000  4.242641
51.900000  54.500000  10.606602
52.000000  45.500000  6.363961
52.100000  48.500000  13.435029
52.200000  47.000000  11.313708
52.300000  44.000000  12.727922
52.400000  43.000000  9.899495
52.500000  44.500000  13.435029
52.600000  47.500000  12.020815
52.700000  43.500000  9.192388
52.800000  54.000000  8.485281
52.900000  50.500000  3.535534
53.000000  48.000000  4.242641
53.100000  49.000000  14.142136
53.200000  55.500000  21.920310
53.300000  48.500000  21.920310
53.400000  52.000000  15.556349
53.500000  54.000000  8.485281
53.600000  44.000000  8.485281
53.700000  49.500000  14.849242
53.800000  52.000000  5.656854
53.900000  52.500000  9.192388
54.000000  48.000000  5.656854
54.100000  39.500000  4.949747
54.200000  45.500000  2.121320
54.300000  48.500000  10.606602
54.400000  40.500000  6.363961
54.500000  43.000000  15.556349
54.600000  50.000000  14.142136
54.700000  47.500000  3.535534
54.800000  48.000000  5.656854
54.900000  43.500000  0.707107
55.000000  49.500000  4.949747
55.100000  48.500000  4.949747
55.200000  43.500000  12.020815
55.300000  47.500000  17.677670
55.400000  52.000000  11.313708
55.500000  43.500000  3.535534
55.600000  45.000000  8.485281
55.700000  53.500000  10.606602
55.800000  47.000000  15.556349
55.900000  54.000000  11.313708
56.000000  51.000000  4.242641
56.100000  45.000000  8.485281
56.200000  49.000000  14.142136
56.300000  43.000000  8.485281
56.400000  49.000000  5.656854
56.500000  49.500000  3.535534
56.600000  43.500000  3.535534
56.700000  50.000000  7.071068
56.800000  48.500000  7.778175
56.900000  50.500000  0.707107
57.000000  46.500000  3.535534
57.100000  44.500000  3.535534
57.200000  42.500000  7.778175
57.300000  51.000000  9.899495
57.400000  41.000000  5.656854
57.500000  50.000000  5.656854
57.600000  45.500000  10.606602
57.700000  45.500000  12.020815
57.800000  50.000000  9.899495
57.900000  49.500000  4.949747
58.000000  46.000000  7.071068
58.100000  46.500000  7.778175
58.200000  47.000000  16.970563
58.300000  50.000000  7.071068
58.400000  47.500000  4.949747
58.500000  50.000000  8.485281
58.600000  52.000000  12.727922
58.700000  47.000000  7.071068
58.800000  46.500000  6.363961
58.900000  47.000000  12.727922
59.000000  49.500000  10.606602
59.100000  45.000000  12.727922
59.200000  43.500000  4.949747
59.300000  48.500000  13.435029
59.400000  47.500000  12.020815
59.500000  50.000000  2.828427
59.600000  55.500000  14.849242
59.700000  51.000000  1.414214
59.800000  45.500000  16.263456
59.900000  52.000000  9.899495
60.000000  49.000000  15.556349
60.100000  56.000000  16.970563
60.200000  50.000000  9.899495
60.300000  51.000000  0.000000
60.400000  52.500000  9.192388
60.500000  52.500000  6.363961
60.600000  49.000000  2.828427
60.700000  51.500000  9.192388
60.800000  48.500000  4.949747
60.900000  46.500000  0.707107
61.000000  41.500000  4.949747
61.100000  44.000000  0.000000
61.200000  42.000000  12.727922
61.300000  44.000000  2.828427
61.400000  44.500000  4.949747
61.500000  43.500000  14.849242
61.600000  46.500000  7.778175
61.700000  49.000000  9.899495
61.800000  51.500000  2.121320
61.900000  51.000000  2.828427
62.000000  48.500000  4.949747
62.100000  42.500000  2.121320
62.200000  45.500000  3.535534
62.300000  51.500000  0.707107
62.400000  49.500000  2.121320
62.500000  47.000000  5.656854
62.600000  41.500000  2.121320
62.700000  48.000000  8.485281
62.800000  45.500000  4.949747
62.900000  50.000000  7.071068
63.000000  46.000000  4.242641
63.100000  45.000000  2.828427
63.200000  46.500000  2.121320
63.300000  42.500000  9.192388
63.400000  51.500000  17.677670
63.500000  46.000000  9.899495
63.600000  51.500000  9.192388
63.700000  49.000000  2.828427
63.800000  49.500000  10.606602
63.900000  40.500000  0.707107
64.000000  50.000000  4.242641
64.100000  49.000000  7.071068
64.200000  43.000000  9.899495
64.300000  43.000000  4.242641
64.400000  39.000000  2.828427
64.500000  42.500000  2.121320
64.600000  42.500000  10.606602
64.700000  51.500000  6.363961
64.800000  45.000000  7.071068
64.900000  50.000000  4.242641
65.000000  40.500000  3.535534
65.100000  49.000000  2.828427
65.200000  47.000000  2.828427
65.300000  55.500000  0.707107
65.400000  49.500000  10.606602
65.500000  50.500000  0.707107
65.600000  53.000000  12.727922
65.700000  49.000000  8.485281
65.800000  53.500000  6.363961
65.900000  50.000000  11.313708
66.000000  53.500000  7.778175
66.100000  45.500000  3.535534
66.200000  45.500000  12.020815
66.300000  46.000000  7.071068
66.400000  54.000000  2.828427
66.500000  45.000000  0.000000
66.600000  58.000000  7.071068
66.700000  47.000000  5.656854
66.800000  53.000000  5.656854
66.900000  52.000000  4.242641
67.000000  54.500000  2.121320
67.100000  51.000000  1.414214
67.200000  52.000000  5.656854
67.300000  54.500000  0.707107
67.400000  56.000000  4.242641
67.500000  49.500000  7.778175
67.600000  58.500000  3.535534
67.700000  50.000000  4.242641
67.800000  57.000000  5.656854
67.900000  50.500000  2.121320
68.000000  45.500000  9.192388
68.100000  47.500000  12.020815
68.200000  50.500000  2.121320
68.300000  34.500000  0.707107
68.400000  42.500000  13.435029
68.500000  45.000000  12.727922
68.600000  47.000000  4.242641
68.700000  51.500000  7.778175
68.800000  50.000000  1.414214
68.900000  50.500000  10.606602
69.000000  48.500000  6.363961
69.100000  47.500000  10.606602
69.200000  52.000000  5.656854
69.300000  53.000000  5.656854
69.400000  50.500000  3.535534
69.500000  52.500000  12.020815
69.600000  51.000000  0.000000
69.700000  50.000000  8.485281
69.800000  53.500000  4.949747
69.900000  46.000000  2.828427
70.000000  53.000000  4.242641
70.100000  47.500000  2.121320
70.200000  44.000000  15.556349
70.300000  54.000000  9.899495
70.400000  48.000000  18.384776
70.500000  50.000000  8.485281
70.600000  48.500000  21.920310
70.700000  52.000000  9.899495
70.800000  49.000000  5.656854
70.900000  54.000000  12.727922
71.000000  48.000000  7.071068
71.100000  47.000000  2.828427
71.200000  46.000000  7.071068
71.300000  53.000000  4.242641
71.400000  48.000000  8.485281
71.500000  46.500000  4.949747
71.600000  54.000000  5.656854
71.700000  53.500000  4.949747
71.800000  50.500000  0.707107
71.900000  51.500000  6.363961
72.000000  49.000000  4.242641
72.100000  49.500000  4.949747
72.200000  53.500000  0.707107
72.300000  49.500000  0.707107
72.400000  54.500000  0.707107
72.500000  47.000000  11.313708
72.600000  46.000000  8.485281
72.700000  51.500000  9.192388
72.800000  49.500000  2.121320
72.900000  51.000000  7.071068
73.000000  53.500000  10.606602
73.100000  52.000000  5.656854
73.200000  49.500000  0.707107
73.300000  49.000000  12.727922
73.400000  47.500000  6.363961
73.500000  47.000000  12.727922
73.600000  45.000000  4.242641
73.700000  52.500000  10.606602
73.800000  48.500000  13.435029
73.900000  47.000000  11.313708
74.000000  47.500000  12.020815
74.100000  42.000000  12.727922
74.200000  49.500000  9.192388
74.300000  46.000000  12.727922
74.400000  45.500000  10.606602
74.500000  50.000000  8.485281
74.600000  46.500000  17.677670
74.700000  46.000000  9.899495
74.800000  45.000000  11.313708
74.900000  46.000000  9.899495
75.000000  46.500000  9.192388
75.100000  50.500000  7.778175
75.200000  44.500000  6.363961
75.300000  50.500000  13.435029
75.400000  49.500000  7.778175
75.500000  46.500000  4.949747
75.600000  50.500000  7.778175
75.700000  56.500000  3.535534
75.800000  46.500000  10.606602
75.900000  50.500000  12.020815
76.000000  43.500000  9.192388
76.100000  56.000000  4.242641
76.200000  47.500000  9.192388
76.300000  57.500000  10.606602
76.400000  50.500000  12.020815
76.500000  38.000000  18.384776
76.600000  45.000000  12.727922
76.700000  47.500000  12.020815
76.800000  49.000000  12.727922
76.900000  49.500000  10.606602
77.000000  47.000000  11.313708
77.100000  53.000000  7.071068
77.200000  42.500000  6.363961
77.300000  44.000000  9.899495
77.400000  51.500000  6.363961
77.500000  54.500000  6.363961
77.600000  51.500000  7.778175
77.700000  42.000000  15.556349
77.800000  47.000000  15.556349
77.900000  48.500000  9.192388
78.000000  43.500000  17.677670
78.100000  46.500000  14.849242
78.200000  46.500000  10.606602
78.300000  49.000000  11.313708
78.400000  55.000000  2.828427
78.500000  51.000000  14.142136
78.600000  49.500000  10.606602
78.700000  53.500000  9.192388
78.800000  48.500000  13.435029
78.900000  54.500000  13.435029
79.000000  54.000000  15.556349
79.100000  49.000000  5.656854
79.200000  52.000000  8.485281
79.300000  55.000000  2.828427
79.400000  52.500000  10.606602
79.500000  43.500000  14.849242
79.600000  47.500000  10.606602
79.700000  48.000000  8.485281
79.800000  44.500000  16.263456
79.900000  47.500000  6.363961
80.000000  49.500000  10.606602
80.100000  51.000000  14.142136
80.200000  44.000000  16.970563
80.300000  46.000000  7.071068
80.400000  47.000000  7.071068
80.500000  47.000000  1.414214
80.600000  52.000000  11.313708
80.700000  50.500000  9.192388
80.800000  51.500000  12.020815
80.900000  44.000000  8.485281
81.000000  45.500000  14.849242
81.100000  54.500000  4.949747
81.200000  54.500000  0.707107
81.300000  51.000000  4.242641
81.400000  54.000000  1.414214
81.500000  47.500000  14.849242
81.600000  55.500000  3.535534
81.700000  50.500000  0.707107
81.800000  53.500000  3.535534
81.900000  53.000000  4.242641
82.000000  44.000000  12.727922
82.100000  53.500000  4.949747
82.200000  54.000000  7.071068
82.300000  53.000000  11.313708
82.400000  53.000000  14.142136
82.500000  52.500000  13.435029
82.600000  49.000000  1.414214
82.700000  48.500000  20.506097
82.800000  47.500000  10.606602
82.900000  56.000000  4.242641
83.000000  51.000000  2.828427
83.100000  46.500000  9.192388
83.200000  48.000000  8.485281
83.300000  49.000000  1.414214
83.400000  54.500000  0.707107
83.500000  52.500000  3.535534
83.600000  51.500000  12.020815
83.700000  52.000000  2.828427
83.800000  50.500000  10.606602
83.900000  49.500000  6.363961
84.000000  57.000000  4.242641
84.100000  45.500000  3.535534
84.200000  52.000000  0.000000
84.300000  50.500000  6.363961
84.400000  56.000000  4.242641
84.500000  50.500000  0.707107
84.600000  54.500000  3.535534
84.700000  58.500000  10.606602
84.800000  52.000000  0.000000
84.900000  52.000000  7.071068
85.000000  52.000000  8.485281
85.100000  51.500000  9.192388
85.200000  54.000000  4.242641
85.300000  55.000000  12.727922
85.400000  49.000000  1.414214
85.500000  54.500000  6.363961
85.600000  49.000000  5.656854
85.700000  55.000000  5.656854
85.800000  50.000000  4.242641
85.900000  52.500000  10.606602
86.000000  51.500000  7.778175
86.100000  49.500000  0.707107
86.200000  54.000000  9.899495
86.300000  52.000000  4.242641
86.400000  58.000000  1.414214
86.500000  50.000000  2.828427
86.600000  52.500000  7.778175
86.700000  54.000000  0.000000
86.800000  53.500000  2.121320
86.900000  54.000000  7.071068
87.000000  52.000000  8.485281
87.100000  53.500000  10.606602
87.200000  47.500000  10.606602
87.300000  51.500000  9.192388
87.400000  57.500000  0.707107
87.500000  53.500000  7.778175
87.600000  51.000000  9.899495
87.700000  52.500000  13.435029
87.800000  47.500000  0.707107
87.900000  51.500000  16.263456
88.000000  50.500000  4.949747
88.100000  49.000000  7.071068
88.200000  51.000000  12.727922
88.300000  53.000000  8.485281
88.400000  48.000000  8.485281
88.500000  50.500000  7.778175
88.600000  50.000000  0.000000
88.700000  51.000000  9.899495
88.800000  50.500000  3.535534
88.900000  55.000000  2.828427
89.000000  50.000000  4.242641
89.100000  55.000000  9.899495
89.200000  50.000000  8.485281
89.300000  51.000000  0.000000
89.400000  56.500000  0.707107
89.500000  51.000000  18.384776
89.600000  53.000000  9.899495
89.700000  49.000000  2.828427
89.800000  51.500000  12.020815
89.900000  43.500000  7.778175
90.000000  52.000000  16.970563
90.100000  42.000000  18.384776
90.200000  42.500000  12.020815
90.300000  47.000000  7.071068
90.400000  46.500000  17.677670
90.500000  41.000000  8.485281
90.600000  51.000000  16.970563
90.700000  51.500000  2.121320
90.800000  54.500000  4.949747
90.900000  55.000000  15.556349
91.000000  50.500000  7.778175
91.100000  51.000000  14.142136
91.200000  46.500000  6.363961
91.300000  47.500000  6.363961
91.400000  45.500000  7.778175
91.500000  47.500000  9.192388
91.600000  48.000000  9.899495
91.700000  50.000000  9.899495
91.800000  48.000000  9.899495
91.900000  48.500000  0.707107
92.000000  47.500000  2.121320
92.100000  50.500000  6.363961
92.200000  55.000000  1.414214
92.300000  53.000000  0.000000
92.400000  52.500000  0.707107
92.500000  51.000000  7.071068
92.600000  53.000000  1.414214
92.700000  46.000000  1.414214
92.800000  48.500000  7.778175
92.900000  50.000000  4.242641
93.000000  47.500000  10.606602
93.100000  53.500000  12.020815
93.200000  49.000000  1.414214
93.300000  50.000000  4.242641
93.400000  49.500000  3.535534
93.500000  48.000000  8.485281
93.600000  51.500000  7.778175
93.700000  50.000000  1.414214
93.800000  52.000000  4.242641
93.900000  50.500000  13.435029
94.000000  47.000000  11.313708
94.100000  48.000000  4.242641
94.200000  52.000000  8.485281
94.300000  47.500000  6.363961
94.400000  52.000000  5.656854
94.500000  48.000000  4.242641
94.600000  43.000000  2.828427
94.700000  46.000000  8.485281
94.800000  46.000000  0.000000
94.900000  49.000000  5.656854
95.000000  46.500000  2.121320
95.100000  47.500000  12.020815
95.200000  49.500000  3.535534
95.300000  52.500000  4.949747
95.400000  49.000000  2.828427
95.500000  49.000000  4.242641
95.600000  49.500000  0.707107
95.700000  45.500000  2.121320
95.800000  52.500000  3.535534
95.900000  48.000000  2.828427
96.000000  42.500000  9.192388
96.100000  47.000000  0.000000
96.200000  48.500000  7.778175
96.300000  52.500000  6.363961
96.400000  50.500000  3.535534
96.500000  46.500000  6.363961
96.600000  46.000000  8.485281
96.700000  46.000000  9.899495
96.800000  54.000000  4.242641
96.900000  51.000000  2.828427
97.000000  53.000000  0.000000
97.100000  52.500000  0.707107
97.200000  54.000000  9.899495
97.300000  49.500000  3.535534
97.400000  52.000000  1.414214
97.500000  48.000000  7.071068
97.600000  52.000000  1.414214
97.700000  47.500000  4.949747
97.800000  48.000000  7.071068
97.900000  50.500000  3.535534
98.000000  48.000000  1.414214
98.100000  52.000000  5.656854
98.200000  52.500000  7.778175
98.300000  50.000000  5.656854
98.400000  47.500000  6.363961
98.500000  49.500000  0.707107
98.600000  52.000000  5.656854
98.700000  49.000000  0.000000
98.800000  48.000000  2.828427
98.900000  51.500000  2.121320
99.000000  48.500000  3.535534
99.100000  45.500000  7.778175
99.200000  44.000000  8.485281
99.300000  43.500000  0.707107
99.400000  50.500000  7.778175
99.500000  45.000000  12.727922
99.600000  46.000000  2.828427
99.700000  47.000000  1.414214
99.800000  41.500000  3.535534
99.900000  47.000000  1.414214
100.000000  52.000000  2.828427
