# aggregated from 2 replicates
# x  mean  std
0.000000  81.732000  0.000000
0.100000  82.985500  0.825194
0.200000  81.626500  1.246629
0.300000  82.159500  0.946816
0.400000  81.418500  0.408001
0.500000  82.729000  0.616597
0.600000  80.758500  0.311834
0.700000  82.386500  0.010607
0.800000  82.418500  0.051619
0.900000  82.019000  0.585484
1.000000  82.159500  1.062781
1.100000  82.047500  1.881611
1.200000  82.574000  0.038184
1.300000  81.517500  0.813880
1.400000  81.281500  1.335725
1.500000  80.959500  1.846256
1.600000  82.401000  0.511945
1.700000  82.552000  0.347897
1.800000  81.897500  1.952322
1.900000  81.333500  1.260771
2.000000  81.028500  1.207031
2.100000  80.348000  1.781909
2.200000  82.100500  0.812466
2.300000  81.089000  0.569928
2.400000  81.583500  0.086974
2.500000  81.530000  0.155563
2.600000  79.884000  2.288198
2.700000  80.000500  0.187383
2.800000  81.408000  0.524673
2.900000  80.945500  0.801152
3.000000  82.323500  1.115107
3.100000  81.815000  1.371787
3.200000  80.827000  0.004243
3.300000  82.540500  0.048790
3.400000  82.608500  1.122178
3.500000  81.760000  0.487904
3.600000  82.239000  1.682914
3.700000  83.101500  0.911461
3.800000  81.151000  2.149605
3.900000  80.869500  1.778374
4.000000  81.273500  0.420729
4.100000  81.520500  1.232487
4.200000  80.548500  0.491439
4.300000  81.439500  0.388202
4.400000  82.334000  0.381838
4.500000  81.879000  1.458054
4.600000  81.855000  0.906511
4.700000  81.137500  0.594677
4.800000  81.307000  1.211981
4.900000  79.900000  0.681651
5.000000  81.119000  0.729734
5.100000  81.683000  0.005657
5.200000  81.486500  1.321583
5.300000  81.923500  1.956564
5.400000  80.494500  0.345775
5.500000  80.224000  3.145211
5.600000  80.220500  1.417749
5.700000  80.241500  0.658316
5.800000  80.707500  0.241123
5.900000  80.521500  1.693521
6.000000  80.749500  1.314512
6.100000  81.323500  0.047376
6.200000  81.382500  0.719128
6.300000  80.539000  1.196425
6.400000  82.069500  1.098137
6.500000  80.716000  0.197990
6.600000  80.305500  0.764382
6.700000  81.077500  1.590283
6.800000  80.460000  1.088944
6.900000  81.543500  1.301784
7.000000  81.645500  0.707814
7.100000  79.958500  3.278854
7.200000  81.378000  2.962777
7.300000  81.269000  3.167838
7.400000  80.400500  1.628467
7.500000  78.954000  2.151019
7.600000  79.548000  1.729583
7.700000  78.825500  3.297239
7.800000  79.424500  1.792516
7.900000  79.379500  1.245215
8.000000  78.839000  1.913431
8.100000  79.818500  3.208143
8.200000  80.532000  2.320724
8.300000  80.085500  3.145918
8.400000  79.764500  3.053994
8.500000  79.573500  3.544726
8.600000  79.817000  4.022023
8.700000  80.123500  1.907067
8.800000  80.605500  3.585738
8.900000  80.405000  1.844134
9.000000  81.083500  0.787010
9.100000  81.212500  1.593112
9.200000  79.940000  1.383101
9.300000  81.264500  4.383355
9.400000  80.182000  1.265721
9.500000  80.747500  0.026163
9.600000  80.320500  0.543765
9.700000  80.257500  3.246327
9.800000  79.442500  0.108187
9.900000  81.178500  1.028840
10.000000  79.809000  3.436539
10.100000  80.645500  1.349867
10.200000  82.121500  2.730139
10.300000  81.717000  2.107178
10.400000  80.800500  2.086672
10.500000  81.850000  3.258348
10.600000  82.039000  4.464672
10.700000  80.687500  3.623922
10.800000  81.779000  3.938585
10.900000  79.982000  1.619275
11.000000  80.593500  1.713320
11.100000  81.225500  0.712057
11.200000  81.102500  2.359615
11.300000  81.477000  1.814436
11.400000  80.700000  2.370222
11.500000  80.261000  2.299511
11.600000  81.324500  1.970707
11.700000  80.474000  1.336432
11.800000  81.610000  2.138291
11.900000  81.430500  2.206880
12.000000  81.258500  0.166170
12.100000  81.963500  1.103794
12.200000  81.038000  0.657609
12.300000  79.796500  1.182990
12.400000  82.804500  1.793930
12.500000  82.130500  1.177333
12.600000  80.911500  0.949644
12.700000  80.219500  2.147483
12.800000  81.140500  1.615739
12.900000  80.577000  1.831407
13.000000  80.417000  2.957121
13.100000  80.009000  2.167989
13.200000  80.621000  2.487602
13.300000  81.481500  1.018941
13.400000  80.278000  0.145664
13.500000  80.762000  0.668923
13.600000  81.444500  1.116522
13.700000  79.502000  2.672864
13.800000  81.447500  0.521138
13.900000  81.060500  3.413204
14.000000  80.892000  1.544321
14.100000  81.838500  4.000103
14.200000  79.973000  4.163445
14.300000  80.716000  2.541342
14.400000  80.283500  3.435832
14.500000  81.786500  4.650641
14.600000  80.135500  3.188344
14.700000  80.151000  4.201628
14.800000  79.700500  4.142939
14.900000  80.298000  2.508815
15.000000  79.522000  2.136877
15.100000  80.779000  1.995455
15.200000  80.123500  1.836356
15.300000  82.427000  4.599023
15.400000  81.459500  1.523815
15.500000  81.470000  1.766353
15.600000  81.450000  2.332038
15.700000  81.866000  1.087530
15.800000  81.724500  2.650943
15.900000  81.218000  3.650085
16.000000  80.868000  1.872419
16.100000  80.057000  2.623366
16.200000  80.311000  3.480380
16.300000  80.145000  1.541493
16.400000  79.436500  2.068287
16.500000  80.710000  0.138593
16.600000  79.761000  2.725190
16.700000  79.776500  2.171525
16.800000  80.704500  1.873126
16.900000  80.293500  1.110865
17.000000  81.190500  0.502753
17.100000  80.355500  1.827871
17.200000  79.162500  1.491288
17.300000  80.239000  1.441084
17.400000  80.616500  2.051317
17.500000  81.352500  1.941008
17.600000  81.290000  0.711349
17.700000  81.444500  1.414921
17.800000  80.404000  4.012124
17.900000  81.157500  3.182688
18.000000  80.680000  1.663115
18.100000  79.500500  1.328654
18.200000  80.582500  1.850498
18.300000  80.367000  1.090359
18.400000  79.693000  2.481945
18.500000  80.719000  0.702864
18.600000  81.761500  1.570484
18.700000  81.153000  1.733826
18.800000  81.434500  1.209860
18.900000  79.783500  1.505430
19.000000  81.906000  1.175211
19.100000  81.411500  0.023335
19.200000  81.512500  0.743169
19.300000  81.191000  1.161069
19.400000  81.273000  3.067429
19.500000  81.159500  2.796607
19.600000  81.117500  1.569070
19.700000  81.048500  3.199658
19.800000  80.339000  2.880753
19.900000  80.171000  1.653216
20.000000  80.116500  1.571898
20.100000  79.680000  0.535987
20.200000  81.065000  1.787566
20.300000  80.984500  1.883025
20.400000  80.993500  0.154856
20.500000  80.588500  1.932523
20.600000  79.819000  0.919239
20.700000  79.587500  1.625638
20.800000  80.621500  2.635387
20.900000  79.006500  1.303198
21.000000  80.451000  1.172383
21.100000  79.753500  1.464418
21.200000  80.250500  2.966313
21.300000  80.880500  1.842013
21.400000  79.926500  0.675287
21.500000  81.513000  0.282843
21.600000  81.282000  0.468105
21.700000  82.133500  1.782616
21.800000  80.524500  1.102379
21.900000  81.016500  1.178747
22.000000  81.040000  1.162484
22.100000  80.628500  0.775696
22.200000  80.827000  0.885298
22.300000  80.650500  0.985000
22.400000  80.411500  1.543614
22.500000  79.901500  0.741755
22.600000  80.801000  0.545886
22.700000  78.899000  1.861105
22.800000  80.010500  0.111016
22.900000  78.965000  1.250165
23.000000  79.621500  1.805244
23.100000  79.977500  1.016112
23.200000  79.437500  1.226830
23.300000  80.035500  0.211425
23.400000  79.850500  0.101116
23.500000  80.469000  1.708370
23.600000  79.861000  1.265721
23.700000  79.313500  1.634124
23.800000  78.833500  1.535129
23.900000  79.194500  0.267993
24.000000  78.108000  2.233043
24.100000  80.168500  3.510785
24.200000  78.675500  2.626902
24.300000  79.430500  2.308704
24.400000  78.588500  1.907067
24.500000  79.128500  0.269408
24.600000  80.417500  0.514067
24.700000  80.768500  1.389465
24.800000  79.681500  2.273348
24.900000  79.926500  1.799587
25.000000  79.377000  1.084702
25.100000  80.003500  2.809335
25.200000  80.404500  2.814992
25.300000  80.251000  2.119906
25.400000  79.574500  0.921360
25.500000  79.073500  1.026012
25.600000  80.316500  1.669479
25.700000  78.581500  0.258094
25.800000  80.188500  1.105208
25.900000  79.624000  0.193747
26.000000  80.118500  1.125007
26.100000  80.810000  2.023740
26.200000  77.717500  0.368403
26.300000  79.356500  0.103945
26.400000  78.329500  1.382394
26.500000  80.737500  3.061065
26.600000  81.148500  1.617153
26.700000  79.052500  1.943837
26.800000  78.741500  1.126421
26.900000  79.369500  1.075509
27.000000  80.860000  1.038033
27.100000  80.293000  1.664529
27.200000  80.285500  1.048639
27.300000  80.537000  3.040559
27.400000  80.028500  2.086672
27.500000  79.939000  0.364867
27.600000  80.355000  2.037882
27.700000  80.126000  1.325118
27.800000  80.088500  1.033083
27.900000  80.698000  3.187637
28.000000  80.203000  1.450983
28.100000  80.368000  3.835347
28.200000  79.824000  1.036619
28.300000  79.563000  1.104501
28.400000  80.198000  2.668621
28.500000  79.589500  2.206880
28.600000  79.410500  0.552250
28.700000  79.611000  1.057832
28.800000  78.725500  1.914138
28.900000  79.276000  1.206324
29.000000  78.424000  2.199102
29.100000  79.632500  3.539069
29.200000  80.935000  2.404163
29.300000  80.658000  1.192182
29.400000  80.799500  2.440226
29.500000  79.525000  3.939999
29.600000  80.935500  2.338402
29.700000  80.768500  3.287339
29.800000  78.987500  1.690692
29.900000  79.239000  2.002526
30.000000  80.554000  1.814436
30.100000  80.053500  2.482652
30.200000  80.811500  1.846256
30.300000  79.504000  1.442498
30.400000  79.861500  0.801152
30.500000  80.058500  0.501339
30.600000  78.747500  1.487046
30.700000  79.221000  1.045104
30.800000  77.523000  1.472196
30.900000  80.493500  1.031669
31.000000  79.357000  1.271378
31.100000  80.351000  0.274357
31.200000  79.349000  2.897724
31.300000  79.745000  1.682914
31.400000  78.330500  2.124856
31.500000  79.697500  1.907067
31.600000  78.740500  0.908632
31.700000  78.824500  1.436134
31.800000  78.971000  0.060811
31.900000  79.942000  0.816001
32.000000  79.867500  1.037326
32.100000  80.197500  3.102077
32.200000  80.599500  2.953585
32.300000  81.092000  5.761506
32.400000  79.850500  2.315775
32.500000  80.827500  2.846105
32.600000  80.336500  1.921209
32.700000  80.160500  2.123442
32.800000  80.875000  1.882318
32.900000  81.215000  2.699734
33.000000  80.439500  3.022881
33.100000  80.846500  1.768474
33.200000  81.364500  1.468661
33.300000  80.316000  2.520129
33.400000  80.442500  1.393707
33.500000  78.871500  1.512501
33.600000  80.001000  1.740897
33.700000  80.253500  1.874540
33.800000  79.710500  1.864641
33.900000  79.693000  2.942978
34.000000  79.785500  2.628316
34.100000  82.504000  0.808930
34.200000  80.207000  1.632002
34.300000  80.534000  0.796202
34.400000  79.733000  1.999698
34.500000  81.514500  1.265014
34.600000  82.063500  2.929543
34.700000  81.017500  2.930958
34.800000  79.416000  2.969848
34.900000  79.893500  1.819386
35.000000  81.495500  1.430477
35.100000  80.044500  1.341382
35.200000  80.146000  1.838478
35.300000  79.251500  2.525078
35.400000  79.086500  3.288754
35.500000  80.443500  1.385222
35.600000  79.853000  3.187637
35.700000  79.867500  2.239407
35.800000  80.717000  1.779081
35.900000  81.092000  2.549827
36.000000  81.160500  2.834791
36.100000  80.140000  3.389870
36.200000  79.917500  3.154403
36.300000  80.835500  1.608668
36.400000  81.572500  2.032932
36.500000  79.742500  2.799436
36.600000  81.413000  3.753323
36.700000  80.947500  2.960656
36.800000  80.602500  3.328352
36.900000  79.894500  1.779788
37.000000  80.859000  1.876661
37.100000  79.170500  4.326786
37.200000  78.767500  3.380678
37.300000  81.194000  2.732261
37.400000  80.738500  3.919493
37.500000  79.590500  2.339816
37.600000  81.612500  1.421992
37.700000  82.170000  1.767767
37.800000  81.397500  2.636801
37.900000  81.235000  1.496238
38.000000  80.780000  1.829992
38.100000  79.842500  0.519723
38.200000  80.944500  1.362595
38.300000  81.819000  0.165463
38.400000  82.186500  2.512350
38.500000  80.014000  3.326230
38.600000  80.731000  1.838478
38.700000  80.588000  0.118794
38.800000  80.937000  2.076066
38.900000  80.667000  1.721098
39.000000  80.480500  2.411941
39.100000  79.815000  1.960100
39.200000  79.743500  2.056974
39.300000  81.343000  0.479418
39.400000  79.788000  0.922067
39.500000  79.567000  0.824487
39.600000  81.905000  1.470782
39.700000  81.079000  1.780495
39.800000  80.625500  2.055559
39.900000  79.756500  3.752616
40.000000  80.237500  0.505581
40.100000  80.213500  1.313097
40.200000  80.569500  2.913987
40.300000  80.685000  2.726604
40.400000  79.764000  3.133897
40.500000  81.467000  1.868176
40.600000  81.357000  2.819942
40.700000  79.560500  1.437548
40.800000  80.256500  2.021618
40.900000  80.060500  1.567656
41.000000  79.572500  1.269257
41.100000  80.113500  2.109300
41.200000  80.136000  1.301076
41.300000  81.151000  2.057681
41.400000  79.032000  2.556898
41.500000  79.586000  0.328098
41.600000  80.433500  0.668216
41.700000  79.538000  0.770746
41.800000  80.442000  0.032527
41.900000  80.476500  1.470075
42.000000  80.948500  0.762968
42.100000  81.099000  1.497652
42.200000  81.580500  2.034346
42.300000  80.769500  1.088237
42.400000  80.300500  1.603011
42.500000  80.640500  1.556342
42.600000  81.036000  0.302642
42.700000  81.882000  1.081873
42.800000  82.249500  1.344210
42.900000  81.603500  0.593263
43.000000  80.876500  0.234052
43.100000  81.465500  0.594677
43.200000  81.144500  1.607254
43.300000  80.661500  0.668216
43.400000  82.073500  1.324411
43.500000  81.440000  0.332340
43.600000  81.556000  0.634982
43.700000  80.748500  1.038740
43.800000  81.729000  1.770595
43.900000  82.089500  3.055408
44.000000  81.608500  2.021618
44.100000  82.400500  0.522552
44.200000  82.628000  2.909037
44.300000  80.827500  2.434569
44.400000  81.769000  1.407142
44.500000  80.001000  1.930402
44.600000  80.908500  1.976363
44.700000  80.514500  1.658165
44.800000  80.209000  2.818528
44.900000  80.260500  1.950908
45.000000  80.239000  3.494522
45.100000  79.114000  3.459166
45.200000  79.844500  1.591697
45.300000  81.306000  3.217336
45.400000  79.956000  0.305470
45.500000  80.131500  2.123442
45.600000  80.175000  2.985405
45.700000  80.657000  0.418607
45.800000  80.392000  3.341787
45.900000  79.650500  3.427347
46.000000  81.111000  2.542756
46.100000  81.931000  1.450983
46.200000  80.480500  2.334159
46.300000  80.555000  0.820244
46.400000  80.342000  1.632002
46.500000  79.614500  4.022730
46.600000  80.299500  2.018790
46.700000  79.868500  0.303349
46.800000  80.497500  3.010154
46.900000  79.656000  1.470782
47.000000  78.763000  2.180717
47.100000  80.849000  3.306431
47.200000  79.837500  3.693219
47.300000  80.469500  4.724180
47.400000  81.218500  4.495078
47.500000  78.564500  3.298653
47.600000  81.416500  1.973535
47.700000  80.499000  3.935756
47.800000  80.365000  4.970961
47.900000  80.274500  2.008890
48.000000  80.898000  2.115663
48.100000  79.861500  2.015961
48.200000  80.848500  1.690692
48.300000  80.627000  1.490581
48.400000  79.300500  2.362444
48.500000  79.718000  1.431184
48.600000  80.913500  3.312795
48.700000  81.222500  4.157081
48.800000  81.518500  3.061065
48.900000  81.000500  3.370778
49.000000  82.106500  4.072228
49.100000  81.243000  5.321686
49.200000  81.477000  3.781607
49.300000  81.101500  4.171223
49.400000  81.934000  1.931816
49.500000  80.617000  3.121169
49.600000  80.545500  1.894339
49.700000  81.377500  4.059500
49.800000  81.596000  3.109856
49.900000  81.546000  2.852469
50.000000  80.738000  3.733524
50.100000  81.255500  2.831963
50.200000  82.390500  4.264561
50.300000  82.934000  3.529877
50.400000  81.801500  5.444015
50.500000  81.824500  2.933786
50.600000  82.540500  2.708926
50.700000  81.455000  2.835498
50.800000  82.500000  3.965455
50.900000  82.000000  2.667207
51.000000  80.667000  2.716704
51.100000  82.945500  0.079903
51.200000  81.265000  3.239963
51.300000  81.690500  3.243499
51.400000  80.706000  2.619124
51.500000  82.129000  3.720796
51.600000  81.582500  3.734231
51.700000  81.357500  1.723219
51.800000  81.586000  3.841004
51.900000  80.471500  4.364970
52.000000  80.098500  3.335423
52.100000  80.665500  4.067985
52.200000  81.066000  5.946768
52.300000  80.808000  6.751456
52.400000  81.573000  2.545584
52.500000  80.187000  3.478965
52.600000  81.037500  3.898280
52.700000  81.577000  5.673825
52.800000  81.750000  6.055662
52.900000  80.934000  3.997982
53.000000  81.529500  3.574425
53.100000  80.776500  3.055408
53.200000  81.451000  2.723775
53.300000  79.042000  1.948786
53.400000  79.877000  3.379970
53.500000  79.026000  2.319310
53.600000  80.095000  1.950201
53.700000  80.374000  2.412648
53.800000  81.288000  2.435276
53.900000  79.028500  1.673722
54.000000  80.181500  2.493966
54.100000  81.711500  1.682207
54.200000  79.298000  3.114098
54.300000  81.289000  4.794184
54.400000  79.922000  1.639074
54.500000  80.513000  1.917674
54.600000  81.701500  2.564676
54.700000  81.427000  5.249561
54.800000  82.816000  3.857975
54.900000  81.461500  4.123140
55.000000  80.069500  4.814690
55.100000  79.735500  3.599881
55.200000  80.073000  2.093036
55.300000  79.404000  3.017932
55.400000  80.932000  4.852167
55.500000  81.651500  4.229206
55.600000  80.006000  4.579224
55.700000  81.980500  4.691653
55.800000  79.996500  4.274460
55.900000  79.979000  4.111119
56.000000  80.382000  2.759131
56.100000  80.116000  2.503158
56.200000  80.604000  5.045914
56.300000  79.864500  4.014245
56.400000  81.882000  6.310221
56.500000  80.292000  1.863933
56.600000  80.828000  3.934342
56.700000  82.200000  5.342899
56.800000  80.780000  5.241075
56.900000  80.638500  4.800548
57.000000  82.264500  3.179859
57.100000  81.310000  4.344464
57.200000  80.137500  2.724482
57.300000  80.958500  1.963636
57.400000  80.072500  4.183951
57.500000  81.544500  4.512048
57.600000  80.100500  3.594224
57.700000  80.619000  3.101370
57.800000  80.898500  5.374719
57.900000  80.636500  6.677209
58.000000  81.145500  4.657712
58.100000  80.509500  5.427045
58.200000  80.997000  5.570587
58.300000  79.976000  4.485885
58.400000  79.820500  2.609931
58.500000  80.717500  4.210821
58.600000  80.459500  4.589830
58.700000  79.879500  3.300067
58.800000  80.796500  3.584324
58.900000  80.552500  3.623922
59.000000  82.096500  3.795042
59.100000  80.724500  4.530433
59.200000  82.642500  4.028387
59.300000  79.869000  2.165161
59.400000  81.032500  3.423104
59.500000  79.259500  3.219457
59.600000  79.259500  3.338251
59.700000  79.296500  3.244913
59.800000  80.994500  3.673420
59.900000  80.431500  3.051166
60.000000  80.625000  1.286934
60.100000  83.047500  2.032932
60.200000  82.404000  1.100258
60.300000  81.416500  1.318754
60.400000  79.903000  0.134350
60.500000  81.339500  0.389616
60.600000  82.830000  1.122886
60.700000  81.529000  1.210567
60.800000  82.579000  2.725190
60.900000  81.675500  4.046772
61.000000  81.952500  0.917117
61.100000  82.239000  2.815699
61.200000  81.212000  2.460732
61.300000  80.800500  2.837620
61.400000  81.367500  2.027275
61.500000  81.628000  2.617709
61.600000  81.575000  4.070107
61.700000  81.622000  2.937322
61.800000  80.697500  1.730290
61.900000  80.624000  1.578262
62.000000  81.001500  0.852064
62.100000  80.350500  1.099551
62.200000  82.529000  1.318047
62.300000  81.443500  3.377849
62.400000  80.526500  1.588869
62.500000  81.896000  0.777817
62.600000  81.924500  0.772868
62.700000  80.489000  0.946109
62.800000  82.373500  1.448862
62.900000  80.949000  1.316633
63.000000  81.909500  0.740341
63.100000  81.706000  1.361888
63.200000  81.140000  2.720947
63.300000  80.691000  1.547150
63.400000  80.764500  2.764080
63.500000  82.046500  2.894188
63.600000  81.414000  2.483359
63.700000  81.069000  2.395678
63.800000  80.868000  2.306582
63.900000  80.838500  3.020053
64.000000  81.500000  3.121169
64.100000  80.858500  3.356636
64.200000  82.199500  3.168545
64.300000  81.365500  4.028387
64.400000  79.991500  3.505128
64.500000  80.488000  3.125412
64.600000  81.689000  3.068843
64.700000  80.030000  1.378858
64.800000  80.830000  1.766353
64.900000  80.454000  0.864084
65.000000  81.332500  2.335574
65.100000  83.729000  2.776101
65.200000  81.514000  3.136726
65.300000  82.310000  2.217487
65.400000  81.007500  1.355524
65.500000  81.275000  0.770746
65.600000  79.930000  3.323402
65.700000  81.050000  1.566949
65.800000  81.557500  2.658014
65.900000  81.422000  2.650236
66.000000  81.285000  3.169253
66.100000  79.687500  2.157383
66.200000  79.762000  2.339109
66.300000  78.908500  2.205466
66.400000  80.097500  2.795193
66.500000  80.843000  2.153847
66.600000  78.650500  3.264712
66.700000  78.940000  4.995002
66.800000  80.357500  3.469773
66.900000  79.454500  3.919493
67.000000  80.475500  2.648115
67.100000  78.512000  3.043388
67.200000  79.643500  4.476693
67.300000  79.640500  2.414770
67.400000  79.956000  1.868176
67.500000  81.410500  2.328503
67.600000  80.503000  3.611901
67.700000  80.887000  2.035053
67.800000  80.010000  2.399920
67.900000  80.760500  3.558868
68.000000  81.372500  3.335423
68.100000  79.631000  2.764788
68.200000  79.231000  2.685592
68.300000  80.521000  2.674278
68.400000  80.084500  2.602860
68.500000  81.557500  1.991920
68.600000  79.768500  2.486895
68.700000  81.427000  2.954292
68.800000  81.329000  1.602304
68.900000  80.375500  1.625638
69.000000  79.279500  2.513765
69.100000  79.272500  0.120915
69.200000  79.181000  1.756453
69.300000  80.979000  3.568061
69.400000  79.961500  2.090915
69.500000  80.336000  2.023740
69.600000  79.789500  0.726199
69.700000  79.694000  6.250824
69.800000  79.417500  3.400477
69.900000  80.628000  2.627609
70.000000  79.874500  2.786708
70.100000  80.276000  2.787415
70.200000  81.149000  1.213395
70.300000  81.549000  1.504723
70.400000  81.145000  1.759282
70.500000  81.232000  0.622254
70.600000  80.875000  0.796202
70.700000  79.337000  5.243904
70.800000  80.729500  4.230620
70.900000  79.588000  3.249863
71.000000  81.031000  3.437953
71.100000  79.813000  3.521392
71.200000  80.047500  2.693370
71.300000  80.692000  4.442045
71.400000  79.523000  2.357494
71.500000  79.744500  2.748524
71.600000  80.534500  3.455631
71.700000  81.854500  4.434267
71.800000  80.099500  2.875803
71.900000  80.806500  2.228093
72.000000  80.670000  2.576697
72.100000  80.768500  4.519119
72.200000  79.354000  5.778477
72.300000  81.399000  4.795598
72.400000  80.244000  2.901966
72.500000  80.844500  4.957526
72.600000  80.549000  4.959647
72.700000  81.989500  4.835903
72.800000  80.272500  3.580082
72.900000  80.130000  5.119453
73.000000  80.330500  3.686148
73.100000  79.726500  2.633973
73.200000  79.062000  3.887673
73.300000  80.633500  4.903786
73.400000  78.398000  4.395376
73.500000  79.568500  4.882572
73.600000  79.889000  4.436388
73.700000  82.045500  2.631144
73.800000  79.711500  3.304310
73.900000  80.151500  3.696047
74.000000  80.500500  5.946061
74.100000  79.793500  3.746959
74.200000  79.831000  4.164859
74.300000  80.319000  2.562555
74.400000  81.549000  2.859540
74.500000  79.925000  4.140817
74.600000  80.268000  2.252842
74.700000  80.059500  3.939292
74.800000  80.232000  3.186223
74.900000  79.308000  5.481492
75.000000  80.648500  3.239256
75.100000  81.010000  2.982576
75.200000  80.006000  4.135160
75.300000  80.662000  3.272490
75.400000  78.751000  3.268248
75.500000  80.722500  2.252135
75.600000  80.591500  4.113240
75.700000  81.151000  4.798427
75.800000  80.755000  5.431994
75.900000  80.237000  3.363000
76.000000  80.531000  5.026115
76.100000  80.856500  2.887117
76.200000  81.012500  1.433305
76.300000  79.888000  1.475025
76.400000  78.955000  4.122433
76.500000  79.385500  0.129401
76.600000  78.660500  0.596091
76.700000  80.437500  2.814992
76.800000  80.624500  1.293298
76.900000  79.902500  1.590283
77.000000  80.289000  1.634831
77.100000  80.300500  4.181122
77.200000  80.191000  2.214658
77.300000  80.611500  1.921209
77.400000  79.893500  4.673269
77.500000  79.244000  3.986668
77.600000  82.033500  0.932674
77.700000  80.838000  1.743725
77.800000  79.541500  0.300520
77.900000  80.985500  0.096874
78.000000  79.986500  0.648417
78.100000  80.549000  1.339260
78.200000  80.061000  1.641902
78.300000  80.073000  1.633417
78.400000  80.074000  4.600437
78.500000  79.477500  3.495229
78.600000  79.398000  3.819791
78.700000  78.935000  3.347444
78.800000  79.424000  3.183395
78.900000  79.866500  3.353807
79.000000  78.829000  5.861915
79.100000  79.842500  3.472601
79.200000  79.379000  2.227386
79.300000  79.743000  2.756302
79.400000  79.238000  2.709633
79.500000  79.530000  2.822770
79.600000  80.147000  3.268248
79.700000  79.574000  0.229103
79.800000  80.683000  2.183546
79.900000  80.455500  2.962070
80.000000  79.981500  1.740190
80.100000  79.287500  2.035760
80.200000  80.562500  0.465983
80.300000  78.805000  0.707107
80.400000  79.653000  0.282843
80.500000  79.972500  2.667914
80.600000  79.847500  1.884440
80.700000  79.919000  2.158090
80.800000  80.172000  2.695491
80.900000  78.825500  3.465530
81.000000  80.420500  0.982171
81.100000  79.928000  3.114098
81.200000  80.341000  2.979748
81.300000  80.716000  2.269813
81.400000  79.553000  1.933230
81.500000  80.266000  1.032376
81.600000  79.256500  3.795042
81.700000  78.560000  3.856560
81.800000  79.303000  2.258499
81.900000  78.438000  0.193747
82.000000  80.114500  2.396385
82.100000  79.938500  2.998840
82.200000  78.823000  2.576697
82.300000  80.086500  2.071116
82.400000  79.620000  2.141119
82.500000  80.047000  2.882167
82.600000  79.849000  3.091471
82.700000  79.195000  1.694228
82.800000  78.897500  1.494117
82.900000  78.699500  2.187081
83.000000  78.991000  1.636245
83.100000  81.180500  2.353958
83.200000  80.110000  1.709784
83.300000  79.609500  0.598919
83.400000  79.327500  2.823477
83.500000  79.272000  2.662964
83.600000  79.711500  1.799587
83.700000  79.031500  2.336988
83.800000  79.481500  1.424820
83.900000  80.106500  0.294864
84.000000  79.160500  2.284662
84.100000  81.683500  2.844691
84.200000  80.236000  1.681500
84.300000  80.207000  0.581242
84.400000  79.491500  0.451841
84.500000  80.828500  0.948230
84.600000  80.051000  2.257085
84.700000  80.075500  1.727462
84.800000  80.389500  0.655488
84.900000  79.867000  2.978334
85.000000  79.785500  1.153291
85.100000  79.483500  0.852064
85.200000  80.375500  1.440377
85.300000  80.014500  0.750240
85.400000  80.381000  1.574020
85.500000  79.780000  1.096016
85.600000  78.796500  1.440377
85.700000  79.500000  2.596496
85.800000  79.386500  1.907067
85.900000  79.065500  2.622659
86.000000  78.339500  1.556342
86.100000  77.993500  2.742867
86.200000  79.768500  2.305875
86.300000  79.936500  3.428761
86.400000  80.642000  2.289612
86.500000  79.328500  1.395122
86.600000  78.748000  2.175060
86.700000  79.341500  1.866055
86.800000  79.190000  1.407142
86.900000  79.231000  2.018083
87.000000  78.551500  2.597203
87.100000  78.959000  0.330926
87.200000  78.930000  0.395980
87.300000  78.987500  2.191324
87.400000  79.618500  1.487046
87.500000  78.428000  1.121471
87.600000  80.958000  1.755039
87.700000  77.881500  2.476995
87.800000  80.049000  2.556898
87.900000  79.692000  1.716855
88.000000  79.933500  1.117936
88.100000  78.939000  0.830143
88.200000  78.624000  1.955857
88.300000  78.835500  0.146371
88.400000  78.374500  0.941159
88.500000  78.332500  0.574878
88.600000  79.477500  2.283248
88.700000  78.468500  2.761252
88.800000  78.758000  0.995606
88.900000  77.733500  1.317340
89.000000  77.821500  0.286378
89.100000  78.007000  2.107178
89.200000  78.893000  2.851055
89.300000  77.990000  1.084702
89.400000  78.666000  1.404314
89.500000  77.963000  2.746403
89.600000  78.465000  3.039145
89.700000  78.619000  2.064752
89.800000  79.161000  2.620538
89.900000  78.249000  2.626195
90.000000  79.011500  2.254964
90.100000  78.564500  2.199809
90.200000  79.821500  1.737361
90.300000  77.898500  1.750089
90.400000  80.173500  1.942422
90.500000  79.292500  3.065308
90.600000  79.462500  3.070965
90.700000  78.662000  1.230366
90.800000  78.519000  1.596647
90.900000  79.561500  2.983284
91.000000  79.538500  2.431740
91.100000  79.579500  1.720391
91.200000  78.948500  2.771151
91.300000  80.035500  2.038589
91.400000  78.703000  2.346180
91.500000  79.588000  0.031113
91.600000  78.311000  3.556747
91.700000  78.104500  1.221173
91.800000  78.312000  2.576697
91.900000  78.636000  0.937624
92.000000  79.723000  0.197990
92.100000  79.601500  0.799738
92.200000  81.009000  0.145664
92.300000  80.195500  0.758726
92.400000  79.587500  1.748675
92.500000  80.576000  0.473762
92.600000  79.513000  0.893783
92.700000  78.409500  1.775545
92.800000  80.456000  1.848377
92.900000  79.656500  0.968029
93.000000  79.156000  2.588011
93.100000  79.820000  0.584070
93.200000  80.278000  0.408708
93.300000  80.264500  0.383959
93.400000  79.682500  0.960958
93.500000  81.075500  0.293449
93.600000  79.727000  0.758018
93.700000  80.603000  2.317896
93.800000  81.470500  1.144806
93.900000  80.487000  1.506137
94.000000  80.078000  2.354666
94.100000  80.850000  0.772161
94.200000  81.501000  2.511643
94.300000  80.061500  1.963636
94.400000  80.034000  0.243245
94.500000  79.373500  0.843578
94.600000  79.230500  1.252286
94.700000  80.171500  2.632559
94.800000  80.794000  0.989949
94.900000  80.536500  0.461741
95.000000  80.881000  0.243245
95.100000  81.340500  0.669630
95.200000  79.957500  1.123593
95.300000  80.543000  0.618011
95.400000  79.129000  0.523259
95.500000  79.692000  0.001414
95.600000  78.831000  0.999849
95.700000  80.814000  1.390172
95.800000  80.334000  1.408557
95.900000  80.737000  1.231780
96.000000  81.089500  0.171827
96.100000  80.182000  1.313804
96.200000  80.002000  0.960251
96.300000  80.851500  1.615739
96.400000  80.771500  3.519270
96.500000  81.713500  0.077075
96.600000  81.061000  1.033790
96.700000  80.227500  2.280419
96.800000  80.368500  1.972121
96.900000  80.659000  0.592555
97.000000  80.379000  1.586748
97.100000  79.878500  1.204203
97.200000  80.508000  0.500632
97.300000  79.563000  2.945807
97.400000  78.733000  3.041973
97.500000  79.185000  2.220315
97.600000  79.332000  1.486338
97.700000  81.475500  3.524927
97.800000  80.525500  2.435983
97.900000  80.826000  1.542907
98.000000  80.145500  1.170262
98.100000  80.230500  0.334462
98.200000  79.972000  2.436690
98.300000  80.593500  1.655337
98.400000  81.039500  0.805395
98.500000  81.007000  1.503309
98.600000  81.211500  0.217082
98.700000  81.074000  0.132936
98.800000  80.250000  3.053287
98.900000  80.033500  2.325674
99.000000  80.127000  1.335018
99.100000  80.503500  3.625336
99.200000  80.128000  4.453359
99.300000  81.203000  4.965304
99.400000  82.340500  2.707512
99.500000  81.810000  1.912017
99.600000  79.929000  2.449418
99.700000  80.091500  2.580233
99.800000  80.251500  1.692107
99.900000  79.226500  3.960505
100.000000  80.173000  0.941866
