# aggregated from 2 replicates
# x  mean  std
0.000000  25.574017  1.829459
1.000000  25.022889  2.014329
2.000000  23.836407  1.171940
3.000000  23.269022  1.533523
4.000000  22.854002  0.712383
5.000000  30.101669  0.312883
6.000000  28.329118  0.213872
7.000000  29.080644  0.083907
8.000000  30.298769  0.035159
9.000000  29.766044  0.410411
10.000000  29.919373  0.188877
11.000000  27.840118  0.673140
12.000000  27.253982  1.115209
13.000000  26.197829  1.320855
14.000000  26.070009  1.838437
15.000000  26.046041  2.330690
16.000000  25.992849  2.469747
17.000000  23.048035  0.894054
18.000000  22.789490  0.547809
19.000000  23.802982  0.222964
20.000000  24.135282  0.095366
21.000000  25.997076  1.154448
22.000000  28.237266  0.652118
23.000000  26.719375  0.440114
24.000000  27.418760  0.262086
25.000000  25.815713  0.652481
26.000000  25.545989  1.023828
27.000000  23.608332  0.955823
28.000000  23.498827  1.126384
29.000000  23.137673  1.736540
30.000000  23.957848  1.951581
31.000000  24.713983  2.561277
32.000000  23.950804  1.776317
33.000000  24.649925  1.223941
34.000000  26.940022  0.770900
35.000000  28.706843  1.005973
36.000000  30.371443  0.820953
37.000000  33.962159  1.286688
38.000000  32.541367  1.326657
39.000000  31.756611  1.716317
40.000000  33.330759  2.014559
41.000000  37.883767  2.139916
42.000000  39.181298  2.162089
44.000000  39.723472  2.100321
45.000000  38.693513  1.882318
46.000000  33.277155  1.101825
47.000000  32.715993  1.054172
48.000000  30.332098  0.458703
49.000000  29.628273  0.905369
50.000000  29.866058  0.380358
51.000000  27.089873  0.381829
52.000000  27.514164  0.412952
53.000000  26.003701  0.411605
54.000000  25.436268  0.068183
55.000000  26.787939  0.337356
56.000000  25.382157  0.505421
57.000000  26.706193  1.046334
58.000000  26.604565  1.670529
59.000000  28.262593  2.116947
60.000000  29.237105  2.073382
61.000000  30.991217  2.402285
62.000000  32.314230  2.280927
63.000000  28.762691  1.977508
64.000000  29.584227  1.861467
65.000000  30.358128  1.613411
66.000000  32.199366  1.394480
68.000000  34.930232  0.990010
69.000000  30.614812  1.041329
70.000000  28.415969  1.046498
71.000000  27.317853  1.289341
72.000000  26.398003  1.659616
73.000000  25.105722  1.924747
74.000000  25.618344  2.305579
75.000000  25.805774  2.637577
76.000000  24.444198  2.567132
77.000000  27.036259  2.610619
78.000000  27.581173  2.120655
81.000000  33.165294  2.860166
82.000000  34.854332  2.990915
83.000000  39.065612  2.921437
84.000000  34.439458  2.515409
85.000000  34.440611  2.428227
86.000000  35.219649  1.723830
87.000000  37.520284  1.769830
88.000000  36.116970  1.664307
89.000000  34.692967  2.285938
90.000000  37.218104  2.749085
91.000000  34.260417  2.957577
93.000000  30.362739  0.870321
94.000000  29.974468  1.458324
95.000000  31.502823  1.084612
96.000000  33.505356  1.545212
97.000000  32.500173  1.899198
98.000000  32.118108  1.500598
99.000000  34.604147  1.498499
100.000000  35.647645  2.046371
101.000000  34.505500  1.983471
102.000000  35.564788  1.672917
103.000000  38.028243  1.989440
104.000000  38.102715  2.280579
105.000000  37.791930  2.041668
106.000000  39.869395  2.010660
107.000000  42.005645  2.435373
108.000000  42.535500  2.571271
109.000000  45.991329  2.648482
110.000000  46.081178  2.561549
111.000000  44.543635  2.453953
112.000000  43.172722  0.759670
113.000000  40.727385  0.443355
114.000000  39.300153  0.866960
115.000000  37.398640  0.316827
116.000000  37.801766  0.962166
117.000000  37.106791  0.165788
118.000000  35.390304  0.730904
119.000000  37.223561  1.213170
120.000000  35.403422  0.407488
121.000000  35.250133  0.419197
122.000000  33.732926  0.676426
123.000000  33.835711  0.300236
124.000000  32.246122  0.447302
125.000000  26.977471  0.904086
126.000000  26.995432  0.406867
127.000000  26.775429  0.505339
128.000000  26.179435  0.628320
129.000000  26.970480  1.184402
130.000000  28.086064  1.813784
131.000000  29.315111  2.366827
132.000000  31.258931  2.437455
133.000000  30.916304  1.819889
134.000000  29.248747  2.628600
