# aggregated from 2 replicates
# x  mean  std
0.000000  80.732377  0.000000
0.100000  79.300745  3.658625
0.200000  81.363337  1.234891
0.300000  79.355031  1.564439
0.400000  74.192419  1.920471
0.500000  77.866737  2.748060
0.600000  73.218006  1.138870
0.700000  75.109421  2.346542
0.800000  71.461628  1.390571
0.900000  77.911198  0.880016
1.000000  78.869028  2.461302
1.100000  78.924831  0.352658
1.200000  77.087088  2.017790
1.300000  75.457938  2.035630
1.400000  74.394085  2.818511
1.500000  77.327033  0.559374
1.600000  80.908504  6.181187
1.700000  78.462751  3.508003
1.800000  74.073466  0.909819
1.900000  74.988428  0.370737
2.000000  76.212735  1.742931
2.100000  73.247574  0.400239
2.200000  75.237926  0.533244
2.300000  75.794808  0.613272
2.400000  77.144980  1.152301
2.500000  77.435754  3.475708
2.600000  76.641583  1.969027
2.700000  78.052897  1.583576
2.800000  75.884974  4.229081
2.900000  78.282869  5.701398
3.000000  76.582310  1.782799
3.100000  78.244355  0.072493
3.200000  78.030587  2.156615
3.300000  75.931564  1.363168
3.400000  77.139824  2.746867
3.500000  74.970733  4.839857
3.600000  76.254155  3.378768
3.700000  74.624939  3.380208
3.800000  78.317319  0.874932
3.900000  75.042605  0.947401
4.000000  77.261444  1.157685
4.100000  76.035390  1.651283
4.200000  77.588845  0.903053
4.300000  78.344313  0.945909
4.400000  78.177796  0.680158
4.500000  77.609106  0.544071
4.600000  76.100357  4.538807
4.700000  76.629946  0.770416
4.800000  77.496512  0.362785
4.900000  74.100885  1.747854
5.000000  76.795796  1.000220
5.100000  74.922799  1.295350
5.200000  76.024822  3.311109
5.300000  76.754438  0.891066
5.400000  76.236474  0.868853
5.500000  77.672770  3.346293
5.600000  76.408777  0.005049
5.700000  76.679454  3.193688
5.800000  75.856919  0.660407
5.900000  75.849359  2.185875
6.000000  78.232478  0.928030
6.100000  75.721993  0.799883
6.200000  76.607764  1.271297
6.300000  74.000993  0.319585
6.400000  75.977600  1.637494
6.500000  77.413519  0.988905
6.600000  76.944624  0.364936
6.700000  76.651966  0.119101
6.800000  76.337317  2.512183
6.900000  77.583885  0.166534
7.000000  75.080609  2.272054
7.100000  77.645319  1.484963
7.200000  78.114328  3.942785
7.300000  76.497105  2.621582
7.400000  77.225988  3.840197
7.500000  76.038894  1.824805
7.600000  76.507988  0.466762
7.700000  74.225340  3.188881
7.800000  75.699409  0.841171
7.900000  77.610771  1.869293
8.000000  75.403570  0.882889
8.100000  75.202529  2.401412
8.200000  74.366424  0.244380
8.300000  74.395365  1.218726
8.400000  75.660572  0.186706
8.500000  73.822745  4.375442
8.600000  76.981282  0.705194
8.700000  73.567737  0.199770
8.800000  75.325395  0.262127
8.900000  75.380480  1.858002
9.000000  75.761252  0.831584
9.100000  76.763370  0.535382
9.200000  76.511576  0.200831
9.300000  74.187408  0.295636
9.400000  75.274597  0.136865
9.500000  74.167749  0.337910
9.600000  77.489818  2.335628
9.700000  77.872197  1.170443
9.800000  75.083518  1.042612
9.900000  80.255815  0.164742
10.000000  76.491598  1.102916
10.100000  76.560796  2.574136
10.200000  77.005205  0.725361
10.300000  76.815162  4.061128
10.400000  76.911400  2.342148
10.500000  75.769925  2.444448
10.600000  74.297895  1.953658
10.700000  76.100782  2.108450
10.800000  76.504975  1.484702
10.900000  75.399304  2.354248
11.000000  81.066506  0.210570
11.100000  75.920955  2.081514
11.200000  74.493416  1.283467
11.300000  77.566898  2.846627
11.400000  73.928694  0.467465
11.500000  80.163272  0.839739
11.600000  76.488559  0.846425
11.700000  75.482893  1.418026
11.800000  75.087853  1.481050
11.900000  73.454605  2.517797
12.000000  76.228981  0.433410
12.100000  68.693802  7.673260
12.200000  71.249778  9.483723
12.300000  69.940519  9.221049
12.400000  66.399566  12.013923
12.500000  69.337620  10.445317
12.600000  66.487227  15.954562
12.700000  70.398769  14.526235
12.800000  70.014865  13.197919
12.900000  66.455967  15.707391
13.000000  67.637363  10.822730
13.100000  71.820708  9.639706
13.200000  69.609164  9.133784
13.300000  72.892048  8.215901
13.400000  67.649580  13.218136
13.500000  70.101099  11.161643
13.600000  71.500629  12.598923
13.700000  71.677422  10.613277
13.800000  70.903447  8.051902
13.900000  72.772354  10.807424
14.000000  71.289378  11.372806
14.100000  69.140856  9.408287
14.200000  72.304094  4.599850
14.300000  71.448966  6.740780
14.400000  67.248532  11.072805
14.500000  67.434568  6.744747
14.600000  67.846092  10.622173
14.700000  68.052704  13.866086
14.800000  70.149502  11.529887
14.900000  68.245775  13.774320
15.000000  67.410658  13.339597
15.100000  68.930184  15.946123
15.200000  68.292811  10.609045
15.300000  70.800175  9.742918
15.400000  67.230422  14.693626
15.500000  71.849185  13.632693
15.600000  66.517216  10.245185
15.700000  70.375208  13.018422
15.800000  68.814926  12.867175
15.900000  71.666637  8.863801
16.000000  70.093201  11.189587
16.100000  70.418643  9.373947
16.200000  68.161906  9.218019
16.300000  70.873700  6.088889
16.400000  69.136779  8.331602
16.500000  70.005371  10.880572
16.600000  66.721486  11.576522
16.700000  68.528971  6.854799
16.800000  68.358068  7.609164
16.900000  69.221390  3.342964
17.000000  67.061448  9.166703
17.100000  69.018451  13.938767
17.200000  69.542127  8.834670
17.300000  67.535027  7.408848
17.400000  63.996561  8.724311
17.500000  63.280015  7.058417
17.600000  66.466651  8.038560
17.700000  66.478972  2.112579
17.800000  66.300828  10.837913
17.900000  68.545131  9.756060
18.000000  66.644960  11.550042
18.100000  67.548707  8.264528
18.200000  64.370120  6.966036
18.300000  66.387874  6.831350
18.400000  67.862227  8.908287
18.500000  67.323735  12.100856
18.600000  67.394785  9.917296
18.700000  70.044511  4.688299
18.800000  70.394927  11.634009
18.900000  65.007388  7.167217
19.000000  67.616974  3.938388
19.100000  68.941160  9.758501
19.200000  68.977735  6.124639
19.300000  68.971751  8.181053
19.400000  69.463127  10.795802
19.500000  66.709666  6.160538
19.600000  68.468144  1.021403
19.700000  69.474529  5.282926
19.800000  68.846891  5.720496
19.900000  68.354765  9.163818
20.000000  70.586970  11.887250
20.100000  68.960431  3.572674
20.200000  69.942935  5.682427
20.300000  66.355859  6.912132
20.400000  67.583451  9.302988
20.500000  67.371427  9.688823
20.600000  68.348656  6.806888
20.700000  68.636020  9.306674
20.800000  73.634974  4.834950
20.900000  70.835915  13.913254
21.000000  69.811760  9.959732
21.100000  66.219780  5.221200
21.200000  68.255778  9.954417
21.300000  68.617215  10.493822
21.400000  69.718527  10.277045
21.500000  68.940524  9.311227
21.600000  66.674920  7.701157
21.700000  69.209194  7.915624
21.800000  67.948167  7.476621
21.900000  68.890629  3.953752
22.000000  64.524700  4.803040
22.100000  65.322981  2.092788
22.200000  65.759399  6.875978
22.300000  64.155739  4.243770
22.400000  68.897941  4.164109
22.500000  71.584263  10.936046
22.600000  69.402646  6.418240
22.700000  67.017437  5.765288
22.800000  63.970057  1.079833
22.900000  65.538315  5.369676
23.000000  66.110928  6.269911
23.100000  63.715750  5.057725
23.200000  68.467461  20.315373
23.300000  62.563999  9.376427
23.400000  66.780048  5.125669
23.500000  65.461924  9.164928
23.600000  67.527693  5.901959
23.700000  66.169072  4.596477
23.800000  66.094556  5.376725
23.900000  65.990652  8.447431
24.000000  65.580817  5.499415
24.100000  65.699150  9.520951
24.200000  63.178263  4.492855
24.300000  66.528777  0.463224
24.400000  66.524386  5.305040
24.500000  63.191160  10.460287
24.600000  62.242285  11.414118
24.700000  69.663381  6.282755
24.800000  71.015023  7.236834
24.900000  66.059301  1.330901
25.000000  72.456220  6.961146
25.100000  67.931750  4.698310
25.200000  69.160516  7.748757
25.300000  67.642781  5.760359
25.400000  64.681811  3.049764
25.500000  62.671405  0.476577
25.600000  71.393662  13.875200
25.700000  68.883978  7.574726
25.800000  64.962644  0.328213
25.900000  65.326405  5.208075
26.000000  68.120262  5.046592
26.100000  71.154612  8.581502
26.200000  69.767841  6.130486
26.300000  70.803975  8.430973
26.400000  66.710261  7.504512
26.500000  67.413933  4.735207
26.600000  69.869872  10.522990
26.700000  66.902762  8.541897
26.800000  69.562813  7.242468
26.900000  71.173764  4.353049
27.000000  68.359819  5.480691
27.100000  69.938837  0.943403
27.200000  67.444334  1.748364
27.300000  65.261155  2.961289
27.400000  68.437832  4.740358
27.500000  69.041438  4.605282
27.600000  70.711202  4.477040
27.700000  66.688568  4.326919
27.800000  68.037160  3.280097
27.900000  71.381622  4.814476
28.000000  67.869017  2.862336
28.100000  68.689948  9.761755
28.200000  65.622976  5.084348
28.300000  70.822572  5.795520
28.400000  67.513973  3.317430
28.500000  66.762361  5.008432
28.600000  68.883229  8.409554
28.700000  67.739779  7.638475
28.800000  68.048187  12.774610
28.900000  66.642974  6.450188
29.000000  65.543421  8.711050
29.100000  68.046520  9.060662
29.200000  68.386405  7.601814
29.300000  66.554811  4.671306
29.400000  68.185410  7.040025
29.500000  64.910917  5.190452
29.600000  68.663386  8.276422
29.700000  69.347308  5.719783
29.800000  67.618934  4.500454
29.900000  67.754579  6.018042
30.000000  66.631220  8.033356
30.100000  70.989583  8.420932
30.200000  67.407734  7.107953
30.300000  66.440328  1.245607
30.400000  68.422110  3.505328
30.500000  68.659236  3.922164
30.600000  71.723283  6.077818
30.700000  66.192869  1.952562
30.800000  71.947272  6.606633
30.900000  70.989921  5.081298
31.000000  69.897598  1.502108
31.100000  69.948068  6.731504
31.200000  71.821411  4.845086
31.300000  71.293569  2.785804
31.400000  70.845994  5.836672
31.500000  67.600516  5.014403
31.600000  67.877140  6.156066
31.700000  67.609581  7.940413
31.800000  70.612323  5.816659
31.900000  69.936356  8.222335
32.000000  71.197988  8.797575
32.100000  68.758917  6.529979
32.200000  69.388218  5.242840
32.300000  65.940839  7.583070
32.400000  68.880811  5.592196
32.500000  67.976000  8.888821
32.600000  66.729906  2.955691
32.700000  70.287853  5.391011
32.800000  70.696169  6.038346
32.900000  69.661994  5.328766
33.000000  67.176442  12.881844
33.100000  67.897104  4.825579
33.200000  68.993088  9.693397
33.300000  68.487517  7.633185
33.400000  65.568759  5.245524
33.500000  64.205604  10.221131
33.600000  71.567251  9.651800
33.700000  69.397100  5.803090
33.800000  69.939301  11.398111
33.900000  73.486931  6.421571
34.000000  69.983345  8.423068
34.100000  66.779421  7.690297
34.200000  65.008778  6.419514
34.300000  68.642417  8.440609
34.400000  66.842397  13.822639
34.500000  68.437546  13.182155
34.600000  68.493547  8.839099
34.700000  67.269052  11.534578
34.800000  71.943526  9.114953
34.900000  70.249754  12.544285
35.000000  71.342904  11.359568
35.100000  69.093729  8.911610
35.200000  70.888909  9.963044
35.300000  68.077757  16.331864
35.400000  68.901861  7.857053
35.500000  69.482744  10.977833
35.600000  71.287671  9.775828
35.700000  72.106133  13.775204
35.800000  70.614070  15.291307
35.900000  69.549325  7.786165
36.000000  67.516000  7.622854
36.100000  64.249503  8.856234
36.200000  71.366346  8.414648
36.300000  67.986977  5.731707
36.400000  72.578886  8.684285
36.500000  66.369255  9.457205
36.600000  72.062837  8.601020
36.700000  72.723729  10.204814
36.800000  73.025807  10.409981
36.900000  65.024000  12.843388
37.000000  69.556543  8.187103
37.100000  76.849760  18.553317
37.200000  74.651331  16.241524
37.300000  75.521376  18.494842
37.400000  73.631337  15.877367
37.500000  74.883358  9.888719
37.600000  74.416785  12.276625
37.700000  75.435180  12.907343
37.800000  77.442180  8.481667
37.900000  75.795184  12.116601
38.000000  76.006692  11.250531
38.100000  74.344138  8.768463
38.200000  73.059459  9.933775
38.300000  77.770128  12.265551
38.400000  74.030944  16.185296
38.500000  75.689920  12.593530
38.600000  75.925268  13.552775
38.700000  77.035403  14.382983
38.800000  73.705164  19.660862
38.900000  78.186608  11.628969
39.000000  73.062751  11.242139
39.100000  74.245457  10.890890
39.200000  76.674820  0.461167
39.300000  73.309710  6.375118
39.400000  70.649812  5.971894
39.500000  72.417556  7.672868
39.600000  70.256848  7.188084
39.700000  71.835879  9.956378
39.800000  69.081958  2.993504
39.900000  67.698011  5.697483
40.000000  66.325225  9.161812
40.100000  66.951699  9.081313
40.200000  69.940422  7.864654
40.300000  68.762086  4.582431
40.400000  71.747020  4.707613
40.500000  73.146032  4.244623
40.600000  70.501539  6.687846
40.700000  68.986337  7.016762
40.800000  71.776271  12.560365
40.900000  71.601719  5.907376
41.000000  70.769655  6.012175
41.100000  70.099947  1.568127
41.200000  70.699412  0.760135
41.300000  70.323047  3.482673
41.400000  69.660033  5.080146
41.500000  70.222166  6.257336
41.600000  68.546038  3.453780
41.700000  67.279351  5.441355
41.800000  72.336817  5.752706
41.900000  67.934994  4.470191
42.000000  72.968301  3.198639
42.100000  69.477912  6.343429
42.200000  67.505329  8.605931
42.300000  69.891609  5.987174
42.400000  68.902104  4.168696
42.500000  68.394492  4.443729
42.600000  70.964200  5.533864
42.700000  71.466843  3.415520
42.800000  71.548607  5.481492
42.900000  72.059998  0.027333
43.000000  70.053225  1.134790
43.100000  69.985480  6.326516
43.200000  69.477429  5.859981
43.300000  71.185870  5.558902
43.400000  71.497326  3.059667
43.500000  71.710398  6.331501
43.600000  70.028160  2.468167
43.700000  66.882518  4.945956
43.800000  70.020254  5.909933
43.900000  64.288648  3.285356
44.000000  69.470212  3.803237
44.100000  69.881238  10.462621
44.200000  63.812213  8.067484
44.300000  67.804692  10.594202
44.400000  66.748382  6.277082
44.500000  70.103440  8.087519
44.600000  69.890075  11.959851
44.700000  69.620058  7.883622
44.800000  70.052040  0.968804
44.900000  67.023575  11.312888
45.000000  65.154470  10.684103
45.100000  66.086799  10.016201
45.200000  69.260974  2.837410
45.300000  70.508412  8.704311
45.400000  74.468421  2.642140
45.500000  77.850943  0.473269
45.600000  68.643863  12.616421
45.700000  70.888579  11.137444
45.800000  67.786609  11.799665
45.900000  62.659432  17.440875
46.000000  64.365686  17.382994
46.100000  72.212984  6.799115
46.200000  72.455188  7.223244
46.300000  69.276615  8.885990
46.400000  75.095906  3.947613
46.500000  66.409223  7.893299
46.600000  72.424094  6.583602
46.700000  68.290966  8.135174
46.800000  69.890473  8.973726
46.900000  69.105238  8.810647
47.000000  70.376069  7.079708
47.100000  67.198312  16.641574
47.200000  67.941184  9.820854
47.300000  66.340498  11.102623
47.400000  64.999718  13.752081
47.500000  72.203463  10.732491
47.600000  69.905848  9.376236
47.700000  70.102767  8.417136
47.800000  70.574269  8.101465
47.900000  70.185290  7.969451
48.000000  72.510155  2.777045
48.100000  74.680528  4.568958
48.200000  72.358930  5.150581
48.300000  68.989684  12.387478
48.400000  70.541223  12.254295
48.500000  71.521758  1.898319
48.600000  74.367527  6.824121
48.700000  72.286901  7.727381
48.800000  71.489975  4.798259
48.900000  73.639255  9.314466
49.000000  73.580677  12.918895
49.100000  73.146845  7.207206
49.200000  71.240176  3.215874
49.300000  70.196173  8.641305
49.400000  67.923162  8.348303
49.500000  72.591677  7.056509
49.600000  70.151829  5.247226
49.700000  69.662089  6.617460
49.800000  65.903754  11.346037
49.900000  69.088403  11.435917
50.000000  69.489503  9.764826
50.100000  64.638995  10.528408
50.200000  68.512926  12.359005
50.300000  71.133538  9.078307
50.400000  74.078271  7.289142
50.500000  72.296153  7.123151
50.600000  73.599536  3.127185
50.700000  69.732710  10.384997
50.800000  69.511601  10.676488
50.900000  75.031284  5.745071
51.000000  72.669749  7.058401
51.100000  77.303630  6.902107
51.200000  72.721417  6.230439
51.300000  67.924003  13.042933
51.400000  69.524322  10.306475
51.500000  71.430291  5.515719
51.600000  72.538907  5.899386
51.700000  72.522916  4.933251
51.800000  73.382219  3.588817
51.900000  69.616491  4.412938
52.000000  74.052892  2.061747
52.100000  69.903231  4.100420
52.200000  73.754137  8.106396
52.300000  72.242019  2.755798
52.400000  72.680709  4.036549
52.500000  72.664703  3.805533
52.600000  72.525366  7.638088
52.700000  75.859285  1.682650
52.800000  72.732423  4.466207
52.900000  72.766939  0.288641
53.000000  77.037942  8.013273
53.100000  77.424374  5.088193
53.200000  76.359490  1.010824
53.300000  78.916938  0.855705
53.400000  78.545851  2.363778
53.500000  76.408814  2.789392
53.600000  76.834620  2.231596
53.700000  74.126381  4.728069
53.800000  73.714189  2.218724
53.900000  75.549102  1.097394
54.000000  79.439004  0.492089
54.100000  73.458490  4.442181
54.200000  76.713299  1.256884
54.300000  76.069402  0.236108
54.400000  77.672966  4.834309
54.500000  75.842062  1.621598
54.600000  77.794382  3.063248
54.700000  79.988970  3.703403
54.800000  77.614009  8.038616
54.900000  82.551170  7.870026
55.000000  80.494194  0.653567
55.100000  78.632578  1.791652
55.200000  76.805537  0.690051
55.300000  75.888678  4.174114
55.400000  79.634366  0.143479
55.500000  75.162590  4.132145
55.600000  73.550228  0.538400
55.700000  76.612472  2.726275
55.800000  77.789487  1.987985
55.900000  78.184164  0.940946
56.000000  78.524030  1.922051
56.100000  74.770163  0.619570
56.200000  78.447977  5.205525
56.300000  76.858660  1.881330
56.400000  74.800187  1.028792
56.500000  75.433300  0.921155
56.600000  74.193117  2.259372
56.700000  71.751120  0.768953
56.800000  76.108465  1.266645
56.900000  72.860642  2.076845
57.000000  75.622129  1.593774
57.100000  74.548380  3.316270
57.200000  73.341254  1.517221
57.300000  68.832809  5.289051
57.400000  73.408423  7.517849
57.500000  69.856209  5.231887
57.600000  68.648830  0.723623
57.700000  67.840620  5.196946
57.800000  70.337108  1.547710
57.900000  77.579353  1.076795
58.000000  71.529245  3.377415
58.100000  73.947447  2.857771
58.200000  72.409196  0.814255
58.300000  69.920669  4.516602
58.400000  71.406398  5.543375
58.500000  76.117511  4.754234
58.600000  73.669538  3.974054
58.700000  77.122194  2.497969
58.800000  74.437023  0.064449
58.900000  76.982209  3.321711
59.000000  79.110541  2.495132
59.100000  80.969987  0.815907
59.200000  74.134417  0.468002
59.300000  75.663838  2.505204
59.400000  78.286433  3.529972
59.500000  76.713400  3.186522
59.600000  74.810802  6.394885
59.700000  73.396302  2.172204
59.800000  78.320504  0.103904
59.900000  74.826510  3.575614
60.000000  75.767644  4.056546
60.100000  74.817135  1.619092
60.200000  78.256084  1.887407
60.300000  76.476313  1.098766
60.400000  79.496153  1.401046
60.500000  78.939586  2.045578
60.600000  78.088320  5.337453
60.700000  77.095261  6.918343
60.800000  75.445927  11.374504
60.900000  75.252767  11.705116
61.000000  77.095633  8.497581
61.100000  74.279973  6.682233
61.200000  74.016290  6.919217
61.300000  76.001980  11.983911
61.400000  72.826308  8.503533
61.500000  72.866298  7.307319
61.600000  68.944101  8.099801
61.700000  68.474008  10.610463
61.800000  66.569376  11.549188
61.900000  66.643598  14.151912
62.000000  69.393430  5.969914
62.100000  66.396030  18.952689
62.200000  61.472975  16.648581
62.300000  68.841690  14.428458
62.400000  63.707888  15.812495
62.500000  66.738464  12.406968
62.600000  68.443874  7.482456
62.700000  65.897697  6.731593
62.800000  68.577091  7.344832
62.900000  72.617684  8.741057
63.000000  67.745993  10.631311
63.100000  71.674377  8.400950
63.200000  71.135191  10.752786
63.300000  65.150161  14.370667
63.400000  67.590063  11.062749
63.500000  67.938795  10.865797
63.600000  66.176134  7.230011
63.700000  69.932980  8.824435
63.800000  63.285499  10.598705
63.900000  68.885513  2.884456
64.000000  72.966564  2.798443
64.100000  72.712211  3.286185
64.200000  75.498026  0.693359
64.300000  71.616694  6.387272
64.400000  77.135470  1.830703
64.500000  72.837041  3.153189
64.600000  72.207979  6.229771
64.700000  68.793705  5.956327
64.800000  66.981506  8.903075
64.900000  72.600100  7.145019
65.000000  67.901258  13.970085
65.100000  74.424827  16.398141
65.200000  69.061109  13.109127
65.300000  76.125324  7.561955
65.400000  72.820428  10.478646
65.500000  68.464924  9.787899
65.600000  69.969454  7.329515
65.700000  74.241817  6.102918
65.800000  73.880859  4.717708
65.900000  76.174331  6.267504
66.000000  75.899968  3.286021
66.100000  72.152168  8.211900
66.200000  72.433053  13.358101
66.300000  74.153569  11.769932
66.400000  77.144356  11.011963
66.500000  77.008651  7.010481
66.600000  75.526943  8.768223
66.700000  74.838092  12.602431
66.800000  72.058125  12.077164
66.900000  74.482946  9.279453
67.000000  77.044853  11.463308
67.100000  72.970311  11.555745
67.200000  69.550050  7.716156
67.300000  70.908129  7.663273
67.400000  77.198050  6.149817
67.500000  74.315296  2.911927
67.600000  76.649001  13.862334
67.700000  73.653690  9.138929
67.800000  78.672424  7.036409
67.900000  75.982318  6.300046
68.000000  74.592619  4.926258
68.100000  75.894765  9.552409
68.200000  74.185864  6.156591
68.300000  76.724698  7.487972
68.400000  76.442098  9.070366
68.500000  76.914665  7.304084
68.600000  76.531307  3.829735
68.700000  74.227509  1.776206
68.800000  76.918454  2.924284
68.900000  73.327538  9.754000
69.000000  75.210275  3.410200
69.100000  76.517887  5.711269
69.200000  76.343559  9.366719
69.300000  79.222338  6.120587
69.400000  75.159781  13.356218
69.500000  77.201781  14.409751
69.600000  75.751344  10.575563
69.700000  74.050026  12.921452
69.800000  73.661417  10.781458
69.900000  77.707409  4.371187
70.000000  77.783410  8.093557
70.100000  75.544388  9.361667
70.200000  76.568440  5.786033
70.300000  78.999392  13.357357
70.400000  79.181874  13.057731
70.500000  76.586118  10.007052
70.600000  77.471896  8.263504
70.700000  79.201669  9.801240
70.800000  76.621715  10.215956
70.900000  78.459115  11.521019
71.000000  75.704208  11.756762
71.100000  74.984572  7.122593
71.200000  74.348287  5.670614
71.300000  74.055863  4.893098
71.400000  75.546723  12.430978
71.500000  75.941196  6.999963
71.600000  76.211030  3.199586
71.700000  74.063687  12.531054
71.800000  80.696171  5.449207
71.900000  76.366704  5.686915
72.000000  77.799161  5.788975
72.100000  77.248998  8.550036
72.200000  72.007635  10.711389
72.300000  75.054645  7.199080
72.400000  76.182342  9.025278
72.500000  79.027989  3.043912
72.600000  76.189849  11.522558
72.700000  78.475639  11.220407
72.800000  78.349848  15.591475
72.900000  77.686414  10.610511
73.000000  77.429525  9.321300
73.100000  75.787184  12.714989
73.200000  77.974096  11.629133
73.300000  79.928837  12.693614
73.400000  77.188164  12.414740
73.500000  78.720326  7.711383
73.600000  75.732490  8.744521
73.700000  80.510028  13.254328
73.800000  79.181709  14.882145
73.900000  78.659879  13.232216
74.000000  79.095584  12.325592
74.100000  75.621227  8.060601
74.200000  81.859271  9.824314
74.300000  76.179327  7.507902
74.400000  78.134310  8.017929
74.500000  78.857547  9.183373
74.600000  79.454487  13.539873
74.700000  78.586024  13.879282
74.800000  78.259398  13.593077
74.900000  77.719755  10.408127
75.000000  79.722380  13.682798
75.100000  75.330785  9.448222
75.200000  74.375016  13.505911
75.300000  80.835404  11.277854
75.400000  79.514952  14.635623
75.500000  77.474779  7.672679
75.600000  76.288093  9.971318
75.700000  78.651399  5.094684
75.800000  76.283106  8.406384
75.900000  77.300717  11.256485
76.000000  76.534329  9.515964
76.100000  81.191429  4.764408
76.200000  80.241428  7.528729
76.300000  78.144635  4.341882
76.400000  77.296735  7.481736
76.500000  77.069299  4.264420
76.600000  75.532900  8.281234
76.700000  78.608763  7.427464
76.800000  78.941747  10.001873
76.900000  73.769000  9.761243
77.000000  77.651024  13.259746
77.100000  79.359538  7.815471
77.200000  77.138995  8.667878
77.300000  74.994453  12.494108
77.400000  76.488386  8.729307
77.500000  79.471535  8.930133
77.600000  79.158814  9.679816
77.700000  79.010051  9.583321
77.800000  78.619467  13.937662
77.900000  77.861970  10.104054
78.000000  73.921864  10.235053
78.100000  76.090582  10.906370
78.200000  75.317068  14.550639
78.300000  74.782327  6.738446
78.400000  73.061916  6.490506
78.500000  75.127911  0.470735
78.600000  78.516223  6.114574
78.700000  74.022875  4.256289
78.800000  72.643549  6.712462
78.900000  77.746577  10.979947
79.000000  74.919359  5.054022
79.100000  78.765219  15.434430
79.200000  77.090284  8.892758
79.300000  75.466616  6.390813
79.400000  75.686702  7.133674
79.500000  75.921791  8.748471
79.600000  74.488914  12.267016
79.700000  72.998148  6.138073
79.800000  77.451836  10.063781
79.900000  75.678608  9.170287
80.000000  76.984409  6.298658
80.100000  76.381768  7.451995
80.200000  76.581313  5.905331
80.300000  73.717194  5.088405
80.400000  72.548638  8.356213
80.500000  74.160167  8.081230
80.600000  76.265266  6.021023
80.700000  75.511920  6.909695
80.800000  77.142357  9.126097
80.900000  75.149491  6.431406
81.000000  74.403808  7.513865
81.100000  72.850953  6.034712
81.200000  73.797898  6.771967
81.300000  77.468411  5.609209
81.400000  75.349891  7.198758
81.500000  76.865769  4.615220
81.600000  75.790177  9.344656
81.700000  75.103873  10.152556
81.800000  76.517475  5.471541
81.900000  78.998449  9.820978
82.000000  76.268105  7.510325
82.100000  80.369039  8.877528
82.200000  74.778515  6.667259
82.300000  79.384939  0.775058
82.400000  76.609893  9.370593
82.500000  77.190421  7.972206
82.600000  76.777139  6.723333
82.700000  71.970636  10.219761
82.800000  75.866575  15.622828
82.900000  76.838774  7.312812
83.000000  77.260319  10.003073
83.100000  76.056159  7.184848
83.200000  78.801730  8.187597
83.300000  76.052706  9.803854
83.400000  75.146358  8.019010
83.500000  73.968366  10.235364
83.600000  74.998728  5.361795
83.700000  72.959420  9.760052
83.800000  76.236918  15.392071
83.900000  70.583693  11.440185
84.000000  76.337457  10.822639
84.100000  75.735886  9.393042
84.200000  75.588430  14.742358
84.300000  75.924684  13.628864
84.400000  74.822639  13.977171
84.500000  74.827196  15.192879
84.600000  77.485833  15.364909
84.700000  76.254969  13.434558
84.800000  75.743408  13.944025
84.900000  75.330725  8.619072
85.000000  80.216426  10.258897
85.100000  77.822028  8.343991
85.200000  77.333560  16.769496
85.300000  77.857731  10.332324
85.400000  78.022738  11.342302
85.500000  76.196837  14.183596
85.600000  77.576531  11.568399
85.700000  75.347807  12.214181
85.800000  74.786041  11.835968
85.900000  73.078900  12.628252
86.000000  73.600540  15.853353
86.100000  71.100532  15.230913
86.200000  70.274776  15.880714
86.300000  69.390190  15.390280
86.400000  70.883548  16.168190
86.500000  64.023414  19.328609
86.600000  69.608788  19.424841
86.700000  65.625085  11.609838
86.800000  67.053557  14.116079
86.900000  64.929048  13.755369
87.000000  69.496583  11.678787
87.100000  71.055656  13.472086
87.200000  67.269772  16.768139
87.300000  67.081552  12.831644
87.400000  69.338515  16.899997
87.500000  68.929709  14.420560
87.600000  66.934543  11.860193
87.700000  63.876060  19.385365
87.800000  67.041532  16.596512
87.900000  64.780394  16.887186
88.000000  66.816673  15.639027
88.100000  65.446221  18.457272
88.200000  66.741843  15.624551
88.300000  64.436193  22.866767
88.400000  66.455314  16.862086
88.500000  64.707076  13.572343
88.600000  67.638924  18.229595
88.700000  64.688017  17.530801
88.800000  67.958728  17.138672
88.900000  68.084208  14.242024
89.000000  68.776788  16.999944
89.100000  69.564653  17.019279
89.200000  70.142236  13.328849
89.300000  71.802026  12.964703
89.400000  68.700035  14.544655
89.500000  69.655045  8.293997
89.600000  70.556685  13.023348
89.700000  71.942509  6.607363
89.800000  69.222757  7.304657
89.900000  68.076826  9.169422
90.000000  68.106865  8.209745
90.100000  66.997477  14.058797
90.200000  72.067870  6.704096
90.300000  67.130903  10.124805
90.400000  66.911859  8.754614
90.500000  67.470830  7.313297
90.600000  68.415482  10.807357
90.700000  68.017820  11.419386
90.800000  65.979133  17.627138
90.900000  65.836732  15.007713
91.000000  65.924371  10.939095
91.100000  68.614052  13.113746
91.200000  64.413802  18.042307
91.300000  69.331108  11.893233
91.400000  69.375986  11.944349
91.500000  64.142781  20.254635
91.600000  66.171924  15.856768
91.700000  67.405916  16.027268
91.800000  66.681888  11.502691
91.900000  68.091972  12.061265
92.000000  72.647747  16.818801
92.100000  68.486055  14.299868
92.200000  69.331216  16.485565
92.300000  70.632675  16.333970
92.400000  70.834239  19.255858
92.500000  70.554091  14.539442
92.600000  68.576044  17.408586
92.700000  68.185773  14.965638
92.800000  69.893310  22.264825
92.900000  69.021386  20.028416
93.000000  65.023862  19.976654
93.100000  70.529305  11.589885
93.200000  74.048474  14.650205
93.300000  67.607160  16.205533
93.400000  70.356180  15.294673
93.500000  65.089022  18.548571
93.600000  70.263272  15.163501
93.700000  68.147201  10.824960
93.800000  66.668462  15.382714
93.900000  68.993572  16.963076
94.000000  66.530828  14.410101
94.100000  68.393161  15.037328
94.200000  70.120269  12.627509
94.300000  64.398871  12.947863
94.400000  65.828147  8.892887
94.500000  68.400987  10.316831
94.600000  67.932428  16.969504
94.700000  66.423938  11.791814
94.800000  66.013035  11.157172
94.900000  66.385267  16.895237
95.000000  65.069536  15.540465
95.100000  63.165087  26.259144
95.200000  68.009450  18.704494
95.300000  69.761696  11.839033
95.400000  70.785928  21.252292
95.500000  68.630955  14.253603
95.600000  67.999791  11.771942
95.700000  66.548153  13.397337
95.800000  67.637129  19.917001
95.900000  67.640901  18.430466
96.000000  70.876096  14.187954
96.100000  65.968317  16.048291
96.200000  65.270806  12.736627
96.300000  65.118938  12.452759
96.400000  65.493190  16.190939
96.500000  62.661190  20.036824
96.600000  65.189787  16.147923
96.700000  60.056464  24.501595
96.800000  65.136239  17.874719
96.900000  65.365052  23.990720
97.000000  64.989957  21.715658
97.100000  62.586845  25.952787
97.200000  65.271522  18.434230
97.300000  63.043673  24.508015
97.400000  70.163066  12.959359
97.500000  68.226587  20.165968
97.600000  65.766968  11.845994
97.700000  62.731952  22.728791
97.800000  64.149192  25.801426
97.900000  63.643485  20.514653
98.000000  65.925236  21.268421
98.100000  68.212223  16.658997
98.200000  70.735077  17.835151
98.300000  65.879574  12.316177
98.400000  68.574747  15.151144
98.500000  70.915948  10.322314
98.600000  68.739239  10.030893
98.700000  69.641740  15.908079
98.800000  71.355344  14.603729
98.900000  69.483367  16.403355
99.000000  62.617594  22.112329
99.100000  62.204445  24.684975
99.200000  65.774207  24.207543
99.300000  64.122578  23.613763
99.400000  64.403233  24.380017
99.500000  64.408486  23.111123
99.600000  64.118147  17.445808
99.700000  66.224337  15.173043
99.800000  62.666744  18.206455
99.900000  64.240457  17.492977
100.000000  61.525160  20.959001
100.100000  57.834919  23.673405
100.200000  62.557410  18.316687
100.300000  59.558051  21.312525
100.400000  63.015193  15.515729
100.500000  55.203498  23.884716
100.600000  56.896166  22.556957
100.700000  63.574224  24.717717
100.800000  63.097406  15.715189
100.900000  61.498338  17.356921
101.000000  62.740265  19.067296
101.100000  60.089402  21.793851
101.200000  62.353027  20.366883
101.300000  58.464694  22.144192
101.400000  60.887597  17.776376
101.500000  56.983289  22.451505
101.600000  61.390254  22.435693
101.700000  60.869815  18.741314
101.800000  55.531277  27.258081
101.900000  56.167949  25.352856
102.000000  54.173594  27.782793
102.100000  59.219470  23.129301
102.200000  58.555033  25.321569
102.300000  55.213242  25.339736
102.400000  56.621224  24.805055
102.500000  63.683951  15.108301
102.600000  65.033456  15.980247
102.700000  65.453559  10.286732
102.800000  63.127410  18.818345
102.900000  69.612954  4.872682
103.000000  68.361715  10.406963
103.100000  65.386154  15.823505
103.200000  66.002595  14.586559
103.300000  66.422633  15.637329
103.400000  69.234482  10.638900
103.500000  59.698973  25.216513
103.600000  57.230525  25.110980
103.700000  58.225732  22.985220
103.800000  59.752968  21.821239
103.900000  57.155926  19.904330
104.000000  57.364353  19.685614
104.100000  57.947168  17.574754
104.200000  54.853778  19.328761
104.300000  58.157778  20.321745
104.400000  58.884547  20.991349
104.500000  60.582981  21.934011
104.600000  60.499941  24.381199
104.700000  56.811842  19.911549
104.800000  53.216968  26.479180
104.900000  56.276509  27.481478
105.000000  57.240231  25.044683
105.100000  61.516282  18.568932
105.200000  59.036272  22.621853
105.300000  57.123374  19.905793
105.400000  58.361908  25.703932
105.500000  61.654883  17.552021
105.600000  58.421214  22.432124
105.700000  63.442442  21.077144
105.800000  53.052989  26.766190
105.900000  51.526783  30.153218
106.000000  52.265898  25.874284
106.100000  60.381737  22.171089
106.200000  56.327103  25.718784
106.300000  53.759891  23.988470
106.400000  59.012202  20.657665
106.500000  62.028572  17.670888
106.600000  55.270640  22.951427
106.700000  56.923653  26.716127
106.800000  57.313060  21.055328
106.900000  55.636558  31.091281
107.000000  58.290411  22.109828
107.100000  51.745746  23.457729
107.200000  58.974940  19.544754
107.300000  60.615594  8.334339
107.400000  61.092625  13.584032
107.500000  59.784362  19.129199
107.600000  61.479055  21.459854
107.700000  63.117309  20.167221
107.800000  55.370873  20.763580
107.900000  59.078401  14.662812
108.000000  58.532238  21.667424
108.100000  62.826007  21.868554
108.200000  64.561599  28.546174
108.300000  64.443033  21.425178
108.400000  62.198488  22.297151
108.500000  62.793774  20.338408
108.600000  63.040351  20.806391
108.700000  65.756590  21.249931
108.800000  64.396959  20.829615
108.900000  60.591421  23.355941
109.000000  63.283658  15.197893
109.100000  65.932496  13.525794
109.200000  61.994254  23.223832
109.300000  60.532755  16.525206
109.400000  70.743671  7.915284
109.500000  62.281092  20.117037
109.600000  63.299753  9.124558
109.700000  65.898522  10.513969
109.800000  64.954794  15.714862
109.900000  65.117984  14.882517
110.000000  64.641473  11.738745
110.100000  64.707871  18.062577
110.200000  67.291591  8.229457
110.300000  65.298693  6.279178
110.400000  61.259169  13.417813
110.500000  63.895459  16.097908
110.600000  69.219260  11.210316
110.700000  61.980014  16.629985
110.800000  61.562818  18.545202
110.900000  61.803137  22.402136
111.000000  60.605354  22.843067
111.100000  62.465240  20.638758
111.200000  64.124179  23.386333
111.300000  62.650970  23.531472
111.400000  62.248870  21.910107
111.500000  63.046772  24.823818
111.600000  56.430894  28.506574
111.700000  60.960176  25.394650
111.800000  63.216528  28.147408
111.900000  59.325022  24.963119
112.000000  58.031572  21.282000
112.100000  62.306243  19.432564
112.200000  63.156368  26.327425
112.300000  63.610896  21.664436
112.400000  59.848470  26.200580
112.500000  61.497820  25.815029
112.600000  61.080782  29.965616
112.700000  59.025613  27.991905
112.800000  66.792094  22.607045
112.900000  64.715086  21.643414
113.000000  60.018344  23.157151
113.100000  61.713338  26.081190
113.200000  66.599116  18.701605
113.300000  66.175797  20.058717
113.400000  66.393534  17.159851
113.500000  66.490521  21.677363
113.600000  68.910094  18.245618
113.700000  67.985390  16.041616
113.800000  66.722298  26.392483
113.900000  65.502786  21.060987
114.000000  64.935429  26.227892
114.100000  65.718586  22.227308
114.200000  66.405483  19.231500
114.300000  68.749886  15.112578
114.400000  68.274411  20.505534
114.500000  67.570673  21.607926
114.600000  70.868589  16.332892
114.700000  69.249600  17.650038
114.800000  68.287617  10.044956
114.900000  69.879075  10.569762
115.000000  69.031436  15.256957
115.100000  72.998045  10.361603
115.200000  65.809402  16.263246
115.300000  66.903248  19.077422
115.400000  70.104778  13.289549
115.500000  61.502903  13.918917
115.600000  65.101184  19.918450
115.700000  61.283377  16.366778
115.800000  63.642893  15.935908
115.900000  61.193078  21.963229
116.000000  69.372410  15.744194
116.100000  68.017342  17.379544
116.200000  70.424424  9.189547
116.300000  74.018901  0.153919
116.400000  74.685233  6.195028
116.500000  73.492794  1.455632
116.600000  69.740023  6.333639
116.700000  73.155979  2.891200
116.800000  73.275164  4.032049
116.900000  71.143136  0.831588
117.000000  68.228466  7.205354
117.100000  70.471104  4.525713
117.200000  72.099592  3.599955
117.300000  66.893728  9.321746
117.400000  65.412784  8.819414
117.500000  71.914574  6.894616
117.600000  73.746692  6.030625
117.700000  73.610169  2.679795
117.800000  71.588298  2.820561
117.900000  69.174477  2.553708
118.000000  71.288961  1.584258
118.100000  78.532393  0.207274
118.200000  75.122542  2.951033
118.300000  75.077998  3.211315
118.400000  80.324667  0.789843
118.500000  78.912464  0.822822
118.600000  79.291492  0.531618
118.700000  79.284748  6.861184
118.800000  74.728418  0.096229
118.900000  74.576083  1.636418
119.000000  74.343775  3.724223
119.100000  80.444553  1.685249
119.200000  82.545503  7.987619
119.300000  78.874152  9.257967
119.400000  80.872658  12.658164
119.500000  78.162619  12.749259
119.600000  77.283141  14.120804
119.700000  79.235703  11.083374
119.800000  82.519732  9.987359
119.900000  81.311619  8.199687
120.000000  77.324606  7.749885
120.100000  72.815424  5.580361
120.200000  79.028208  11.937029
120.300000  79.485321  12.559695
120.400000  81.907622  10.319973
120.500000  79.470000  8.144025
120.600000  80.622744  9.365795
120.700000  81.390043  8.947265
120.800000  79.948788  9.798482
120.900000  83.827745  4.497080
121.000000  79.572674  9.910691
121.100000  79.014270  11.748675
121.200000  80.234233  7.707822
121.300000  78.181596  5.604405
121.400000  81.526693  9.661899
121.500000  76.507801  12.761997
121.600000  78.647161  9.599197
121.700000  77.370941  13.802591
121.800000  79.124392  10.161888
121.900000  79.565538  12.229989
122.000000  73.219119  12.469562
122.100000  80.076156  10.081237
122.200000  80.576054  8.338036
122.300000  80.503383  12.231287
122.400000  81.879948  6.729472
122.500000  81.343893  9.877757
122.600000  81.032475  8.154780
122.700000  81.726542  9.949131
122.800000  79.607535  10.399933
122.900000  78.458330  7.178950
123.000000  72.279038  12.146436
123.100000  76.522442  4.809827
123.200000  80.127102  8.235698
123.300000  81.295137  7.873647
123.400000  80.036890  10.452182
123.500000  81.270748  8.459760
123.600000  80.555186  8.191275
123.700000  78.966333  15.076584
123.800000  80.229682  7.626328
123.900000  79.100013  5.432102
124.000000  78.368802  7.737030
124.100000  81.393695  11.479006
124.200000  82.694427  2.870978
124.300000  80.058785  9.571908
124.400000  79.945512  11.695630
124.500000  78.983975  4.786334
124.600000  79.988527  10.524572
124.700000  79.304678  11.604064
124.800000  75.359618  4.839200
124.900000  74.041176  3.172338
125.000000  75.814487  10.426643
125.100000  74.894375  14.116202
125.200000  79.924293  11.911232
125.300000  79.226748  13.020830
125.400000  78.146501  9.344186
125.500000  77.952582  11.222962
125.600000  79.660378  9.347795
125.700000  76.822227  12.828509
125.800000  79.537958  12.796656
125.900000  79.373036  9.492723
126.000000  79.088214  12.665084
126.100000  76.315257  5.038685
126.200000  80.333030  8.092727
126.300000  80.546829  8.476383
126.400000  84.322457  7.901329
126.500000  80.398178  5.171776
126.600000  81.887105  6.707407
126.700000  80.818175  7.960916
126.800000  80.271966  6.164215
126.900000  78.938662  8.823132
127.000000  81.867973  9.473902
127.100000  79.741947  12.797046
127.200000  78.270836  10.427127
127.300000  78.728194  12.251795
127.400000  77.515154  8.589046
127.500000  81.373693  11.225670
127.600000  75.273940  10.075758
127.700000  83.478186  6.168705
127.800000  81.129844  9.207173
127.900000  82.441072  8.538927
128.000000  80.043741  7.315953
128.100000  80.324878  5.548280
128.200000  78.082505  10.655440
128.300000  82.292494  9.666797
128.400000  85.113754  1.862888
128.500000  79.078416  12.659814
128.600000  80.308575  11.483611
128.700000  80.388775  13.379878
128.800000  81.867808  9.199663
128.900000  82.321309  9.077181
129.000000  80.290740  7.324145
129.100000  80.287631  8.574265
129.200000  76.179778  0.763567
129.300000  78.870306  2.788327
129.400000  70.124190  8.571021
129.500000  73.722088  4.817713
129.600000  76.083067  11.358958
129.700000  71.473525  8.511171
129.800000  75.074413  14.604709
129.900000  74.614927  7.928336
130.000000  75.557120  2.749059
130.100000  79.071257  14.708461
130.200000  75.982412  16.830725
130.300000  80.341825  11.844756
130.400000  79.231932  5.325327
130.500000  76.895568  10.568372
130.600000  75.902870  17.420252
130.700000  81.878688  10.426924
130.800000  78.198826  10.059235
130.900000  78.245903  10.256009
131.000000  76.321368  13.514986
131.100000  79.028423  13.651288
131.200000  79.136558  9.601956
131.300000  75.506684  19.030747
131.400000  74.713971  14.232730
131.500000  79.062627  11.986137
131.600000  79.038190  15.091805
131.700000  80.963866  8.823390
131.800000  80.732207  4.018946
131.900000  80.527672  7.818598
132.000000  79.510999  14.787014
132.100000  80.389489  11.715257
132.200000  78.991734  14.488641
132.300000  74.990441  12.523727
132.400000  78.497954  12.828158
132.500000  80.785269  11.709369
132.600000  79.801785  11.194014
132.700000  80.174647  10.697837
132.800000  80.714649  12.982618
132.900000  80.157516  9.233281
133.000000  77.786437  10.428281
133.100000  76.634562  8.297810
133.200000  78.987763  3.930420
133.300000  74.847113  8.771447
133.400000  80.105107  13.540656
133.500000  80.544556  10.975419
133.600000  79.887719  8.559487
133.700000  75.055658  6.379320
133.800000  72.843147  2.941507
133.900000  77.641643  1.075879
134.000000  81.781188  10.223653
134.100000  77.084036  8.554682
134.200000  76.603958  5.557866
134.300000  82.554676  5.850050
134.400000  79.761583  11.182551
134.500000  78.793018  8.435679
134.600000  79.185747  9.113821
134.700000  78.384027  6.629428
134.800000  79.823982  5.868354
134.900000  81.370845  10.697691
135.000000  80.021994  11.669246
135.100000  80.156135  12.331046
135.200000  80.939219  11.741088
135.300000  80.618672  11.792482
135.400000  81.953374  9.061516
135.500000  81.014356  12.594065
135.600000  79.620426  10.572993
135.700000  79.320156  9.415052
135.800000  78.948819  10.808936
135.900000  79.486309  5.256763
136.000000  76.800465  17.397915
136.100000  81.398421  8.027738
136.200000  80.160369  12.850022
136.300000  78.580875  10.059068
136.400000  81.314153  10.642180
136.500000  80.528760  9.733558
136.600000  78.550657  9.843037
136.700000  81.102348  9.090517
136.800000  78.583752  9.444762
136.900000  77.417779  9.146821
137.000000  76.930560  1.829490
137.100000  77.084668  1.982739
137.200000  82.710303  4.436008
137.300000  82.645585  7.271933
137.400000  81.991744  6.802610
137.500000  77.491207  7.023636
137.600000  79.199842  8.619205
137.700000  79.508342  12.555978
137.800000  73.510104  10.872442
137.900000  76.710566  12.720156
138.000000  76.282154  5.455583
138.100000  75.604914  13.917194
138.200000  76.217236  9.261081
138.300000  75.639406  10.125620
138.400000  76.761432  7.757199
138.500000  80.770583  9.962647
138.600000  75.118789  11.699097
138.700000  76.192579  8.991769
138.800000  75.677545  11.922378
138.900000  77.425798  11.974042
139.000000  78.717629  10.666764
139.100000  74.381687  10.535674
139.200000  73.464303  9.515336
139.300000  77.071386  12.687228
139.400000  77.702609  10.642677
139.500000  76.391250  14.351727
139.600000  73.819353  6.393340
139.700000  77.183351  7.693148
139.800000  79.644337  11.393066
139.900000  77.334464  11.157296
140.000000  76.194556  8.716440
140.100000  78.260217  15.308064
140.200000  78.611830  11.477650
140.300000  78.269007  11.651281
140.400000  79.534072  13.581892
140.500000  78.215857  13.664875
140.600000  75.915483  8.666621
140.700000  78.690283  9.435943
140.800000  80.626481  10.264569
140.900000  78.404557  13.449462
141.000000  76.450295  9.406346
141.100000  78.100572  15.906939
141.200000  77.816111  12.051300
141.300000  76.839454  14.183975
141.400000  76.505692  11.882094
141.500000  77.108727  13.278230
141.600000  78.532494  10.017963
141.700000  79.538956  10.270956
141.800000  76.843319  12.354373
141.900000  76.516126  11.999645
142.000000  78.641702  11.352466
142.100000  76.082354  8.213008
142.200000  79.006372  12.988282
142.300000  76.723751  12.852502
142.400000  75.057327  8.437540
142.500000  76.395692  11.181648
142.600000  74.848348  11.166718
142.700000  76.619205  9.938165
142.800000  75.580009  11.627502
142.900000  74.589945  10.135329
143.000000  75.163882  11.376412
143.100000  77.775542  11.678747
143.200000  77.579753  13.266997
143.300000  78.613775  8.673015
143.400000  79.137191  14.841725
143.500000  77.291621  12.804208
143.600000  76.544614  14.214236
143.700000  77.114655  16.346314
143.800000  79.272495  14.087710
143.900000  80.168335  12.921076
144.000000  75.614443  8.660178
144.100000  80.782348  10.993560
144.200000  78.897147  6.181151
144.300000  78.436792  13.946001
144.400000  78.869824  6.636387
144.500000  78.804800  14.781484
144.600000  76.594664  13.949386
144.700000  79.833079  13.684372
144.800000  78.809195  11.120047
144.900000  79.679008  12.246488
145.000000  79.433419  12.713665
145.100000  75.672447  10.773095
145.200000  76.920440  13.829209
145.300000  77.000106  14.353107
145.400000  77.928052  11.878173
145.500000  81.739486  11.074050
145.600000  80.818918  12.492038
145.700000  80.770692  11.387244
145.800000  77.941775  11.124180
145.900000  78.521175  10.400023
146.000000  80.468726  11.031144
146.100000  76.850312  12.824085
146.200000  79.699181  14.223951
146.300000  79.505640  10.762812
146.400000  78.597387  15.522851
146.500000  79.809911  9.473406
146.600000  77.238425  9.941159
146.700000  79.604889  11.796987
146.800000  80.110004  9.793822
146.900000  79.626020  7.356170
147.000000  79.777324  11.716947
147.100000  79.266065  6.650217
147.200000  80.736949  6.271650
147.300000  81.254492  12.278806
147.400000  78.472359  8.969676
147.500000  77.254697  5.789980
147.600000  80.614594  6.690229
147.700000  81.068067  5.794746
147.800000  77.566903  10.645580
147.900000  77.783613  7.782291
148.000000  81.734639  7.535142
148.100000  77.531499  2.824040
148.200000  77.603248  7.070412
148.300000  77.813958  11.888750
148.400000  75.282000  4.704825
148.500000  78.004430  5.809178
148.600000  77.600565  8.966849
148.700000  78.143192  7.198439
148.800000  78.698334  6.206857
148.900000  83.184126  6.945234
149.000000  76.672978  11.274502
149.100000  79.612864  6.737216
149.200000  78.716152  8.300904
149.300000  79.143549  5.550966
149.400000  78.142094  4.619973
149.500000  81.036377  10.975453
149.600000  78.940662  3.911008
149.700000  75.819462  9.943324
149.800000  74.348500  5.387057
149.900000  77.887485  5.100157
150.000000  79.811487  10.992636
150.100000  79.611781  10.962834
150.200000  77.294462  6.401912
150.300000  78.804851  7.918916
150.400000  80.185451  10.253205
150.500000  79.106738  10.823212
150.600000  78.871415  11.700695
150.700000  80.345378  9.556346
150.800000  81.864544  6.363288
150.900000  80.132762  2.788104
151.000000  75.932699  4.164418
151.100000  81.990840  6.925499
151.200000  78.716328  7.685660
151.300000  79.475440  8.331467
151.400000  77.172733  11.088926
151.500000  77.920847  4.221345
151.600000  78.778617  6.145191
151.700000  79.369423  5.291091
151.800000  81.122793  2.900396
151.900000  79.958524  3.829538
152.000000  80.480137  2.991393
152.100000  80.255405  7.364497
152.200000  80.294836  8.441492
152.300000  79.844162  2.580599
152.400000  82.618529  3.824975
152.500000  82.982951  2.439668
152.600000  82.645811  0.386790
152.700000  84.049228  2.415140
152.800000  81.149773  8.386761
152.900000  83.485354  8.326015
153.000000  78.635612  5.894316
153.100000  79.017913  7.274391
153.200000  79.067633  6.489629
153.300000  78.603365  6.449340
153.400000  82.470234  6.412008
153.500000  82.646165  9.017314
153.600000  81.664106  11.726858
153.700000  83.322709  6.859250
153.800000  80.930957  12.008998
153.900000  81.080575  5.618075
154.000000  81.897503  9.140600
154.100000  79.474409  12.575576
154.200000  81.581413  7.450028
154.300000  82.664920  8.744578
154.400000  82.784700  6.175935
154.500000  80.600750  6.541100
154.600000  80.377897  4.482411
154.700000  81.561685  7.593614
154.800000  78.586705  1.759719
154.900000  78.586537  8.977836
155.000000  79.234248  8.500788
155.100000  81.141672  6.699188
155.200000  81.544254  8.512311
155.300000  79.703762  9.883545
155.400000  81.378137  5.448131
155.500000  83.097699  7.442039
155.600000  79.763336  5.087703
155.700000  84.624021  2.290655
155.800000  80.591440  8.781328
155.900000  81.866050  2.459836
156.000000  82.480258  3.500688
156.100000  77.967519  10.215484
156.200000  77.762803  3.479151
156.300000  82.505610  7.673775
156.400000  79.312562  1.025726
156.500000  82.233717  5.822425
156.600000  82.429303  3.078645
156.700000  82.024810  7.311324
156.800000  81.523624  2.418405
156.900000  83.175517  5.333693
157.000000  81.745806  4.149238
157.100000  79.589464  0.213889
157.200000  82.358603  4.001401
157.300000  82.724463  7.059986
157.400000  80.704314  5.326743
157.500000  77.108882  8.705400
157.600000  83.205098  9.093052
157.700000  78.773984  10.878753
157.800000  79.890105  6.985509
157.900000  80.065792  10.148128
158.000000  77.257095  4.735995
158.100000  80.148107  9.423755
158.200000  77.297674  5.875760
158.300000  79.939679  6.142185
158.400000  79.917101  3.794080
158.500000  80.167392  6.160411
158.600000  80.322403  8.653792
158.700000  82.691661  8.875332
158.800000  79.686526  9.567744
158.900000  81.407019  9.072442
159.000000  79.905430  8.365340
159.100000  79.411146  10.697643
159.200000  80.157102  12.786780
159.300000  82.645440  9.155068
159.400000  83.047841  7.882259
159.500000  82.363748  10.654482
159.600000  78.916019  7.624379
159.700000  79.723202  8.122594
159.800000  80.449239  8.856975
159.900000  78.386832  4.746790
160.000000  80.637726  9.409529
160.100000  79.413048  12.729587
160.200000  77.275948  16.238168
160.300000  81.305891  5.259939
160.400000  81.590491  8.628547
160.500000  82.891981  4.434249
160.600000  80.521003  6.738930
160.700000  81.643650  5.384409
160.800000  82.955040  7.677000
160.900000  78.302227  5.299601
161.000000  80.533857  4.139825
161.100000  82.309683  3.140656
161.200000  84.159302  2.327235
161.300000  83.419964  2.407053
161.400000  84.341137  7.854488
161.500000  83.125286  8.355244
161.600000  79.614305  2.498196
161.700000  84.112276  2.445857
161.800000  82.760817  4.796001
161.900000  82.612853  8.069574
162.000000  83.748520  3.560506
162.100000  80.767473  8.448462
162.200000  78.134221  7.590516
162.300000  81.644488  5.877598
162.400000  80.592189  7.764394
162.500000  77.532333  8.465502
162.600000  81.388216  9.932761
162.700000  78.014820  7.740228
162.800000  77.073686  4.595003
162.900000  74.830710  10.245837
163.000000  82.557361  9.052547
163.100000  82.027037  9.358879
163.200000  82.070775  10.117096
163.300000  83.537714  4.277839
163.400000  84.111425  7.893981
163.500000  82.587463  7.938061
163.600000  82.362028  7.639411
163.700000  82.276459  4.148801
163.800000  77.249711  10.081155
163.900000  83.797317  3.412485
164.000000  78.669202  1.736347
164.100000  86.209943  5.265374
164.200000  84.323635  5.612468
164.300000  84.365394  2.706793
164.400000  82.697721  6.890640
164.500000  84.131480  1.068296
164.600000  84.109167  2.005747
164.700000  81.618857  4.689186
164.800000  83.490008  3.597058
164.900000  82.610038  4.713639
165.000000  84.049119  4.458554
165.100000  89.007030  1.102386
165.200000  84.432846  1.244224
165.300000  80.817064  2.044770
165.400000  85.272664  4.721817
165.500000  84.594008  0.378904
165.600000  83.128726  2.101334
165.700000  83.371111  3.673594
165.800000  81.907647  6.445213
165.900000  85.555673  6.160590
166.000000  87.369593  0.520920
166.100000  82.809271  9.464925
166.200000  83.233417  4.799099
166.300000  83.432242  2.040691
166.400000  79.327317  0.350787
166.500000  80.469523  2.753988
166.600000  82.651869  1.014766
166.700000  79.841057  0.468554
166.800000  79.234991  7.242135
166.900000  82.348315  5.362271
167.000000  81.963534  6.483219
167.100000  78.882044  9.225345
167.200000  80.271122  2.580312
167.300000  82.408428  4.038625
167.400000  79.557459  1.768089
167.500000  83.583578  3.423016
167.600000  81.469564  2.177898
167.700000  78.069965  6.675411
167.800000  77.773460  4.524148
167.900000  83.103331  0.240093
168.000000  77.646946  3.954523
168.100000  80.283977  0.086394
168.200000  80.281779  3.484177
168.300000  78.883764  6.573741
168.400000  82.200117  8.226782
168.500000  77.726748  0.264096
168.600000  80.771932  0.219724
168.700000  82.256653  2.435082
168.800000  82.080054  0.297482
168.900000  83.765809  5.357999
169.000000  77.826201  7.930485
169.100000  82.054114  2.979700
169.200000  84.601393  1.262776
169.300000  77.619505  5.108938
169.400000  80.666508  5.265847
169.500000  75.076489  7.080037
169.600000  81.211840  4.059436
169.700000  78.124210  4.310871
169.800000  75.203211  3.938695
169.900000  82.140632  0.770174
170.000000  85.050692  0.644447
170.100000  86.998270  0.306862
170.200000  88.652321  1.125203
170.300000  84.724029  2.695303
170.400000  80.641036  12.903539
170.500000  84.323589  2.963164
170.600000  83.238203  0.248444
170.700000  78.616893  6.026410
170.800000  84.546827  7.652259
170.900000  84.063211  4.140823
171.000000  85.624643  2.759758
171.100000  82.883191  8.477401
171.200000  80.068835  1.842061
171.300000  81.738613  2.187250
171.400000  82.061642  9.660093
171.500000  84.515444  3.971749
171.600000  81.649671  9.108764
171.700000  84.205944  3.399541
171.800000  79.864668  8.280896
171.900000  81.220784  2.648316
172.000000  74.576532  5.200002
172.100000  74.237566  8.209658
172.200000  73.548579  1.392256
172.300000  72.535418  9.328057
172.400000  69.121525  5.205012
172.500000  79.665318  0.656706
172.600000  72.746554  6.720878
172.700000  73.839803  2.735032
172.800000  78.991076  1.512991
172.900000  76.134966  4.782082
173.000000  74.478217  0.754878
173.100000  74.346362  3.590926
173.200000  78.989849  3.006402
173.300000  78.294096  4.019078
173.400000  79.805374  3.346737
173.500000  81.584069  1.298118
173.600000  81.653930  1.500870
173.700000  77.539299  4.097751
173.800000  77.122357  2.692827
173.900000  78.124921  10.011302
174.000000  77.115240  1.627565
174.100000  75.924005  3.728029
174.200000  75.105526  0.298902
174.300000  82.190319  7.721370
174.400000  81.514320  10.039018
174.500000  79.551702  8.972168
174.600000  80.722110  2.560381
174.700000  76.607639  2.967463
174.800000  79.082780  5.248017
174.900000  84.630296  7.505989
175.000000  81.908327  8.328207
175.100000  83.973435  6.953485
175.200000  80.120757  11.920683
175.300000  77.641424  4.309936
175.400000  81.544752  8.849001
175.500000  80.849130  8.937558
175.600000  82.445526  10.271461
175.700000  80.428047  0.825174
175.800000  81.142144  4.951393
175.900000  81.457940  10.605035
176.000000  80.709979  11.592190
176.100000  84.930058  4.845278
176.200000  84.449139  5.837725
176.300000  79.985166  8.536411
176.400000  81.621245  8.937763
176.500000  80.847504  9.352863
176.600000  78.749250  0.566569
176.700000  82.566975  7.426441
176.800000  85.132396  6.286635
176.900000  80.965820  11.029430
177.000000  83.759703  5.609198
177.100000  80.385918  5.466639
177.200000  83.096783  6.727163
177.300000  83.026681  3.782932
177.400000  81.054572  5.184111
177.500000  86.602251  4.149964
177.600000  83.270300  5.789937
177.700000  80.658792  4.219736
177.800000  87.020813  2.915747
177.900000  89.249808  1.009930
178.000000  88.666084  0.560930
178.100000  86.522103  0.418293
178.200000  82.007859  1.597478
178.300000  80.085960  5.848652
178.400000  80.854949  7.776931
178.500000  81.568645  5.179227
178.600000  82.404037  1.611798
178.700000  80.848691  0.117578
178.800000  81.812618  0.034463
178.900000  81.211320  1.573791
179.000000  88.035704  2.757914
179.100000  86.084986  2.968428
179.200000  87.259968  0.580525
179.300000  80.505420  3.641553
179.400000  84.410976  5.786314
179.500000  85.609302  2.376394
179.600000  87.864823  2.882945
179.700000  76.184354  14.561438
179.800000  82.091668  2.716410
179.900000  74.629130  8.878122
180.000000  75.078724  15.023312
180.100000  81.960937  5.314297
180.200000  79.962276  2.661464
180.300000  76.008050  9.161391
180.400000  78.364935  10.197644
180.500000  81.682758  3.105720
180.600000  76.285936  11.571854
180.700000  87.099405  2.181618
180.800000  85.745037  1.449316
180.900000  86.719729  0.076792
181.000000  85.186920  2.541992
181.100000  79.924875  14.069097
181.200000  76.055120  15.865479
181.300000  73.474156  16.608673
181.400000  74.322423  11.429654
181.500000  81.889941  7.877753
181.600000  88.472772  0.320134
181.700000  84.398073  1.730437
181.800000  85.549338  5.640651
181.900000  84.174178  4.406866
182.000000  82.869172  5.016890
182.100000  75.803065  13.237280
182.200000  76.158968  15.911061
182.300000  81.702284  4.825731
182.400000  80.463848  7.734060
182.500000  75.187540  19.477008
182.600000  71.309471  16.128590
182.700000  71.147993  19.158966
182.800000  70.529923  19.154246
182.900000  70.803425  15.051797
183.000000  76.104736  12.551442
183.100000  79.274838  8.697266
183.200000  69.831553  21.098540
183.300000  70.484533  19.510296
183.400000  76.622471  7.539166
183.500000  74.468267  20.390905
183.600000  72.567194  13.577871
183.700000  77.525455  10.565941
183.800000  75.089627  14.793937
183.900000  85.022703  5.059660
184.000000  85.545519  5.058725
184.100000  73.423798  19.333933
184.200000  77.714190  14.339155
184.300000  81.452346  11.144142
184.400000  78.101564  12.107404
184.500000  70.136921  20.206319
184.600000  74.479130  14.566527
184.700000  70.383079  20.234309
184.800000  74.023774  13.784949
184.900000  74.625145  18.516201
185.000000  73.975123  15.812566
185.100000  69.973524  19.431848
185.200000  69.849465  24.405853
185.300000  67.950189  26.303756
185.400000  68.507113  21.381946
185.500000  66.742096  27.031052
185.600000  67.684077  23.038086
185.700000  68.959386  25.924780
185.800000  66.010833  21.463854
185.900000  68.590271  18.211785
186.000000  68.917859  22.250243
186.100000  70.696673  19.670493
186.200000  69.169771  23.867156
186.300000  65.873914  23.203194
186.400000  65.215051  27.407585
186.500000  66.662360  24.245939
186.600000  63.217966  26.314313
186.700000  64.322677  25.647158
186.800000  70.630419  27.080548
186.900000  67.137467  29.327481
187.000000  68.550897  28.278008
187.100000  70.250512  27.905470
187.200000  68.664630  24.303281
187.300000  63.352594  29.858901
187.400000  61.376301  22.228691
187.500000  70.322696  19.346392
187.600000  63.627803  25.767532
187.700000  63.406438  26.552665
187.800000  67.799325  26.651350
187.900000  63.639950  23.891809
188.000000  66.210417  18.513729
188.100000  65.838847  21.518048
188.200000  63.001218  23.675498
188.300000  62.719185  23.030983
188.400000  64.141478  23.982899
188.500000  62.515513  34.661602
188.600000  65.617851  23.744854
188.700000  65.839850  21.393441
188.800000  67.295970  24.391826
188.900000  65.031319  21.885540
189.000000  64.585312  24.094795
189.100000  67.073093  29.029640
189.200000  65.880888  24.874554
189.300000  64.856550  23.556434
189.400000  67.096708  24.827841
189.500000  65.147536  24.808621
189.600000  67.390007  20.930424
189.700000  63.997404  24.621513
189.800000  65.626350  19.100257
189.900000  65.648197  23.029655
190.000000  66.768005  23.862568
190.100000  64.318990  29.475156
190.200000  61.849921  25.844508
190.300000  61.068820  25.907927
190.400000  62.298734  27.674221
190.500000  57.166938  33.236537
190.600000  64.287115  35.468975
190.700000  59.175597  37.181422
190.800000  60.003129  35.714853
190.900000  58.933205  34.938266
191.000000  57.674605  36.065029
191.100000  60.027265  39.251422
191.200000  58.491494  35.396757
191.300000  60.302937  33.263602
191.400000  59.545925  37.037825
191.500000  59.998537  35.018580
191.600000  58.736829  37.138505
191.700000  59.691835  34.444448
191.800000  61.137519  35.080772
191.900000  59.858665  36.483338
192.000000  60.423051  37.252702
192.100000  61.254890  34.715854
192.200000  59.244244  37.458802
192.300000  59.638398  38.952939
192.400000  61.970535  36.099422
192.500000  60.139786  33.291018
192.600000  58.143490  31.826659
192.700000  61.477613  37.353418
192.800000  61.634066  31.679739
192.900000  59.710440  33.004693
193.000000  59.787712  36.631004
193.100000  61.169950  36.324783
193.200000  61.451297  35.083841
193.300000  60.661833  35.397691
193.400000  61.529900  34.839042
193.500000  59.389871  34.365467
193.600000  60.918061  33.428776
193.700000  58.306966  38.718311
193.800000  58.085419  36.401694
193.900000  57.991004  36.227337
194.000000  59.638250  37.352759
194.100000  61.050438  35.220596
194.200000  61.390060  36.351703
194.300000  61.433049  37.414362
194.400000  57.271280  35.946885
194.500000  59.577151  35.704003
194.600000  60.828516  35.134308
194.700000  60.172872  31.908123
194.800000  61.502476  36.062764
194.900000  59.483520  32.268194
195.000000  61.020276  33.563690
195.100000  58.499066  35.922851
195.200000  57.188218  32.849460
195.300000  58.112645  36.222280
195.400000  57.431182  32.925471
195.500000  60.680279  28.960792
195.600000  57.620691  31.370350
195.700000  59.239141  34.414584
195.800000  58.343201  36.082233
195.900000  60.587982  34.993308
196.000000  60.583868  34.819826
196.100000  57.196328  37.046398
196.200000  56.779500  28.690092
196.300000  60.110595  32.071526
196.400000  62.026049  38.166034
196.500000  59.764455  35.584764
196.600000  62.572149  34.442980
196.700000  60.983225  31.250351
196.800000  59.973278  34.655517
196.900000  60.788424  35.760267
197.000000  60.585798  35.395061
197.100000  60.847191  36.192525
197.200000  60.494948  35.057420
197.300000  56.213447  33.146815
197.400000  60.225009  30.897109
197.500000  56.695085  34.379150
197.600000  58.814913  36.795160
197.700000  55.534720  34.415841
197.800000  55.461389  35.985412
197.900000  59.289440  38.355149
198.000000  55.098641  29.554067
198.100000  52.002831  28.965605
198.200000  56.372822  30.761403
198.300000  55.425536  28.971896
198.400000  55.234324  30.851095
198.500000  53.105702  31.562403
198.600000  54.856798  29.690563
198.700000  56.741134  35.852620
198.800000  56.716251  29.349863
198.900000  55.257304  31.273815
199.000000  54.589813  28.563694
199.100000  48.160943  25.789404
199.200000  51.030529  34.373324
199.300000  53.011114  34.094911
199.400000  56.156931  36.280438
199.500000  58.620303  39.679093
199.600000  57.969508  41.673194
199.700000  59.358280  36.812278
199.800000  56.961067  35.562826
199.900000  58.492934  36.867271
200.000000  57.403370  33.796125
