# aggregated from 2 replicates
# x  mean  std
0.000000  53.000000  0.000000
0.100000  48.000000  4.242641
0.200000  42.000000  5.656854
0.300000  47.000000  7.071068
0.400000  41.500000  6.363961
0.500000  48.000000  4.242641
0.600000  49.500000  6.363961
0.700000  46.000000  1.414214
0.800000  45.000000  2.828427
0.900000  45.000000  9.899495
1.000000  45.500000  9.192388
1.100000  42.000000  4.242641
1.200000  39.500000  3.535534
1.300000  42.000000  4.242641
1.400000  45.000000  0.000000
1.500000  53.500000  3.535534
1.600000  45.500000  0.707107
1.700000  40.000000  2.828427
1.800000  44.500000  0.707107
1.900000  41.000000  1.414214
2.000000  49.000000  8.485281
2.100000  45.000000  2.828427
2.200000  50.000000  1.414214
2.300000  47.000000  8.485281
2.400000  40.000000  5.656854
2.500000  45.500000  3.535534
2.600000  50.000000  5.656854
2.700000  41.500000  4.949747
2.800000  43.000000  2.828427
2.900000  51.500000  2.121320
3.000000  41.500000  10.606602
3.100000  43.500000  12.020815
3.200000  46.500000  6.363961
3.300000  45.500000  6.363961
3.400000  49.000000  4.242641
3.500000  45.500000  12.020815
3.600000  47.500000  2.121320
3.700000  51.500000  14.849242
3.800000  48.000000  11.313708
3.900000  47.000000  2.828427
4.000000  49.000000  4.242641
4.100000  45.500000  3.535534
4.200000  43.500000  3.535534
4.300000  54.000000  4.242641
4.400000  43.000000  2.828427
4.500000  48.500000  2.121320
4.600000  47.000000  0.000000
4.700000  55.000000  1.414214
4.800000  41.000000  0.000000
4.900000  49.500000  9.192388
5.000000  51.000000  4.242641
5.100000  42.000000  2.828427
5.200000  47.500000  7.778175
5.300000  48.500000  6.363961
5.400000  47.500000  0.707107
5.500000  51.500000  9.192388
5.600000  51.500000  6.363961
5.700000  46.000000  1.414214
5.800000  47.500000  0.707107
5.900000  40.500000  7.778175
6.000000  48.000000  1.414214
6.100000  43.500000  2.121320
6.200000  50.500000  7.778175
6.300000  44.000000  12.727922
6.400000  49.500000  6.363961
6.500000  42.500000  2.121320
6.600000  46.000000  5.656854
6.700000  42.000000  0.000000
6.800000  47.500000  0.707107
6.900000  48.000000  1.414214
7.000000  48.000000  4.242641
7.100000  47.000000  0.000000
7.200000  46.000000  8.485281
7.300000  57.000000  8.485281
7.400000  45.500000  4.949747
7.500000  44.000000  4.242641
7.600000  40.000000  2.828427
7.700000  46.500000  2.121320
7.800000  43.500000  0.707107
7.900000  46.500000  13.435029
8.000000  40.500000  6.363961
8.100000  53.500000  9.192388
8.200000  46.500000  0.707107
8.300000  52.000000  2.828427
8.400000  49.500000  6.363961
8.500000  49.500000  0.707107
8.600000  43.500000  3.535534
8.700000  47.500000  0.707107
8.800000  42.000000  0.000000
8.900000  53.500000  3.535534
9.000000  49.000000  8.485281
9.100000  43.000000  2.828427
9.200000  48.500000  6.363961
9.300000  50.000000  9.899495
9.400000  49.000000  5.656854
9.500000  56.000000  2.828427
9.600000  52.500000  4.949747
9.700000  47.500000  0.707107
9.800000  44.500000  2.121320
9.900000  51.500000  2.121320
10.000000  47.000000  4.242641
10.100000  47.500000  4.949747
10.200000  46.000000  2.828427
10.300000  45.500000  3.535534
10.400000  51.500000  0.707107
10.500000  51.000000  14.142136
10.600000  51.500000  3.535534
10.700000  38.500000  2.121320
10.800000  50.500000  4.949747
10.900000  43.500000  10.606602
11.000000  51.000000  8.485281
11.100000  48.000000  0.000000
11.200000  43.000000  4.242641
11.300000  44.000000  2.828427
11.400000  47.000000  5.656854
11.500000  47.500000  14.849242
11.600000  47.000000  2.828427
11.700000  40.500000  2.121320
11.800000  47.000000  5.656854
11.900000  51.000000  8.485281
12.000000  39.000000  2.828427
12.100000  44.500000  3.535534
12.200000  47.500000  19.091883
12.300000  43.000000  5.656854
12.400000  40.000000  16.970563
12.500000  41.500000  13.435029
12.600000  41.000000  1.414214
12.700000  40.500000  10.606602
12.800000  36.500000  13.435029
12.900000  43.500000  3.535534
13.000000  39.000000  16.970563
13.100000  46.500000  14.849242
13.200000  45.500000  9.192388
13.300000  45.000000  12.727922
13.400000  43.500000  14.849242
13.500000  42.000000  0.000000
13.600000  41.500000  6.363961
13.700000  42.500000  23.334524
13.800000  41.000000  5.656854
13.900000  48.000000  15.556349
14.000000  46.000000  9.899495
14.100000  40.000000  1.414214
14.200000  44.000000  15.556349
14.300000  48.000000  4.242641
14.400000  43.500000  4.949747
14.500000  44.000000  5.656854
14.600000  47.500000  10.606602
14.700000  45.500000  9.192388
14.800000  46.500000  16.263456
14.900000  36.500000  12.020815
15.000000  42.000000  12.727922
15.100000  43.000000  7.071068
15.200000  34.500000  2.121320
15.300000  37.000000  8.485281
15.400000  46.500000  0.707107
15.500000  35.500000  2.121320
15.600000  37.500000  7.778175
15.700000  36.000000  0.000000
15.800000  37.500000  0.707107
15.900000  37.000000  0.000000
16.000000  35.500000  4.949747
16.100000  45.500000  0.707107
16.200000  36.500000  0.707107
16.300000  42.000000  2.828427
16.400000  38.500000  2.121320
16.500000  37.000000  8.485281
16.600000  41.000000  1.414214
16.700000  32.000000  0.000000
16.800000  33.000000  4.242641
16.900000  35.000000  11.313708
17.000000  39.500000  9.192388
17.100000  35.500000  0.707107
17.200000  35.500000  3.535534
17.300000  44.500000  14.849242
17.400000  41.500000  3.535534
17.500000  40.500000  9.192388
17.600000  39.500000  9.192388
17.700000  42.500000  13.435029
17.800000  44.000000  14.142136
17.900000  36.000000  4.242641
18.000000  41.500000  6.363961
18.100000  44.000000  19.798990
18.200000  40.500000  2.121320
18.300000  40.500000  12.020815
18.400000  37.500000  2.121320
18.500000  44.000000  5.656854
18.600000  44.000000  7.071068
18.700000  36.500000  3.535534
18.800000  33.500000  9.192388
18.900000  44.000000  15.556349
19.000000  42.000000  15.556349
19.100000  42.000000  8.485281
19.200000  43.000000  8.485281
19.300000  48.000000  11.313708
19.400000  40.500000  7.778175
19.500000  41.500000  6.363961
19.600000  34.500000  7.778175
19.700000  48.500000  16.263456
19.800000  42.500000  12.020815
19.900000  41.500000  7.778175
20.000000  44.000000  4.242641
20.100000  42.000000  4.242641
20.200000  42.500000  10.606602
20.300000  43.500000  7.778175
20.400000  39.500000  10.606602
20.500000  46.000000  18.384776
20.600000  38.000000  9.899495
20.700000  40.000000  14.142136
20.800000  37.500000  9.192388
20.900000  31.500000  2.121320
21.000000  38.500000  3.535534
21.100000  34.500000  4.949747
21.200000  37.500000  0.707107
21.300000  33.500000  7.778175
21.400000  38.000000  1.414214
21.500000  39.000000  1.414214
21.600000  34.000000  8.485281
21.700000  44.500000  4.949747
21.800000  41.500000  0.707107
21.900000  33.500000  6.363961
22.000000  38.000000  1.414214
22.100000  34.500000  7.778175
22.200000  33.500000  7.778175
22.300000  31.500000  4.949747
22.400000  29.500000  4.949747
22.500000  40.000000  11.313708
22.600000  33.000000  1.414214
22.700000  38.500000  2.121320
22.800000  29.500000  9.192388
22.900000  34.000000  4.242641
23.000000  36.500000  0.707107
23.100000  32.000000  7.071068
23.200000  36.000000  2.828427
23.300000  33.500000  0.707107
23.400000  30.000000  0.000000
23.500000  34.500000  0.707107
23.600000  36.000000  1.414214
23.700000  34.000000  2.828427
23.800000  33.000000  1.414214
23.900000  36.500000  2.121320
24.000000  34.000000  0.000000
24.100000  36.000000  5.656854
24.200000  39.000000  8.485281
24.300000  31.500000  0.707107
24.400000  30.000000  5.656854
24.500000  35.000000  1.414214
24.600000  41.500000  4.949747
24.700000  32.500000  4.949747
24.800000  33.000000  7.071068
24.900000  29.000000  12.727922
25.000000  41.500000  4.949747
25.100000  32.500000  0.707107
25.200000  32.500000  7.778175
25.300000  32.000000  0.000000
25.400000  38.000000  2.828427
25.500000  28.500000  6.363961
25.600000  40.000000  2.828427
25.700000  33.000000  4.242641
25.800000  31.500000  7.778175
25.900000  34.000000  11.313708
26.000000  35.000000  4.242641
26.100000  34.000000  5.656854
26.200000  35.000000  1.414214
26.300000  41.000000  11.313708
26.400000  34.000000  5.656854
26.500000  37.500000  9.192388
26.600000  42.500000  2.121320
26.700000  34.000000  4.242641
26.800000  32.500000  7.778175
26.900000  35.500000  0.707107
27.000000  36.500000  0.707107
27.100000  37.000000  1.414214
27.200000  27.500000  4.949747
27.300000  33.000000  11.313708
27.400000  36.500000  0.707107
27.500000  38.500000  0.707107
27.600000  32.000000  7.071068
27.700000  36.500000  3.535534
27.800000  37.500000  0.707107
27.900000  32.000000  8.485281
28.000000  34.000000  5.656854
28.100000  37.000000  0.000000
28.200000  35.500000  6.363961
28.300000  34.000000  4.242641
28.400000  33.000000  1.414214
28.500000  28.500000  0.707107
28.600000  34.500000  2.121320
28.700000  40.000000  11.313708
28.800000  43.000000  7.071068
28.900000  32.500000  6.363961
29.000000  35.500000  6.363961
29.100000  33.500000  4.949747
29.200000  35.000000  1.414214
29.300000  34.000000  4.242641
29.400000  39.000000  2.828427
29.500000  32.000000  7.071068
29.600000  42.000000  11.313708
29.700000  34.500000  0.707107
29.800000  35.500000  2.121320
29.900000  45.000000  7.071068
30.000000  30.500000  2.121320
30.100000  38.000000  5.656854
30.200000  40.000000  11.313708
30.300000  35.000000  1.414214
30.400000  35.000000  2.828427
30.500000  27.000000  0.000000
30.600000  35.000000  2.828427
30.700000  34.000000  7.071068
30.800000  43.000000  4.242641
30.900000  32.000000  7.071068
31.000000  30.000000  2.828427
31.100000  31.000000  4.242641
31.200000  35.000000  4.242641
31.300000  32.000000  5.656854
31.400000  41.000000  1.414214
31.500000  35.000000  1.414214
31.600000  32.000000  14.142136
31.700000  38.500000  12.020815
31.800000  36.000000  1.414214
31.900000  36.500000  0.707107
32.000000  36.000000  0.000000
32.100000  37.000000  1.414214
32.200000  39.000000  2.828427
32.300000  30.500000  7.778175
32.400000  42.000000  4.242641
32.500000  38.000000  1.414214
32.600000  31.000000  1.414214
32.700000  36.000000  0.000000
32.800000  31.000000  4.242641
32.900000  39.500000  2.121320
33.000000  35.500000  3.535534
33.100000  32.500000  0.707107
33.200000  38.000000  2.828427
33.300000  27.500000  3.535534
33.400000  31.000000  1.414214
33.500000  31.000000  8.485281
33.600000  30.500000  2.121320
33.700000  29.500000  4.949747
33.800000  34.000000  0.000000
33.900000  36.500000  12.020815
34.000000  32.500000  4.949747
34.100000  35.000000  7.071068
34.200000  36.000000  9.899495
34.300000  35.500000  4.949747
34.400000  33.500000  4.949747
34.500000  29.000000  12.727922
34.600000  37.500000  7.778175
34.700000  32.000000  5.656854
34.800000  27.500000  2.121320
34.900000  34.500000  2.121320
35.000000  39.000000  5.656854
35.100000  38.000000  4.242641
35.200000  34.000000  8.485281
35.300000  39.500000  2.121320
35.400000  39.000000  8.485281
35.500000  36.000000  4.242641
35.600000  43.000000  5.656854
35.700000  42.000000  4.242641
35.800000  35.000000  7.071068
35.900000  40.500000  0.707107
36.000000  29.000000  1.414214
36.100000  36.500000  6.363961
36.200000  33.500000  9.192388
36.300000  40.000000  7.071068
36.400000  35.500000  7.778175
36.500000  39.000000  5.656854
36.600000  37.500000  4.949747
36.700000  36.500000  9.192388
36.800000  35.500000  6.363961
36.900000  39.500000  4.949747
37.000000  38.000000  4.242641
37.100000  37.000000  2.828427
37.200000  30.000000  0.000000
37.300000  40.000000  1.414214
37.400000  40.500000  0.707107
37.500000  34.500000  0.707107
37.600000  30.000000  4.242641
37.700000  36.000000  4.242641
37.800000  31.000000  5.656854
37.900000  31.500000  3.535534
38.000000  31.000000  1.414214
38.100000  38.000000  7.071068
38.200000  36.500000  0.707107
38.300000  34.500000  0.707107
38.400000  30.500000  3.535534
38.500000  37.500000  2.121320
38.600000  39.000000  8.485281
38.700000  40.000000  4.242641
38.800000  41.500000  7.778175
38.900000  43.000000  2.828427
39.000000  37.500000  4.949747
39.100000  35.000000  4.242641
39.200000  33.000000  2.828427
39.300000  35.500000  2.121320
39.400000  30.500000  3.535534
39.500000  28.500000  4.949747
39.600000  36.500000  6.363961
39.700000  35.000000  1.414214
39.800000  36.500000  3.535534
39.900000  35.000000  1.414214
40.000000  32.500000  10.606602
40.100000  27.500000  0.707107
40.200000  33.000000  4.242641
40.300000  31.500000  0.707107
40.400000  38.500000  6.363961
40.500000  35.500000  4.949747
40.600000  32.000000  2.828427
40.700000  32.500000  2.121320
40.800000  38.500000  2.121320
40.900000  32.000000  1.414214
41.000000  30.000000  4.242641
41.100000  34.500000  4.949747
41.200000  34.000000  1.414214
41.300000  29.500000  3.535534
41.400000  26.500000  2.121320
41.500000  29.500000  2.121320
41.600000  33.000000  2.828427
41.700000  34.500000  2.121320
41.800000  29.500000  3.535534
41.900000  27.000000  1.414214
42.000000  35.000000  9.899495
42.100000  35.500000  0.707107
42.200000  38.500000  7.778175
42.300000  32.000000  5.656854
42.400000  33.000000  0.000000
42.500000  30.000000  1.414214
42.600000  36.000000  8.485281
42.700000  35.500000  3.535534
42.800000  33.000000  2.828427
42.900000  31.000000  1.414214
43.000000  29.000000  1.414214
43.100000  38.500000  3.535534
43.200000  28.500000  4.949747
43.300000  36.500000  2.121320
43.400000  36.500000  2.121320
43.500000  37.500000  2.121320
43.600000  38.500000  9.192388
43.700000  36.500000  6.363961
43.800000  40.000000  1.414214
43.900000  41.000000  2.828427
44.000000  36.000000  4.242641
44.100000  34.500000  9.192388
44.200000  42.000000  4.242641
44.300000  38.000000  1.414214
44.400000  34.500000  0.707107
44.500000  33.500000  3.535534
44.600000  33.500000  0.707107
44.700000  40.500000  2.121320
44.800000  37.000000  8.485281
44.900000  31.500000  2.121320
45.000000  28.500000  2.121320
45.100000  30.500000  2.121320
45.200000  22.500000  6.363961
45.300000  26.500000  10.606602
45.400000  28.500000  12.020815
45.500000  21.000000  7.071068
45.600000  26.000000  11.313708
45.700000  22.000000  8.485281
45.800000  23.500000  0.707107
45.900000  33.000000  16.970563
46.000000  27.000000  7.071068
46.100000  29.000000  21.213203
46.200000  22.500000  9.192388
46.300000  25.500000  6.363961
46.400000  24.500000  4.949747
46.500000  25.500000  12.020815
46.600000  24.000000  14.142136
46.700000  26.000000  12.727922
46.800000  30.500000  9.192388
46.900000  30.500000  10.606602
47.000000  24.000000  4.242641
47.100000  30.500000  12.020815
47.200000  24.000000  2.828427
47.300000  26.000000  9.899495
47.400000  30.000000  18.384776
47.500000  26.500000  10.606602
47.600000  25.000000  8.485281
47.700000  26.000000  9.899495
47.800000  26.000000  8.485281
47.900000  29.000000  14.142136
48.000000  26.500000  6.363961
48.100000  29.000000  11.313708
48.200000  26.500000  7.778175
48.300000  29.500000  12.020815
48.400000  33.000000  9.899495
48.500000  24.500000  7.778175
48.600000  26.000000  2.828427
48.700000  27.000000  9.899495
48.800000  27.000000  9.899495
48.900000  28.500000  10.606602
49.000000  28.000000  8.485281
49.100000  30.500000  10.606602
49.200000  32.000000  18.384776
49.300000  28.500000  9.192388
49.400000  25.500000  4.949747
49.500000  26.000000  7.071068
49.600000  29.000000  8.485281
49.700000  23.000000  7.071068
49.800000  30.000000  4.242641
49.900000  32.000000  11.313708
50.000000  31.500000  9.192388
50.100000  23.500000  7.778175
50.200000  30.500000  10.606602
50.300000  25.000000  11.313708
50.400000  28.500000  12.020815
50.500000  26.000000  9.899495
50.600000  30.500000  19.091883
50.700000  26.500000  13.435029
50.800000  25.000000  14.142136
50.900000  26.000000  14.142136
51.000000  25.000000  11.313708
51.100000  30.000000  12.727922
51.200000  32.000000  5.656854
51.300000  29.000000  2.828427
51.400000  30.500000  14.849242
51.500000  29.000000  8.485281
51.600000  24.000000  1.414214
51.700000  33.000000  2.828427
51.800000  35.000000  4.242641
51.900000  30.000000  5.656854
52.000000  28.000000  7.071068
52.100000  31.500000  3.535534
52.200000  33.000000  1.414214
52.300000  32.000000  4.242641
52.400000  31.500000  0.707107
52.500000  28.500000  3.535534
52.600000  36.500000  10.606602
52.700000  30.500000  9.192388
52.800000  31.500000  0.707107
52.900000  31.000000  2.828427
53.000000  35.000000  2.828427
53.100000  30.500000  13.435029
53.200000  35.000000  4.242641
53.300000  34.000000  0.000000
53.400000  33.500000  3.535534
53.500000  42.000000  2.828427
53.600000  31.500000  2.121320
53.700000  37.500000  4.949747
53.800000  34.000000  4.242641
53.900000  34.500000  0.707107
54.000000  31.500000  0.707107
54.100000  28.500000  7.778175
54.200000  31.500000  2.121320
54.300000  38.000000  7.071068
54.400000  31.000000  1.414214
54.500000  34.500000  0.707107
54.600000  30.000000  5.656854
54.700000  35.500000  10.606602
54.800000  35.000000  7.071068
54.900000  27.500000  3.535534
55.000000  36.000000  8.485281
55.100000  31.500000  10.606602
55.200000  28.000000  7.071068
55.300000  35.500000  0.707107
55.400000  35.000000  4.242641
55.500000  33.500000  10.606602
55.600000  29.000000  2.828427
55.700000  38.000000  5.656854
55.800000  31.000000  0.000000
55.900000  34.000000  5.656854
56.000000  31.500000  3.535534
56.100000  27.500000  10.606602
56.200000  39.000000  2.828427
56.300000  31.500000  7.778175
56.400000  29.500000  3.535534
56.500000  29.000000  9.899495
56.600000  36.000000  8.485281
56.700000  35.500000  4.949747
56.800000  30.000000  4.242641
56.900000  29.500000  3.535534
57.000000  28.500000  2.121320
57.100000  34.000000  4.242641
57.200000  32.500000  7.778175
57.300000  31.500000  3.535534
57.400000  33.000000  2.828427
57.500000  31.000000  2.828427
57.600000  29.500000  0.707107
57.700000  25.500000  2.121320
57.800000  36.500000  0.707107
57.900000  38.000000  7.071068
58.000000  25.000000  1.414214
58.100000  28.500000  3.535534
58.200000  33.500000  0.707107
58.300000  33.500000  7.778175
58.400000  26.000000  2.828427
58.500000  32.500000  3.535534
58.600000  34.500000  0.707107
58.700000  33.500000  0.707107
58.800000  38.500000  4.949747
58.900000  27.500000  0.707107
59.000000  29.500000  0.707107
59.100000  34.500000  2.121320
59.200000  33.000000  9.899495
59.300000  36.000000  7.071068
59.400000  33.500000  3.535534
59.500000  31.500000  2.121320
59.600000  27.500000  0.707107
59.700000  35.000000  7.071068
59.800000  36.500000  6.363961
59.900000  31.000000  2.828427
60.000000  32.500000  9.192388
60.100000  28.000000  5.656854
60.200000  32.000000  9.899495
60.300000  35.500000  2.121320
60.400000  29.500000  4.949747
60.500000  29.500000  0.707107
60.600000  30.500000  10.606602
60.700000  31.000000  0.000000
60.800000  31.500000  3.535534
60.900000  29.000000  4.242641
61.000000  32.000000  8.485281
61.100000  35.000000  5.656854
61.200000  33.500000  4.949747
61.300000  31.500000  0.707107
61.400000  34.500000  2.121320
61.500000  35.000000  2.828427
61.600000  31.500000  0.707107
61.700000  27.500000  2.121320
61.800000  25.500000  2.121320
61.900000  26.500000  4.949747
62.000000  24.000000  1.414214
62.100000  30.000000  0.000000
62.200000  31.000000  0.000000
62.300000  25.000000  1.414214
62.400000  33.000000  5.656854
62.500000  34.000000  1.414214
62.600000  27.500000  6.363961
62.700000  31.500000  0.707107
62.800000  31.000000  5.656854
62.900000  27.000000  2.828427
63.000000  32.500000  2.121320
63.100000  36.000000  11.313708
63.200000  31.000000  1.414214
63.300000  33.500000  6.363961
63.400000  37.000000  8.485281
63.500000  30.500000  0.707107
63.600000  27.500000  2.121320
63.700000  34.000000  2.828427
63.800000  29.000000  1.414214
63.900000  30.500000  2.121320
64.000000  29.000000  4.242641
64.100000  33.500000  7.778175
64.200000  27.000000  1.414214
64.300000  31.500000  7.778175
64.400000  34.000000  0.000000
64.500000  30.500000  0.707107
64.600000  33.500000  3.535534
64.700000  33.000000  5.656854
64.800000  30.500000  3.535534
64.900000  32.500000  4.949747
65.000000  34.500000  12.020815
65.100000  25.000000  7.071068
65.200000  32.500000  6.363961
65.300000  34.500000  16.263456
65.400000  32.500000  6.363961
65.500000  31.000000  2.828427
65.600000  32.000000  15.556349
65.700000  35.000000  11.313708
65.800000  23.500000  7.778175
65.900000  30.000000  15.556349
66.000000  31.000000  7.071068
66.100000  27.000000  15.556349
66.200000  26.500000  14.849242
66.300000  33.000000  7.071068
66.400000  25.500000  7.778175
66.500000  24.000000  8.485281
66.600000  29.000000  14.142136
66.700000  27.500000  6.363961
66.800000  31.000000  7.071068
66.900000  31.500000  10.606602
67.000000  30.500000  7.778175
67.100000  25.500000  0.707107
67.200000  27.000000  1.414214
67.300000  29.500000  10.606602
67.400000  23.000000  2.828427
67.500000  26.500000  10.606602
67.600000  31.500000  14.849242
67.700000  35.000000  16.970563
67.800000  30.000000  15.556349
67.900000  26.500000  0.707107
68.000000  26.000000  11.313708
68.100000  30.000000  9.899495
68.200000  26.000000  9.899495
68.300000  25.000000  12.727922
68.400000  33.000000  11.313708
68.500000  24.000000  4.242641
68.600000  22.500000  12.020815
68.700000  26.000000  8.485281
68.800000  22.000000  4.242641
68.900000  26.500000  6.363961
69.000000  24.500000  6.363961
69.100000  27.500000  3.535534
69.200000  27.500000  6.363961
69.300000  31.000000  9.899495
69.400000  24.000000  2.828427
69.500000  28.000000  14.142136
69.600000  25.500000  9.192388
69.700000  28.000000  0.000000
69.800000  27.000000  18.384776
69.900000  36.000000  14.142136
70.000000  28.000000  9.899495
70.100000  27.500000  9.192388
70.200000  30.500000  10.606602
70.300000  28.500000  10.606602
70.400000  23.500000  2.121320
70.500000  30.000000  9.899495
70.600000  29.000000  11.313708
70.700000  32.000000  8.485281
70.800000  30.000000  16.970563
70.900000  29.500000  7.778175
71.000000  29.000000  8.485281
71.100000  29.500000  9.192388
71.200000  29.000000  15.556349
71.300000  27.000000  4.242641
71.400000  28.000000  2.828427
71.500000  27.500000  6.363961
71.600000  27.000000  8.485281
71.700000  31.500000  14.849242
71.800000  29.000000  8.485281
71.900000  29.500000  14.849242
72.000000  28.500000  13.435029
72.100000  25.000000  4.242641
72.200000  27.500000  0.707107
72.300000  28.000000  8.485281
72.400000  34.000000  2.828427
72.500000  25.500000  12.020815
72.600000  29.000000  8.485281
72.700000  34.000000  16.970563
72.800000  30.500000  16.263456
72.900000  33.000000  11.313708
73.000000  32.000000  16.970563
73.100000  23.000000  7.071068
73.200000  32.500000  13.435029
73.300000  27.000000  4.242641
73.400000  32.000000  7.071068
73.500000  30.000000  11.313708
73.600000  21.500000  2.121320
73.700000  23.500000  3.535534
73.800000  28.000000  8.485281
73.900000  30.500000  16.263456
74.000000  32.000000  9.899495
74.100000  26.500000  0.707107
74.200000  31.000000  7.071068
74.300000  30.000000  8.485281
74.400000  25.500000  4.949747
74.500000  28.000000  11.313708
74.600000  28.000000  5.656854
74.700000  27.000000  8.485281
74.800000  31.000000  5.656854
74.900000  23.000000  2.828427
75.000000  25.000000  14.142136
75.100000  27.000000  4.242641
75.200000  30.500000  6.363961
75.300000  29.000000  12.727922
75.400000  28.500000  3.535534
75.500000  26.500000  4.949747
75.600000  29.500000  13.435029
75.700000  33.000000  14.142136
75.800000  32.500000  12.020815
75.900000  31.500000  12.020815
76.000000  29.500000  7.778175
76.100000  23.000000  7.071068
76.200000  28.500000  4.949747
76.300000  26.500000  3.535534
76.400000  25.500000  10.606602
76.500000  28.500000  6.363961
76.600000  25.000000  0.000000
76.700000  29.500000  7.778175
76.800000  31.000000  7.071068
76.900000  35.000000  11.313708
77.000000  30.000000  2.828427
77.100000  26.000000  7.071068
77.200000  30.000000  11.313708
77.300000  29.500000  0.707107
77.400000  32.500000  10.606602
77.500000  30.000000  4.242641
77.600000  25.000000  1.414214
77.700000  26.500000  12.020815
77.800000  31.500000  13.435029
77.900000  31.000000  18.384776
78.000000  35.000000  8.485281
78.100000  29.500000  14.849242
78.200000  33.500000  9.192388
78.300000  28.000000  18.384776
78.400000  26.000000  14.142136
78.500000  29.500000  4.949747
78.600000  34.500000  13.435029
78.700000  27.500000  13.435029
78.800000  33.500000  6.363961
78.900000  33.000000  7.071068
79.000000  28.500000  3.535534
79.100000  35.500000  9.192388
79.200000  26.000000  12.727922
79.300000  23.000000  5.656854
79.400000  32.500000  14.849242
79.500000  29.500000  7.778175
79.600000  30.500000  7.778175
79.700000  23.000000  5.656854
79.800000  31.500000  17.677670
79.900000  28.000000  9.899495
80.000000  36.000000  16.970563
80.100000  30.000000  14.142136
80.200000  29.000000  14.142136
80.300000  30.500000  14.849242
80.400000  32.500000  16.263456
80.500000  32.500000  12.020815
80.600000  31.000000  5.656854
80.700000  23.000000  9.899495
80.800000  34.000000  9.899495
80.900000  25.000000  7.071068
81.000000  33.000000  7.071068
81.100000  28.000000  12.727922
81.200000  25.000000  11.313708
81.300000  24.500000  6.363961
81.400000  28.500000  12.020815
81.500000  28.000000  8.485281
81.600000  28.000000  11.313708
81.700000  33.000000  12.727922
81.800000  28.500000  6.363961
81.900000  29.500000  9.192388
82.000000  29.000000  8.485281
82.100000  25.000000  9.899495
82.200000  31.000000  14.142136
82.300000  25.500000  9.192388
82.400000  34.000000  15.556349
82.500000  24.500000  6.363961
82.600000  29.500000  6.363961
82.700000  30.000000  8.485281
82.800000  31.500000  9.192388
82.900000  35.000000  14.142136
83.000000  29.000000  5.656854
83.100000  26.500000  3.535534
83.200000  32.000000  18.384776
83.300000  32.500000  12.020815
83.400000  33.000000  15.556349
83.500000  27.500000  10.606602
83.600000  32.000000  12.727922
83.700000  28.000000  2.828427
83.800000  24.000000  8.485281
83.900000  26.500000  10.606602
84.000000  30.500000  14.849242
84.100000  32.500000  9.192388
84.200000  34.500000  12.020815
84.300000  32.500000  12.020815
84.400000  26.000000  7.071068
84.500000  32.000000  5.656854
84.600000  35.000000  12.727922
84.700000  29.000000  9.899495
84.800000  25.000000  4.242641
84.900000  29.000000  18.384776
85.000000  34.000000  12.727922
85.100000  34.000000  15.556349
85.200000  36.500000  12.020815
85.300000  34.500000  17.677670
85.400000  29.500000  16.263456
85.500000  29.000000  9.899495
85.600000  36.000000  22.627417
85.700000  24.500000  10.606602
85.800000  36.500000  17.677670
85.900000  24.500000  7.778175
86.000000  30.500000  9.192388
86.100000  27.500000  9.192388
86.200000  30.500000  12.020815
86.300000  31.500000  6.363961
86.400000  30.500000  9.192388
86.500000  30.000000  8.485281
86.600000  30.500000  12.020815
86.700000  32.000000  9.899495
86.800000  30.500000  14.849242
86.900000  32.000000  5.656854
87.000000  25.500000  17.677670
87.100000  30.500000  10.606602
87.200000  29.500000  7.778175
87.300000  26.000000  9.899495
87.400000  25.500000  12.020815
87.500000  31.000000  5.656854
87.600000  33.000000  4.242641
87.700000  26.500000  10.606602
87.800000  25.500000  12.020815
87.900000  29.500000  7.778175
88.000000  29.000000  4.242641
88.100000  30.500000  13.435029
88.200000  28.000000  11.313708
88.300000  26.000000  12.727922
88.400000  21.000000  5.656854
88.500000  27.000000  8.485281
88.600000  26.000000  19.798990
88.700000  28.500000  10.606602
88.800000  27.000000  2.828427
88.900000  27.000000  7.071068
89.000000  35.000000  11.313708
89.100000  30.000000  12.727922
89.200000  25.000000  8.485281
89.300000  32.000000  16.970563
89.400000  29.500000  9.192388
89.500000  24.000000  5.656854
89.600000  20.500000  6.363961
89.700000  30.500000  12.020815
89.800000  25.000000  9.899495
89.900000  23.500000  0.707107
90.000000  23.000000  7.071068
90.100000  26.000000  5.656854
90.200000  26.500000  6.363961
90.300000  27.000000  7.071068
90.400000  23.000000  15.556349
90.500000  27.000000  8.485281
90.600000  24.500000  3.535534
90.700000  28.500000  13.435029
90.800000  23.500000  7.778175
90.900000  28.500000  14.849242
91.000000  20.500000  7.778175
91.100000  25.000000  5.656854
91.200000  32.500000  12.020815
91.300000  24.000000  2.828427
91.400000  24.500000  6.363961
91.500000  28.500000  6.363961
91.600000  26.500000  4.949747
91.700000  32.500000  20.506097
91.800000  28.500000  17.677670
91.900000  26.500000  9.192388
92.000000  34.500000  19.091883
92.100000  27.500000  19.091883
92.200000  31.500000  12.020815
92.300000  32.500000  17.677670
92.400000  32.500000  12.020815
92.500000  29.000000  8.485281
92.600000  26.500000  17.677670
92.700000  26.000000  11.313708
92.800000  28.500000  14.849242
92.900000  35.500000  19.091883
93.000000  30.500000  9.192388
93.100000  23.000000  9.899495
93.200000  29.500000  10.606602
93.300000  32.000000  15.556349
93.400000  26.500000  9.192388
93.500000  26.500000  10.606602
93.600000  31.000000  11.313708
93.700000  34.500000  14.849242
93.800000  33.000000  9.899495
93.900000  33.500000  7.778175
94.000000  27.500000  12.020815
94.100000  25.500000  7.778175
94.200000  29.500000  6.363961
94.300000  28.500000  9.192388
94.400000  33.500000  13.435029
94.500000  30.000000  12.727922
94.600000  34.000000  16.970563
94.700000  23.000000  12.727922
94.800000  28.000000  14.142136
94.900000  27.500000  12.020815
95.000000  28.500000  7.778175
95.100000  26.000000  11.313708
95.200000  27.000000  21.213203
95.300000  34.000000  11.313708
95.400000  33.500000  16.263456
95.500000  32.000000  11.313708
95.600000  32.500000  14.849242
95.700000  29.000000  21.213203
95.800000  26.500000  6.363961
95.900000  29.500000  9.192388
96.000000  26.500000  9.192388
96.100000  29.000000  11.313708
96.200000  25.000000  5.656854
96.300000  28.500000  12.020815
96.400000  30.000000  11.313708
96.500000  30.000000  11.313708
96.600000  31.000000  9.899495
96.700000  34.500000  12.020815
96.800000  34.000000  16.970563
96.900000  33.500000  23.334524
97.000000  34.500000  12.020815
97.100000  29.000000  19.798990
97.200000  30.000000  12.727922
97.300000  35.500000  14.849242
97.400000  26.000000  15.556349
97.500000  26.500000  7.778175
97.600000  26.500000  12.020815
97.700000  30.500000  4.949747
97.800000  31.000000  5.656854
97.900000  26.500000  0.707107
98.000000  23.000000  4.242641
98.100000  24.500000  7.778175
98.200000  30.000000  21.213203
98.300000  26.500000  13.435029
98.400000  18.500000  12.020815
98.500000  26.000000  8.485281
98.600000  32.500000  7.778175
98.700000  29.500000  4.949747
98.800000  26.500000  7.778175
98.900000  23.000000  19.798990
99.000000  22.000000  14.142136
99.100000  28.500000  17.677670
99.200000  20.000000  14.142136
99.300000  24.500000  24.748737
99.400000  22.500000  16.263456
99.500000  25.000000  21.213203
99.600000  24.500000  20.506097
99.700000  26.500000  17.677670
99.800000  28.500000  19.091883
99.900000  23.000000  12.727922
100.000000  24.500000  19.091883
100.100000  27.000000  21.213203
100.200000  25.500000  19.091883
100.300000  30.500000  14.849242
100.400000  21.500000  19.091883
100.500000  24.500000  17.677670
100.600000  24.500000  17.677670
100.700000  22.500000  20.506097
100.800000  25.000000  15.556349
100.900000  29.500000  17.677670
101.000000  21.500000  7.778175
101.100000  27.500000  14.849242
101.200000  28.500000  16.263456
101.300000  28.000000  18.384776
101.400000  31.000000  16.970563
101.500000  24.500000  21.920310
101.600000  24.000000  12.727922
101.700000  24.000000  16.970563
101.800000  29.500000  14.849242
101.900000  33.000000  18.384776
102.000000  33.000000  11.313708
102.100000  25.500000  0.707107
102.200000  33.500000  7.778175
102.300000  27.500000  7.778175
102.400000  29.500000  4.949747
102.500000  31.500000  4.949747
102.600000  30.000000  5.656854
102.700000  30.000000  11.313708
102.800000  29.000000  12.727922
102.900000  21.000000  15.556349
103.000000  21.000000  16.970563
103.100000  30.000000  8.485281
103.200000  35.000000  5.656854
103.300000  26.500000  19.091883
103.400000  27.000000  15.556349
103.500000  29.000000  5.656854
103.600000  32.500000  10.606602
103.700000  30.000000  5.656854
103.800000  24.500000  12.020815
103.900000  22.000000  18.384776
104.000000  26.500000  9.192388
104.100000  21.500000  16.263456
104.200000  23.000000  15.556349
104.300000  24.000000  7.071068
104.400000  32.500000  12.020815
104.500000  22.000000  2.828427
104.600000  24.000000  15.556349
104.700000  31.000000  7.071068
104.800000  30.500000  10.606602
104.900000  31.000000  12.727922
105.000000  29.000000  12.727922
105.100000  31.000000  4.242641
105.200000  27.000000  9.899495
105.300000  30.500000  14.849242
105.400000  32.500000  14.849242
105.500000  28.000000  8.485281
105.600000  25.000000  14.142136
105.700000  24.500000  3.535534
105.800000  27.500000  13.435029
105.900000  30.500000  6.363961
106.000000  24.000000  15.556349
106.100000  20.000000  5.656854
106.200000  20.500000  3.535534
106.300000  28.000000  7.071068
106.400000  31.000000  5.656854
106.500000  18.500000  7.778175
106.600000  23.500000  12.020815
106.700000  27.500000  13.435029
106.800000  24.000000  0.000000
106.900000  24.500000  6.363961
107.000000  25.500000  12.020815
107.100000  29.000000  16.970563
107.200000  18.500000  14.849242
107.300000  21.000000  15.556349
107.400000  22.500000  7.778175
107.500000  26.500000  12.020815
107.600000  20.000000  5.656854
107.700000  22.500000  12.020815
107.800000  22.500000  7.778175
107.900000  24.000000  11.313708
108.000000  25.000000  8.485281
108.100000  21.500000  9.192388
108.200000  26.000000  18.384776
108.300000  28.500000  16.263456
108.400000  29.000000  24.041631
108.500000  29.500000  19.091883
108.600000  21.000000  7.071068
108.700000  32.500000  20.506097
108.800000  21.000000  18.384776
108.900000  25.000000  11.313708
109.000000  23.000000  7.071068
109.100000  20.500000  16.263456
109.200000  16.500000  3.535534
109.300000  22.500000  16.263456
109.400000  20.500000  13.435029
109.500000  21.500000  16.263456
109.600000  21.000000  12.727922
109.700000  19.000000  9.899495
109.800000  22.000000  12.727922
109.900000  23.000000  15.556349
110.000000  22.000000  14.142136
110.100000  19.500000  12.020815
110.200000  27.500000  19.091883
110.300000  23.500000  14.849242
110.400000  31.000000  15.556349
110.500000  29.500000  3.535534
110.600000  27.000000  11.313708
110.700000  28.500000  2.121320
110.800000  24.500000  0.707107
110.900000  31.500000  13.435029
111.000000  26.000000  12.727922
111.100000  23.000000  7.071068
111.200000  31.000000  9.899495
111.300000  28.500000  9.192388
111.400000  33.000000  9.899495
111.500000  25.500000  9.192388
111.600000  23.000000  12.727922
111.700000  29.000000  12.727922
111.800000  33.500000  14.849242
111.900000  33.500000  10.606602
112.000000  29.500000  12.020815
112.100000  27.500000  6.363961
112.200000  33.500000  20.506097
112.300000  28.000000  5.656854
112.400000  34.500000  16.263456
112.500000  28.500000  19.091883
112.600000  21.000000  15.556349
112.700000  29.000000  22.627417
112.800000  27.000000  22.627417
112.900000  22.500000  16.263456
113.000000  29.500000  17.677670
113.100000  26.000000  21.213203
113.200000  25.500000  20.506097
113.300000  25.500000  19.091883
113.400000  29.500000  27.577164
113.500000  24.500000  19.091883
113.600000  23.000000  15.556349
113.700000  19.000000  11.313708
113.800000  28.500000  14.849242
113.900000  26.500000  14.849242
114.000000  23.000000  18.384776
114.100000  21.500000  16.263456
114.200000  28.500000  17.677670
114.300000  18.500000  13.435029
114.400000  27.500000  20.506097
114.500000  19.500000  9.192388
114.600000  17.500000  7.778175
114.700000  23.000000  16.970563
114.800000  20.000000  11.313708
114.900000  19.000000  12.727922
115.000000  21.000000  11.313708
115.100000  18.500000  12.020815
115.200000  23.500000  17.677670
115.300000  28.500000  23.334524
115.400000  20.000000  15.556349
115.500000  21.500000  14.849242
115.600000  16.000000  8.485281
115.700000  18.000000  8.485281
115.800000  18.500000  9.192388
115.900000  18.500000  9.192388
116.000000  23.000000  21.213203
116.100000  22.000000  12.727922
116.200000  19.500000  12.020815
116.300000  22.500000  13.435029
116.400000  20.000000  12.727922
116.500000  25.000000  18.384776
116.600000  17.500000  9.192388
116.700000  21.500000  9.192388
116.800000  25.500000  12.020815
116.900000  24.500000  19.091883
117.000000  22.000000  14.142136
117.100000  22.000000  12.727922
117.200000  21.000000  15.556349
117.300000  25.000000  18.384776
117.400000  26.500000  21.920310
117.500000  22.500000  17.677670
117.600000  28.000000  24.041631
117.700000  23.500000  17.677670
117.800000  20.500000  14.849242
117.900000  23.000000  15.556349
118.000000  22.000000  14.142136
118.100000  20.000000  11.313708
118.200000  26.500000  13.435029
118.300000  24.500000  10.606602
118.400000  29.000000  16.970563
118.500000  25.500000  10.606602
118.600000  24.500000  16.263456
118.700000  23.500000  12.020815
118.800000  20.000000  11.313708
118.900000  25.500000  16.263456
119.000000  23.500000  16.263456
119.100000  27.000000  15.556349
119.200000  27.000000  15.556349
119.300000  24.000000  12.727922
119.400000  26.500000  16.263456
119.500000  30.000000  18.384776
119.600000  22.500000  12.020815
119.700000  28.000000  18.384776
119.800000  24.000000  11.313708
119.900000  24.500000  12.020815
120.000000  21.000000  7.071068
120.100000  24.500000  16.263456
120.200000  22.000000  12.727922
120.300000  23.000000  11.313708
120.400000  22.000000  5.656854
120.500000  26.000000  14.142136
120.600000  22.500000  7.778175
120.700000  27.000000  16.970563
120.800000  21.000000  8.485281
120.900000  27.000000  14.142136
121.000000  27.000000  15.556349
121.100000  21.500000  10.606602
121.200000  26.000000  16.970563
121.300000  22.000000  8.485281
121.400000  20.000000  7.071068
121.500000  24.500000  12.020815
121.600000  28.500000  16.263456
121.700000  27.500000  16.263456
121.800000  21.500000  7.778175
121.900000  24.000000  12.727922
122.000000  24.500000  14.849242
122.100000  21.000000  15.556349
122.200000  23.000000  18.384776
122.300000  26.500000  16.263456
122.400000  25.500000  16.263456
122.500000  20.000000  8.485281
122.600000  22.000000  8.485281
122.700000  22.500000  9.192388
122.800000  26.500000  16.263456
122.900000  24.000000  11.313708
123.000000  19.000000  12.727922
123.100000  21.000000  5.656854
123.200000  23.000000  9.899495
123.300000  23.500000  10.606602
123.400000  20.000000  9.899495
123.500000  18.500000  3.535534
123.600000  24.000000  19.798990
123.700000  23.500000  10.606602
123.800000  24.500000  12.020815
123.900000  27.000000  14.142136
124.000000  25.000000  1.414214
124.100000  22.500000  6.363961
124.200000  28.000000  9.899495
124.300000  26.500000  10.606602
124.400000  25.500000  19.091883
124.500000  23.500000  17.677670
124.600000  19.000000  14.142136
124.700000  22.000000  16.970563
124.800000  23.500000  16.263456
124.900000  24.000000  14.142136
125.000000  21.000000  14.142136
125.100000  21.500000  17.677670
125.200000  21.500000  17.677670
125.300000  17.500000  12.020815
125.400000  19.500000  16.263456
125.500000  22.000000  16.970563
125.600000  23.000000  19.798990
125.700000  20.500000  16.263456
125.800000  25.000000  19.798990
125.900000  18.000000  12.727922
126.000000  24.000000  21.213203
126.100000  15.500000  7.778175
126.200000  26.000000  24.041631
126.300000  23.000000  19.798990
126.400000  20.000000  14.142136
126.500000  24.500000  13.435029
126.600000  22.500000  19.091883
126.700000  21.500000  17.677670
126.800000  19.500000  13.435029
126.900000  25.500000  17.677670
127.000000  23.500000  17.677670
127.100000  21.000000  15.556349
127.200000  27.500000  16.263456
127.300000  25.000000  18.384776
127.400000  21.500000  17.677670
127.500000  16.500000  13.435029
127.600000  16.500000  12.020815
127.700000  23.000000  21.213203
127.800000  22.000000  18.384776
127.900000  22.000000  16.970563
128.000000  22.000000  18.384776
128.100000  21.500000  19.091883
128.200000  21.000000  15.556349
128.300000  19.500000  14.849242
128.400000  18.500000  12.020815
128.500000  13.000000  7.071068
128.600000  20.500000  16.263456
128.700000  24.500000  17.677670
128.800000  21.500000  16.263456
128.900000  19.500000  14.849242
129.000000  18.000000  12.727922
129.100000  24.000000  18.384776
129.200000  23.000000  15.556349
129.300000  22.000000  15.556349
129.400000  26.000000  14.142136
129.500000  24.500000  10.606602
129.600000  18.500000  10.606602
129.700000  25.000000  9.899495
129.800000  17.500000  12.020815
129.900000  21.000000  7.071068
130.000000  27.000000  5.656854
130.100000  21.500000  13.435029
130.200000  26.000000  14.142136
130.300000  16.500000  3.535534
130.400000  18.500000  6.363961
130.500000  23.000000  5.656854
130.600000  23.500000  9.192388
130.700000  17.500000  7.778175
130.800000  25.000000  11.313708
130.900000  26.500000  14.849242
131.000000  25.000000  12.727922
131.100000  21.500000  10.606602
131.200000  23.500000  14.849242
131.300000  28.000000  25.455844
131.400000  27.500000  19.091883
131.500000  27.000000  16.970563
131.600000  27.000000  19.798990
131.700000  27.000000  18.384776
131.800000  26.500000  12.020815
131.900000  18.500000  9.192388
132.000000  23.500000  14.849242
132.100000  23.000000  14.142136
132.200000  24.500000  9.192388
132.300000  24.000000  19.798990
132.400000  23.500000  13.435029
132.500000  26.000000  5.656854
132.600000  26.000000  14.142136
132.700000  25.000000  9.899495
132.800000  21.000000  11.313708
132.900000  19.500000  13.435029
133.000000  19.000000  12.727922
133.100000  20.500000  9.192388
133.200000  26.000000  12.727922
133.300000  27.000000  15.556349
133.400000  26.500000  20.506097
133.500000  30.500000  19.091883
133.600000  21.000000  8.485281
133.700000  25.000000  22.627417
133.800000  24.500000  16.263456
133.900000  28.500000  21.920310
134.000000  31.000000  21.213203
134.100000  24.500000  17.677670
134.200000  25.000000  12.727922
134.300000  26.000000  14.142136
134.400000  29.000000  18.384776
134.500000  25.500000  14.849242
134.600000  27.500000  16.263456
134.700000  25.000000  15.556349
134.800000  27.500000  16.263456
134.900000  23.500000  12.020815
135.000000  25.500000  9.192388
135.100000  24.500000  12.020815
135.200000  27.500000  17.677670
135.300000  27.000000  15.556349
135.400000  24.000000  11.313708
135.500000  24.500000  10.606602
135.600000  24.000000  12.727922
135.700000  23.500000  14.849242
135.800000  30.500000  21.920310
135.900000  26.000000  14.142136
136.000000  21.500000  6.363961
136.100000  27.000000  15.556349
136.200000  21.500000  7.778175
136.300000  27.000000  12.727922
136.400000  23.000000  8.485281
136.500000  25.000000  11.313708
136.600000  23.000000  11.313708
136.700000  28.000000  12.727922
136.800000  24.500000  14.849242
136.900000  25.500000  13.435029
137.000000  27.000000  15.556349
137.100000  20.500000  12.020815
137.200000  25.000000  14.142136
137.300000  26.500000  13.435029
137.400000  22.000000  5.656854
137.500000  29.000000  18.384776
137.600000  25.500000  13.435029
137.700000  25.500000  13.435029
137.800000  24.500000  13.435029
137.900000  23.500000  10.606602
138.000000  25.000000  15.556349
138.100000  22.000000  18.384776
138.200000  19.000000  12.727922
138.300000  21.000000  14.142136
138.400000  25.000000  11.313708
138.500000  27.000000  14.142136
138.600000  24.000000  12.727922
138.700000  27.000000  15.556349
138.800000  22.500000  9.192388
138.900000  27.000000  15.556349
139.000000  26.500000  13.435029
139.100000  22.500000  10.606602
139.200000  20.000000  9.899495
139.300000  24.000000  14.142136
139.400000  21.500000  10.606602
139.500000  23.500000  21.920310
139.600000  21.000000  15.556349
139.700000  26.000000  11.313708
139.800000  23.500000  9.192388
139.900000  24.000000  9.899495
140.000000  24.000000  16.970563
140.100000  25.000000  15.556349
140.200000  27.500000  14.849242
140.300000  25.500000  19.091883
140.400000  24.500000  10.606602
140.500000  24.000000  11.313708
140.600000  29.000000  16.970563
140.700000  27.500000  13.435029
140.800000  24.000000  9.899495
140.900000  25.000000  15.556349
141.000000  25.500000  12.020815
141.100000  24.000000  12.727922
141.200000  29.000000  16.970563
141.300000  30.000000  21.213203
141.400000  23.000000  9.899495
141.500000  26.000000  15.556349
141.600000  24.500000  12.020815
141.700000  21.500000  6.363961
141.800000  24.000000  11.313708
141.900000  28.000000  16.970563
142.000000  24.000000  8.485281
142.100000  20.500000  12.020815
142.200000  20.500000  14.849242
142.300000  26.000000  24.041631
142.400000  24.500000  20.506097
142.500000  20.500000  17.677670
142.600000  26.000000  24.041631
142.700000  27.500000  16.263456
142.800000  29.000000  16.970563
142.900000  27.500000  17.677670
143.000000  30.500000  17.677670
143.100000  25.500000  13.435029
143.200000  30.500000  20.506097
143.300000  29.500000  19.091883
143.400000  27.500000  16.263456
143.500000  27.000000  15.556349
143.600000  26.500000  20.506097
143.700000  29.000000  21.213203
143.800000  27.500000  26.162951
143.900000  24.000000  9.899495
144.000000  27.500000  16.263456
144.100000  27.000000  14.142136
144.200000  30.000000  28.284271
144.300000  26.000000  15.556349
144.400000  24.000000  12.727922
144.500000  24.000000  14.142136
144.600000  31.500000  21.920310
144.700000  24.500000  10.606602
144.800000  25.500000  12.020815
144.900000  25.000000  14.142136
145.000000  28.500000  16.263456
145.100000  28.000000  16.970563
145.200000  32.500000  23.334524
145.300000  28.000000  16.970563
145.400000  28.500000  19.091883
145.500000  21.000000  8.485281
145.600000  21.500000  6.363961
145.700000  26.000000  12.727922
145.800000  27.000000  18.384776
145.900000  26.000000  14.142136
146.000000  27.000000  16.970563
146.100000  27.500000  14.849242
146.200000  25.000000  15.556349
146.300000  25.000000  12.727922
146.400000  27.000000  14.142136
146.500000  25.500000  13.435029
146.600000  24.500000  10.606602
146.700000  24.500000  12.020815
146.800000  24.500000  10.606602
146.900000  26.000000  14.142136
147.000000  28.000000  19.798990
147.100000  21.000000  7.071068
147.200000  17.000000  4.242641
147.300000  22.500000  9.192388
147.400000  25.000000  12.727922
147.500000  23.500000  12.020815
147.600000  26.000000  14.142136
147.700000  25.500000  12.020815
147.800000  25.000000  11.313708
147.900000  26.000000  14.142136
148.000000  29.000000  15.556349
148.100000  26.500000  16.263456
148.200000  24.000000  11.313708
148.300000  22.000000  8.485281
148.400000  23.000000  11.313708
148.500000  19.000000  2.828427
148.600000  24.500000  7.778175
148.700000  23.000000  8.485281
148.800000  21.500000  7.778175
148.900000  23.000000  12.727922
149.000000  25.000000  12.727922
149.100000  25.500000  13.435029
149.200000  25.500000  12.020815
149.300000  21.000000  15.556349
149.400000  25.500000  13.435029
149.500000  24.000000  14.142136
149.600000  28.000000  14.142136
149.700000  24.000000  14.142136
149.800000  21.000000  16.970563
149.900000  27.000000  18.384776
150.000000  25.500000  13.435029
150.100000  26.000000  16.970563
150.200000  24.000000  14.142136
150.300000  24.000000  12.727922
150.400000  23.500000  10.606602
150.500000  27.000000  15.556349
150.600000  17.500000  0.707107
150.700000  22.000000  7.071068
150.800000  21.500000  6.363961
150.900000  26.000000  14.142136
151.000000  23.000000  9.899495
151.100000  30.500000  20.506097
151.200000  26.500000  16.263456
151.300000  26.000000  14.142136
151.400000  22.000000  9.899495
151.500000  19.000000  5.656854
151.600000  21.000000  15.556349
151.700000  26.000000  12.727922
151.800000  28.500000  14.849242
151.900000  25.000000  12.727922
152.000000  26.000000  14.142136
152.100000  25.000000  12.727922
152.200000  20.500000  7.778175
152.300000  25.000000  14.142136
152.400000  29.000000  18.384776
152.500000  22.500000  10.606602
152.600000  22.000000  16.970563
152.700000  28.500000  20.506097
152.800000  22.000000  14.142136
152.900000  27.500000  21.920310
153.000000  27.000000  24.041631
153.100000  23.500000  19.091883
153.200000  26.500000  13.435029
153.300000  27.500000  14.849242
153.400000  17.500000  2.121320
153.500000  21.000000  5.656854
153.600000  29.000000  14.142136
153.700000  24.000000  8.485281
153.800000  22.500000  20.506097
153.900000  20.500000  13.435029
154.000000  24.000000  16.970563
154.100000  19.500000  10.606602
154.200000  28.000000  11.313708
154.300000  25.000000  9.899495
154.400000  26.000000  14.142136
154.500000  24.500000  9.192388
154.600000  29.500000  16.263456
154.700000  26.000000  14.142136
154.800000  26.000000  12.727922
154.900000  20.500000  9.192388
155.000000  20.000000  12.727922
155.100000  23.500000  9.192388
155.200000  25.000000  14.142136
155.300000  26.000000  11.313708
155.400000  25.000000  11.313708
155.500000  25.000000  12.727922
155.600000  28.000000  16.970563
155.700000  21.500000  10.606602
155.800000  25.000000  14.142136
155.900000  28.000000  18.384776
156.000000  23.000000  11.313708
156.100000  27.500000  17.677670
156.200000  27.000000  14.142136
156.300000  23.000000  11.313708
156.400000  26.500000  13.435029
156.500000  29.500000  19.091883
156.600000  26.500000  14.849242
156.700000  22.500000  10.606602
156.800000  27.000000  15.556349
156.900000  28.000000  16.970563
157.000000  23.000000  11.313708
157.100000  24.500000  9.192388
157.200000  24.500000  12.020815
157.300000  28.500000  17.677670
157.400000  20.000000  14.142136
157.500000  24.500000  13.435029
157.600000  22.500000  10.606602
157.700000  27.000000  15.556349
157.800000  24.500000  13.435029
157.900000  24.000000  9.899495
158.000000  24.500000  10.606602
158.100000  28.000000  16.970563
158.200000  25.500000  13.435029
158.300000  25.000000  11.313708
158.400000  24.000000  9.899495
158.500000  28.500000  16.263456
158.600000  22.500000  7.778175
158.700000  23.000000  8.485281
158.800000  27.000000  15.556349
158.900000  24.000000  11.313708
159.000000  26.000000  14.142136
159.100000  24.500000  12.020815
159.200000  24.000000  9.899495
159.300000  20.500000  4.949747
159.400000  18.000000  2.828427
159.500000  27.000000  15.556349
159.600000  23.500000  12.020815
159.700000  21.500000  7.778175
159.800000  23.500000  9.192388
159.900000  20.500000  7.778175
160.000000  24.500000  13.435029
160.100000  26.500000  13.435029
160.200000  24.500000  12.020815
160.300000  26.500000  16.263456
160.400000  25.500000  13.435029
160.500000  23.000000  9.899495
160.600000  23.000000  9.899495
160.700000  24.500000  10.606602
160.800000  25.000000  12.727922
160.900000  27.500000  14.849242
161.000000  25.500000  10.606602
161.100000  26.000000  14.142136
161.200000  26.500000  14.849242
161.300000  23.500000  20.506097
161.400000  25.500000  12.020815
161.500000  26.500000  12.020815
161.600000  26.500000  16.263456
161.700000  25.000000  12.727922
161.800000  27.000000  16.970563
161.900000  24.500000  12.020815
162.000000  22.500000  7.778175
162.100000  23.500000  12.020815
162.200000  30.000000  18.384776
162.300000  23.000000  5.656854
162.400000  23.000000  8.485281
162.500000  23.000000  8.485281
162.600000  23.000000  8.485281
162.700000  24.500000  13.435029
162.800000  23.000000  9.899495
162.900000  24.500000  13.435029
163.000000  23.000000  14.142136
163.100000  24.500000  12.020815
163.200000  25.000000  11.313708
163.300000  22.500000  13.435029
163.400000  23.000000  9.899495
163.500000  24.500000  12.020815
163.600000  27.000000  15.556349
163.700000  29.500000  20.506097
163.800000  24.000000  9.899495
163.900000  27.000000  15.556349
164.000000  25.000000  11.313708
164.100000  24.500000  9.192388
164.200000  23.500000  12.020815
164.300000  27.500000  14.849242
164.400000  23.500000  10.606602
164.500000  30.000000  18.384776
164.600000  20.000000  5.656854
164.700000  18.000000  4.242641
164.800000  22.000000  8.485281
164.900000  21.500000  4.949747
165.000000  25.500000  7.778175
165.100000  19.500000  2.121320
165.200000  20.500000  2.121320
165.300000  19.500000  0.707107
165.400000  19.000000  0.000000
165.500000  19.000000  1.414214
165.600000  19.000000  2.828427
165.700000  22.000000  2.828427
165.800000  20.000000  2.828427
165.900000  15.000000  2.828427
166.000000  17.000000  2.828427
166.100000  16.500000  2.121320
166.200000  18.500000  2.121320
166.300000  16.000000  1.414214
166.400000  14.000000  1.414214
166.500000  14.000000  1.414214
166.600000  11.000000  4.242641
166.700000  11.500000  6.363961
166.800000  14.000000  4.242641
166.900000  16.500000  0.707107
167.000000  18.000000  1.414214
167.100000  18.000000  1.414214
167.200000  17.000000  1.414214
167.300000  18.000000  1.414214
167.400000  13.500000  0.707107
167.500000  16.500000  2.121320
167.600000  15.000000  1.414214
167.700000  15.500000  2.121320
167.800000  16.000000  0.000000
167.900000  15.500000  0.707107
168.000000  19.000000  7.071068
168.100000  22.500000  7.778175
168.200000  17.500000  2.121320
168.300000  18.000000  2.828427
168.400000  17.000000  1.414214
168.500000  12.500000  4.949747
168.600000  12.000000  4.242641
168.700000  15.500000  7.778175
168.800000  13.000000  2.828427
168.900000  17.000000  0.000000
169.000000  18.500000  0.707107
169.100000  14.500000  2.121320
169.200000  14.500000  0.707107
169.300000  14.500000  3.535534
169.400000  20.000000  5.656854
169.500000  17.000000  4.242641
169.600000  16.000000  1.414214
169.700000  16.500000  0.707107
169.800000  17.000000  4.242641
169.900000  14.500000  3.535534
170.000000  14.000000  2.828427
170.100000  13.000000  5.656854
170.200000  13.500000  3.535534
170.300000  15.000000  5.656854
170.400000  13.500000  3.535534
170.500000  24.500000  6.363961
170.600000  19.500000  10.606602
170.700000  23.000000  15.556349
170.800000  21.000000  11.313708
170.900000  18.000000  7.071068
171.000000  18.000000  8.485281
171.100000  21.500000  12.020815
171.200000  24.500000  19.091883
171.300000  28.500000  14.849242
171.400000  25.000000  11.313708
171.500000  17.000000  1.414214
171.600000  18.500000  0.707107
171.700000  20.000000  5.656854
171.800000  18.500000  13.435029
171.900000  21.000000  15.556349
172.000000  20.000000  15.556349
172.100000  16.500000  10.606602
172.200000  17.500000  13.435029
172.300000  19.000000  14.142136
172.400000  19.000000  14.142136
172.500000  22.000000  18.384776
172.600000  16.000000  9.899495
172.700000  18.000000  14.142136
172.800000  19.000000  14.142136
172.900000  15.500000  9.192388
173.000000  22.000000  18.384776
173.100000  18.500000  13.435029
173.200000  20.000000  15.556349
173.300000  18.500000  13.435029
173.400000  18.000000  11.313708
173.500000  19.500000  16.263456
173.600000  16.000000  12.727922
173.700000  15.000000  7.071068
173.800000  13.500000  6.363961
173.900000  14.500000  7.778175
174.000000  19.000000  15.556349
174.100000  22.500000  20.506097
174.200000  21.500000  17.677670
174.300000  23.000000  16.970563
174.400000  20.000000  15.556349
174.500000  17.500000  13.435029
174.600000  15.500000  9.192388
174.700000  17.500000  12.020815
174.800000  17.500000  12.020815
174.900000  21.000000  16.970563
175.000000  17.500000  12.020815
175.100000  20.000000  15.556349
175.200000  15.500000  10.606602
175.300000  15.500000  9.192388
175.400000  19.500000  14.849242
175.500000  18.500000  13.435029
175.600000  18.000000  12.727922
175.700000  21.000000  16.970563
175.800000  19.000000  15.556349
175.900000  16.000000  9.899495
176.000000  21.500000  17.677670
176.100000  26.000000  25.455844
176.200000  18.500000  13.435029
176.300000  24.000000  19.798990
176.400000  23.000000  19.798990
176.500000  18.000000  14.142136
176.600000  24.500000  21.920310
176.700000  15.500000  9.192388
176.800000  20.000000  16.970563
176.900000  18.000000  14.142136
177.000000  20.500000  17.677670
177.100000  27.500000  24.748737
177.200000  20.000000  14.142136
177.300000  26.000000  24.041631
177.400000  20.000000  15.556349
177.500000  20.000000  16.970563
177.600000  19.500000  14.849242
177.700000  22.000000  18.384776
177.800000  20.000000  16.970563
177.900000  22.500000  12.020815
178.000000  31.000000  25.455844
178.100000  28.500000  19.091883
178.200000  20.000000  8.485281
178.300000  22.500000  13.435029
178.400000  19.500000  7.778175
178.500000  24.000000  14.142136
178.600000  26.000000  15.556349
178.700000  20.000000  7.071068
178.800000  19.000000  8.485281
178.900000  24.000000  15.556349
179.000000  25.500000  13.435029
179.100000  21.000000  12.727922
179.200000  21.500000  12.020815
179.300000  22.000000  16.970563
179.400000  22.000000  14.142136
179.500000  23.500000  14.849242
179.600000  26.500000  17.677670
179.700000  21.000000  12.727922
179.800000  23.500000  16.263456
179.900000  20.500000  10.606602
180.000000  23.500000  14.849242
180.100000  22.000000  15.556349
180.200000  24.000000  19.798990
180.300000  21.500000  17.677670
180.400000  24.000000  18.384776
180.500000  19.000000  9.899495
180.600000  23.000000  19.798990
180.700000  27.000000  18.384776
180.800000  27.000000  19.798990
180.900000  21.000000  11.313708
181.000000  20.500000  12.020815
181.100000  23.000000  12.727922
181.200000  29.000000  18.384776
181.300000  28.500000  21.920310
181.400000  20.000000  9.899495
181.500000  26.000000  18.384776
181.600000  24.500000  17.677670
181.700000  21.500000  12.020815
181.800000  27.500000  16.263456
181.900000  27.500000  16.263456
182.000000  21.000000  16.970563
182.100000  16.000000  9.899495
182.200000  20.500000  17.677670
182.300000  24.500000  20.506097
182.400000  12.500000  6.363961
182.500000  20.000000  15.556349
182.600000  15.000000  9.899495
182.700000  17.500000  12.020815
182.800000  24.000000  19.798990
182.900000  22.000000  16.970563
183.000000  17.000000  11.313708
183.100000  20.500000  14.849242
183.200000  19.000000  14.142136
183.300000  20.000000  15.556349
183.400000  20.000000  15.556349
183.500000  20.000000  14.142136
183.600000  21.000000  15.556349
183.700000  24.500000  20.506097
183.800000  22.500000  19.091883
183.900000  29.000000  28.284271
184.000000  18.000000  15.556349
184.100000  23.500000  20.506097
184.200000  19.000000  14.142136
184.300000  18.500000  13.435029
184.400000  21.500000  17.677670
184.500000  23.000000  16.970563
184.600000  17.000000  9.899495
184.700000  27.500000  24.748737
184.800000  17.500000  12.020815
184.900000  22.000000  19.798990
185.000000  18.500000  12.020815
185.100000  21.000000  11.313708
185.200000  27.500000  13.435029
185.300000  27.500000  17.677670
185.400000  28.500000  21.920310
185.500000  26.500000  13.435029
185.600000  27.500000  21.920310
185.700000  30.000000  18.384776
185.800000  19.000000  12.727922
185.900000  21.000000  11.313708
186.000000  20.000000  7.071068
186.100000  27.000000  22.627417
186.200000  24.500000  19.091883
186.300000  27.500000  16.263456
186.400000  25.000000  15.556349
186.500000  24.000000  4.242641
186.600000  21.500000  2.121320
186.700000  25.500000  12.020815
186.800000  25.500000  13.435029
186.900000  22.000000  19.798990
187.000000  27.500000  14.849242
187.100000  29.000000  18.384776
187.200000  25.000000  12.727922
187.300000  26.500000  19.091883
187.400000  26.000000  11.313708
187.500000  22.000000  14.142136
187.600000  21.500000  9.192388
187.700000  26.500000  13.435029
187.800000  22.500000  9.192388
187.900000  27.500000  12.020815
188.000000  24.000000  15.556349
188.100000  25.500000  12.020815
188.200000  26.000000  12.727922
188.300000  23.000000  12.727922
188.400000  19.000000  12.727922
188.500000  17.000000  12.727922
188.600000  25.000000  14.142136
188.700000  20.500000  6.363961
188.800000  23.500000  13.435029
188.900000  24.000000  7.071068
189.000000  23.500000  9.192388
189.100000  22.500000  10.606602
189.200000  24.500000  7.778175
189.300000  25.500000  9.192388
189.400000  20.500000  13.435029
189.500000  19.000000  9.899495
189.600000  30.000000  15.556349
189.700000  24.500000  9.192388
189.800000  21.000000  14.142136
189.900000  25.000000  12.727922
190.000000  19.000000  7.071068
190.100000  23.000000  18.384776
190.200000  20.000000  8.485281
190.300000  23.500000  16.263456
190.400000  17.000000  12.727922
190.500000  24.000000  16.970563
190.600000  25.000000  14.142136
190.700000  17.000000  7.071068
190.800000  29.000000  9.899495
190.900000  32.500000  3.535534
191.000000  39.500000  2.121320
191.100000  37.000000  5.656854
191.200000  31.500000  3.535534
191.300000  34.000000  4.242641
191.400000  37.000000  1.414214
191.500000  38.500000  0.707107
191.600000  30.000000  15.556349
191.700000  35.000000  0.000000
191.800000  38.500000  3.535534
191.900000  34.500000  4.949747
192.000000  31.000000  5.656854
192.100000  35.000000  8.485281
192.200000  33.000000  2.828427
192.300000  39.500000  6.363961
192.400000  39.500000  12.020815
192.500000  33.500000  4.949747
192.600000  36.000000  1.414214
192.700000  40.000000  4.242641
192.800000  36.500000  4.949747
192.900000  35.500000  0.707107
193.000000  33.500000  2.121320
193.100000  34.500000  10.606602
193.200000  30.000000  1.414214
193.300000  32.500000  10.606602
193.400000  29.500000  0.707107
193.500000  35.000000  12.727922
193.600000  41.500000  2.121320
193.700000  32.000000  0.000000
193.800000  34.000000  0.000000
193.900000  37.500000  4.949747
194.000000  24.500000  10.606602
194.100000  34.500000  4.949747
194.200000  34.000000  1.414214
194.300000  37.500000  3.535534
194.400000  30.500000  4.949747
194.500000  43.500000  4.949747
194.600000  26.500000  2.121320
194.700000  37.500000  3.535534
194.800000  33.000000  4.242641
194.900000  41.000000  2.828427
195.000000  34.000000  5.656854
195.100000  34.000000  2.828427
195.200000  31.500000  3.535534
195.300000  32.000000  7.071068
195.400000  31.500000  2.121320
195.500000  32.500000  6.363961
195.600000  33.500000  2.121320
195.700000  33.000000  8.485281
195.800000  36.500000  7.778175
195.900000  33.500000  4.949747
196.000000  39.000000  1.414214
196.100000  36.500000  9.192388
196.200000  38.500000  4.949747
196.300000  45.000000  5.656854
196.400000  35.500000  7.778175
196.500000  34.500000  0.707107
196.600000  38.000000  11.313708
196.700000  35.000000  2.828427
196.800000  29.500000  7.778175
196.900000  37.000000  2.828427
197.000000  36.000000  5.656854
197.100000  34.500000  7.778175
197.200000  32.500000  0.707107
197.300000  32.500000  0.707107
197.400000  35.500000  3.535534
197.500000  43.000000  11.313708
197.600000  37.000000  1.414214
197.700000  32.500000  3.535534
197.800000  34.500000  9.192388
197.900000  33.500000  3.535534
198.000000  28.500000  3.535534
198.100000  38.000000  9.899495
198.200000  30.000000  4.242641
198.300000  34.000000  2.828427
198.400000  29.000000  4.242641
198.500000  31.500000  0.707107
198.600000  34.000000  7.071068
198.700000  39.500000  6.363961
198.800000  37.500000  4.949747
198.900000  35.000000  7.071068
199.000000  29.500000  0.707107
199.100000  32.000000  1.414214
199.200000  40.000000  9.899495
199.300000  44.000000  0.000000
199.400000  43.000000  0.000000
199.500000  35.000000  4.242641
199.600000  44.000000  9.899495
199.700000  35.500000  0.707107
199.800000  40.000000  1.414214
199.900000  33.500000  10.606602
200.000000  44.500000  17.677670
