# aggregated from 2 replicates
# x  mean  std
0.000000  46.561400  19.227506
1.000000  22.817950  4.124766
2.000000  25.974500  19.754159
5.000000  22.037050  12.145761
6.000000  7.076850  0.256326
7.000000  8.929950  0.097934
9.000000  82.674900  104.702998
11.000000  8.369750  0.422213
12.000000  66.943300  10.779701
13.000000  28.708550  5.995346
14.000000  17.975050  8.946669
15.000000  25.651900  12.283859
16.000000  14.167000  5.337808
17.000000  58.934050  0.134845
19.000000  39.220450  27.887796
20.000000  44.157800  3.529029
21.000000  18.013600  4.735636
22.000000  8.997600  0.117238
23.000000  31.446150  1.707451
24.000000  7.341450  0.093974
25.000000  45.437500  6.387578
27.000000  19.493500  2.096854
29.000000  99.710350  1.978555
30.000000  93.860850  7.368265
31.000000  15.541950  2.635458
32.000000  37.496800  7.670836
33.000000  22.883600  14.072698
34.000000  35.944650  22.771596
35.000000  10.891050  0.235537
36.000000  34.288900  3.274187
37.000000  11.075350  1.920997
39.000000  19.026200  0.049639
40.000000  10.089500  0.005515
41.000000  37.815450  7.547021
42.000000  64.704200  35.188462
43.000000  44.147300  12.942175
45.000000  49.520750  4.726797
46.000000  55.062150  24.994881
48.000000  6.660300  0.097298
49.000000  8.045500  0.069014
52.000000  8.258000  0.921784
53.000000  13.323650  0.201313
54.000000  16.165000  4.683592
55.000000  16.177550  2.221235
56.000000  34.097900  29.249189
57.000000  44.466850  15.883952
58.000000  7.195350  0.444982
60.000000  7.702050  0.268771
61.000000  11.526200  2.817962
63.000000  37.685900  0.002828
64.000000  11.479900  2.439660
65.000000  10.148650  1.293086
66.000000  44.189000  6.781154
67.000000  24.112950  8.448865
68.000000  12.201700  0.245083
69.000000  7.951850  0.118723
70.000000  16.531150  0.652730
71.000000  11.063150  4.812074
72.000000  42.481050  13.381359
73.000000  9.178000  1.675702
74.000000  25.317550  2.015325
76.000000  80.265700  22.358434
83.000000  7.074350  0.339906
84.000000  8.122450  0.241901
85.000000  11.062400  0.770322
87.000000  21.934800  1.241538
88.000000  7.503100  0.922774
89.000000  25.493150  18.499681
90.000000  28.045300  16.179735
92.000000  51.301550  24.873542
93.000000  42.300250  1.129603
94.000000  7.613350  0.404112
95.000000  24.053850  18.569826
96.000000  6.797000  0.019658
98.000000  8.751850  0.048295
101.000000  9.105950  1.422345
102.000000  29.138400  9.532789
103.000000  50.752450  2.499552
104.000000  40.623200  10.741093
105.000000  10.952250  2.294774
106.000000  22.140900  1.859267
107.000000  14.376450  1.452609
110.000000  26.239400  0.007071
111.000000  65.614100  0.399515
112.000000  50.728450  6.948809
113.000000  32.883600  0.536977
114.000000  59.151050  5.402508
115.000000  9.556850  0.247417
116.000000  52.428300  1.936058
117.000000  27.125700  8.193105
120.000000  63.622400  6.654582
121.000000  9.695350  0.164119
122.000000  25.370600  0.223163
123.000000  68.254700  8.596580
124.000000  27.182200  1.126280
126.000000  57.808250  2.028336
127.000000  56.131850  4.601639
128.000000  12.321550  4.487512
129.000000  8.699750  0.398172
130.000000  6.694300  0.088813
131.000000  38.974850  1.673227
132.000000  25.737750  0.394353
133.000000  8.588700  0.381696
134.000000  20.683850  0.334815
135.000000  86.544800  20.575393
136.000000  15.353450  4.542949
137.000000  41.469100  1.487470
138.000000  16.613500  10.097485
139.000000  34.602300  13.543358
