# aggregated from 2 replicates
# x  mean  std
0.000000  63.000000  0.000000
0.100000  63.000000  7.071068
0.200000  63.000000  21.213203
0.300000  76.500000  7.778175
0.400000  63.000000  5.656854
0.500000  72.500000  2.121320
0.600000  62.000000  8.485281
0.700000  61.500000  7.778175
0.800000  64.000000  14.142136
0.900000  64.000000  1.414214
1.000000  64.000000  2.828427
1.100000  54.000000  2.828427
1.200000  59.500000  7.778175
1.300000  48.500000  16.263456
1.400000  58.500000  7.778175
1.500000  60.000000  16.970563
1.600000  59.500000  13.435029
1.700000  68.500000  2.121320
1.800000  61.500000  0.707107
1.900000  63.500000  7.778175
2.000000  64.000000  8.485281
2.100000  66.500000  10.606602
2.200000  52.500000  2.121320
2.300000  67.500000  23.334524
2.400000  57.500000  16.263456
2.500000  67.500000  7.778175
2.600000  72.500000  13.435029
2.700000  64.000000  16.970563
2.800000  68.500000  16.263456
2.900000  65.500000  4.949747
3.000000  72.500000  20.506097
3.100000  63.000000  11.313708
3.200000  65.500000  20.506097
3.300000  63.500000  12.020815
3.400000  66.000000  5.656854
3.500000  65.000000  5.656854
3.600000  73.500000  10.606602
3.700000  78.000000  15.556349
3.800000  68.000000  16.970563
3.900000  75.500000  14.849242
4.000000  74.500000  2.121320
4.100000  71.000000  11.313708
4.200000  77.000000  8.485281
4.300000  65.000000  16.970563
4.400000  78.000000  12.727922
4.500000  64.000000  19.798990
4.600000  64.500000  3.535534
4.700000  64.000000  26.870058
4.800000  57.500000  20.506097
4.900000  64.000000  9.899495
5.000000  67.000000  24.041631
5.100000  69.500000  20.506097
5.200000  63.000000  18.384776
5.300000  70.500000  9.192388
5.400000  63.000000  15.556349
5.500000  63.500000  0.707107
5.600000  64.500000  10.606602
5.700000  61.000000  19.798990
5.800000  66.000000  12.727922
5.900000  72.500000  3.535534
6.000000  66.500000  12.020815
6.100000  68.500000  10.606602
6.200000  70.500000  12.020815
6.300000  61.500000  23.334524
6.400000  69.000000  11.313708
6.500000  57.500000  21.920310
6.600000  54.500000  0.707107
6.700000  69.000000  26.870058
6.800000  70.000000  18.384776
6.900000  70.000000  19.798990
7.000000  60.000000  21.213203
7.100000  58.000000  5.656854
7.200000  71.000000  19.798990
7.300000  62.500000  21.920310
7.400000  71.500000  24.748737
7.500000  56.000000  11.313708
7.600000  58.000000  26.870058
7.700000  61.000000  19.798990
7.800000  57.000000  2.828427
7.900000  56.000000  1.414214
8.000000  55.000000  4.242641
8.100000  73.500000  13.435029
8.200000  57.000000  1.414214
8.300000  58.500000  10.606602
8.400000  57.000000  19.798990
8.500000  57.500000  17.677670
8.600000  64.000000  1.414214
8.700000  55.500000  6.363961
8.800000  68.500000  9.192388
8.900000  53.500000  12.020815
9.000000  50.500000  10.606602
9.100000  62.500000  4.949747
9.200000  58.500000  13.435029
9.300000  61.500000  2.121320
9.400000  56.500000  3.535534
9.500000  49.000000  0.000000
9.600000  55.000000  5.656854
9.700000  54.500000  9.192388
9.800000  61.500000  0.707107
9.900000  58.500000  6.363961
10.000000  55.000000  12.727922
10.100000  65.000000  8.485281
10.200000  61.000000  11.313708
10.300000  52.000000  1.414214
10.400000  49.500000  7.778175
10.500000  55.000000  8.485281
10.600000  45.000000  5.656854
10.700000  55.000000  15.556349
10.800000  57.500000  13.435029
10.900000  56.000000  11.313708
11.000000  51.500000  0.707107
11.100000  56.500000  3.535534
11.200000  50.000000  9.899495
11.300000  51.500000  0.707107
11.400000  69.000000  0.000000
11.500000  56.500000  6.363961
11.600000  58.000000  16.970563
11.700000  55.000000  2.828427
11.800000  70.000000  8.485281
11.900000  63.000000  1.414214
12.000000  58.500000  2.121320
12.100000  66.000000  5.656854
12.200000  70.000000  8.485281
12.300000  61.000000  11.313708
12.400000  66.500000  4.949747
12.500000  51.000000  4.242641
12.600000  59.500000  4.949747
12.700000  60.000000  5.656854
12.800000  51.000000  2.828427
12.900000  56.500000  7.778175
13.000000  57.000000  8.485281
13.100000  64.000000  7.071068
13.200000  67.000000  22.627417
13.300000  63.000000  1.414214
13.400000  58.500000  6.363961
13.500000  57.000000  9.899495
13.600000  52.000000  5.656854
13.700000  56.500000  2.121320
13.800000  57.500000  9.192388
13.900000  51.500000  10.606602
14.000000  58.000000  5.656854
14.100000  61.500000  6.363961
14.200000  53.500000  6.363961
14.300000  57.000000  1.414214
14.400000  59.000000  0.000000
14.500000  58.000000  7.071068
14.600000  49.500000  0.707107
14.700000  52.500000  0.707107
14.800000  55.500000  0.707107
14.900000  59.500000  2.121320
15.000000  54.500000  2.121320
15.100000  56.500000  16.263456
15.200000  57.000000  8.485281
15.300000  53.500000  0.707107
15.400000  57.500000  9.192388
15.500000  55.500000  0.707107
15.600000  50.000000  4.242641
15.700000  54.000000  1.414214
15.800000  54.000000  0.000000
15.900000  58.500000  2.121320
16.000000  53.500000  0.707107
16.100000  62.500000  9.192388
16.200000  70.500000  6.363961
16.300000  54.000000  5.656854
16.400000  50.000000  4.242641
16.500000  53.000000  0.000000
16.600000  53.500000  3.535534
16.700000  58.500000  4.949747
16.800000  52.500000  2.121320
16.900000  52.500000  13.435029
17.000000  59.000000  2.828427
17.100000  57.000000  7.071068
17.200000  62.000000  11.313708
17.300000  54.000000  5.656854
17.400000  54.000000  1.414214
17.500000  53.500000  6.363961
17.600000  53.000000  4.242641
17.700000  57.500000  3.535534
17.800000  51.000000  1.414214
17.900000  50.000000  1.414214
18.000000  53.000000  16.970563
18.100000  63.500000  10.606602
18.200000  53.500000  6.363961
18.300000  50.500000  13.435029
18.400000  53.500000  9.192388
18.500000  54.000000  5.656854
18.600000  47.500000  14.849242
18.700000  43.500000  0.707107
18.800000  55.000000  7.071068
18.900000  60.500000  9.192388
19.000000  52.000000  11.313708
19.100000  51.500000  2.121320
19.200000  51.000000  8.485281
19.300000  55.000000  4.242641
19.400000  59.000000  7.071068
19.500000  49.500000  4.949747
19.600000  54.000000  1.414214
19.700000  66.500000  9.192388
19.800000  58.500000  0.707107
19.900000  57.000000  15.556349
20.000000  52.000000  2.828427
20.100000  60.000000  4.242641
20.200000  57.500000  3.535534
20.300000  54.000000  9.899495
20.400000  59.000000  0.000000
20.500000  55.000000  4.242641
20.600000  60.000000  1.414214
20.700000  56.500000  4.949747
20.800000  59.500000  4.949747
20.900000  55.500000  9.192388
21.000000  51.000000  4.242641
21.100000  58.500000  6.363961
21.200000  54.000000  9.899495
21.300000  56.500000  0.707107
21.400000  60.000000  8.485281
21.500000  67.000000  2.828427
21.600000  67.500000  6.363961
21.700000  54.500000  0.707107
21.800000  63.000000  2.828427
21.900000  63.500000  9.192388
22.000000  67.000000  5.656854
22.100000  63.500000  7.778175
22.200000  57.500000  4.949747
22.300000  62.500000  4.949747
22.400000  63.500000  13.435029
22.500000  60.000000  9.899495
22.600000  58.000000  8.485281
22.700000  55.500000  2.121320
22.800000  64.000000  16.970563
22.900000  58.500000  12.020815
23.000000  59.500000  4.949747
23.100000  56.000000  9.899495
23.200000  64.500000  9.192388
23.300000  63.500000  7.778175
23.400000  58.000000  7.071068
23.500000  61.500000  9.192388
23.600000  59.000000  11.313708
23.700000  61.000000  1.414214
23.800000  62.000000  4.242641
23.900000  64.000000  1.414214
24.000000  67.000000  4.242641
24.100000  63.000000  2.828427
24.200000  59.500000  4.949747
24.300000  58.500000  4.949747
24.400000  60.500000  14.849242
24.500000  58.000000  1.414214
24.600000  65.500000  2.121320
24.700000  60.500000  2.121320
24.800000  70.000000  9.899495
24.900000  66.000000  2.828427
25.000000  55.000000  9.899495
25.100000  56.500000  10.606602
25.200000  59.000000  4.242641
25.300000  58.500000  23.334524
25.400000  65.500000  10.606602
25.500000  54.500000  10.606602
25.600000  67.500000  21.920310
25.700000  65.000000  5.656854
25.800000  62.500000  23.334524
25.900000  68.500000  14.849242
26.000000  50.000000  2.828427
26.100000  59.500000  4.949747
26.200000  57.000000  16.970563
26.300000  64.000000  11.313708
26.400000  70.500000  10.606602
26.500000  63.000000  7.071068
26.600000  60.500000  14.849242
26.700000  64.500000  0.707107
26.800000  61.500000  9.192388
26.900000  65.500000  7.778175
27.000000  67.500000  9.192388
27.100000  61.000000  2.828427
27.200000  61.000000  14.142136
27.300000  56.500000  2.121320
27.400000  52.500000  7.778175
27.500000  64.000000  11.313708
27.600000  67.500000  2.121320
27.700000  59.500000  4.949747
27.800000  58.500000  0.707107
27.900000  54.000000  2.828427
28.000000  56.000000  9.899495
28.100000  61.000000  9.899495
28.200000  53.500000  0.707107
28.300000  62.500000  6.363961
28.400000  52.000000  5.656854
28.500000  50.000000  2.828427
28.600000  52.500000  9.192388
28.700000  60.000000  4.242641
28.800000  57.500000  0.707107
28.900000  58.500000  19.091883
29.000000  61.000000  8.485281
29.100000  60.500000  0.707107
29.200000  56.000000  1.414214
29.300000  55.500000  4.949747
29.400000  58.000000  2.828427
29.500000  57.000000  2.828427
29.600000  60.000000  8.485281
29.700000  49.000000  9.899495
29.800000  59.500000  7.778175
29.900000  51.500000  3.535534
30.000000  58.500000  4.949747
30.100000  47.500000  16.263456
30.200000  64.000000  4.242641
30.300000  56.000000  2.828427
30.400000  52.000000  11.313708
30.500000  64.000000  7.071068
30.600000  59.000000  15.556349
30.700000  60.500000  2.121320
30.800000  64.000000  4.242641
30.900000  55.500000  3.535534
31.000000  57.000000  2.828427
31.100000  62.000000  0.000000
31.200000  54.500000  0.707107
31.300000  57.500000  12.020815
31.400000  53.000000  2.828427
31.500000  53.500000  9.192388
31.600000  63.500000  2.121320
31.700000  56.000000  4.242641
31.800000  60.000000  1.414214
31.900000  59.000000  7.071068
32.000000  53.000000  1.414214
32.100000  66.000000  7.071068
32.200000  58.000000  7.071068
32.300000  55.500000  3.535534
32.400000  56.500000  3.535534
32.500000  57.500000  16.263456
32.600000  61.000000  1.414214
32.700000  55.500000  3.535534
32.800000  54.500000  6.363961
32.900000  58.000000  12.727922
33.000000  51.000000  1.414214
33.100000  48.500000  2.121320
33.200000  51.000000  5.656854
33.300000  56.000000  0.000000
33.400000  50.500000  3.535534
33.500000  55.500000  3.535534
33.600000  54.500000  9.192388
33.700000  58.000000  5.656854
33.800000  57.000000  2.828427
33.900000  55.000000  0.000000
34.000000  50.000000  4.242641
34.100000  59.500000  7.778175
34.200000  54.500000  6.363961
34.300000  48.000000  0.000000
34.400000  58.000000  2.828427
34.500000  56.000000  1.414214
34.600000  60.500000  0.707107
34.700000  56.000000  7.071068
34.800000  58.000000  2.828427
34.900000  63.000000  4.242641
35.000000  57.000000  2.828427
35.100000  56.500000  2.121320
35.200000  62.500000  6.363961
35.300000  61.500000  2.121320
35.400000  58.500000  6.363961
35.500000  57.000000  9.899495
35.600000  58.000000  16.970563
35.700000  61.500000  4.949747
35.800000  54.000000  7.071068
35.900000  59.000000  4.242641
36.000000  63.000000  1.414214
36.100000  60.000000  1.414214
36.200000  61.000000  9.899495
36.300000  48.500000  10.606602
36.400000  63.000000  7.071068
36.500000  55.000000  2.828427
36.600000  52.000000  1.414214
36.700000  48.000000  0.000000
36.800000  54.000000  1.414214
36.900000  59.000000  2.828427
37.000000  45.000000  7.071068
37.100000  61.500000  10.606602
37.200000  58.000000  4.242641
37.300000  61.000000  11.313708
37.400000  55.500000  2.121320
37.500000  56.000000  5.656854
37.600000  60.500000  7.778175
37.700000  59.500000  6.363961
37.800000  55.500000  7.778175
37.900000  58.000000  1.414214
38.000000  57.500000  0.707107
38.100000  54.000000  2.828427
38.200000  59.500000  6.363961
38.300000  64.000000  15.556349
38.400000  58.000000  7.071068
38.500000  54.000000  5.656854
38.600000  55.000000  9.899495
38.700000  59.500000  2.121320
38.800000  53.000000  1.414214
38.900000  51.500000  9.192388
39.000000  63.000000  2.828427
39.100000  57.500000  0.707107
39.200000  58.000000  7.071068
39.300000  64.500000  9.192388
39.400000  60.000000  0.000000
39.500000  55.500000  0.707107
39.600000  58.500000  12.020815
39.700000  60.000000  0.000000
39.800000  54.000000  7.071068
39.900000  48.500000  3.535534
40.000000  49.500000  2.121320
40.100000  61.500000  2.121320
40.200000  57.500000  7.778175
40.300000  60.000000  5.656854
40.400000  61.500000  0.707107
40.500000  59.500000  9.192388
40.600000  49.500000  2.121320
40.700000  57.000000  1.414214
40.800000  50.000000  7.071068
40.900000  51.500000  6.363961
41.000000  49.500000  0.707107
41.100000  62.000000  4.242641
41.200000  56.000000  7.071068
41.300000  60.500000  14.849242
41.400000  56.500000  9.192388
41.500000  60.500000  3.535534
41.600000  63.000000  0.000000
41.700000  61.500000  9.192388
41.800000  56.000000  2.828427
41.900000  54.500000  0.707107
42.000000  64.000000  15.556349
42.100000  57.500000  2.121320
42.200000  60.500000  0.707107
42.300000  58.000000  7.071068
42.400000  60.000000  1.414214
42.500000  55.500000  2.121320
42.600000  56.000000  2.828427
42.700000  52.000000  2.828427
42.800000  52.500000  2.121320
42.900000  51.500000  0.707107
43.000000  53.000000  4.242641
43.100000  55.000000  9.899495
43.200000  48.500000  6.363961
43.300000  62.500000  0.707107
43.400000  59.000000  4.242641
43.500000  58.500000  7.778175
43.600000  58.000000  2.828427
43.700000  58.500000  4.949747
43.800000  49.500000  6.363961
43.900000  55.500000  3.535534
44.000000  57.000000  0.000000
44.100000  59.000000  1.414214
44.200000  55.000000  2.828427
44.300000  51.000000  2.828427
44.400000  51.000000  7.071068
44.500000  49.500000  7.778175
44.600000  49.000000  1.414214
44.700000  59.000000  1.414214
44.800000  59.500000  4.949747
44.900000  55.000000  7.071068
45.000000  63.500000  2.121320
45.100000  56.500000  4.949747
45.200000  52.000000  9.899495
45.300000  55.500000  12.020815
45.400000  65.000000  15.556349
45.500000  60.000000  4.242641
45.600000  54.500000  16.263456
45.700000  56.000000  1.414214
45.800000  57.000000  2.828427
45.900000  52.000000  4.242641
46.000000  44.000000  1.414214
46.100000  45.500000  0.707107
46.200000  60.500000  12.020815
46.300000  51.000000  2.828427
46.400000  58.500000  13.435029
46.500000  54.000000  9.899495
46.600000  62.500000  7.778175
46.700000  56.000000  1.414214
46.800000  56.500000  3.535534
46.900000  53.000000  2.828427
47.000000  59.000000  4.242641
47.100000  56.000000  8.485281
47.200000  61.000000  8.485281
47.300000  59.500000  4.949747
47.400000  60.000000  5.656854
47.500000  45.000000  8.485281
47.600000  57.000000  2.828427
47.700000  64.000000  5.656854
47.800000  56.500000  0.707107
47.900000  57.500000  12.020815
48.000000  50.000000  11.313708
48.100000  58.000000  8.485281
48.200000  50.500000  6.363961
48.300000  53.000000  7.071068
48.400000  45.500000  2.121320
48.500000  50.000000  4.242641
48.600000  57.500000  4.949747
48.700000  60.500000  2.121320
48.800000  62.000000  4.242641
48.900000  51.500000  0.707107
49.000000  61.500000  10.606602
49.100000  52.500000  2.121320
49.200000  52.500000  2.121320
49.300000  53.500000  6.363961
49.400000  60.500000  4.949747
49.500000  55.000000  4.242641
49.600000  56.000000  2.828427
49.700000  56.500000  0.707107
49.800000  54.500000  2.121320
49.900000  55.000000  1.414214
50.000000  55.000000  4.242641
50.100000  63.000000  0.000000
50.200000  57.500000  16.263456
50.300000  57.000000  8.485281
50.400000  53.500000  10.606602
50.500000  55.500000  3.535534
50.600000  57.500000  0.707107
50.700000  53.000000  11.313708
50.800000  58.000000  2.828427
50.900000  56.500000  2.121320
51.000000  56.500000  6.363961
51.100000  59.000000  0.000000
51.200000  56.500000  3.535534
51.300000  48.000000  4.242641
51.400000  45.500000  0.707107
51.500000  51.000000  1.414214
51.600000  57.000000  1.414214
51.700000  48.000000  7.071068
51.800000  49.000000  4.242641
51.900000  49.000000  1.414214
52.000000  54.500000  9.192388
52.100000  54.000000  5.656854
52.200000  51.500000  3.535534
52.300000  51.000000  8.485281
52.400000  44.500000  13.435029
52.500000  44.500000  13.435029
52.600000  59.000000  15.556349
52.700000  52.000000  8.485281
52.800000  46.500000  0.707107
52.900000  56.500000  2.121320
53.000000  46.500000  12.020815
53.100000  47.000000  8.485281
53.200000  54.000000  16.970563
53.300000  51.500000  3.535534
53.400000  55.000000  5.656854
53.500000  56.000000  2.828427
53.600000  63.500000  10.606602
53.700000  49.500000  3.535534
53.800000  56.000000  2.828427
53.900000  50.500000  0.707107
54.000000  45.000000  4.242641
54.100000  56.500000  17.677670
54.200000  53.000000  1.414214
54.300000  57.500000  10.606602
54.400000  49.000000  1.414214
54.500000  48.000000  7.071068
54.600000  52.000000  0.000000
54.700000  44.500000  4.949747
54.800000  46.000000  15.556349
54.900000  39.000000  5.656854
55.000000  45.500000  2.121320
55.100000  49.000000  5.656854
55.200000  54.500000  2.121320
55.300000  53.000000  0.000000
55.400000  47.000000  2.828427
55.500000  47.000000  9.899495
55.600000  54.500000  12.020815
55.700000  51.500000  4.949747
55.800000  49.500000  10.606602
55.900000  54.000000  29.698485
56.000000  60.500000  10.606602
56.100000  61.000000  12.727922
56.200000  53.000000  11.313708
56.300000  59.000000  5.656854
56.400000  62.000000  16.970563
56.500000  56.500000  4.949747
56.600000  61.000000  2.828427
56.700000  53.500000  4.949747
56.800000  48.500000  9.192388
56.900000  60.500000  4.949747
57.000000  65.000000  19.798990
57.100000  57.000000  21.213203
57.200000  51.500000  12.020815
57.300000  59.000000  5.656854
57.400000  48.000000  11.313708
57.500000  56.500000  4.949747
57.600000  57.000000  4.242641
57.700000  50.000000  11.313708
57.800000  57.000000  18.384776
57.900000  47.000000  11.313708
58.000000  52.000000  11.313708
58.100000  59.500000  12.020815
58.200000  49.500000  21.920310
58.300000  55.000000  7.071068
58.400000  50.500000  9.192388
58.500000  51.500000  17.677670
58.600000  57.500000  9.192388
58.700000  51.000000  9.899495
58.800000  62.500000  7.778175
58.900000  59.000000  5.656854
59.000000  53.500000  9.192388
59.100000  54.000000  2.828427
59.200000  44.500000  9.192388
59.300000  59.000000  12.727922
59.400000  43.500000  12.020815
59.500000  56.500000  4.949747
59.600000  59.000000  5.656854
59.700000  61.500000  19.091883
59.800000  51.000000  11.313708
59.900000  61.500000  9.192388
60.000000  62.000000  15.556349
60.100000  47.500000  14.849242
60.200000  58.500000  12.020815
60.300000  58.000000  15.556349
60.400000  62.000000  14.142136
60.500000  55.000000  4.242641
60.600000  53.000000  18.384776
60.700000  59.000000  4.242641
60.800000  61.500000  2.121320
60.900000  65.500000  10.606602
61.000000  57.500000  13.435029
61.100000  60.000000  4.242641
61.200000  56.500000  12.020815
61.300000  61.000000  7.071068
61.400000  49.000000  11.313708
61.500000  51.500000  10.606602
61.600000  52.500000  10.606602
61.700000  47.000000  15.556349
61.800000  45.500000  2.121320
61.900000  52.500000  9.192388
62.000000  47.500000  3.535534
62.100000  53.000000  7.071068
62.200000  58.500000  2.121320
62.300000  55.500000  12.020815
62.400000  64.000000  4.242641
62.500000  55.000000  5.656854
62.600000  50.500000  9.192388
62.700000  50.500000  2.121320
62.800000  57.500000  6.363961
62.900000  54.500000  9.192388
63.000000  50.500000  0.707107
63.100000  46.500000  2.121320
63.200000  50.000000  5.656854
63.300000  59.500000  2.121320
63.400000  48.500000  12.020815
63.500000  42.000000  5.656854
63.600000  56.500000  0.707107
63.700000  50.000000  2.828427
63.800000  58.000000  12.727922
63.900000  61.500000  0.707107
64.000000  53.500000  10.606602
64.100000  57.500000  0.707107
64.200000  41.000000  2.828427
64.300000  55.500000  2.121320
64.400000  51.000000  12.727922
64.500000  65.000000  22.627417
64.600000  47.000000  1.414214
64.700000  53.000000  4.242641
64.800000  56.000000  8.485281
64.900000  57.000000  2.828427
65.000000  52.000000  2.828427
65.100000  47.500000  4.949747
65.200000  52.500000  0.707107
65.300000  61.500000  2.121320
65.400000  55.000000  1.414214
65.500000  59.000000  0.000000
65.600000  59.500000  4.949747
65.700000  58.500000  7.778175
65.800000  50.500000  3.535534
65.900000  45.500000  2.121320
66.000000  55.000000  7.071068
66.100000  56.000000  5.656854
66.200000  54.000000  5.656854
66.300000  59.000000  15.556349
66.400000  56.000000  7.071068
66.500000  55.500000  7.778175
66.600000  58.000000  1.414214
66.700000  55.000000  26.870058
66.800000  57.000000  5.656854
66.900000  50.000000  16.970563
67.000000  63.500000  10.606602
67.100000  56.500000  2.121320
67.200000  47.000000  11.313708
67.300000  52.500000  13.435029
67.400000  46.500000  2.121320
67.500000  63.000000  2.828427
67.600000  55.000000  8.485281
67.700000  56.000000  1.414214
67.800000  52.500000  14.849242
67.900000  49.000000  8.485281
68.000000  57.000000  2.828427
68.100000  52.000000  1.414214
68.200000  58.500000  10.606602
68.300000  52.500000  10.606602
68.400000  43.500000  9.192388
68.500000  48.000000  0.000000
68.600000  48.000000  5.656854
68.700000  50.000000  8.485281
68.800000  54.500000  0.707107
68.900000  52.000000  18.384776
69.000000  55.500000  9.192388
69.100000  46.500000  12.020815
69.200000  53.500000  4.949747
69.300000  43.500000  10.606602
69.400000  52.500000  12.020815
69.500000  47.000000  12.727922
69.600000  48.500000  6.363961
69.700000  41.000000  9.899495
69.800000  49.000000  5.656854
69.900000  42.500000  19.091883
70.000000  46.000000  11.313708
70.100000  37.500000  10.606602
70.200000  40.500000  6.363961
70.300000  50.500000  6.363961
70.400000  43.500000  16.263456
70.500000  53.000000  16.970563
70.600000  44.500000  10.606602
70.700000  51.000000  22.627417
70.800000  51.000000  9.899495
70.900000  46.500000  6.363961
71.000000  48.000000  9.899495
71.100000  48.500000  12.020815
71.200000  54.500000  6.363961
71.300000  41.500000  3.535534
71.400000  39.500000  13.435029
71.500000  46.500000  21.920310
71.600000  50.500000  12.020815
71.700000  45.000000  21.213203
71.800000  44.000000  14.142136
71.900000  44.500000  6.363961
72.000000  51.500000  9.192388
72.100000  47.000000  7.071068
72.200000  43.000000  0.000000
72.300000  37.000000  1.414214
72.400000  46.500000  0.707107
72.500000  55.500000  0.707107
72.600000  51.000000  5.656854
72.700000  47.000000  4.242641
72.800000  57.500000  6.363961
72.900000  42.500000  3.535534
73.000000  46.000000  1.414214
73.100000  56.500000  20.506097
73.200000  51.000000  1.414214
73.300000  56.000000  7.071068
73.400000  43.000000  14.142136
73.500000  51.500000  6.363961
73.600000  47.000000  2.828427
73.700000  54.500000  6.363961
73.800000  41.500000  14.849242
73.900000  43.000000  5.656854
74.000000  45.000000  1.414214
74.100000  52.500000  6.363961
74.200000  53.000000  7.071068
74.300000  45.500000  3.535534
74.400000  46.500000  6.363961
74.500000  47.500000  6.363961
74.600000  49.000000  7.071068
74.700000  52.500000  10.606602
74.800000  46.000000  5.656854
74.900000  48.500000  0.707107
75.000000  43.000000  5.656854
75.100000  49.500000  4.949747
75.200000  42.000000  5.656854
75.300000  53.000000  11.313708
75.400000  43.000000  1.414214
75.500000  52.000000  14.142136
75.600000  45.000000  18.384776
75.700000  42.000000  12.727922
75.800000  43.000000  5.656854
75.900000  50.500000  2.121320
76.000000  50.500000  6.363961
76.100000  44.500000  4.949747
76.200000  40.000000  5.656854
76.300000  37.500000  0.707107
76.400000  44.000000  9.899495
76.500000  40.000000  5.656854
76.600000  37.000000  2.828427
76.700000  56.500000  9.192388
76.800000  40.000000  1.414214
76.900000  38.500000  0.707107
77.000000  35.000000  9.899495
77.100000  45.000000  7.071068
77.200000  38.000000  7.071068
77.300000  40.500000  3.535534
77.400000  52.000000  4.242641
77.500000  47.500000  10.606602
77.600000  55.000000  12.727922
77.700000  52.000000  7.071068
77.800000  46.000000  1.414214
77.900000  47.000000  9.899495
78.000000  57.000000  5.656854
78.100000  63.000000  19.798990
78.200000  63.500000  33.234019
78.300000  55.500000  19.091883
78.400000  54.000000  33.941125
78.500000  55.500000  4.949747
78.600000  56.000000  18.384776
78.700000  42.500000  6.363961
78.800000  50.500000  19.091883
78.900000  46.500000  2.121320
79.000000  54.000000  12.727922
79.100000  53.500000  14.849242
79.200000  52.500000  19.091883
79.300000  41.000000  12.727922
79.400000  48.500000  12.020815
79.500000  42.500000  17.677670
79.600000  52.500000  12.020815
79.700000  53.000000  18.384776
79.800000  58.000000  21.213203
79.900000  40.000000  7.071068
80.000000  47.000000  31.112698
80.100000  54.500000  20.506097
80.200000  54.000000  18.384776
80.300000  59.500000  19.091883
80.400000  60.500000  10.606602
80.500000  48.500000  9.192388
80.600000  52.500000  21.920310
80.700000  48.000000  9.899495
80.800000  51.000000  9.899495
80.900000  47.500000  12.020815
81.000000  57.000000  11.313708
81.100000  47.000000  19.798990
81.200000  55.000000  18.384776
81.300000  56.500000  17.677670
81.400000  50.000000  9.899495
81.500000  49.000000  24.041631
81.600000  57.000000  22.627417
81.700000  47.000000  18.384776
81.800000  52.000000  21.213203
81.900000  49.500000  9.192388
82.000000  48.000000  11.313708
82.100000  56.000000  12.727922
82.200000  42.500000  12.020815
82.300000  58.000000  1.414214
82.400000  54.500000  16.263456
82.500000  63.000000  5.656854
82.600000  49.500000  7.778175
82.700000  58.500000  10.606602
82.800000  45.500000  9.192388
82.900000  50.500000  10.606602
83.000000  51.000000  14.142136
83.100000  43.500000  16.263456
83.200000  50.500000  16.263456
83.300000  54.000000  12.727922
83.400000  50.000000  16.970563
83.500000  45.000000  11.313708
83.600000  47.000000  12.727922
83.700000  47.000000  12.727922
83.800000  51.000000  1.414214
83.900000  43.000000  8.485281
84.000000  40.500000  20.506097
84.100000  51.500000  12.020815
84.200000  47.000000  1.414214
84.300000  53.500000  2.121320
84.400000  48.000000  16.970563
84.500000  48.000000  5.656854
84.600000  43.500000  9.192388
84.700000  48.000000  1.414214
84.800000  47.500000  7.778175
84.900000  52.000000  8.485281
85.000000  49.000000  0.000000
85.100000  52.000000  0.000000
85.200000  42.500000  12.020815
85.300000  45.500000  12.020815
85.400000  42.500000  12.020815
85.500000  56.000000  12.727922
85.600000  53.000000  9.899495
85.700000  38.000000  7.071068
85.800000  57.500000  12.020815
85.900000  53.500000  4.949747
86.000000  43.000000  15.556349
86.100000  53.500000  13.435029
86.200000  42.500000  10.606602
86.300000  44.500000  7.778175
86.400000  50.500000  12.020815
86.500000  51.500000  10.606602
86.600000  49.500000  9.192388
86.700000  43.000000  2.828427
86.800000  53.000000  24.041631
86.900000  51.500000  23.334524
87.000000  49.000000  14.142136
87.100000  38.000000  16.970563
87.200000  46.000000  16.970563
87.300000  53.500000  13.435029
87.400000  51.500000  21.920310
87.500000  42.000000  11.313708
87.600000  52.500000  4.949747
87.700000  48.500000  0.707107
87.800000  47.500000  13.435029
87.900000  52.500000  7.778175
88.000000  53.500000  14.849242
88.100000  54.500000  7.778175
88.200000  55.500000  14.849242
88.300000  43.500000  19.091883
88.400000  45.000000  21.213203
88.500000  50.500000  26.162951
88.600000  51.000000  18.384776
88.700000  55.000000  24.041631
88.800000  64.500000  13.435029
88.900000  50.000000  16.970563
89.000000  51.000000  16.970563
89.100000  48.500000  24.748737
89.200000  52.000000  5.656854
89.300000  47.000000  1.414214
89.400000  48.500000  21.920310
89.500000  50.000000  4.242641
89.600000  51.500000  17.677670
89.700000  57.500000  9.192388
89.800000  60.500000  2.121320
89.900000  45.000000  9.899495
90.000000  58.000000  15.556349
90.100000  55.000000  16.970563
90.200000  47.000000  8.485281
90.300000  55.500000  13.435029
90.400000  60.500000  24.748737
90.500000  60.500000  16.263456
90.600000  50.500000  3.535534
90.700000  54.000000  19.798990
90.800000  57.500000  16.263456
90.900000  49.500000  17.677670
91.000000  48.500000  4.949747
91.100000  42.500000  9.192388
91.200000  56.000000  19.798990
91.300000  52.000000  21.213203
91.400000  55.500000  23.334524
91.500000  57.500000  24.748737
91.600000  45.500000  16.263456
91.700000  63.500000  26.162951
91.800000  40.500000  14.849242
91.900000  45.000000  11.313708
92.000000  47.000000  21.213203
92.100000  47.500000  21.920310
92.200000  53.500000  13.435029
92.300000  59.000000  16.970563
92.400000  48.000000  12.727922
92.500000  55.000000  8.485281
92.600000  60.000000  19.798990
92.700000  56.500000  16.263456
92.800000  51.500000  20.506097
92.900000  49.500000  14.849242
93.000000  48.500000  23.334524
93.100000  60.000000  24.041631
93.200000  53.500000  10.606602
93.300000  48.500000  0.707107
93.400000  50.500000  6.363961
93.500000  51.500000  10.606602
93.600000  48.500000  16.263456
93.700000  52.500000  10.606602
93.800000  55.500000  17.677670
93.900000  53.000000  21.213203
94.000000  59.500000  17.677670
94.100000  56.500000  26.162951
94.200000  54.000000  9.899495
94.300000  47.500000  24.748737
94.400000  52.500000  13.435029
94.500000  61.500000  3.535534
94.600000  51.500000  13.435029
94.700000  51.500000  23.334524
94.800000  49.500000  24.748737
94.900000  49.000000  26.870058
95.000000  52.500000  10.606602
95.100000  58.500000  14.849242
95.200000  48.000000  11.313708
95.300000  48.000000  12.727922
95.400000  60.000000  9.899495
95.500000  45.500000  17.677670
95.600000  60.000000  18.384776
95.700000  52.000000  22.627417
95.800000  45.500000  17.677670
95.900000  52.000000  22.627417
96.000000  62.000000  32.526912
96.100000  52.500000  28.991378
96.200000  59.000000  19.798990
96.300000  46.500000  21.920310
96.400000  56.500000  31.819805
96.500000  49.000000  26.870058
96.600000  63.000000  16.970563
96.700000  63.000000  28.284271
96.800000  53.000000  26.870058
96.900000  53.500000  24.748737
97.000000  51.000000  25.455844
97.100000  57.000000  22.627417
97.200000  61.500000  26.162951
97.300000  66.500000  12.020815
97.400000  67.000000  28.284271
97.500000  61.000000  9.899495
97.600000  59.500000  21.920310
97.700000  61.000000  25.455844
97.800000  56.500000  6.363961
97.900000  59.000000  31.112698
98.000000  61.000000  31.112698
98.100000  66.000000  25.455844
98.200000  58.000000  21.213203
98.300000  62.000000  21.213203
98.400000  62.000000  21.213203
98.500000  55.000000  21.213203
98.600000  54.000000  28.284271
98.700000  56.000000  8.485281
98.800000  57.000000  31.112698
98.900000  62.000000  21.213203
99.000000  59.000000  35.355339
99.100000  54.000000  38.183766
99.200000  59.500000  31.819805
99.300000  63.500000  27.577164
99.400000  67.500000  23.334524
99.500000  58.500000  30.405592
99.600000  53.000000  19.798990
99.700000  57.000000  18.384776
99.800000  47.500000  26.162951
99.900000  55.000000  26.870058
100.000000  49.500000  20.506097
100.100000  50.000000  21.213203
100.200000  58.000000  18.384776
100.300000  71.000000  29.698485
100.400000  48.000000  31.112698
100.500000  50.500000  16.263456
100.600000  62.000000  38.183766
100.700000  57.500000  30.405592
100.800000  61.000000  29.698485
100.900000  55.500000  7.778175
101.000000  62.500000  20.506097
101.100000  61.000000  21.213203
101.200000  59.000000  24.041631
101.300000  52.500000  34.648232
101.400000  66.000000  21.213203
101.500000  56.500000  24.748737
101.600000  64.500000  26.162951
101.700000  50.000000  28.284271
101.800000  57.000000  28.284271
101.900000  56.500000  30.405592
102.000000  55.500000  19.091883
102.100000  51.500000  10.606602
102.200000  53.500000  10.606602
102.300000  55.500000  20.506097
102.400000  55.000000  22.627417
102.500000  60.000000  26.870058
102.600000  55.000000  29.698485
102.700000  62.000000  16.970563
102.800000  50.500000  17.677670
102.900000  61.500000  27.577164
103.000000  61.000000  31.112698
103.100000  56.500000  28.991378
103.200000  56.500000  23.334524
103.300000  57.500000  33.234019
103.400000  55.500000  21.920310
103.500000  62.500000  14.849242
103.600000  47.500000  3.535534
103.700000  51.000000  11.313708
103.800000  57.000000  14.142136
103.900000  55.500000  30.405592
104.000000  59.500000  14.849242
104.100000  62.500000  10.606602
104.200000  61.500000  20.506097
104.300000  55.500000  6.363961
104.400000  62.000000  8.485281
104.500000  46.500000  24.748737
104.600000  59.000000  2.828427
104.700000  54.000000  5.656854
104.800000  57.500000  7.778175
104.900000  49.000000  14.142136
105.000000  57.500000  10.606602
105.100000  50.500000  27.577164
105.200000  46.000000  11.313708
105.300000  49.500000  14.849242
105.400000  49.000000  1.414214
105.500000  54.000000  1.414214
105.600000  52.500000  24.748737
105.700000  44.500000  4.949747
105.800000  51.500000  16.263456
105.900000  51.500000  10.606602
106.000000  57.500000  14.849242
106.100000  55.000000  14.142136
106.200000  50.000000  18.384776
106.300000  52.000000  16.970563
106.400000  56.000000  9.899495
106.500000  48.000000  5.656854
106.600000  46.000000  18.384776
106.700000  48.000000  7.071068
106.800000  46.000000  14.142136
106.900000  59.000000  14.142136
107.000000  65.000000  12.727922
107.100000  58.500000  4.949747
107.200000  53.500000  6.363961
107.300000  54.500000  10.606602
107.400000  60.500000  6.363961
107.500000  54.500000  14.849242
107.600000  46.500000  0.707107
107.700000  64.000000  7.071068
107.800000  56.000000  22.627417
107.900000  56.000000  9.899495
108.000000  59.500000  7.778175
108.100000  62.000000  19.798990
108.200000  55.000000  9.899495
108.300000  54.000000  11.313708
108.400000  58.500000  13.435029
108.500000  51.500000  17.677670
108.600000  51.500000  12.020815
108.700000  61.500000  12.020815
108.800000  52.500000  19.091883
108.900000  60.500000  12.020815
109.000000  57.000000  19.798990
109.100000  49.500000  12.020815
109.200000  48.000000  14.142136
109.300000  51.000000  11.313708
109.400000  42.500000  12.020815
109.500000  51.500000  21.920310
109.600000  45.500000  14.849242
109.700000  52.000000  7.071068
109.800000  67.000000  11.313708
109.900000  48.500000  3.535534
110.000000  44.000000  1.414214
110.100000  50.000000  8.485281
110.200000  50.000000  2.828427
110.300000  54.000000  22.627417
110.400000  47.500000  17.677670
110.500000  62.000000  2.828427
110.600000  54.000000  5.656854
110.700000  60.000000  8.485281
110.800000  59.500000  12.020815
110.900000  45.000000  8.485281
111.000000  55.500000  23.334524
111.100000  57.000000  16.970563
111.200000  59.000000  14.142136
111.300000  52.500000  10.606602
111.400000  63.500000  0.707107
111.500000  57.000000  4.242641
111.600000  47.000000  7.071068
111.700000  57.000000  16.970563
111.800000  57.500000  23.334524
111.900000  49.000000  8.485281
112.000000  61.000000  18.384776
112.100000  58.000000  24.041631
112.200000  62.500000  17.677670
112.300000  55.000000  15.556349
112.400000  53.000000  12.727922
112.500000  52.500000  12.020815
112.600000  64.000000  14.142136
112.700000  51.000000  5.656854
112.800000  47.500000  9.192388
112.900000  52.000000  7.071068
113.000000  62.500000  14.849242
113.100000  56.000000  7.071068
113.200000  53.000000  2.828427
113.300000  53.500000  3.535534
113.400000  52.000000  0.000000
113.500000  49.000000  1.414214
113.600000  48.000000  9.899495
113.700000  47.000000  4.242641
113.800000  63.000000  16.970563
113.900000  48.000000  2.828427
114.000000  55.500000  0.707107
114.100000  51.500000  9.192388
114.200000  51.500000  0.707107
114.300000  52.000000  1.414214
114.400000  56.000000  1.414214
114.500000  50.000000  7.071068
114.600000  52.500000  6.363961
114.700000  51.000000  12.727922
114.800000  48.500000  2.121320
114.900000  57.000000  8.485281
115.000000  56.000000  11.313708
115.100000  49.500000  10.606602
115.200000  53.500000  7.778175
115.300000  57.000000  7.071068
115.400000  52.500000  3.535534
115.500000  50.500000  3.535534
115.600000  53.000000  24.041631
115.700000  56.000000  2.828427
115.800000  49.000000  2.828427
115.900000  49.500000  7.778175
116.000000  58.000000  0.000000
116.100000  52.000000  5.656854
116.200000  53.500000  6.363961
116.300000  56.500000  4.949747
116.400000  58.500000  4.949747
116.500000  49.500000  14.849242
116.600000  63.000000  5.656854
116.700000  51.500000  3.535534
116.800000  55.500000  2.121320
116.900000  57.500000  12.020815
117.000000  54.000000  8.485281
117.100000  52.000000  2.828427
117.200000  60.000000  8.485281
117.300000  50.500000  9.192388
117.400000  57.500000  13.435029
117.500000  52.000000  9.899495
117.600000  48.500000  3.535534
117.700000  63.500000  3.535534
117.800000  51.500000  6.363961
117.900000  64.000000  1.414214
118.000000  61.000000  2.828427
118.100000  56.000000  8.485281
118.200000  52.000000  9.899495
118.300000  55.500000  2.121320
118.400000  57.500000  4.949747
118.500000  50.000000  9.899495
118.600000  54.000000  1.414214
118.700000  52.500000  0.707107
118.800000  52.500000  13.435029
118.900000  60.500000  0.707107
119.000000  51.500000  2.121320
119.100000  51.000000  4.242641
119.200000  59.000000  1.414214
119.300000  47.000000  9.899495
119.400000  53.000000  9.899495
119.500000  58.500000  6.363961
119.600000  46.500000  17.677670
119.700000  48.500000  12.020815
119.800000  52.500000  16.263456
119.900000  52.000000  7.071068
120.000000  49.000000  29.698485
120.100000  51.000000  7.071068
120.200000  48.000000  0.000000
120.300000  56.500000  3.535534
120.400000  53.500000  16.263456
120.500000  62.000000  2.828427
120.600000  47.500000  14.849242
120.700000  60.500000  10.606602
120.800000  64.000000  11.313708
120.900000  53.500000  0.707107
121.000000  52.000000  5.656854
121.100000  50.000000  14.142136
121.200000  56.000000  11.313708
121.300000  49.500000  0.707107
121.400000  54.000000  25.455844
121.500000  52.000000  1.414214
121.600000  51.500000  13.435029
121.700000  57.000000  12.727922
121.800000  57.500000  2.121320
121.900000  57.000000  1.414214
122.000000  57.000000  4.242641
122.100000  61.500000  0.707107
122.200000  58.000000  4.242641
122.300000  56.500000  9.192388
122.400000  54.000000  1.414214
122.500000  64.500000  7.778175
122.600000  50.000000  1.414214
122.700000  43.500000  6.363961
122.800000  49.000000  1.414214
122.900000  45.000000  9.899495
123.000000  53.500000  0.707107
123.100000  49.500000  13.435029
123.200000  56.000000  9.899495
123.300000  53.000000  7.071068
123.400000  50.500000  12.020815
123.500000  51.000000  5.656854
123.600000  47.500000  10.606602
123.700000  50.000000  9.899495
123.800000  42.000000  22.627417
123.900000  49.500000  13.435029
124.000000  49.000000  12.727922
124.100000  48.500000  2.121320
124.200000  45.500000  16.263456
124.300000  50.500000  9.192388
124.400000  45.500000  3.535534
124.500000  49.000000  0.000000
124.600000  46.000000  9.899495
124.700000  42.000000  15.556349
124.800000  45.500000  6.363961
124.900000  43.000000  8.485281
125.000000  46.000000  8.485281
125.100000  60.500000  4.949747
125.200000  49.000000  8.485281
125.300000  48.500000  4.949747
125.400000  52.500000  10.606602
125.500000  49.000000  0.000000
125.600000  44.000000  9.899495
125.700000  54.500000  17.677670
125.800000  54.500000  2.121320
125.900000  49.500000  9.192388
126.000000  56.500000  4.949747
126.100000  53.000000  9.899495
126.200000  49.000000  4.242641
126.300000  47.000000  11.313708
126.400000  43.500000  16.263456
126.500000  47.000000  12.727922
126.600000  37.000000  2.828427
126.700000  50.500000  4.949747
126.800000  50.000000  4.242641
126.900000  47.500000  10.606602
127.000000  56.500000  13.435029
127.100000  50.000000  1.414214
127.200000  54.000000  4.242641
127.300000  52.000000  1.414214
127.400000  46.000000  4.242641
127.500000  54.000000  8.485281
127.600000  48.500000  7.778175
127.700000  51.000000  11.313708
127.800000  38.000000  8.485281
127.900000  48.000000  11.313708
128.000000  48.500000  16.263456
128.100000  39.000000  1.414214
128.200000  48.500000  12.020815
128.300000  45.000000  15.556349
128.400000  51.000000  1.414214
128.500000  57.000000  4.242641
128.600000  47.500000  16.263456
128.700000  54.500000  21.920310
128.800000  47.000000  5.656854
128.900000  48.000000  5.656854
129.000000  51.500000  3.535534
129.100000  49.000000  0.000000
129.200000  50.000000  2.828427
129.300000  54.000000  5.656854
129.400000  49.500000  2.121320
129.500000  46.500000  9.192388
129.600000  47.000000  15.556349
129.700000  49.000000  0.000000
129.800000  53.000000  9.899495
129.900000  54.500000  3.535534
130.000000  50.500000  4.949747
130.100000  53.500000  2.121320
130.200000  50.500000  7.778175
130.300000  57.500000  3.535534
130.400000  52.500000  2.121320
130.500000  52.000000  4.242641
130.600000  50.000000  4.242641
130.700000  56.500000  9.192388
130.800000  51.000000  15.556349
130.900000  41.500000  0.707107
131.000000  51.500000  3.535534
131.100000  52.000000  5.656854
131.200000  54.500000  4.949747
131.300000  54.500000  9.192388
131.400000  50.500000  6.363961
131.500000  47.500000  6.363961
131.600000  61.000000  2.828427
131.700000  47.000000  4.242641
131.800000  43.500000  9.192388
131.900000  50.000000  15.556349
132.000000  45.000000  9.899495
132.100000  49.500000  10.606602
132.200000  46.000000  1.414214
132.300000  43.500000  6.363961
132.400000  48.500000  4.949747
132.500000  47.000000  4.242641
132.600000  44.500000  14.849242
132.700000  51.500000  6.363961
132.800000  55.500000  9.192388
132.900000  43.500000  6.363961
133.000000  47.000000  8.485281
133.100000  45.500000  0.707107
133.200000  47.500000  2.121320
133.300000  51.000000  4.242641
133.400000  52.000000  11.313708
133.500000  53.000000  7.071068
133.600000  56.000000  5.656854
133.700000  48.000000  15.556349
133.800000  52.000000  9.899495
133.900000  51.500000  6.363961
134.000000  65.000000  4.242641
134.100000  49.500000  3.535534
134.200000  55.500000  2.121320
134.300000  52.000000  5.656854
134.400000  60.000000  5.656854
134.500000  57.000000  15.556349
134.600000  49.500000  4.949747
134.700000  52.500000  13.435029
134.800000  41.000000  14.142136
134.900000  59.000000  9.899495
135.000000  47.000000  14.142136
135.100000  58.500000  4.949747
135.200000  38.000000  14.142136
135.300000  51.000000  11.313708
135.400000  54.500000  9.192388
135.500000  58.000000  5.656854
135.600000  51.000000  14.142136
135.700000  50.000000  2.828427
135.800000  50.000000  12.727922
135.900000  45.500000  4.949747
136.000000  40.500000  7.778175
136.100000  43.500000  7.778175
136.200000  44.500000  20.506097
136.300000  50.500000  3.535534
136.400000  45.000000  16.970563
136.500000  40.500000  14.849242
136.600000  48.500000  26.162951
136.700000  53.500000  14.849242
136.800000  48.500000  3.535534
136.900000  47.500000  7.778175
137.000000  49.500000  14.849242
137.100000  46.500000  19.091883
137.200000  47.000000  15.556349
137.300000  53.500000  7.778175
137.400000  55.000000  2.828427
137.500000  53.000000  8.485281
137.600000  51.500000  19.091883
137.700000  38.000000  2.828427
137.800000  46.000000  0.000000
137.900000  41.500000  3.535534
138.000000  47.000000  5.656854
138.100000  49.500000  7.778175
138.200000  38.000000  14.142136
138.300000  42.500000  0.707107
138.400000  44.000000  2.828427
138.500000  39.500000  2.121320
138.600000  39.000000  5.656854
138.700000  41.000000  1.414214
138.800000  41.500000  2.121320
138.900000  42.500000  10.606602
139.000000  35.500000  6.363961
139.100000  37.500000  6.363961
139.200000  22.000000  4.242641
139.300000  31.000000  9.899495
139.400000  34.500000  3.535534
139.500000  33.000000  2.828427
139.600000  39.500000  10.606602
139.700000  39.500000  14.849242
139.800000  27.500000  4.949747
139.900000  28.500000  12.020815
140.000000  36.000000  12.727922
140.100000  30.000000  9.899495
140.200000  40.000000  8.485281
140.300000  38.500000  6.363961
140.400000  49.000000  9.899495
140.500000  37.000000  4.242641
140.600000  44.000000  7.071068
140.700000  40.000000  2.828427
140.800000  30.500000  10.606602
140.900000  45.000000  12.727922
141.000000  45.000000  14.142136
141.100000  46.000000  9.899495
141.200000  42.500000  7.778175
141.300000  45.000000  12.727922
141.400000  41.500000  12.020815
141.500000  47.500000  10.606602
141.600000  41.500000  12.020815
141.700000  38.000000  8.485281
141.800000  30.500000  7.778175
141.900000  33.000000  2.828427
142.000000  37.500000  0.707107
142.100000  48.000000  5.656854
142.200000  35.000000  2.828427
142.300000  38.500000  0.707107
142.400000  40.500000  4.949747
142.500000  38.000000  19.798990
142.600000  45.500000  28.991378
142.700000  42.500000  16.263456
142.800000  41.500000  13.435029
142.900000  36.500000  17.677670
143.000000  35.500000  4.949747
143.100000  40.000000  15.556349
143.200000  38.000000  5.656854
143.300000  38.500000  6.363961
143.400000  44.000000  7.071068
143.500000  39.000000  8.485281
143.600000  42.500000  7.778175
143.700000  36.500000  12.020815
143.800000  35.000000  1.414214
143.900000  41.000000  1.414214
144.000000  31.000000  11.313708
144.100000  36.000000  12.727922
144.200000  37.000000  2.828427
144.300000  40.000000  2.828427
144.400000  32.000000  1.414214
144.500000  31.500000  13.435029
144.600000  48.500000  6.363961
144.700000  45.500000  4.949747
144.800000  41.500000  2.121320
144.900000  36.500000  3.535534
145.000000  43.000000  15.556349
145.100000  46.000000  4.242641
145.200000  39.000000  4.242641
145.300000  41.500000  12.020815
145.400000  38.500000  9.192388
145.500000  39.000000  14.142136
145.600000  46.500000  12.020815
145.700000  49.000000  19.798990
145.800000  35.500000  13.435029
145.900000  43.500000  19.091883
146.000000  39.000000  16.970563
146.100000  36.000000  19.798990
146.200000  38.500000  6.363961
146.300000  35.500000  13.435029
146.400000  33.500000  6.363961
146.500000  40.500000  20.506097
146.600000  42.500000  20.506097
146.700000  49.000000  9.899495
146.800000  39.500000  3.535534
146.900000  35.500000  9.192388
147.000000  37.500000  7.778175
147.100000  27.500000  2.121320
147.200000  33.500000  17.677670
147.300000  39.500000  14.849242
147.400000  40.000000  12.727922
147.500000  40.500000  21.920310
147.600000  41.500000  14.849242
147.700000  31.500000  12.020815
147.800000  33.500000  14.849242
147.900000  35.000000  4.242641
148.000000  38.000000  9.899495
148.100000  35.500000  9.192388
148.200000  36.000000  5.656854
148.300000  41.500000  14.849242
148.400000  33.500000  10.606602
148.500000  39.500000  17.677670
148.600000  34.000000  8.485281
148.700000  30.000000  14.142136
148.800000  36.500000  16.263456
148.900000  35.500000  9.192388
149.000000  38.000000  4.242641
149.100000  34.000000  7.071068
149.200000  47.500000  7.778175
149.300000  38.500000  14.849242
149.400000  35.000000  2.828427
149.500000  39.000000  15.556349
149.600000  44.000000  1.414214
149.700000  41.500000  3.535534
149.800000  39.000000  8.485281
149.900000  41.500000  3.535534
150.000000  39.500000  6.363961
150.100000  37.500000  7.778175
150.200000  43.000000  22.627417
150.300000  44.000000  15.556349
150.400000  45.000000  1.414214
150.500000  46.500000  12.020815
150.600000  43.500000  3.535534
150.700000  45.000000  0.000000
150.800000  33.000000  2.828427
150.900000  39.500000  4.949747
151.000000  44.000000  7.071068
151.100000  40.000000  4.242641
151.200000  42.000000  2.828427
151.300000  48.000000  9.899495
151.400000  45.000000  2.828427
151.500000  39.000000  5.656854
151.600000  39.500000  3.535534
151.700000  40.000000  8.485281
151.800000  45.000000  16.970563
151.900000  47.000000  9.899495
152.000000  40.500000  7.778175
152.100000  51.500000  14.849242
152.200000  40.500000  0.707107
152.300000  39.000000  16.970563
152.400000  45.500000  10.606602
152.500000  42.000000  0.000000
152.600000  43.500000  13.435029
152.700000  42.000000  1.414214
152.800000  49.500000  20.506097
152.900000  40.000000  2.828427
153.000000  36.500000  3.535534
153.100000  32.500000  3.535534
153.200000  47.500000  10.606602
153.300000  38.500000  2.121320
153.400000  38.500000  7.778175
153.500000  36.500000  6.363961
153.600000  43.500000  7.778175
153.700000  48.000000  5.656854
153.800000  43.500000  6.363961
153.900000  39.000000  0.000000
154.000000  41.500000  0.707107
154.100000  38.000000  14.142136
154.200000  45.000000  2.828427
154.300000  48.500000  4.949747
154.400000  43.000000  8.485281
154.500000  38.000000  1.414214
154.600000  44.000000  1.414214
154.700000  48.500000  0.707107
154.800000  37.000000  1.414214
154.900000  42.000000  11.313708
155.000000  40.500000  6.363961
155.100000  38.500000  3.535534
155.200000  39.500000  14.849242
155.300000  48.500000  0.707107
155.400000  48.000000  11.313708
155.500000  43.500000  3.535534
155.600000  36.000000  1.414214
155.700000  47.000000  2.828427
155.800000  37.500000  3.535534
155.900000  48.500000  3.535534
156.000000  38.000000  1.414214
156.100000  41.500000  10.606602
156.200000  41.500000  9.192388
156.300000  52.000000  4.242641
156.400000  47.000000  7.071068
156.500000  33.500000  9.192388
156.600000  38.000000  14.142136
156.700000  42.000000  12.727922
156.800000  31.000000  2.828427
156.900000  37.500000  14.849242
157.000000  39.000000  19.798990
157.100000  38.000000  8.485281
157.200000  36.000000  12.727922
157.300000  26.500000  0.707107
157.400000  35.000000  16.970563
157.500000  32.500000  6.363961
157.600000  32.500000  27.577164
157.700000  29.500000  4.949747
157.800000  39.000000  8.485281
157.900000  38.500000  12.020815
158.000000  32.500000  7.778175
158.100000  35.500000  10.606602
158.200000  37.000000  18.384776
158.300000  36.500000  6.363961
158.400000  39.500000  13.435029
158.500000  39.000000  24.041631
158.600000  42.500000  13.435029
158.700000  34.500000  6.363961
158.800000  36.500000  14.849242
158.900000  43.500000  2.121320
159.000000  29.000000  5.656854
159.100000  34.500000  9.192388
159.200000  41.000000  24.041631
159.300000  41.500000  6.363961
159.400000  38.000000  15.556349
159.500000  37.000000  5.656854
159.600000  37.000000  9.899495
159.700000  42.000000  5.656854
159.800000  45.500000  3.535534
159.900000  41.000000  5.656854
160.000000  37.000000  5.656854
160.100000  39.500000  2.121320
160.200000  40.500000  9.192388
160.300000  37.500000  3.535534
160.400000  42.000000  11.313708
160.500000  42.000000  8.485281
160.600000  43.000000  4.242641
160.700000  34.000000  1.414214
160.800000  39.000000  5.656854
160.900000  37.500000  12.020815
161.000000  33.000000  7.071068
161.100000  33.000000  5.656854
161.200000  46.000000  15.556349
161.300000  35.500000  7.778175
161.400000  45.000000  5.656854
161.500000  41.500000  10.606602
161.600000  38.000000  2.828427
161.700000  38.500000  7.778175
161.800000  42.500000  7.778175
161.900000  36.000000  7.071068
162.000000  32.000000  0.000000
162.100000  34.500000  4.949747
162.200000  42.000000  0.000000
162.300000  42.000000  8.485281
162.400000  35.500000  4.949747
162.500000  35.000000  2.828427
162.600000  34.500000  19.091883
162.700000  34.500000  9.192388
162.800000  31.000000  14.142136
162.900000  43.500000  17.677670
163.000000  40.000000  19.798990
163.100000  28.000000  8.485281
163.200000  34.500000  6.363961
163.300000  32.500000  0.707107
163.400000  33.500000  10.606602
163.500000  40.500000  23.334524
163.600000  38.000000  8.485281
163.700000  32.500000  3.535534
163.800000  28.500000  10.606602
163.900000  28.000000  4.242641
164.000000  39.500000  17.677670
164.100000  34.500000  7.778175
164.200000  37.000000  12.727922
164.300000  29.000000  5.656854
164.400000  31.500000  0.707107
164.500000  36.500000  6.363961
164.600000  42.000000  18.384776
164.700000  34.500000  13.435029
164.800000  37.500000  9.192388
164.900000  35.500000  13.435029
165.000000  28.500000  14.849242
165.100000  38.000000  12.727922
165.200000  39.000000  11.313708
165.300000  35.000000  8.485281
165.400000  40.500000  14.849242
165.500000  35.500000  13.435029
165.600000  38.500000  14.849242
165.700000  30.000000  2.828427
165.800000  36.000000  12.727922
165.900000  37.500000  21.920310
166.000000  36.500000  9.192388
166.100000  36.000000  7.071068
166.200000  40.500000  10.606602
166.300000  33.000000  8.485281
166.400000  28.000000  2.828427
166.500000  39.000000  15.556349
166.600000  40.000000  18.384776
166.700000  35.000000  12.727922
166.800000  42.500000  12.020815
166.900000  36.000000  11.313708
167.000000  32.000000  11.313708
167.100000  30.500000  9.192388
167.200000  36.000000  8.485281
167.300000  31.000000  0.000000
167.400000  33.500000  6.363961
167.500000  33.000000  12.727922
167.600000  30.500000  0.707107
167.700000  28.000000  18.384776
167.800000  46.500000  24.748737
167.900000  43.000000  12.727922
168.000000  37.500000  6.363961
168.100000  40.000000  16.970563
168.200000  37.500000  7.778175
168.300000  38.000000  12.727922
168.400000  37.500000  13.435029
168.500000  36.000000  18.384776
168.600000  34.000000  12.727922
168.700000  37.000000  9.899495
168.800000  36.500000  17.677670
168.900000  35.000000  4.242641
169.000000  40.500000  17.677670
169.100000  35.500000  10.606602
169.200000  40.000000  7.071068
169.300000  45.000000  21.213203
169.400000  31.000000  4.242641
169.500000  34.500000  9.192388
169.600000  29.500000  4.949747
169.700000  30.500000  3.535534
169.800000  36.500000  10.606602
169.900000  36.000000  5.656854
170.000000  37.500000  14.849242
170.100000  30.500000  3.535534
170.200000  29.000000  7.071068
170.300000  34.500000  2.121320
170.400000  35.000000  8.485281
170.500000  36.500000  7.778175
170.600000  36.500000  12.020815
170.700000  34.000000  14.142136
170.800000  29.500000  4.949747
170.900000  42.000000  2.828427
171.000000  37.000000  11.313708
171.100000  34.500000  10.606602
171.200000  38.500000  12.020815
171.300000  41.500000  2.121320
171.400000  34.000000  0.000000
171.500000  36.000000  8.485281
171.600000  31.000000  7.071068
171.700000  34.500000  13.435029
171.800000  40.500000  19.091883
171.900000  39.000000  2.828427
172.000000  32.500000  14.849242
172.100000  36.000000  2.828427
172.200000  35.500000  12.020815
172.300000  34.000000  15.556349
172.400000  32.500000  9.192388
172.500000  42.500000  21.920310
172.600000  33.000000  12.727922
172.700000  36.000000  2.828427
172.800000  42.500000  6.363961
172.900000  42.000000  15.556349
173.000000  45.500000  4.949747
173.100000  34.500000  9.192388
173.200000  35.500000  16.263456
173.300000  39.000000  4.242641
173.400000  35.500000  10.606602
173.500000  35.000000  11.313708
173.600000  44.000000  14.142136
173.700000  38.000000  12.727922
173.800000  43.000000  8.485281
173.900000  42.500000  20.506097
174.000000  45.000000  21.213203
174.100000  41.500000  9.192388
174.200000  37.000000  16.970563
174.300000  46.500000  19.091883
174.400000  42.000000  16.970563
174.500000  44.500000  17.677670
174.600000  47.500000  19.091883
174.700000  34.500000  7.778175
174.800000  35.500000  9.192388
174.900000  37.000000  4.242641
175.000000  35.000000  16.970563
175.100000  35.000000  7.071068
175.200000  27.000000  1.414214
175.300000  37.000000  5.656854
175.400000  34.500000  12.020815
175.500000  35.500000  12.020815
175.600000  45.000000  12.727922
175.700000  33.000000  5.656854
175.800000  31.500000  4.949747
175.900000  29.000000  7.071068
176.000000  34.500000  13.435029
176.100000  44.000000  18.384776
176.200000  31.500000  4.949747
176.300000  36.500000  7.778175
176.400000  34.000000  16.970563
176.500000  31.500000  2.121320
176.600000  34.500000  2.121320
176.700000  36.000000  12.727922
176.800000  31.500000  10.606602
176.900000  37.500000  9.192388
177.000000  33.500000  10.606602
177.100000  36.500000  16.263456
177.200000  34.500000  12.020815
177.300000  34.000000  9.899495
177.400000  38.500000  20.506097
177.500000  35.000000  12.727922
177.600000  39.500000  21.920310
177.700000  33.000000  11.313708
177.800000  37.500000  2.121320
177.900000  32.500000  12.020815
178.000000  40.000000  11.313708
178.100000  39.500000  16.263456
178.200000  37.500000  12.020815
178.300000  35.000000  14.142136
178.400000  41.000000  0.000000
178.500000  35.000000  9.899495
178.600000  33.000000  12.727922
178.700000  35.000000  5.656854
178.800000  37.500000  16.263456
178.900000  33.500000  0.707107
179.000000  38.500000  13.435029
179.100000  38.000000  18.384776
179.200000  31.000000  9.899495
179.300000  39.000000  5.656854
179.400000  37.500000  19.091883
179.500000  37.000000  12.727922
179.600000  33.000000  14.142136
179.700000  32.500000  6.363961
179.800000  34.500000  14.849242
179.900000  33.000000  14.142136
180.000000  35.500000  12.020815
180.100000  37.000000  9.899495
180.200000  32.000000  11.313708
180.300000  30.000000  9.899495
180.400000  34.500000  6.363961
180.500000  35.000000  18.384776
180.600000  32.500000  10.606602
180.700000  32.000000  11.313708
180.800000  31.500000  12.020815
180.900000  37.500000  6.363961
181.000000  40.000000  19.798990
181.100000  31.500000  2.121320
181.200000  29.000000  0.000000
181.300000  36.000000  0.000000
181.400000  29.000000  0.000000
181.500000  33.000000  9.899495
181.600000  36.000000  2.828427
181.700000  34.000000  9.899495
181.800000  41.000000  2.828427
181.900000  38.500000  16.263456
182.000000  36.500000  7.778175
182.100000  35.000000  11.313708
182.200000  35.500000  16.263456
182.300000  41.500000  16.263456
182.400000  31.000000  8.485281
182.500000  39.000000  9.899495
182.600000  37.500000  4.949747
182.700000  34.000000  4.242641
182.800000  40.500000  4.949747
182.900000  41.500000  17.677670
183.000000  35.000000  9.899495
183.100000  42.500000  19.091883
183.200000  32.500000  14.849242
183.300000  36.000000  8.485281
183.400000  38.500000  9.192388
183.500000  29.500000  7.778175
183.600000  28.500000  0.707107
183.700000  33.000000  11.313708
183.800000  38.500000  19.091883
183.900000  33.500000  6.363961
184.000000  36.500000  10.606602
184.100000  38.500000  9.192388
184.200000  34.000000  15.556349
184.300000  33.000000  14.142136
184.400000  36.000000  5.656854
184.500000  31.000000  9.899495
184.600000  29.500000  7.778175
184.700000  34.500000  13.435029
184.800000  33.000000  0.000000
184.900000  35.000000  11.313708
185.000000  34.000000  16.970563
185.100000  35.000000  7.071068
185.200000  35.000000  12.727922
185.300000  32.000000  15.556349
185.400000  31.500000  14.849242
185.500000  42.000000  7.071068
185.600000  42.500000  12.020815
185.700000  44.500000  17.677670
185.800000  36.000000  9.899495
185.900000  41.000000  19.798990
186.000000  32.000000  7.071068
186.100000  33.000000  5.656854
186.200000  38.000000  7.071068
186.300000  38.000000  12.727922
186.400000  37.000000  9.899495
186.500000  33.000000  15.556349
186.600000  34.000000  8.485281
186.700000  38.000000  15.556349
186.800000  41.500000  0.707107
186.900000  37.000000  7.071068
187.000000  36.500000  24.748737
187.100000  33.000000  8.485281
187.200000  43.500000  21.920310
187.300000  40.500000  17.677670
187.400000  43.500000  17.677670
187.500000  35.000000  9.899495
187.600000  33.000000  15.556349
187.700000  40.500000  9.192388
187.800000  37.500000  13.435029
187.900000  45.500000  21.920310
188.000000  33.000000  15.556349
188.100000  29.500000  9.192388
188.200000  45.000000  18.384776
188.300000  43.500000  20.506097
188.400000  46.000000  16.970563
188.500000  38.000000  12.727922
188.600000  34.500000  13.435029
188.700000  37.500000  10.606602
188.800000  36.500000  10.606602
188.900000  27.500000  9.192388
189.000000  38.500000  16.263456
189.100000  35.000000  12.727922
189.200000  34.500000  7.778175
189.300000  34.000000  4.242641
189.400000  37.000000  8.485281
189.500000  36.000000  7.071068
189.600000  32.000000  15.556349
189.700000  42.000000  15.556349
189.800000  42.000000  12.727922
189.900000  34.000000  11.313708
190.000000  40.500000  19.091883
190.100000  39.000000  11.313708
190.200000  36.000000  16.970563
190.300000  35.000000  5.656854
190.400000  30.500000  7.778175
190.500000  35.000000  9.899495
190.600000  34.500000  17.677670
190.700000  42.500000  27.577164
190.800000  44.000000  25.455844
190.900000  36.500000  10.606602
191.000000  37.500000  14.849242
191.100000  35.000000  25.455844
191.200000  29.500000  3.535534
191.300000  35.500000  9.192388
191.400000  43.000000  12.727922
191.500000  35.500000  7.778175
191.600000  39.500000  6.363961
191.700000  41.000000  8.485281
191.800000  34.000000  4.242641
191.900000  42.000000  19.798990
192.000000  36.000000  19.798990
192.100000  36.000000  4.242641
192.200000  36.500000  10.606602
192.300000  33.000000  5.656854
192.400000  41.000000  11.313708
192.500000  28.500000  4.949747
192.600000  36.000000  5.656854
192.700000  36.500000  10.606602
192.800000  33.000000  9.899495
192.900000  40.500000  2.121320
193.000000  39.000000  18.384776
193.100000  30.500000  6.363961
193.200000  35.500000  12.020815
193.300000  40.000000  12.727922
193.400000  35.000000  25.455844
193.500000  37.000000  8.485281
193.600000  34.500000  3.535534
193.700000  38.000000  18.384776
193.800000  35.000000  7.071068
193.900000  40.500000  6.363961
194.000000  30.500000  10.606602
194.100000  35.500000  4.949747
194.200000  39.000000  8.485281
194.300000  42.500000  0.707107
194.400000  39.500000  0.707107
194.500000  45.000000  24.041631
194.600000  42.000000  12.727922
194.700000  33.000000  8.485281
194.800000  37.000000  8.485281
194.900000  38.500000  10.606602
195.000000  29.500000  13.435029
195.100000  32.000000  18.384776
195.200000  33.000000  7.071068
195.300000  40.000000  22.627417
195.400000  32.000000  5.656854
195.500000  43.000000  12.727922
195.600000  30.000000  0.000000
195.700000  36.500000  13.435029
195.800000  40.500000  12.020815
195.900000  29.500000  2.121320
196.000000  44.000000  16.970563
196.100000  32.500000  10.606602
196.200000  32.000000  1.414214
196.300000  45.000000  22.627417
196.400000  34.500000  0.707107
196.500000  43.500000  21.920310
196.600000  37.000000  14.142136
196.700000  38.500000  6.363961
196.800000  38.500000  10.606602
196.900000  39.000000  16.970563
197.000000  35.000000  7.071068
197.100000  31.000000  9.899495
197.200000  39.000000  8.485281
197.300000  37.000000  4.242641
197.400000  37.000000  1.414214
197.500000  32.000000  14.142136
197.600000  33.000000  5.656854
197.700000  32.500000  9.192388
197.800000  31.500000  7.778175
197.900000  34.500000  3.535534
198.000000  36.500000  2.121320
198.100000  39.000000  1.414214
198.200000  37.500000  4.949747
198.300000  27.000000  0.000000
198.400000  44.000000  4.242641
198.500000  41.000000  11.313708
198.600000  36.000000  7.071068
198.700000  41.500000  16.263456
198.800000  41.000000  24.041631
198.900000  39.000000  12.727922
199.000000  36.000000  8.485281
199.100000  40.000000  18.384776
199.200000  34.500000  7.778175
199.300000  38.500000  17.677670
199.400000  45.000000  19.798990
199.500000  38.500000  16.263456
199.600000  36.500000  12.020815
199.700000  40.000000  16.970563
199.800000  41.000000  18.384776
199.900000  38.500000  19.091883
200.000000  38.500000  13.435029
