# aggregated from 2 replicates
# x  mean  std
0.000000  11.477800  0.000000
0.100000  12.055550  1.035699
0.200000  12.496800  1.107753
0.300000  12.991000  1.525936
0.400000  15.168400  5.095977
0.500000  16.378000  6.466492
0.600000  15.866100  5.767587
0.700000  17.641600  7.821025
0.800000  18.201850  8.623804
0.900000  17.834250  9.287070
1.000000  18.609950  10.645280
1.100000  18.869400  10.463908
1.200000  19.216500  9.787489
1.300000  19.420750  11.989773
1.400000  18.478800  10.677171
1.500000  20.073000  11.113739
1.600000  18.976550  11.026977
1.700000  18.825600  10.981651
1.800000  18.281150  9.938174
1.900000  18.622950  10.952589
2.000000  18.213950  10.672575
2.100000  18.592500  11.096344
2.200000  17.827300  10.079949
2.300000  19.278850  11.837180
2.400000  19.153400  11.538144
2.500000  19.109950  11.931649
2.600000  20.292500  13.679688
2.700000  20.480300  14.127145
2.800000  20.225100  13.873435
2.900000  19.935250  13.613149
3.000000  20.337600  13.883476
3.100000  21.036250  14.899801
3.200000  19.575600  13.046969
3.300000  19.079550  12.746095
3.400000  18.991350  12.641443
3.500000  18.459950  11.427765
3.600000  18.192800  11.153761
3.700000  18.502100  12.048675
3.800000  19.008050  12.772540
3.900000  18.922450  12.463535
4.000000  18.780900  12.037503
4.100000  18.507850  11.284788
4.200000  18.155650  10.961640
4.300000  19.518450  11.925427
4.400000  18.556000  10.722426
4.500000  18.957500  11.314133
4.600000  19.766000  12.006390
4.700000  18.065000  11.045291
4.800000  19.248250  12.687263
4.900000  19.090550  12.380379
5.000000  18.396700  12.095910
5.100000  18.710050  12.235564
5.200000  18.015250  11.767742
5.300000  18.234100  12.493304
5.400000  18.482500  11.208067
5.500000  18.763800  10.804309
5.600000  18.067400  11.501516
5.700000  18.584150  11.655595
5.800000  18.303700  11.658211
5.900000  19.550150  13.074051
6.000000  19.220600  11.524285
6.100000  19.051000  11.034967
6.200000  18.652250  11.159630
6.300000  18.019900  10.757781
6.400000  17.959250  10.748659
6.500000  19.095500  12.054615
6.600000  19.060150  12.062464
6.700000  19.146600  12.304931
6.800000  19.408400  12.751822
6.900000  19.462450  12.851454
7.000000  18.774300  11.825088
7.100000  18.860250  11.929528
7.200000  18.187500  10.786490
7.300000  18.152000  11.075414
7.400000  18.328050  11.240099
7.500000  18.339450  11.201773
7.600000  18.123250  10.534123
7.700000  18.567300  11.805289
7.800000  17.419000  10.412430
7.900000  17.241950  9.847523
8.000000  18.376950  12.043513
8.100000  18.195050  11.731962
8.200000  18.407250  11.978460
8.300000  19.353000  12.343256
8.400000  18.151650  11.468494
8.500000  18.486100  12.524134
8.600000  18.254300  11.546488
8.700000  20.008250  13.669435
8.800000  20.491050  14.746924
8.900000  19.495300  13.878102
9.000000  20.526850  15.074173
9.100000  19.890650  14.464223
9.200000  20.192350  14.859637
9.300000  19.464950  13.861485
9.400000  19.673800  14.139307
9.500000  19.593600  14.122619
9.600000  19.613700  13.999159
9.700000  19.286450  13.632948
9.800000  19.332400  13.850101
9.900000  19.750950  14.058202
10.000000  18.955550  13.048736
10.100000  18.668550  12.312780
10.200000  18.490900  11.748296
10.300000  18.560300  11.382864
10.400000  16.725600  10.647614
10.500000  16.852500  10.030875
10.600000  17.721000  10.979954
10.700000  17.365750  10.682333
10.800000  17.590450  10.724335
10.900000  16.622250  9.311960
11.000000  17.021750  10.224835
11.100000  20.215950  14.206129
11.200000  19.728000  14.087830
11.300000  19.470400  14.603311
11.400000  20.366100  15.054445
11.500000  20.141100  12.840352
11.600000  20.671900  14.457930
11.700000  21.883600  15.782058
11.800000  20.911100  14.830858
11.900000  19.372150  12.685284
12.000000  19.679100  13.147802
12.100000  18.344350  12.413472
12.200000  18.131850  12.217320
12.300000  18.097700  12.055888
12.400000  18.373800  12.371823
12.500000  18.028900  11.489212
12.600000  18.284500  11.654110
12.700000  17.779000  11.131699
12.800000  17.908300  11.319648
12.900000  17.082800  10.137931
13.000000  18.047250  11.123143
13.100000  19.239850  13.765036
13.200000  19.131350  13.323094
13.300000  18.988800  12.726649
13.400000  18.909000  12.748711
13.500000  18.855800  12.914740
13.600000  18.729700  11.740377
13.700000  17.597500  11.382015
13.800000  16.533800  9.713809
13.900000  16.069850  8.516041
14.000000  16.388050  9.565953
14.100000  15.985550  8.897312
14.200000  15.817500  8.637309
14.300000  15.668900  8.464351
14.400000  15.987500  8.466189
14.500000  15.944650  8.261058
14.600000  15.864200  8.557548
14.700000  15.074100  6.954537
14.800000  14.269750  5.848551
14.900000  14.577650  7.056289
15.000000  14.161350  6.291200
15.100000  16.119250  7.936213
15.200000  16.777550  8.783327
15.300000  16.127550  8.391024
15.400000  16.843600  9.082221
15.500000  16.633300  8.908414
15.600000  16.939600  9.361811
15.700000  17.713900  10.546922
15.800000  17.504300  9.653422
15.900000  18.328350  11.355499
16.000000  16.509300  9.135961
16.100000  17.209800  9.907273
16.200000  17.306600  10.021400
16.300000  16.538950  9.445886
16.400000  17.117550  9.734810
16.500000  17.484600  9.787489
16.600000  17.316700  9.676049
16.700000  17.270600  9.741244
16.800000  17.271500  9.739972
16.900000  16.610750  9.185105
17.000000  15.713250  7.528778
17.100000  16.590400  9.248674
17.200000  16.214600  8.064553
17.300000  15.620000  7.519939
17.400000  16.216300  8.672523
17.500000  16.727900  9.065392
17.600000  16.659850  9.160780
17.700000  16.851200  9.027915
17.800000  16.533050  8.213257
17.900000  16.362050  8.507131
18.000000  17.217350  9.093322
18.100000  17.121400  9.207379
18.200000  17.969350  10.280272
18.300000  17.214300  9.150103
18.400000  16.521050  9.454513
18.500000  17.079300  10.475080
18.600000  16.944550  9.208157
18.700000  16.212900  8.998499
18.800000  15.863750  8.739911
18.900000  16.069850  8.998429
19.000000  18.345250  12.629139
19.100000  17.897950  11.746670
19.200000  19.075800  12.904699
19.300000  19.011100  13.086991
19.400000  19.877650  14.016624
19.500000  20.013750  13.821038
19.600000  19.216650  13.134155
19.700000  19.098700  13.163500
19.800000  20.064000  14.905952
19.900000  20.182700  14.704710
20.000000  20.349250  14.739004
20.100000  19.326250  13.305982
20.200000  20.128900  14.778107
20.300000  18.446750  12.322113
20.400000  19.081150  13.027806
20.500000  18.180950  11.942821
20.600000  18.404700  11.976126
20.700000  18.078400  11.348922
20.800000  18.104550  11.171934
20.900000  18.413300  12.671212
21.000000  17.806250  11.977187
21.100000  16.891650  10.735224
21.200000  15.757250  9.354528
21.300000  16.669450  10.278999
21.400000  16.029800  9.303687
21.500000  16.877000  10.095222
21.600000  16.706300  10.154902
21.700000  16.443500  9.862584
21.800000  17.500850  10.391005
21.900000  16.767550  10.599177
22.000000  16.252350  9.531022
22.100000  16.947800  10.620320
22.200000  17.353100  10.145285
22.300000  17.110350  10.059089
22.400000  15.482000  8.143325
22.500000  15.407100  7.570285
22.600000  15.263900  8.820733
22.700000  14.923400  8.183064
22.800000  15.194400  8.083645
22.900000  14.099500  6.982255
23.000000  14.988150  8.171821
23.100000  14.775700  7.644531
23.200000  15.037000  8.079685
23.300000  15.095200  7.682432
23.400000  15.062550  8.158810
23.500000  15.776000  8.981670
23.600000  16.342650  9.646987
23.700000  17.707350  11.477969
23.800000  17.232800  11.183177
23.900000  19.996300  15.070708
24.000000  18.838700  13.515073
24.100000  20.294500  15.452263
24.200000  25.642000  23.034852
24.300000  25.066150  22.157120
24.400000  26.468900  23.657389
24.500000  28.578750  26.838309
24.600000  30.397600  29.578418
24.700000  32.067250  32.293213
24.800000  33.046450  33.555257
24.900000  33.208750  33.325730
25.000000  33.037650  33.567702
25.100000  33.202750  33.334216
25.200000  35.284900  36.331854
25.300000  35.114100  36.573401
25.400000  33.048850  33.251484
25.500000  33.835900  34.685426
25.600000  34.145200  34.982411
25.700000  33.813350  34.717317
25.800000  34.443800  35.155652
25.900000  34.148850  34.977249
26.000000  34.035650  34.970461
26.100000  35.247850  36.501488
26.200000  34.164400  34.955258
26.300000  34.357200  35.251536
26.400000  33.509000  34.449960
26.500000  31.852850  31.648473
26.600000  27.589300  25.480451
26.700000  27.698750  25.605539
26.800000  27.445700  25.683533
26.900000  26.407200  24.395184
27.000000  25.081400  22.102602
27.100000  24.633200  21.344442
27.200000  26.581750  24.148333
27.300000  26.442300  24.345545
27.400000  28.030000  26.728636
27.500000  30.626350  30.494051
27.600000  31.699450  31.860322
27.700000  33.178900  33.257212
27.800000  31.919600  32.221018
27.900000  31.908500  32.236715
28.000000  32.106850  31.956206
28.100000  31.816500  32.086667
28.200000  31.834550  31.538589
28.300000  32.177500  32.478263
28.400000  33.596000  34.495356
28.500000  33.700600  34.446141
28.600000  35.861550  37.902833
28.700000  36.959050  39.475862
28.800000  36.894500  39.440436
28.900000  35.921650  37.865922
29.000000  36.476550  38.428496
29.100000  36.347450  38.611071
29.200000  36.594650  38.261477
29.300000  35.645300  37.298751
29.400000  36.510900  38.599121
29.500000  35.511500  37.487973
29.600000  35.444850  37.156835
29.700000  32.367700  32.507396
29.800000  32.276000  32.637079
29.900000  31.627900  32.054565
30.000000  32.359550  32.694708
30.100000  31.763700  31.862514
30.200000  31.809650  31.797531
30.300000  31.461500  31.643311
30.400000  33.195250  34.070738
30.500000  32.688900  33.043666
30.600000  32.837700  33.764349
30.700000  36.016600  38.272296
30.800000  36.193100  38.052244
30.900000  37.023800  39.100742
31.000000  37.872450  40.570039
31.100000  37.412050  39.892490
31.200000  38.131550  40.579656
31.300000  37.437650  40.442902
31.400000  35.256250  37.190210
31.500000  36.147100  38.015616
31.600000  35.251800  36.853981
31.700000  36.237750  37.887418
31.800000  36.295450  37.805818
31.900000  36.740400  38.775190
32.000000  36.719150  39.038163
32.100000  36.910350  38.767766
32.200000  36.830800  38.880266
32.300000  39.081700  42.197304
32.400000  38.999450  41.619810
32.500000  38.850100  41.831023
32.600000  38.910000  42.440125
32.700000  38.596300  42.189950
32.800000  38.868800  41.804577
32.900000  37.967150  40.713441
33.000000  37.547950  39.831113
33.100000  37.319450  40.154261
33.200000  36.573050  38.544179
33.300000  37.203200  39.254184
33.400000  36.499550  38.648123
33.500000  37.603900  40.234800
33.600000  37.585050  40.261458
33.700000  37.617300  40.215850
33.800000  37.674400  40.135098
33.900000  37.752350  40.405001
34.000000  37.749700  40.408748
34.100000  37.920250  40.496783
34.200000  37.869650  40.568342
34.300000  38.389400  41.141028
34.400000  38.240500  41.351605
34.500000  38.296550  41.272338
34.600000  40.035000  43.112018
34.700000  38.592300  41.710391
34.800000  38.053600  40.758908
34.900000  38.813200  41.397991
35.000000  38.788300  41.433205
35.100000  39.746350  42.964162
35.200000  38.717050  42.004335
35.300000  39.697300  43.033529
35.400000  39.362600  43.013730
35.500000  39.813400  43.273945
35.600000  40.983800  44.841177
35.700000  39.683700  42.718301
35.800000  39.785750  42.573980
35.900000  36.559700  38.916470
36.000000  34.786750  36.209453
36.100000  34.005600  34.736055
36.200000  34.237150  35.202250
36.300000  30.561600  30.348033
36.400000  31.107300  31.295132
36.500000  31.309250  31.383874
36.600000  30.013350  29.191277
36.700000  28.368700  27.216116
36.800000  28.489500  27.143567
36.900000  28.572850  27.025692
37.000000  28.274000  26.943314
37.100000  29.744400  28.984307
37.200000  29.433700  27.816025
37.300000  28.991250  27.622207
37.400000  30.224050  29.422077
37.500000  30.420000  29.789560
37.600000  30.270950  29.355750
37.700000  30.458500  29.735113
37.800000  30.341750  29.900222
37.900000  27.868400  26.155597
38.000000  26.565000  24.649035
38.100000  26.225050  24.200235
38.200000  24.300350  21.158544
38.300000  24.402050  21.014719
38.400000  25.492400  22.637741
38.500000  25.389450  22.783334
38.600000  25.457650  22.686885
38.700000  25.346000  22.844782
38.800000  25.548800  23.082228
38.900000  26.415450  24.103220
39.000000  25.001600  22.257600
39.100000  24.265800  21.375414
39.200000  22.605800  19.051295
39.300000  22.473500  19.238396
39.400000  21.440150  17.585816
39.500000  21.273200  17.261749
39.600000  20.468050  16.459820
39.700000  20.516350  16.045031
39.800000  21.186650  16.807150
39.900000  20.924300  16.667780
40.000000  20.490800  15.919661
40.100000  20.938000  15.732702
40.200000  21.343600  16.812029
40.300000  20.822450  16.111923
40.400000  20.901050  16.372987
40.500000  21.046400  16.576139
40.600000  20.174950  15.494477
40.700000  19.711250  15.094679
40.800000  19.675500  14.770471
40.900000  20.078900  14.360773
41.000000  19.943850  14.952975
41.100000  20.522100  15.356804
41.200000  20.103550  15.117872
41.300000  20.186400  15.635828
41.400000  20.160950  15.367340
41.500000  20.636100  16.145652
41.600000  20.237050  15.702650
41.700000  19.914250  15.263395
41.800000  20.242350  15.452758
41.900000  20.725250  15.587391
42.000000  19.970200  14.335459
42.100000  20.455550  15.851001
42.200000  20.167250  14.849455
42.300000  20.821950  15.074314
42.400000  20.500800  15.133075
42.500000  20.614800  15.630737
42.600000  20.294100  15.158814
42.700000  20.022300  14.949510
42.800000  20.749900  15.047657
42.900000  20.303450  15.105286
43.000000  20.660950  14.772238
43.100000  20.312350  15.824555
43.200000  20.584900  15.137318
43.300000  20.302450  15.378795
43.400000  20.690250  15.083507
43.500000  20.370700  14.667233
43.600000  20.217450  14.878870
43.700000  20.498000  15.623666
43.800000  20.116750  14.435938
43.900000  20.806800  15.476588
44.000000  20.965450  15.865850
44.100000  20.951550  15.840677
44.200000  20.955500  15.709791
44.300000  21.092000  16.402473
44.400000  21.153400  16.413787
44.500000  20.950700  15.794503
44.600000  21.367800  16.033222
44.700000  21.021500  16.147066
44.800000  21.570800  16.401483
44.900000  20.963450  15.737439
45.000000  21.406550  15.535772
45.100000  22.224900  16.948642
45.200000  21.761450  16.844344
45.300000  20.952250  15.968097
45.400000  20.796850  15.268769
45.500000  20.730600  16.197129
45.600000  20.902650  15.876739
45.700000  20.781600  15.255829
45.800000  20.890300  15.666234
45.900000  20.939950  16.310054
46.000000  20.815850  15.390815
46.100000  21.493000  16.929692
46.200000  20.495450  16.063698
46.300000  21.061150  15.535772
46.400000  21.069750  15.753561
46.500000  20.959550  15.953672
46.600000  21.446100  16.518722
46.700000  21.495500  16.536823
46.800000  21.340300  16.782755
46.900000  21.243250  16.720601
47.000000  20.892150  16.019999
47.100000  20.880050  16.587664
47.200000  21.297200  16.495670
47.300000  20.893700  15.899013
47.400000  21.303100  16.116802
47.500000  21.260200  16.885710
47.600000  21.673300  16.470073
47.700000  21.078200  16.349723
47.800000  21.279050  16.196210
47.900000  20.943600  15.766643
48.000000  20.822750  15.571128
48.100000  21.583550  16.544248
48.200000  21.375450  16.389533
48.300000  21.020750  16.104145
48.400000  20.611500  15.661284
48.500000  20.929850  15.679315
48.600000  20.495100  15.121479
48.700000  20.679450  15.733055
48.800000  20.682600  16.342511
48.900000  20.828300  16.120055
49.000000  20.560950  15.706044
49.100000  20.985100  15.523398
49.200000  20.484050  15.680446
49.300000  20.674550  14.946894
49.400000  20.802450  15.341318
49.500000  20.307700  15.016261
49.600000  20.441700  15.236030
49.700000  20.496600  15.062082
49.800000  20.454300  14.824494
49.900000  20.608900  15.526509
50.000000  21.077300  15.627343
50.100000  21.021450  15.554723
50.200000  20.272200  16.024878
50.300000  21.089100  15.716862
50.400000  21.589350  16.255041
50.500000  20.790450  15.862031
50.600000  21.018650  16.001190
50.700000  20.336750  15.422777
50.800000  20.092250  15.297619
50.900000  19.940050  14.945621
51.000000  19.981500  14.648707
51.100000  20.160900  15.227686
51.200000  20.191600  15.533156
51.300000  19.720950  14.815231
51.400000  19.829900  14.841323
51.500000  20.009300  14.907791
51.600000  20.162150  14.998230
51.700000  19.788000  14.542217
51.800000  20.484000  15.309427
51.900000  20.155400  14.816998
52.000000  19.778350  15.253071
52.100000  20.193950  15.089447
52.200000  20.430300  15.496952
52.300000  20.695050  16.486831
52.400000  21.052700  15.617019
52.500000  20.903550  15.827525
52.600000  20.635150  15.206543
52.700000  21.181650  15.928782
52.800000  21.294600  16.251152
52.900000  21.465750  16.797251
53.000000  21.035900  16.303478
53.100000  21.265700  16.473184
53.200000  21.254650  16.810969
53.300000  20.830200  16.119348
53.400000  21.022250  16.531944
53.500000  21.187250  16.231283
53.600000  21.407100  16.085689
53.700000  20.889300  15.827030
53.800000  20.891550  15.773643
53.900000  21.105250  15.957774
54.000000  20.860550  15.978704
54.100000  21.350000  16.127974
54.200000  20.619100  15.679810
54.300000  21.030350  16.216292
54.400000  20.540550  15.726974
54.500000  20.977700  16.065749
54.600000  20.752900  15.737934
54.700000  21.083550  15.304973
54.800000  20.789650  15.510317
54.900000  20.706400  15.602311
55.000000  20.761700  15.799877
55.100000  20.886050  16.028484
55.200000  20.783850  15.449081
55.300000  20.997650  15.646647
55.400000  20.748150  15.695154
55.500000  20.661300  14.829726
55.600000  20.683900  15.479133
55.700000  20.860000  16.411383
55.800000  21.320250  16.619484
55.900000  20.734400  15.657041
56.000000  21.091450  16.047435
56.100000  20.885400  15.862526
56.200000  20.940100  15.911882
56.300000  20.604250  15.486416
56.400000  20.736700  15.452687
56.500000  20.688250  16.059031
56.600000  20.730750  16.167077
56.700000  20.919300  16.041566
56.800000  21.204550  16.828081
56.900000  21.347500  16.498215
57.000000  21.058100  16.540359
57.100000  20.972900  16.384795
57.200000  20.820750  15.982381
57.300000  21.162350  16.146854
57.400000  21.221700  16.791948
57.500000  21.423850  16.601524
57.600000  20.899300  15.830424
57.700000  21.380200  16.394271
57.800000  20.766100  16.275477
57.900000  20.910750  15.738005
58.000000  20.838550  15.195795
58.100000  21.152250  16.351915
58.200000  21.117300  15.994897
58.300000  21.352100  16.082861
58.400000  20.819500  14.842454
58.500000  21.057650  16.175987
58.600000  20.330250  15.051546
58.700000  20.548950  15.420655
58.800000  20.794400  15.966330
58.900000  20.806700  15.579118
59.000000  20.475400  15.177340
59.100000  20.905550  15.974037
59.200000  20.977800  15.544470
59.300000  21.146250  16.252920
59.400000  21.469400  17.346744
59.500000  21.017850  15.806311
59.600000  21.605550  16.964835
59.700000  21.423200  17.144935
59.800000  21.866450  16.746905
59.900000  21.976950  17.185594
60.000000  21.501700  16.670467
60.100000  21.655100  16.476578
60.200000  21.312100  16.250587
60.300000  20.929900  15.690982
60.400000  20.864800  15.439252
60.500000  21.143650  16.118428
60.600000  21.422700  15.836929
60.700000  20.952000  15.555784
60.800000  20.755050  15.678042
60.900000  21.301150  16.185038
61.000000  21.049000  16.261476
61.100000  20.909200  16.004372
61.200000  20.803000  15.754198
61.300000  20.988050  16.338197
61.400000  20.961700  15.884164
61.500000  21.373350  16.363087
61.600000  20.375900  15.620413
61.700000  21.333700  16.522257
61.800000  20.968450  15.662344
61.900000  20.800100  15.323711
62.000000  20.878950  15.896397
62.100000  20.343350  14.841394
62.200000  19.738900  14.709518
62.300000  20.089900  15.015271
62.400000  19.945250  14.605078
62.500000  20.377500  15.378300
62.600000  20.260450  15.233131
62.700000  20.391300  15.484790
62.800000  20.625250  15.876032
62.900000  19.856600  14.865364
63.000000  20.287450  15.212625
63.100000  20.103400  14.950217
63.200000  20.016200  14.579976
63.300000  20.033400  14.761844
63.400000  20.674250  15.672810
63.500000  19.480050  14.485436
63.600000  19.842800  15.029837
63.700000  20.029400  14.946540
63.800000  20.023050  14.706053
63.900000  20.525400  15.550127
64.000000  21.161150  15.917044
64.100000  20.703100  14.994624
64.200000  19.745150  14.156773
64.300000  20.121350  14.307245
64.400000  21.511900  16.470921
64.500000  21.421450  16.527702
64.600000  21.327300  16.034778
64.700000  21.240450  16.218979
64.800000  21.352400  16.179876
64.900000  21.787750  16.777876
65.000000  21.362650  16.734601
65.100000  20.889000  15.589866
65.200000  20.770050  15.011665
65.300000  21.030950  15.491507
65.400000  20.992100  15.801857
65.500000  21.056250  15.902761
65.600000  20.982050  15.630100
65.700000  21.120450  16.160572
65.800000  20.525500  15.797048
65.900000  20.879900  15.822787
66.000000  20.915950  15.680305
66.100000  21.275550  16.377654
66.200000  21.081950  15.800089
66.300000  21.170600  16.069850
66.400000  21.859200  17.081154
66.500000  21.789400  16.850072
66.600000  21.786700  16.710913
66.700000  21.285100  16.273355
66.800000  21.028050  15.702084
66.900000  20.621350  15.084214
67.000000  20.763300  14.807099
67.100000  20.748400  15.276901
67.200000  20.862950  15.291255
67.300000  20.923000  15.497659
67.400000  20.910250  15.439182
67.500000  20.672450  15.392654
67.600000  20.828300  15.591422
67.700000  20.355500  15.192896
67.800000  20.958000  15.655061
67.900000  20.530650  15.934863
68.000000  20.196550  15.575936
68.100000  20.260900  15.133499
68.200000  20.689500  15.708801
68.300000  20.290400  15.647425
68.400000  20.507700  15.383108
68.500000  20.860150  16.483578
68.600000  21.238750  16.311893
68.700000  20.595400  15.291750
68.800000  20.509550  15.512155
68.900000  20.494200  15.804402
69.000000  20.177550  15.344712
69.100000  20.526250  15.295497
69.200000  19.769650  15.189149
69.300000  20.046150  15.067102
69.400000  20.647750  15.905731
69.500000  20.653750  15.537894
69.600000  20.283350  14.558692
69.700000  20.817850  15.530540
69.800000  20.489600  15.140429
69.900000  20.400600  15.154005
70.000000  20.527600  15.343510
70.100000  20.766050  14.795432
70.200000  21.111150  15.597574
70.300000  20.639750  15.417261
70.400000  21.196650  15.772229
70.500000  21.467850  15.532095
70.600000  20.939900  15.820241
70.700000  21.538550  16.497013
70.800000  21.295300  16.271376
70.900000  21.443150  16.706034
71.000000  20.975250  16.453314
71.100000  21.192850  16.964411
71.200000  21.395950  16.763451
71.300000  21.297650  16.528833
71.400000  21.452800  16.753340
71.500000  21.007250  15.875749
71.600000  20.870100  16.366835
71.700000  20.977950  16.641546
71.800000  21.214400  16.307155
71.900000  21.154850  16.760906
72.000000  21.505500  17.374604
72.100000  20.973850  16.857779
72.200000  21.307500  16.956279
72.300000  20.787650  16.517802
72.400000  20.623050  16.529399
72.500000  20.503900  15.860971
72.600000  20.832250  16.394341
72.700000  20.899600  16.128116
72.800000  21.234300  16.435566
72.900000  21.176700  16.398796
73.000000  20.474700  16.064618
73.100000  20.933900  16.425525
73.200000  20.322400  15.693669
73.300000  20.288550  15.802069
73.400000  20.401300  15.823777
73.500000  20.767100  15.826040
73.600000  20.255550  15.523044
73.700000  20.447950  15.814655
73.800000  20.334150  15.025241
73.900000  20.870500  15.691972
74.000000  20.794950  15.243454
74.100000  20.943050  15.537752
74.200000  20.560900  15.754481
74.300000  20.784950  15.594887
74.400000  20.479200  15.617867
74.500000  20.327350  15.337075
74.600000  20.328900  15.433313
74.700000  20.801950  15.498013
74.800000  20.365050  15.734469
74.900000  20.619900  15.957562
75.000000  20.496050  15.811403
75.100000  20.641950  15.436495
75.200000  20.271650  15.602099
75.300000  20.916650  16.094811
75.400000  20.713450  15.790331
75.500000  20.841850  16.164107
75.600000  20.594300  16.332752
75.700000  20.414650  15.074173
75.800000  20.807650  15.793442
75.900000  20.570000  15.441798
76.000000  20.969600  15.908913
76.100000  20.858450  16.533783
76.200000  20.802050  16.130166
76.300000  20.582950  15.899084
76.400000  20.473900  16.030535
76.500000  20.520650  15.838273
76.600000  20.542250  16.002180
76.700000  20.408300  16.026151
76.800000  20.573000  16.254971
76.900000  20.731100  16.048071
77.000000  20.443600  15.515337
77.100000  20.225300  15.641202
77.200000  20.311600  15.473618
77.300000  20.493650  15.549632
77.400000  20.190450  15.690346
77.500000  20.779100  15.878083
77.600000  20.410500  15.506145
77.700000  20.468050  15.778876
77.800000  20.597550  15.713680
77.900000  20.044650  14.985360
78.000000  20.195300  15.331065
78.100000  20.703450  15.580886
78.200000  20.830000  15.916125
78.300000  20.226650  15.202301
78.400000  20.554500  15.691689
78.500000  20.308050  14.738439
78.600000  20.187800  14.923630
78.700000  20.253850  15.122822
78.800000  20.037050  14.954813
78.900000  20.613250  15.434232
79.000000  20.164850  14.975320
79.100000  20.234050  15.300730
79.200000  20.647800  15.710498
79.300000  20.451500  15.568087
79.400000  20.433100  15.397957
79.500000  20.375650  15.552036
79.600000  20.592650  15.723156
79.700000  20.471300  15.698195
79.800000  20.258550  15.573956
79.900000  21.170800  16.281841
80.000000  20.870350  16.232273
80.100000  20.515950  15.855243
80.200000  20.691850  15.884659
80.300000  20.616350  15.743520
80.400000  20.887800  15.898589
80.500000  20.772450  15.806453
80.600000  20.830600  16.018514
80.700000  21.176500  16.051607
80.800000  20.495450  16.000059
80.900000  20.898850  16.058890
81.000000  21.198550  16.198756
81.100000  21.029750  16.244011
81.200000  20.767850  15.763461
81.300000  20.648950  15.754551
81.400000  20.767750  15.828515
81.500000  20.916200  15.823918
81.600000  20.870800  15.979340
81.700000  20.955750  15.593331
81.800000  20.669300  15.677830
81.900000  20.734150  16.634192
82.000000  20.588900  15.800160
82.100000  20.628650  15.584704
82.200000  20.690000  16.118640
82.300000  20.830150  16.200170
82.400000  20.755750  15.879992
82.500000  20.811300  15.887275
82.600000  20.981400  16.250728
82.700000  20.891250  16.178815
82.800000  20.914600  15.874689
82.900000  20.437800  15.449859
83.000000  20.629250  15.927085
83.100000  20.234700  15.261910
83.200000  20.731050  15.824696
83.300000  21.047200  16.049485
83.400000  20.372700  15.529621
83.500000  20.337000  16.005362
83.600000  20.390250  15.299457
83.700000  20.310250  15.579613
83.800000  20.782000  15.155137
83.900000  20.240150  15.009968
84.000000  20.436350  15.830070
84.100000  21.161350  16.076426
84.200000  21.272650  16.649890
84.300000  21.008200  15.934368
84.400000  20.554550  14.764885
84.500000  20.633850  15.938682
84.600000  20.929000  15.882467
84.700000  20.995600  16.014696
84.800000  21.075250  15.939248
84.900000  20.488900  15.726196
85.000000  20.920250  15.745217
85.100000  20.969150  16.152228
85.200000  21.137350  15.688366
85.300000  20.683700  15.993200
85.400000  21.106150  16.160289
85.500000  21.024750  16.245708
85.600000  21.039650  16.467739
85.700000  20.989350  16.259143
85.800000  21.294650  16.618636
85.900000  21.130150  16.136389
86.000000  20.533750  16.331550
86.100000  20.858750  16.181502
86.200000  20.762800  15.832828
86.300000  20.765000  16.297539
86.400000  20.509800  16.042556
86.500000  20.959150  16.014908
86.600000  20.765200  15.555501
86.700000  21.451450  16.234111
86.800000  21.241050  15.964703
86.900000  20.542100  15.451839
87.000000  20.574450  15.188866
87.100000  21.097450  15.596584
87.200000  21.169650  15.652304
87.300000  20.991750  16.074305
87.400000  20.538150  15.449505
87.500000  20.857700  15.602735
87.600000  21.249500  15.659870
87.700000  20.357550  14.858364
87.800000  20.051450  15.202584
87.900000  20.376000  14.979774
88.000000  20.474350  15.468032
88.100000  20.860050  15.615393
88.200000  20.135700  14.973835
88.300000  20.457550  14.980835
88.400000  20.504100  15.529338
88.500000  20.686500  15.068163
88.600000  20.259150  15.285457
88.700000  21.121800  15.562713
88.800000  20.460450  15.269052
88.900000  20.489500  15.345349
89.000000  20.974300  15.857152
89.100000  20.692350  15.784957
89.200000  20.747050  15.635899
89.300000  20.530100  15.692679
89.400000  20.747000  15.758440
89.500000  20.926250  15.690063
89.600000  20.864950  15.999917
89.700000  21.059250  15.721176
89.800000  21.202850  15.736449
89.900000  21.365400  16.988099
90.000000  21.357850  17.027061
90.100000  21.123150  15.978421
90.200000  21.144550  16.035838
90.300000  20.869150  15.993270
90.400000  20.279250  15.303983
90.500000  20.176000  15.231363
90.600000  20.307800  15.428363
90.700000  20.357600  15.656193
90.800000  20.813100  16.070274
90.900000  20.779450  15.895265
91.000000  20.579050  15.829646
91.100000  20.177150  14.879436
91.200000  20.579100  15.921641
91.300000  20.600000  16.173229
91.400000  20.942650  16.792584
91.500000  20.621700  15.753632
91.600000  20.439200  15.456930
91.700000  20.207900  15.393149
91.800000  20.455250  15.710569
91.900000  20.600900  15.607402
92.000000  20.437600  16.491710
92.100000  20.312750  15.579330
92.200000  20.608000  15.580108
92.300000  20.857250  15.952965
92.400000  21.223350  16.601807
92.500000  20.736150  15.771239
92.600000  20.957400  16.526924
92.700000  20.511300  15.805958
92.800000  20.663850  16.368886
92.900000  20.145150  15.705054
93.000000  20.275950  15.500700
93.100000  20.585400  15.688154
93.200000  20.341700  15.788422
93.300000  20.615900  16.281699
93.400000  21.023450  16.856931
93.500000  20.911100  16.265436
93.600000  20.742650  16.388119
93.700000  20.830750  16.700377
93.800000  21.041200  16.544036
93.900000  20.934850  16.383876
94.000000  20.905050  16.413292
94.100000  21.301200  16.973391
94.200000  21.146600  16.543612
94.300000  20.954700  16.653072
94.400000  20.881900  16.739197
94.500000  20.969150  16.995524
94.600000  20.438600  15.566390
94.700000  21.163550  16.492771
94.800000  21.786400  17.692802
94.900000  21.586800  17.329632
95.000000  21.235850  16.836425
95.100000  21.653850  17.564745
95.200000  21.195900  16.832536
95.300000  21.136800  16.288770
95.400000  20.562150  16.563340
95.500000  20.444900  15.581381
95.600000  21.146150  16.817333
95.700000  20.649000  16.047930
95.800000  20.817200  15.968168
95.900000  21.682500  16.569775
96.000000  21.380100  16.043687
96.100000  21.408050  16.070062
96.200000  21.357400  16.168279
96.300000  21.244250  16.585967
96.400000  20.991950  16.848163
96.500000  21.028050  16.099054
96.600000  21.017450  15.655556
96.700000  21.064000  15.225706
96.800000  20.916500  16.038596
96.900000  20.224150  15.569006
97.000000  20.280600  15.488750
97.100000  20.554650  15.728813
97.200000  20.503250  15.877446
97.300000  21.018250  16.407635
97.400000  21.196150  16.641405
97.500000  21.328200  16.218060
97.600000  21.392500  16.208019
97.700000  20.637550  16.549764
97.800000  21.211300  16.967310
97.900000  20.674950  16.076992
98.000000  21.236950  15.969229
98.100000  21.123700  16.774270
98.200000  20.855850  15.922843
98.300000  20.559750  15.473688
98.400000  20.938050  15.319539
98.500000  20.782750  15.418817
98.600000  20.763600  15.788563
98.700000  20.907700  16.102094
98.800000  20.680650  15.576360
98.900000  20.481950  15.471991
99.000000  20.491150  15.519085
99.100000  20.028950  15.025666
99.200000  20.434450  15.430272
99.300000  20.503800  15.657324
99.400000  19.894550  15.218281
99.500000  20.124550  15.712549
99.600000  20.541750  15.627555
99.700000  20.113300  15.462870
99.800000  20.776100  15.535843
99.900000  19.972500  14.920660
100.000000  20.354250  15.415423
