# aggregated from 2 replicates
# x  mean  std
0.000000  37.000700  13.149075
2.000000  39.796200  10.980944
6.000000  30.590300  12.919548
7.000000  22.745800  0.743452
11.000000  26.203850  15.975310
13.000000  11.112200  2.464691
14.000000  49.574700  17.994312
15.000000  24.003500  9.625138
16.000000  23.232100  6.727414
17.000000  49.280600  0.322865
18.000000  31.366450  27.606651
19.000000  55.294150  1.482874
20.000000  13.309700  1.191616
21.000000  37.188600  7.791044
22.000000  8.393550  0.056922
23.000000  61.489750  11.714143
24.000000  6.886300  0.319329
25.000000  32.733100  1.556059
26.000000  67.800400  1.731846
27.000000  22.339450  13.746792
30.000000  57.602100  20.040820
31.000000  47.919400  20.567898
32.000000  56.060400  9.514122
33.000000  8.196100  0.513218
34.000000  97.924300  22.115472
35.000000  15.305800  7.750456
36.000000  34.528200  6.111665
38.000000  63.329950  2.334513
39.000000  11.142250  0.565615
40.000000  29.025200  1.246064
41.000000  9.282250  3.188132
42.000000  8.558150  0.246851
43.000000  53.167800  1.138159
45.000000  15.795450  5.628358
46.000000  20.027250  7.784185
48.000000  16.353800  11.045856
49.000000  10.193950  0.231153
50.000000  9.930750  1.091136
52.000000  17.021600  12.785339
53.000000  9.820500  0.190353
54.000000  13.936100  5.231176
55.000000  17.894700  14.527650
56.000000  18.657450  11.240240
57.000000  58.032850  9.767337
58.000000  7.936900  0.193464
59.000000  50.167700  6.187891
60.000000  11.180550  1.426164
61.000000  56.596700  18.233738
62.000000  43.577800  16.949208
63.000000  33.047300  2.269954
64.000000  53.074050  19.069044
65.000000  15.390500  2.584334
66.000000  11.626050  1.059600
69.000000  45.073650  8.017106
70.000000  91.044050  5.296583
71.000000  14.979600  5.868138
72.000000  10.432300  1.059812
73.000000  12.603350  0.452053
74.000000  10.896500  0.400647
76.000000  37.693000  32.643302
77.000000  54.979200  30.168994
78.000000  58.014000  9.096504
80.000000  20.187250  8.042138
81.000000  72.667650  1.888187
82.000000  66.158150  11.714709
83.000000  47.267700  7.271745
84.000000  13.781400  2.887117
85.000000  22.813050  11.544296
87.000000  16.848400  0.749109
88.000000  6.895200  0.323148
89.000000  14.045650  5.735131
90.000000  66.903800  1.091914
91.000000  75.819450  12.294395
92.000000  9.760600  2.089642
93.000000  16.566150  3.800770
94.000000  10.344600  0.043982
95.000000  52.886850  10.749932
96.000000  8.493800  1.541917
98.000000  8.609650  0.052962
100.000000  8.565400  0.391030
101.000000  22.363900  5.313059
102.000000  7.444400  0.248477
103.000000  8.994800  0.657185
104.000000  47.929600  2.481803
105.000000  37.379800  3.387749
106.000000  15.913900  3.837469
108.000000  58.363050  10.037027
109.000000  37.902850  36.261355
110.000000  20.238550  1.621325
111.000000  34.287850  1.720744
113.000000  25.683450  7.892514
114.000000  98.543200  9.144871
115.000000  7.836550  1.053236
118.000000  97.649950  23.149474
120.000000  59.567750  1.405658
121.000000  39.028900  5.250551
122.000000  32.355600  3.251843
123.000000  27.244550  0.587818
124.000000  32.417250  5.815317
125.000000  23.438750  1.458691
126.000000  68.972200  1.780636
127.000000  21.287200  5.073067
128.000000  40.524400  25.125908
129.000000  8.348100  0.103238
130.000000  8.757800  0.725067
131.000000  33.946200  3.324675
132.000000  44.760100  3.811588
133.000000  27.676450  5.916150
134.000000  19.140350  1.700097
135.000000  34.158450  2.802052
136.000000  12.348350  2.970626
137.000000  42.989750  30.777742
138.000000  27.465500  10.699091
139.000000  20.363300  5.372456
