# Residue	RMSF(Angstrom)
1	0.7804
2	0.7752
3	0.8460
4	1.3502
5	1.3388
6	1.2314
7	1.0136
8	1.2036
9	1.0695
10	1.1979
11	1.3919
12	1.3149
13	1.0742
14	0.8567
15	0.7088
16	0.6411
17	0.6524
18	0.5528
19	0.6814
20	0.9648
21	1.6747
22	1.7632
23	1.7902
24	1.5818
25	0.9333
26	0.6629
27	0.5260
28	0.5693
29	0.5258
30	0.5778
31	0.6555
32	0.7701
33	0.9400
34	1.1267
35	1.4435
36	1.6502
37	1.7233
38	1.3416
39	1.0728
40	1.1279
41	1.1479
42	0.8228
43	0.6674
44	0.8564
45	0.7793
46	0.5962
47	0.5474
48	0.5872
49	0.6461
50	0.6249
51	0.5731
52	0.6080
53	0.6623
54	0.5455
55	0.4925
56	0.4389
57	0.4261
58	0.4491
59	0.5023
60	0.4632
61	0.5548
62	0.5040
63	0.5256
64	0.6144
65	0.7485
66	1.1914
67	1.7206
68	1.1632
69	0.8339
70	0.6509
71	0.5994
72	0.5355
73	0.4359
74	0.5115
75	0.5968
76	0.5098
77	0.6558
78	0.8478
79	0.6108
80	0.5547
81	0.6620
82	0.6292
83	0.8434
84	0.8773
85	0.7047
86	0.8396
87	1.3358
88	1.1287
89	1.5473
90	1.2996
91	1.0464
92	0.8670
93	0.7339
94	0.5927
95	0.4577
96	0.5770
97	0.5624
98	0.3855
99	0.3905
100	0.5785
101	0.5111
102	0.5429
103	0.4726
104	0.3696
105	0.4314
106	0.4130
107	0.3908
108	0.3863
109	0.3606
110	0.3748
111	0.3755
112	0.3530
113	0.4033
114	0.4292
115	0.4469
116	0.4998
117	0.3980
118	0.4636
119	0.4425
120	0.4694
121	0.4615
122	0.3248
123	0.4121
124	0.5321
125	0.6912
126	0.5164
127	0.4682
128	0.4245
129	0.3497
130	0.5725
131	0.8027
132	0.9596
133	1.2101
134	0.9734
135	0.7411
136	0.4830
137	0.3799
138	0.5104
139	0.4776
140	0.4708
141	0.5175
142	0.4672
143	0.6099
144	0.4519
145	0.4442
146	0.3897
147	0.4611
148	0.6769
149	0.7975
150	1.3744
151	1.8556
152	1.1477
153	0.7245
154	0.6741
155	0.8821
156	0.6888
157	0.6463
158	0.8159
159	0.6817
160	0.7848
161	0.7191
162	0.5583
163	0.4147
164	0.4895
165	0.4739
166	0.5232
167	0.5985
168	0.5620
169	0.6939
170	0.7943
171	0.8992
172	0.8102
173	0.8749
174	0.7901
175	0.7731
176	0.8055
177	0.5289
178	0.5357
179	0.4170
180	0.3006
181	0.3506
182	0.3090
183	0.3482
184	0.3170
185	0.3042
186	0.3168
187	0.3339
188	0.2880
189	0.3352
190	0.4169
191	0.4060
192	0.5623
193	0.6297
194	0.6011
195	0.6005
196	0.6153
197	0.6749
198	1.1594
199	1.1241
200	1.4108
201	1.3710
202	1.3917
203	1.1223
204	0.6988
205	0.6847
206	0.7760
207	0.6682
208	0.5097
209	0.5753
210	0.8736
211	0.8701
212	0.6750
213	0.7387
214	0.6944
215	0.7551
216	0.9730
217	1.1944
218	1.5753
219	1.3646
220	1.0108
221	0.8671
222	1.2516
223	1.0606
224	0.7698
225	0.7050
226	0.6857
227	0.5507
228	0.4609
229	0.5023
230	0.4761
231	0.3693
232	0.3825
233	0.4257
234	0.4351
235	0.4257
236	0.4185
237	0.5537
238	0.4644
239	0.5540
240	0.5743
241	0.6367
242	0.5745
243	0.3516
244	0.4056
245	0.4559
246	0.4245
247	0.5759
248	0.5145
249	0.4137
250	0.5329
251	0.5952
252	0.4057
253	0.5133
254	0.4920
255	0.6763
