# aggregated from 2 replicates
# x  mean  std
0.000000  72.248000  0.000000
0.100000  72.613500  0.279307
0.200000  72.321500  0.621547
0.300000  75.249000  2.235872
0.400000  72.931500  2.273348
0.500000  72.831500  1.181575
0.600000  72.679500  0.591848
0.700000  74.035500  0.089803
0.800000  73.692500  0.836507
0.900000  74.780500  0.311834
1.000000  74.392000  1.848377
1.100000  74.229000  2.023740
1.200000  73.439500  2.522250
1.300000  75.063500  1.492702
1.400000  75.680500  1.222588
1.500000  74.680000  0.940452
1.600000  75.774000  0.282843
1.700000  75.796500  0.611647
1.800000  74.237500  0.062933
1.900000  74.522000  0.881055
2.000000  74.332500  1.666651
2.100000  73.565500  0.581949
2.200000  73.580000  0.940452
2.300000  71.991000  0.468105
2.400000  73.882000  0.277186
2.500000  75.428500  0.089803
2.600000  74.548000  0.845700
2.700000  73.428000  0.076368
2.800000  74.200000  0.684479
2.900000  75.168000  1.245922
3.000000  73.237500  1.030255
3.100000  74.107000  0.304056
3.200000  75.751000  0.733977
3.300000  75.261000  1.310976
3.400000  74.032500  0.386787
3.500000  74.476500  3.676248
3.600000  74.700000  0.056569
3.700000  75.275000  1.088944
3.800000  74.029000  0.135765
3.900000  74.244500  0.252437
4.000000  75.011000  0.254558
4.100000  73.828000  1.196425
4.200000  75.095500  0.296278
4.300000  74.717500  2.144655
4.400000  74.058000  1.472196
4.500000  74.872000  0.166877
4.600000  75.602000  0.067882
4.700000  76.388500  1.484217
4.800000  75.437500  1.376737
4.900000  74.068500  0.300520
5.000000  75.120500  0.495682
5.100000  74.709500  0.119501
5.200000  76.240000  0.869741
5.300000  74.900000  0.200818
5.400000  76.046500  0.168999
5.500000  76.475500  0.143543
5.600000  75.779500  2.279005
5.700000  75.630000  1.192182
5.800000  75.698500  1.062781
5.900000  76.225500  0.357089
6.000000  75.014000  1.115815
6.100000  74.517500  1.546443
6.200000  74.127500  0.966615
6.300000  75.574000  0.343654
6.400000  74.235000  0.289914
6.500000  74.472000  1.134199
6.600000  75.042000  0.364867
6.700000  75.163000  0.009899
6.800000  75.020500  0.702157
6.900000  74.850000  0.497803
7.000000  73.697000  0.992778
7.100000  73.691000  2.151019
7.200000  73.783500  1.546443
7.300000  74.034500  0.408001
7.400000  73.969000  1.376030
7.500000  74.483000  0.380423
7.600000  74.464500  1.593112
7.700000  75.438000  1.772010
7.800000  75.467500  2.314360
7.900000  74.458500  1.338553
8.000000  73.423500  1.265014
8.100000  74.793000  1.309562
8.200000  74.787500  0.990657
8.300000  75.461500  0.345775
8.400000  75.332000  0.213546
8.500000  74.521500  0.419314
8.600000  74.983500  1.601597
8.700000  74.622000  0.124451
8.800000  76.129500  1.038740
8.900000  76.401000  0.000000
9.000000  74.410500  0.973686
9.100000  76.326500  0.163342
9.200000  75.208500  0.925603
9.300000  75.497500  0.130815
9.400000  75.783500  2.134755
9.500000  74.289000  1.739483
9.600000  75.902000  0.555786
9.700000  74.095500  1.433305
9.800000  75.321500  1.156120
9.900000  75.028000  0.168291
10.000000  75.965500  1.028840
10.100000  74.516500  0.873277
10.200000  74.977000  0.801859
10.300000  75.056500  1.354109
10.400000  76.392500  0.755897
10.500000  74.532000  1.972828
10.600000  74.204500  1.786859
10.700000  75.362500  0.337290
10.800000  74.968000  0.280014
10.900000  75.483000  1.299662
11.000000  75.098500  0.584777
11.100000  74.319500  1.078338
11.200000  76.469000  1.921916
11.300000  75.413000  0.369110
11.400000  75.332500  0.754483
11.500000  75.456500  0.560736
11.600000  73.592000  1.241680
11.700000  74.916000  1.443912
11.800000  73.523000  0.343654
11.900000  74.609000  1.719684
12.000000  74.228500  1.296127
12.100000  74.020500  0.627204
12.200000  73.914000  0.944695
12.300000  73.869000  0.797616
12.400000  74.238000  1.890804
12.500000  73.455500  1.970707
12.600000  74.902000  1.179454
12.700000  74.585000  0.717006
12.800000  76.693000  0.567100
12.900000  75.030000  0.859842
13.000000  74.391500  0.098288
13.100000  74.491500  0.337290
13.200000  74.870500  0.579120
13.300000  75.395000  0.356382
13.400000  74.535000  0.294156
13.500000  75.322500  1.594526
13.600000  74.568500  1.883025
13.700000  74.204000  1.243094
13.800000  74.217500  0.358503
13.900000  75.493000  0.602455
14.000000  74.914000  1.047932
14.100000  74.567500  0.697914
14.200000  74.391000  0.111723
14.300000  75.032000  0.401637
14.400000  74.590500  1.266428
14.500000  75.286500  1.680793
14.600000  75.534500  1.257943
14.700000  75.158000  0.828729
14.800000  75.503000  0.455377
14.900000  75.186500  0.775696
15.000000  76.049500  0.784181
15.100000  74.541500  1.301784
15.200000  75.600000  1.924745
15.300000  73.969000  0.270115
15.400000  75.338500  0.992071
15.500000  74.813000  0.520431
15.600000  75.082500  0.062933
15.700000  74.132000  0.197990
15.800000  73.882000  0.975807
15.900000  74.171000  1.501895
16.000000  73.976500  0.799738
16.100000  75.056500  0.471640
16.200000  74.217000  1.047932
16.300000  75.253000  1.100258
16.400000  74.838500  0.686601
16.500000  74.738500  0.853478
16.600000  74.816500  0.170413
16.700000  74.640000  0.203647
16.800000  74.972500  1.093894
16.900000  74.954500  0.963787
17.000000  74.978500  2.693370
17.100000  74.545000  0.429921
17.200000  74.263500  1.187232
17.300000  74.647500  0.596091
17.400000  74.163500  0.058690
17.500000  75.613000  0.049497
17.600000  75.936000  2.423962
17.700000  76.191000  1.726755
17.800000  75.425500  2.342645
17.900000  75.096500  0.573464
18.000000  74.994500  2.076773
18.100000  75.195000  0.151321
18.200000  76.188000  1.213395
18.300000  75.282500  2.085258
18.400000  74.280000  0.840043
18.500000  74.640500  0.662559
18.600000  75.037500  0.388202
18.700000  74.654500  1.225416
18.800000  75.140000  2.029396
18.900000  74.288500  0.217082
19.000000  74.314000  1.161069
19.100000  74.705500  2.011719
19.200000  74.019000  1.117229
19.300000  76.082000  0.096167
19.400000  74.668500  0.501339
19.500000  74.639000  1.490581
19.600000  74.864500  1.642609
19.700000  74.777500  0.915703
19.800000  75.038500  0.337290
19.900000  75.335500  0.075660
20.000000  74.964000  0.165463
20.100000  74.065000  0.325269
20.200000  73.588500  0.374059
20.300000  75.852500  0.451841
20.400000  75.531000  0.695793
20.500000  75.527500  0.096874
20.600000  76.416000  0.797616
20.700000  75.239500  0.591848
20.800000  74.275000  1.449569
20.900000  74.548000  0.260215
21.000000  74.689000  1.186525
21.100000  75.920000  1.182283
21.200000  75.705500  0.139300
21.300000  75.860500  0.738927
21.400000  75.862500  0.350018
21.500000  75.968500  0.555079
21.600000  75.763000  0.472347
21.700000  75.800000  0.510531
21.800000  74.648000  1.148341
21.900000  75.351000  0.356382
22.000000  76.315000  0.701450
22.100000  75.335000  0.342240
22.200000  74.953000  1.740897
22.300000  76.641000  0.267286
22.400000  75.479500  1.904239
22.500000  75.456000  1.689985
22.600000  75.559000  0.352139
22.700000  75.507500  0.545179
22.800000  75.147500  0.709228
22.900000  75.657500  1.752918
23.000000  76.343500  0.167584
23.100000  75.471000  0.345068
23.200000  75.414500  0.864792
23.300000  75.831000  0.128693
23.400000  76.688500  1.539371
23.500000  74.803500  0.665387
23.600000  75.522000  0.104652
23.700000  75.717500  0.736098
23.800000  75.179000  1.446740
23.900000  76.408500  1.832114
24.000000  75.989000  0.197990
24.100000  74.476500  0.219910
24.200000  75.716500  0.342947
24.300000  75.920000  0.779232
24.400000  74.636500  0.362746
24.500000  75.244500  0.548008
24.600000  75.328500  2.140412
24.700000  76.100500  1.966464
24.800000  75.834500  1.004799
24.900000  76.191500  2.127684
25.000000  75.720000  1.122886
25.100000  75.861000  0.886712
25.200000  75.962500  1.144806
25.300000  76.349000  0.845700
25.400000  75.067000  2.358908
25.500000  75.887000  0.664680
25.600000  74.514500  0.552250
25.700000  76.568000  0.485075
25.800000  77.413500  0.538108
25.900000  75.061500  1.055710
26.000000  75.951500  0.871863
26.100000  77.173500  1.803829
26.200000  75.575500  1.467247
26.300000  76.642000  0.787717
26.400000  77.224000  2.493259
26.500000  76.828000  0.021213
26.600000  74.947000  1.517451
26.700000  76.034000  1.664529
26.800000  76.080500  0.024749
26.900000  76.115500  0.511238
27.000000  76.341000  0.649124
27.100000  76.087500  1.252286
27.200000  77.129000  1.964343
27.300000  76.839500  0.055861
27.400000  76.231000  0.989949
27.500000  75.746000  1.312390
27.600000  76.694000  3.029245
27.700000  75.982500  1.573313
27.800000  75.316000  0.275772
27.900000  74.921500  1.259357
28.000000  76.264000  1.206324
28.100000  74.685500  0.832265
28.200000  74.047000  1.349160
28.300000  74.539500  1.276328
28.400000  76.608000  1.062074
28.500000  75.770000  0.263044
28.600000  75.549000  0.296985
28.700000  75.016000  0.579828
28.800000  73.836500  1.632710
28.900000  75.358000  0.278600
29.000000  74.846000  0.868327
29.100000  75.328500  0.317491
29.200000  76.059000  0.254558
29.300000  74.734500  0.620133
29.400000  74.267000  2.210416
29.500000  73.717000  0.502046
29.600000  75.244000  1.545735
29.700000  74.448000  0.131522
29.800000  75.213500  1.293298
29.900000  73.908000  0.207889
30.000000  73.489500  0.146371
30.100000  74.909000  0.313955
30.200000  75.157500  2.707512
30.300000  75.372500  0.262337
30.400000  74.013000  0.312541
30.500000  75.367000  0.885298
30.600000  75.758000  0.738219
30.700000  75.830500  0.238295
30.800000  74.516000  0.070711
30.900000  74.853500  0.167584
31.000000  76.194500  1.748675
31.100000  76.038000  0.581242
31.200000  75.850500  0.969443
31.300000  75.982500  1.313097
31.400000  76.212000  0.980050
31.500000  77.324500  1.250872
31.600000  76.967000  0.541644
31.700000  75.990500  0.176070
31.800000  75.559000  1.882318
31.900000  74.976500  1.228244
32.000000  75.918000  1.325118
32.100000  75.427500  0.067175
32.200000  75.409500  0.191626
32.300000  76.446000  0.123037
32.400000  76.505500  0.375474
32.500000  75.280500  1.552099
32.600000  75.364000  0.752362
32.700000  75.276000  0.632153
32.800000  76.197000  0.684479
32.900000  76.024500  2.420427
33.000000  76.651500  0.098288
33.100000  76.337500  0.760140
33.200000  76.404000  1.114400
33.300000  77.536000  2.016669
33.400000  75.449000  1.415628
33.500000  77.182000  0.325269
33.600000  76.077000  1.292591
33.700000  75.329500  1.057125
33.800000  74.893500  0.532451
33.900000  75.996000  0.455377
34.000000  75.474500  0.803980
34.100000  74.606000  0.223446
34.200000  75.272500  0.041719
34.300000  74.888000  1.880904
34.400000  75.885000  0.758018
34.500000  75.212000  0.456791
34.600000  75.892500  0.461741
34.700000  76.271000  0.104652
34.800000  76.320000  1.032376
34.900000  75.879000  0.459619
35.000000  76.178500  2.167282
35.100000  75.129500  0.538108
35.200000  75.634000  1.890804
35.300000  75.306500  0.159099
35.400000  75.219500  0.494268
35.500000  74.765500  1.482803
35.600000  75.998500  1.915552
35.700000  76.380500  0.424971
35.800000  75.739500  0.198697
35.900000  75.648500  0.509824
36.000000  75.290500  0.290621
36.100000  74.097000  1.193596
36.200000  75.325500  1.714734
36.300000  76.240000  2.409820
36.400000  78.294500  1.856155
36.500000  76.579500  0.700743
36.600000  75.198000  0.274357
36.700000  75.022500  0.215668
36.800000  76.024500  0.191626
36.900000  75.249000  0.199404
37.000000  75.862000  0.439820
37.100000  75.704000  1.258650
37.200000  75.673000  0.883883
37.300000  76.537000  2.139705
37.400000  75.702000  0.183848
37.500000  75.796000  0.610940
37.600000  75.492000  1.255822
37.700000  76.597500  0.693672
37.800000  74.873000  1.025305
37.900000  76.968000  1.226123
38.000000  75.480500  1.026012
38.100000  77.153500  0.270822
38.200000  75.031500  0.094045
38.300000  74.881500  2.271934
38.400000  74.583000  1.411385
38.500000  76.146000  0.506288
38.600000  75.643500  0.314663
38.700000  75.116000  1.226123
38.800000  74.769000  0.821658
38.900000  75.883000  2.699734
39.000000  76.678500  1.697763
39.100000  76.201500  0.870448
39.200000  75.002000  0.277186
39.300000  75.443500  1.240972
39.400000  75.932500  0.437699
39.500000  75.551500  1.504016
39.600000  75.923000  0.575585
39.700000  75.928500  0.693672
39.800000  74.982000  0.752362
39.900000  74.737500  0.094045
40.000000  75.484500  0.474469
40.100000  75.518500  0.713471
40.200000  74.441000  0.436992
40.300000  76.112500  0.423557
40.400000  75.396000  0.678823
40.500000  76.517500  0.028991
40.600000  76.077500  0.127986
40.700000  77.047500  1.369666
40.800000  76.853500  0.965201
40.900000  75.860000  0.968736
41.000000  75.320000  1.299662
41.100000  76.108500  0.188798
41.200000  76.955500  2.271934
41.300000  75.602000  1.452397
41.400000  76.384500  0.737512
41.500000  74.334000  0.475176
41.600000  74.238500  1.006213
41.700000  76.066500  2.219608
41.800000  75.492000  0.107480
41.900000  75.985000  2.083137
42.000000  76.188000  1.087530
42.100000  76.168000  0.212132
42.200000  75.844000  0.633568
42.300000  75.457000  1.889389
42.400000  74.794000  1.586748
42.500000  76.157000  0.261630
42.600000  74.982500  0.622961
42.700000  76.827500  0.883176
42.800000  76.136000  0.797616
42.900000  75.887000  0.008485
43.000000  75.611000  0.903682
43.100000  76.296000  0.736805
43.200000  76.964000  0.196576
43.300000  75.806500  1.535129
43.400000  76.375000  0.039598
43.500000  76.702500  0.757311
43.600000  75.409500  0.709228
43.700000  76.985000  0.817415
43.800000  76.939000  0.736805
43.900000  76.055500  1.304612
44.000000  75.585000  1.721098
44.100000  77.490500  0.061518
44.200000  76.380500  1.023184
44.300000  74.945500  0.265165
44.400000  76.194500  0.628618
44.500000  75.012000  0.431335
44.600000  75.179000  0.599627
44.700000  76.193000  0.818830
44.800000  75.848500  1.914138
44.900000  76.013000  2.429619
45.000000  75.862500  0.661145
45.100000  75.927000  1.957272
45.200000  75.734000  0.328098
45.300000  74.701500  0.839336
45.400000  75.751500  1.912724
45.500000  75.166500  1.284813
45.600000  75.585500  1.328654
45.700000  76.115000  0.161220
45.800000  75.482500  1.505430
45.900000  76.996000  0.410122
46.000000  75.620500  0.846407
46.100000  76.707000  0.985707
46.200000  75.132500  1.055710
46.300000  76.575000  0.144250
46.400000  75.563000  1.241680
46.500000  75.270000  1.617860
46.600000  77.586000  1.534422
46.700000  75.055500  0.656902
46.800000  76.326500  0.499924
46.900000  75.728500  0.918532
47.000000  77.055000  0.328098
47.100000  76.235500  1.539371
47.200000  76.143500  1.163191
47.300000  75.760500  0.610233
47.400000  75.078500  0.709228
47.500000  74.600500  0.201525
47.600000  75.927500  0.006364
47.700000  74.919000  0.472347
47.800000  75.921000  0.701450
47.900000  76.159000  0.473762
48.000000  75.873000  0.709935
48.100000  74.201000  1.644730
48.200000  75.914500  0.508410
48.300000  75.750000  0.155563
48.400000  75.776500  1.976363
48.500000  75.744000  0.656195
48.600000  75.572000  0.168291
48.700000  75.619500  0.126572
48.800000  75.353500  0.484368
48.900000  75.518500  0.949644
49.000000  74.600000  0.079196
49.100000  74.825500  2.056974
49.200000  74.053000  0.718420
49.300000  73.643500  0.904390
49.400000  74.916000  0.036770
49.500000  75.982000  0.619426
49.600000  75.466000  0.786303
49.700000  75.376500  1.627053
49.800000  76.663000  1.706956
49.900000  75.799500  1.898582
50.000000  75.973000  2.271227
50.100000  76.177500  0.918532
50.200000  74.866000  2.163747
50.300000  75.002000  0.796202
50.400000  75.188500  0.647003
50.500000  74.572000  0.661852
50.600000  74.989000  0.118794
50.700000  76.232500  0.064347
50.800000  75.908500  0.081317
50.900000  74.405000  0.209304
51.000000  74.298000  0.719835
51.100000  74.090000  2.230215
51.200000  75.511500  2.073944
51.300000  75.583000  1.756453
51.400000  75.145500  0.185969
51.500000  74.924500  1.348453
51.600000  75.660000  1.199253
51.700000  75.409500  0.782767
51.800000  75.050500  0.690843
51.900000  75.808500  0.973686
52.000000  74.389000  0.162635
52.100000  75.319000  0.123037
52.200000  75.797000  1.274206
52.300000  74.074500  0.470226
52.400000  75.679500  1.902824
52.500000  74.972500  0.798324
52.600000  75.443000  0.609526
52.700000  75.548500  0.053033
52.800000  75.687000  0.510531
52.900000  74.413000  0.144250
53.000000  74.837000  0.147078
53.100000  75.244000  0.022627
53.200000  76.299500  1.653923
53.300000  76.295000  1.117229
53.400000  75.538000  1.793223
53.500000  76.784500  1.322997
53.600000  75.844500  2.113542
53.700000  77.228500  1.003385
53.800000  77.258000  2.640337
53.900000  75.778000  0.936209
54.000000  76.490000  1.960100
54.100000  75.242000  3.162182
54.200000  75.387000  1.008334
54.300000  75.949500  0.927017
54.400000  75.440000  1.760696
54.500000  74.676500  0.740341
54.600000  74.855000  0.913582
54.700000  76.095500  1.776959
54.800000  76.341000  0.125865
54.900000  76.814000  0.576999
55.000000  75.256500  2.373757
55.100000  75.672500  3.277440
55.200000  75.393000  1.221881
55.300000  75.842000  0.859842
55.400000  74.292000  0.520431
55.500000  74.669000  0.533159
55.600000  76.054500  3.017225
55.700000  76.075000  0.584070
55.800000  75.030000  1.190768
55.900000  75.399000  2.153847
56.000000  76.548500  0.941159
56.100000  76.253500  0.314663
56.200000  76.839500  1.413506
56.300000  76.031000  0.487904
56.400000  75.518000  1.008334
56.500000  75.929500  0.772868
56.600000  76.350500  0.385373
56.700000  75.370500  1.286227
56.800000  76.301500  1.430477
56.900000  75.758000  0.970151
57.000000  75.261500  1.817972
57.100000  75.382000  0.845700
57.200000  75.216000  0.656195
57.300000  75.373500  1.219759
57.400000  74.539000  1.039447
57.500000  75.892000  0.422850
57.600000  74.406000  0.137179
57.700000  76.310000  0.478004
57.800000  74.984000  0.412950
57.900000  76.132500  0.586192
58.000000  75.465000  0.107480
58.100000  76.091000  0.707107
58.200000  76.260500  0.391030
58.300000  75.533500  1.617153
58.400000  76.394500  1.067024
58.500000  75.256000  0.527502
58.600000  75.685500  1.016112
58.700000  76.352000  0.825901
58.800000  76.793500  0.665387
58.900000  76.250000  0.429921
59.000000  76.573500  0.270822
59.100000  77.172000  0.230517
59.200000  77.546500  1.782616
59.300000  76.650000  1.004092
59.400000  74.927000  0.110309
59.500000  75.845000  0.106066
59.600000  75.847500  1.696349
59.700000  76.041000  2.187788
59.800000  76.338500  0.344361
59.900000  74.907500  0.514067
60.000000  75.608500  0.331633
60.100000  75.333500  1.262186
60.200000  75.390500  0.351432
60.300000  75.208500  2.351130
60.400000  75.983500  1.365423
60.500000  76.267500  0.874691
60.600000  75.171000  0.398808
60.700000  75.995000  0.499217
60.800000  76.911500  0.458912
60.900000  75.718000  0.039598
61.000000  75.033500  0.632861
61.100000  75.484000  1.001263
61.200000  74.110500  0.067175
61.300000  75.207000  0.482247
61.400000  74.926000  1.480682
61.500000  75.946500  1.813729
61.600000  76.649000  0.045255
61.700000  76.831500  1.153291
61.800000  75.871000  1.195010
61.900000  74.819500  0.064347
62.000000  76.192000  1.520280
62.100000  75.662000  0.475176
62.200000  77.153500  1.461590
62.300000  75.441000  0.779232
62.400000  76.318500  1.279156
62.500000  75.811000  0.294156
62.600000  75.532500  1.086823
62.700000  76.576500  1.099551
62.800000  75.670000  0.528916
62.900000  75.903500  0.939745
63.000000  77.822500  2.332745
63.100000  76.299000  0.448306
63.200000  75.499500  0.181726
63.300000  77.575000  1.953029
63.400000  75.611500  0.594677
63.500000  75.212500  1.392293
63.600000  76.296500  1.840599
63.700000  77.195000  2.316482
63.800000  76.133500  0.101116
63.900000  76.729500  0.393858
64.000000  75.938000  1.873833
64.100000  75.365500  0.893076
64.200000  75.573500  1.187232
64.300000  76.568500  0.929845
64.400000  76.771500  0.803980
64.500000  76.841000  0.291328
64.600000  75.663000  0.123037
64.700000  76.509000  0.514774
64.800000  74.733000  0.274357
64.900000  75.365500  1.122178
65.000000  75.733000  0.147078
65.100000  76.405000  0.718420
65.200000  75.535500  1.935351
65.300000  75.633500  1.829285
65.400000  75.661000  2.118492
65.500000  76.065500  1.686450
65.600000  76.985500  0.482954
65.700000  76.082000  1.309562
65.800000  76.555500  2.670742
65.900000  75.321000  0.073539
66.000000  75.287000  1.045104
66.100000  74.851000  0.780646
66.200000  75.801000  0.912168
66.300000  75.369500  0.615890
66.400000  76.380000  1.745140
66.500000  76.452000  2.052024
66.600000  75.839000  0.311127
66.700000  76.284500  1.819386
66.800000  75.484000  0.410122
66.900000  75.441000  0.456791
67.000000  74.841500  1.870297
67.100000  75.955000  2.469217
67.200000  76.057500  0.809637
67.300000  75.591000  0.055154
67.400000  74.953000  1.196425
67.500000  75.643500  0.594677
67.600000  75.154000  0.820244
67.700000  75.453500  0.898733
67.800000  75.883500  1.520987
67.900000  75.141000  1.441084
68.000000  75.490500  0.405172
68.100000  75.259500  0.528209
68.200000  75.527000  0.438406
68.300000  76.455500  0.142128
68.400000  75.660000  3.726453
68.500000  74.392500  1.659580
68.600000  74.884500  0.723370
68.700000  75.117500  0.806809
68.800000  75.506000  0.982878
68.900000  76.326500  0.843578
69.000000  75.962500  0.775696
69.100000  75.372500  0.419314
69.200000  76.237000  0.240416
69.300000  74.021000  0.391737
69.400000  76.349500  1.160362
69.500000  75.570000  2.160918
69.600000  74.989000  0.052326
69.700000  75.123500  0.678115
69.800000  75.996500  1.328654
69.900000  76.592500  1.959393
70.000000  76.010500  0.473054
70.100000  75.165000  0.352139
70.200000  75.623000  0.776403
70.300000  75.303000  0.154149
70.400000  74.959000  1.927573
70.500000  75.436500  0.811051
70.600000  75.066500  0.157685
70.700000  76.326500  0.129401
70.800000  76.104500  1.283399
70.900000  76.434000  0.076368
71.000000  75.072000  0.810344
71.100000  76.553500  1.601597
71.200000  75.453500  0.632861
71.300000  75.982500  1.465832
71.400000  75.723500  0.630032
71.500000  75.799000  0.596798
71.600000  75.488000  0.480833
71.700000  77.477500  1.388051
71.800000  75.612500  0.044548
71.900000  75.265500  0.292035
72.000000  76.037500  0.167584
72.100000  75.969500  1.000556
72.200000  75.863000  0.586899
72.300000  76.014000  0.282843
72.400000  77.037000  0.144250
72.500000  76.751000  0.004243
72.600000  76.832500  0.835093
72.700000  75.717500  0.638517
72.800000  75.895000  1.458054
72.900000  76.662000  0.012728
73.000000  74.970000  1.269964
73.100000  76.674000  0.578413
73.200000  76.089000  0.492146
73.300000  75.435000  0.480833
73.400000  75.717500  0.047376
73.500000  75.301000  0.642053
73.600000  75.913500  0.632861
73.700000  76.454000  0.322441
73.800000  75.791000  1.815850
73.900000  75.495500  0.127986
74.000000  75.792500  0.432042
74.100000  75.551000  0.306884
74.200000  75.431500  0.968029
74.300000  73.859500  0.062933
74.400000  76.125000  0.756604
74.500000  75.930500  0.581949
74.600000  75.543500  0.211425
74.700000  76.850000  0.814587
74.800000  76.911500  1.093894
74.900000  76.565000  0.644881
75.000000  76.231500  1.173090
75.100000  76.218000  0.861256
75.200000  74.834500  0.130815
75.300000  75.846500  1.409264
75.400000  75.325500  2.567505
75.500000  75.193500  0.979343
75.600000  75.534500  0.246780
75.700000  76.997000  1.605132
75.800000  76.061000  0.115966
75.900000  76.105000  0.381838
76.000000  75.735000  0.968736
76.100000  75.680000  1.572605
76.200000  75.620000  0.912168
76.300000  76.538000  1.346331
76.400000  75.324500  1.916966
76.500000  76.076500  1.371080
76.600000  75.673000  1.168140
76.700000  76.152500  0.003536
76.800000  75.585500  0.150614
76.900000  74.923000  1.238851
77.000000  76.477500  1.154705
77.100000  74.417500  0.564978
77.200000  74.388500  0.789838
77.300000  74.542000  0.097581
77.400000  75.139500  1.784030
77.500000  75.186000  0.873984
77.600000  74.760500  0.391030
77.700000  76.191500  0.239709
77.800000  76.057000  1.979899
77.900000  74.973000  1.262893
78.000000  76.160000  0.774989
78.100000  74.693500  0.929845
78.200000  74.989500  0.938331
78.300000  75.364000  0.101823
78.400000  75.487500  1.983435
78.500000  77.313000  0.988535
78.600000  75.436500  0.887419
78.700000  76.952500  0.429214
78.800000  75.786000  0.155563
78.900000  76.184000  0.141421
79.000000  76.132500  0.615890
79.100000  75.749000  0.130108
79.200000  75.633000  1.791809
79.300000  76.245500  1.448862
79.400000  76.252000  1.524522
79.500000  76.544500  0.938331
79.600000  76.821500  1.075509
79.700000  75.951500  0.054447
79.800000  76.088500  1.511087
79.900000  75.758000  0.213546
80.000000  75.616500  1.440377
80.100000  76.188500  1.091066
80.200000  76.409000  0.123037
80.300000  76.171000  1.409971
80.400000  75.582500  1.184404
80.500000  75.654000  0.270115
80.600000  75.686500  0.258094
80.700000  74.735500  0.949644
80.800000  76.034500  1.683621
80.900000  75.826000  1.332189
81.000000  75.880500  1.986263
81.100000  75.978000  2.541342
81.200000  74.637000  2.569626
81.300000  75.255000  1.094601
81.400000  76.420000  3.555333
81.500000  75.410500  1.024598
81.600000  75.594000  0.254558
81.700000  75.654500  0.077075
81.800000  76.524500  1.276328
81.900000  76.391500  0.142128
82.000000  76.577500  1.997577
82.100000  78.057000  0.585484
82.200000  77.202500  2.228093
82.300000  76.298000  2.418305
82.400000  77.814500  1.127835
82.500000  76.503000  1.112986
82.600000  77.308000  0.984293
82.700000  76.215500  1.870297
82.800000  76.634500  3.701704
82.900000  74.454500  2.445882
83.000000  76.121500  1.108036
83.100000  76.377000  1.967171
83.200000  77.635000  0.670337
83.300000  75.281500  1.356938
83.400000  76.880500  2.761252
83.500000  76.228000  0.568514
83.600000  77.615000  1.146927
83.700000  77.023500  0.109602
83.800000  76.410500  0.003536
83.900000  76.919000  0.697207
84.000000  77.701000  0.004243
84.100000  76.518000  1.145513
84.200000  75.831500  1.037326
84.300000  75.731000  0.108894
84.400000  77.161500  1.383808
84.500000  74.497500  1.033083
84.600000  75.999000  0.944695
84.700000  75.848500  1.134906
84.800000  74.560000  0.190919
84.900000  74.730000  1.356231
85.000000  75.173000  0.981464
85.100000  76.822500  1.498359
85.200000  74.883000  0.974393
85.300000  76.237500  0.617304
85.400000  76.845000  0.670337
85.500000  76.693500  4.067985
85.600000  75.501000  1.702713
85.700000  75.866500  1.059953
85.800000  76.538000  2.694077
85.900000  76.956000  0.282843
86.000000  75.259500  1.738776
86.100000  76.231000  2.534271
86.200000  76.268500  1.707663
86.300000  76.574000  1.551392
86.400000  77.047500  1.846256
86.500000  77.346000  2.016669
86.600000  77.358500  0.174655
86.700000  75.487500  0.770039
86.800000  78.014000  2.059095
86.900000  77.552500  1.583212
87.000000  75.532500  2.184253
87.100000  76.222000  0.574171
87.200000  76.470500  2.233750
87.300000  75.211500  4.011417
87.400000  76.934000  3.686855
87.500000  76.191000  0.738219
87.600000  76.196500  1.334310
87.700000  75.595000  2.423962
87.800000  75.414500  2.131927
87.900000  76.002000  3.118341
88.000000  76.136500  2.587304
88.100000  75.392000  2.057681
88.200000  76.754500  1.726048
88.300000  76.352000  1.047932
88.400000  76.631500  2.202638
88.500000  74.657000  1.412799
88.600000  76.571000  1.112986
88.700000  75.025000  1.424113
88.800000  75.328000  2.377293
88.900000  76.034000  2.886410
89.000000  75.908000  1.371787
89.100000  76.508500  1.959393
89.200000  76.281500  1.965050
89.300000  76.849500  0.795495
89.400000  77.735500  3.349565
89.500000  75.728000  3.140968
89.600000  76.382000  2.122735
89.700000  76.806500  1.813729
89.800000  76.149500  1.557756
89.900000  78.401500  1.454519
90.000000  76.643000  2.828427
90.100000  75.029000  2.699734
90.200000  75.668000  0.965908
90.300000  77.574000  2.712462
90.400000  75.781500  1.624224
90.500000  75.768000  2.319310
90.600000  77.128000  5.086926
90.700000  75.804500  1.506845
90.800000  75.378000  0.834386
90.900000  77.479000  1.670186
91.000000  76.621000  2.186374
91.100000  76.719000  0.537401
91.200000  76.823500  2.096572
91.300000  77.695500  0.936916
91.400000  76.303500  0.576292
91.500000  76.169500  1.627053
91.600000  75.387500  1.649680
91.700000  76.371000  0.132936
91.800000  75.770500  1.576141
91.900000  76.039500  0.589020
92.000000  76.240500  0.337290
92.100000  76.240000  0.231931
92.200000  75.222000  1.013991
92.300000  75.664000  0.332340
92.400000  74.426500  0.241123
92.500000  74.936000  1.865348
92.600000  76.125000  1.872419
92.700000  74.757500  0.975100
92.800000  75.600000  0.523259
92.900000  75.357500  1.321583
93.000000  76.125000  0.132936
93.100000  75.225000  2.326381
93.200000  75.050000  1.388758
93.300000  76.372500  1.133492
93.400000  75.347500  1.125007
93.500000  75.497500  1.011870
93.600000  75.872000  0.255973
93.700000  75.662500  0.147785
93.800000  75.964500  1.795344
93.900000  75.301000  1.574020
94.000000  77.584500  2.277591
94.100000  75.380000  0.746705
94.200000  77.146000  1.234608
94.300000  75.848500  1.388051
94.400000  75.517000  0.432749
94.500000  75.681000  1.079045
94.600000  74.758000  1.055003
94.700000  76.462500  1.584626
94.800000  76.277000  0.840043
94.900000  75.515500  0.102530
95.000000  74.721000  1.025305
95.100000  75.998000  0.729734
95.200000  75.951000  0.257387
95.300000  76.736000  2.159504
95.400000  77.039500  1.417749
95.500000  76.477500  1.079752
95.600000  76.411000  0.251730
95.700000  77.204500  1.166019
95.800000  76.870000  1.301076
95.900000  77.102500  1.052882
96.000000  76.202000  1.186525
96.100000  75.113000  1.286934
96.200000  75.699500  1.612911
96.300000  77.250000  0.295571
96.400000  74.673000  0.028284
96.500000  75.044000  0.154149
96.600000  74.652000  0.487904
96.700000  74.828500  0.135057
96.800000  75.660500  0.692258
96.900000  75.439000  0.152735
97.000000  75.272000  0.866913
97.100000  74.283000  0.514774
97.200000  75.682000  0.642053
97.300000  76.230000  0.818830
97.400000  75.990500  2.262035
97.500000  76.285500  0.683772
97.600000  75.716500  0.301935
97.700000  76.595500  0.871863
97.800000  75.693000  1.544321
97.900000  75.991000  1.490581
98.000000  76.186500  2.235165
98.100000  75.788000  0.178191
98.200000  76.297500  1.214102
98.300000  74.495500  0.132229
98.400000  74.824500  0.037477
98.500000  75.132500  0.058690
98.600000  75.949000  1.335018
98.700000  74.674000  1.043690
98.800000  75.163000  1.796051
98.900000  77.204000  2.834084
99.000000  77.567500  0.808223
99.100000  75.894500  0.012021
99.200000  76.426000  0.274357
99.300000  75.964000  0.274357
99.400000  76.948500  0.709228
99.500000  74.655000  0.281428
99.600000  75.173500  0.204354
99.700000  74.831500  1.308855
99.800000  75.359500  1.505430
99.900000  74.900500  0.659731
100.000000  74.763500  0.572049
100.100000  75.216000  0.110309
100.200000  74.730000  1.166726
100.300000  75.550000  0.115966
100.400000  74.780000  0.568514
100.500000  74.145500  0.180312
100.600000  74.556500  0.502753
100.700000  75.486000  0.694379
100.800000  75.279000  1.759282
100.900000  74.931000  1.002677
101.000000  75.209500  1.313097
101.100000  74.995500  1.779788
101.200000  75.926000  1.854034
101.300000  75.327500  0.341533
101.400000  75.680000  0.828729
101.500000  76.485500  0.044548
101.600000  76.483500  0.180312
101.700000  75.196000  1.581091
101.800000  74.914500  0.958130
101.900000  76.963500  0.917117
102.000000  75.232500  0.197283
102.100000  76.369000  1.141270
102.200000  74.888000  0.613769
102.300000  75.445000  1.904946
102.400000  74.645500  0.416486
102.500000  75.348500  0.966615
102.600000  75.896000  0.807516
102.700000  76.182500  0.778525
102.800000  76.405500  1.119350
102.900000  75.429500  1.453104
103.000000  76.097000  0.987121
103.100000  75.728500  1.144806
103.200000  75.816000  0.381838
103.300000  77.077500  1.054296
103.400000  77.730500  0.770039
103.500000  76.251500  1.009041
103.600000  76.873500  0.451841
103.700000  76.079500  0.163342
103.800000  76.097500  0.178898
103.900000  75.337500  0.743169
104.000000  74.627000  0.292742
104.100000  76.465500  1.277742
104.200000  76.876500  0.656902
104.300000  76.069500  0.245366
104.400000  74.992500  1.276328
104.500000  75.311000  0.913582
104.600000  75.653000  0.305470
104.700000  75.742500  0.615890
104.800000  75.398000  0.598212
104.900000  76.305000  1.995455
105.000000  77.639000  1.431184
105.100000  75.252500  1.187232
105.200000  76.758500  2.122027
105.300000  76.503500  1.533715
105.400000  76.360500  0.682358
105.500000  76.598500  1.059953
105.600000  77.144000  1.636245
105.700000  76.787500  1.508259
105.800000  76.445000  0.653367
105.900000  75.860000  3.768879
106.000000  75.399500  2.059802
106.100000  75.957000  2.175060
106.200000  76.515500  3.578667
106.300000  77.024500  3.714432
106.400000  76.121000  0.684479
106.500000  75.876000  1.371787
106.600000  76.154500  1.231073
106.700000  75.814500  2.792365
106.800000  77.358000  3.227235
106.900000  76.795500  3.466945
107.000000  75.555500  1.307440
107.100000  76.797500  2.727311
107.200000  76.569000  1.781909
107.300000  76.496000  2.102936
107.400000  76.581000  2.412648
107.500000  76.666000  0.960251
107.600000  75.411000  4.162031
107.700000  75.114000  4.327494
107.800000  75.904500  3.953434
107.900000  76.095500  1.242387
108.000000  74.805000  2.585182
108.100000  76.228500  4.226377
108.200000  75.485000  2.480531
108.300000  76.090500  2.677813
108.400000  75.169000  1.665944
108.500000  75.691500  2.264863
108.600000  75.765000  2.476288
108.700000  74.662000  2.525785
108.800000  74.839000  3.691097
108.900000  75.049500  3.358050
109.000000  75.592000  2.183546
109.100000  75.520000  3.114098
109.200000  75.022500  2.287490
109.300000  75.880500  4.292845
109.400000  74.873500  2.631144
109.500000  75.874500  2.991769
109.600000  74.985500  1.796758
109.700000  75.141000  1.506137
109.800000  75.627000  1.360473
109.900000  74.625500  2.526493
110.000000  74.940500  1.728876
110.100000  75.306000  2.487602
110.200000  74.579000  0.944695
110.300000  75.595500  0.726199
110.400000  74.649500  0.099702
110.500000  76.016500  2.704683
110.600000  74.289000  2.769030
110.700000  76.029500  0.594677
110.800000  74.843500  2.073944
110.900000  75.275000  2.733675
111.000000  75.680500  0.679530
111.100000  75.334000  1.941715
111.200000  76.148000  2.510229
111.300000  75.848000  1.551392
111.400000  76.038500  0.655488
111.500000  75.422500  1.699178
111.600000  75.440500  1.839185
111.700000  75.693000  0.086267
111.800000  76.093500  0.412243
111.900000  74.983000  0.760847
112.000000  75.493000  2.498915
112.100000  74.864000  0.586899
112.200000  75.775500  2.129099
112.300000  76.518000  0.108894
112.400000  75.325000  0.930553
112.500000  75.731000  2.110007
112.600000  75.694500  0.481540
112.700000  75.355000  1.462297
112.800000  77.681000  0.281428
112.900000  76.095500  1.885854
113.000000  74.941000  1.055003
113.100000  75.037000  1.699885
113.200000  74.491500  1.434720
113.300000  75.829000  2.298097
113.400000  75.618500  2.566091
113.500000  75.481500  3.612609
113.600000  75.294000  1.953029
113.700000  74.685500  0.580535
113.800000  74.643500  0.120915
113.900000  75.428500  0.067175
114.000000  73.410000  0.548715
114.100000  75.132500  0.252437
114.200000  75.328000  0.000000
114.300000  74.561500  1.306026
114.400000  75.164000  0.516188
114.500000  77.358500  0.375474
114.600000  75.280000  1.185111
114.700000  76.437500  0.335876
114.800000  76.038500  0.487197
114.900000  77.684000  1.552806
115.000000  75.298500  0.567807
115.100000  76.752500  1.201374
115.200000  75.806500  0.334462
115.300000  76.480500  0.598919
115.400000  75.665000  0.674580
115.500000  75.570500  0.205768
115.600000  74.953500  0.352846
115.700000  76.402000  0.821658
115.800000  76.475500  0.424971
115.900000  76.710500  0.372645
116.000000  74.860500  1.557756
116.100000  75.751000  0.596798
116.200000  75.673000  1.268550
116.300000  75.321500  0.277893
116.400000  74.770500  0.614476
116.500000  75.215500  0.822365
116.600000  74.344500  0.475883
116.700000  75.961000  0.448306
116.800000  76.472000  0.882469
116.900000  75.360000  0.333754
117.000000  76.098000  0.366281
117.100000  76.010000  2.121320
117.200000  75.937000  1.590990
117.300000  74.131000  1.671600
117.400000  75.616500  0.193040
117.500000  75.650000  0.933381
117.600000  76.049500  2.081015
117.700000  74.995000  0.254558
117.800000  74.936500  1.393707
117.900000  75.685500  0.710642
118.000000  74.621000  1.632002
118.100000  74.807000  1.641902
118.200000  74.614000  2.438104
118.300000  75.093500  0.535280
118.400000  75.926500  0.157685
118.500000  75.182000  0.115966
118.600000  75.062500  0.475883
118.700000  75.883000  0.776403
118.800000  76.671500  0.795495
118.900000  74.770500  0.632861
119.000000  74.949500  0.395273
119.100000  75.883500  2.742867
119.200000  75.921000  0.452548
119.300000  74.244000  0.496389
119.400000  75.934000  0.021213
119.500000  75.151000  0.612354
119.600000  75.111000  0.913582
119.700000  75.056000  0.564271
119.800000  74.450000  1.344917
119.900000  75.257500  0.286378
120.000000  74.596000  1.873833
120.100000  76.345500  0.904390
120.200000  74.143500  0.886005
120.300000  76.885500  0.366988
120.400000  75.312500  1.769888
120.500000  76.148000  0.507703
120.600000  75.684000  0.581242
120.700000  76.122000  1.211981
120.800000  76.047500  0.473054
120.900000  75.607500  0.321734
121.000000  75.701500  0.034648
121.100000  75.947500  0.839336
121.200000  74.220500  0.054447
121.300000  75.091000  1.050761
121.400000  76.003000  1.370373
121.500000  75.473000  0.202233
121.600000  75.897000  0.288500
121.700000  76.181000  0.183848
121.800000  76.138000  0.786303
121.900000  76.021500  0.679530
122.000000  74.066500  0.685186
122.100000  73.788500  0.074246
122.200000  75.423000  0.493561
122.300000  76.073500  0.252437
122.400000  75.791000  0.379009
122.500000  74.762000  2.002526
122.600000  75.155000  0.261630
122.700000  75.295000  0.337997
122.800000  73.631500  1.214102
122.900000  75.273000  0.145664
123.000000  74.993000  0.346482
123.100000  75.528000  1.125714
123.200000  74.409000  2.910452
123.300000  75.936500  2.728725
123.400000  75.902500  0.427800
123.500000  75.592000  1.750796
123.600000  75.031500  0.672459
123.700000  74.775500  0.366988
123.800000  75.647500  1.290470
123.900000  74.576000  1.552806
124.000000  75.202000  1.674429
124.100000  75.632500  2.718826
124.200000  76.247500  2.631144
124.300000  75.696000  0.217789
124.400000  76.225000  1.368959
124.500000  75.799000  0.449720
124.600000  75.443000  0.568514
124.700000  75.302500  0.152028
124.800000  76.508000  1.100258
124.900000  75.802000  0.961665
125.000000  76.634000  0.759433
125.100000  75.031000  0.441235
125.200000  74.531000  0.790545
125.300000  75.440500  0.713471
125.400000  75.337500  0.283550
125.500000  75.613500  1.235316
125.600000  76.960000  0.342240
125.700000  75.457500  0.458912
125.800000  74.837500  0.832265
125.900000  76.193500  1.554928
126.000000  75.717000  0.475176
126.100000  74.964500  0.287792
126.200000  75.588500  0.236881
126.300000  75.431000  0.072125
126.400000  74.928500  0.238295
126.500000  75.108000  2.067580
126.600000  75.276500  0.191626
126.700000  74.794500  1.430477
126.800000  74.002000  0.816001
126.900000  74.893500  0.704985
127.000000  75.256000  0.200818
127.100000  74.747500  1.942422
127.200000  75.054000  1.060660
127.300000  75.499000  0.660438
127.400000  76.122000  0.403051
127.500000  77.101000  1.516037
127.600000  75.150000  1.008334
127.700000  76.039000  0.022627
127.800000  75.649000  0.523259
127.900000  76.499000  0.654781
128.000000  75.001500  0.491439
128.100000  75.849000  0.329512
128.200000  75.923500  0.112430
128.300000  75.276500  0.095459
128.400000  75.923000  0.701450
128.500000  75.116500  0.689429
128.600000  75.396500  0.262337
128.700000  75.039500  0.236881
128.800000  76.087500  2.122027
128.900000  75.561000  0.007071
129.000000  76.028000  0.753776
129.100000  76.492500  0.010607
129.200000  75.727000  0.280014
129.300000  76.032000  0.226274
129.400000  76.155000  0.055154
129.500000  77.282500  0.423557
129.600000  75.842500  0.147785
129.700000  75.776000  0.229103
129.800000  75.816000  0.633568
129.900000  75.963500  2.324260
130.000000  76.525500  1.125007
130.100000  76.129500  0.720542
130.200000  76.204000  0.455377
130.300000  74.130000  2.019497
130.400000  75.779000  2.462146
130.500000  75.568500  0.994899
130.600000  74.722000  0.639225
130.700000  76.176500  0.555079
130.800000  75.189000  0.718420
130.900000  74.426500  1.697763
131.000000  75.313500  0.239709
131.100000  74.676500  1.260771
131.200000  75.075000  0.370524
131.300000  75.447500  1.089652
131.400000  74.815500  1.390879
131.500000  74.305000  0.808930
131.600000  74.323000  0.714178
131.700000  75.179000  1.516037
131.800000  73.936500  0.381131
131.900000  75.057500  1.502602
132.000000  75.454000  0.664680
132.100000  75.531000  0.881055
132.200000  74.246500  0.768625
132.300000  75.700500  0.610233
132.400000  75.694500  2.066873
132.500000  76.705000  1.715441
132.600000  74.734000  1.312390
132.700000  76.389500  0.905804
132.800000  76.099000  0.306884
132.900000  75.990500  0.498510
133.000000  75.867000  1.234608
133.100000  75.405500  1.304612
133.200000  76.606500  0.355675
133.300000  75.897000  2.193445
133.400000  76.262000  2.339109
133.500000  76.588500  1.195718
133.600000  75.889000  2.282541
133.700000  75.583000  0.432749
133.800000  73.751500  0.194454
133.900000  74.751000  0.403051
134.000000  74.034000  0.107480
134.100000  74.986000  0.124451
134.200000  75.650500  0.135057
134.300000  75.309500  0.898733
134.400000  74.255000  1.428356
134.500000  74.079000  0.632153
134.600000  73.551000  1.255822
134.700000  74.339500  1.081166
134.800000  74.751500  0.750240
134.900000  74.814500  0.004950
135.000000  74.969500  1.635538
135.100000  74.634000  0.128693
135.200000  75.714500  0.897319
135.300000  74.028000  0.212132
135.400000  74.764500  0.327390
135.500000  75.520500  0.017678
135.600000  74.907000  0.294156
135.700000  74.229000  0.138593
135.800000  74.498500  0.362746
135.900000  75.706000  1.533008
136.000000  75.420000  0.592555
136.100000  76.131000  0.475176
136.200000  75.976000  0.311127
136.300000  74.824000  1.028133
136.400000  76.137000  2.784587
136.500000  75.254500  0.238295
136.600000  74.787000  0.643467
136.700000  74.224000  1.247336
136.800000  75.054500  0.243952
136.900000  75.447000  0.550129
137.000000  75.150000  0.555786
137.100000  76.427000  0.254558
137.200000  75.136000  0.154149
137.300000  74.529500  0.197283
137.400000  76.153500  1.583212
137.500000  76.313500  0.065761
137.600000  75.096500  0.659731
137.700000  75.848500  1.535129
137.800000  76.250500  1.706249
137.900000  76.365500  0.116673
138.000000  76.817500  0.337290
138.100000  75.392500  0.217082
138.200000  75.210000  0.889540
138.300000  76.327500  1.100965
138.400000  76.750000  0.654781
138.500000  76.458000  0.981464
138.600000  75.093500  0.163342
138.700000  76.051500  0.345775
138.800000  74.891500  1.520987
138.900000  75.916000  0.295571
139.000000  76.927000  1.285520
139.100000  74.832500  0.818123
139.200000  76.291500  0.095459
139.300000  75.931000  0.837214
139.400000  76.480500  1.926866
139.500000  75.180500  0.886005
139.600000  75.663500  0.178898
139.700000  76.492500  1.375323
139.800000  76.336000  0.786303
139.900000  75.415500  0.745998
140.000000  75.578000  0.224860
140.100000  75.341500  0.693672
140.200000  73.593000  1.159655
140.300000  75.886000  0.820244
140.400000  75.389000  0.581242
140.500000  74.686500  1.014698
140.600000  75.124500  0.294864
140.700000  75.103500  0.014849
140.800000  75.392000  0.613769
140.900000  76.135500  1.976363
141.000000  75.785500  0.973686
141.100000  75.844500  0.352846
141.200000  75.976000  0.434164
141.300000  75.146500  1.139149
141.400000  76.027500  1.883025
141.500000  76.595000  2.804385
141.600000  76.274500  0.727613
141.700000  75.252500  1.463004
141.800000  76.114000  0.571342
141.900000  74.902500  1.806658
142.000000  75.204000  0.992778
142.100000  75.717000  0.895197
142.200000  74.872500  1.010456
142.300000  76.377000  1.786152
142.400000  75.637000  1.989798
142.500000  75.642500  1.795344
142.600000  75.872000  1.377444
142.700000  75.127000  1.087530
142.800000  75.887500  0.849235
142.900000  75.073500  0.334462
143.000000  76.870500  2.435983
143.100000  76.835500  2.385071
143.200000  76.293500  0.864792
143.300000  76.649500  0.458912
143.400000  76.285000  1.486338
143.500000  75.749000  1.962928
143.600000  76.110000  0.697207
143.700000  76.152000  1.794637
143.800000  75.824000  1.043690
143.900000  75.830500  0.716299
144.000000  75.660000  1.739483
144.100000  75.064500  1.344210
144.200000  75.429000  1.404314
144.300000  75.260000  1.965757
144.400000  77.015500  0.750240
144.500000  75.487500  2.294562
144.600000  76.375500  1.105208
144.700000  75.187500  0.594677
144.800000  75.852000  0.838629
144.900000  75.680000  0.004243
145.000000  75.562500  0.139300
145.100000  75.323500  0.647003
145.200000  75.713000  1.784738
145.300000  76.155500  1.552099
145.400000  75.845000  0.878227
145.500000  75.984500  1.771302
145.600000  76.409500  2.498208
145.700000  75.816000  2.179303
145.800000  75.614000  1.540079
145.900000  76.154000  1.429770
146.000000  77.046000  2.947221
146.100000  76.832000  2.360322
146.200000  75.947000  0.837214
146.300000  75.766500  2.082429
146.400000  75.618000  0.383252
146.500000  74.928000  0.364867
146.600000  76.435500  0.898733
146.700000  76.033000  1.414214
146.800000  75.738000  2.446589
146.900000  75.572500  0.016263
147.000000  76.042000  0.186676
147.100000  75.633000  1.114400
147.200000  76.029000  0.229103
147.300000  75.269500  0.880348
147.400000  76.018000  0.944695
147.500000  76.776000  0.466690
147.600000  75.920000  1.210567
147.700000  76.291000  1.074802
147.800000  76.981000  0.070711
147.900000  75.974500  1.410678
148.000000  75.480500  0.095459
148.100000  76.837500  0.061518
148.200000  77.040000  0.295571
148.300000  75.472500  1.003385
148.400000  75.383000  1.412799
148.500000  76.223000  0.851357
148.600000  75.928500  1.983435
148.700000  76.180500  0.915703
148.800000  76.938000  1.226123
148.900000  76.731000  0.651952
149.000000  77.177500  2.170111
149.100000  75.540000  0.323855
149.200000  75.267500  1.774131
149.300000  76.969000  0.507703
149.400000  75.625000  0.094752
149.500000  76.415000  0.066468
149.600000  76.594000  0.161220
149.700000  75.858500  0.146371
149.800000  76.012500  0.593263
149.900000  76.083000  1.854034
150.000000  76.673500  1.192889
150.100000  76.511000  0.985707
150.200000  75.965000  1.050761
150.300000  75.890500  1.752918
150.400000  77.092500  1.771302
150.500000  75.834000  0.827315
150.600000  75.729500  1.407850
150.700000  75.566500  1.004799
150.800000  74.881500  1.139149
150.900000  76.544500  1.933937
151.000000  77.323500  0.043134
151.100000  75.672500  1.569070
151.200000  76.928000  0.503460
151.300000  76.985000  0.517602
151.400000  76.278000  0.561443
151.500000  75.754000  1.665944
151.600000  76.225000  0.164049
151.700000  76.291000  0.082024
151.800000  75.905500  1.086823
151.900000  77.440000  0.342240
152.000000  75.687500  1.600183
152.100000  76.645000  2.250014
152.200000  74.983500  1.550685
152.300000  75.342500  1.325825
152.400000  75.446500  2.622659
152.500000  75.511500  0.488611
152.600000  76.709000  2.470631
152.700000  75.874000  0.903682
152.800000  76.110000  2.917523
152.900000  77.308500  1.761403
153.000000  75.755500  0.799738
153.100000  74.875000  2.015254
153.200000  75.047000  0.332340
153.300000  75.725500  0.925603
153.400000  76.152500  2.035760
153.500000  75.305000  0.513360
153.600000  76.472500  0.617304
153.700000  75.591000  0.844285
153.800000  76.940500  0.583363
153.900000  75.631500  1.037326
154.000000  76.032000  1.381687
154.100000  75.260000  1.077631
154.200000  75.382500  1.758575
154.300000  75.283500  1.532300
154.400000  75.545000  2.371636
154.500000  76.176000  0.998435
154.600000  76.599500  0.156271
154.700000  76.521000  1.820093
154.800000  77.383000  0.841457
154.900000  76.301000  0.681651
155.000000  76.296500  0.053033
155.100000  75.718000  2.027982
155.200000  75.236000  1.665944
155.300000  75.904500  2.290319
155.400000  75.238000  0.360624
155.500000  76.163500  0.584777
155.600000  75.495500  2.766909
155.700000  75.269500  1.380980
155.800000  75.247000  0.445477
155.900000  76.222500  0.946816
156.000000  76.103500  0.678115
156.100000  76.298000  0.134350
156.200000  75.481500  1.849084
156.300000  75.211500  2.404870
156.400000  76.296000  1.752211
156.500000  74.963000  1.486338
156.600000  75.103000  0.700036
156.700000  73.114000  0.506288
156.800000  75.366000  0.171120
156.900000  76.115500  1.569070
157.000000  75.278000  1.063489
157.100000  75.892000  0.726906
157.200000  75.554500  1.226830
157.300000  75.693000  1.998284
157.400000  76.418500  2.239407
157.500000  75.686500  1.263600
157.600000  75.906000  2.699734
157.700000  75.788500  2.462853
157.800000  76.429500  0.265165
157.900000  75.823000  3.326230
158.000000  76.475500  0.412243
158.100000  74.775500  2.706098
158.200000  75.849000  2.573869
158.300000  76.148000  2.209002
158.400000  76.575500  1.375323
158.500000  75.973000  1.153998
158.600000  75.231500  3.061065
158.700000  75.426000  2.126977
158.800000  76.945000  2.363151
158.900000  75.645500  1.529472
159.000000  75.903500  0.707814
159.100000  75.782000  1.565534
159.200000  75.541000  0.873984
159.300000  76.529000  0.158392
159.400000  76.127500  0.682358
159.500000  76.045000  0.547301
159.600000  75.856000  1.777666
159.700000  76.273500  1.266428
159.800000  75.354000  0.015556
159.900000  75.513000  0.913582
160.000000  75.930500  1.827871
160.100000  76.247000  2.324967
160.200000  76.154500  0.775696
160.300000  76.570000  2.052024
160.400000  75.455500  1.812315
160.500000  75.409500  3.601295
160.600000  76.018000  0.169706
160.700000  75.271000  2.344766
160.800000  74.568000  2.795900
160.900000  75.631000  2.063338
161.000000  76.341500  2.150312
161.100000  75.473500  2.348302
161.200000  74.752500  1.557756
161.300000  76.318000  2.886410
161.400000  75.300000  2.234457
161.500000  75.020500  1.331482
161.600000  76.150000  1.670186
161.700000  76.326500  1.778374
161.800000  76.025500  0.362746
161.900000  74.760000  1.480682
162.000000  75.402000  1.469368
162.100000  75.782000  0.145664
162.200000  74.400500  2.065459
162.300000  75.832000  0.787717
162.400000  74.332500  1.051468
162.500000  75.003500  1.598768
162.600000  75.704500  0.895904
162.700000  75.643500  0.562150
162.800000  76.207000  1.928987
162.900000  76.293000  0.261630
163.000000  74.881000  0.593970
163.100000  75.217000  1.193596
163.200000  73.893500  1.536543
163.300000  75.427500  1.310269
163.400000  74.746000  0.178191
163.500000  74.512500  1.331482
163.600000  75.857000  1.165312
163.700000  74.976000  1.265721
163.800000  74.101000  1.764939
163.900000  76.140500  0.952473
164.000000  75.708500  0.515481
164.100000  75.957000  1.472196
164.200000  76.672000  0.777817
164.300000  76.061500  3.078036
164.400000  74.949000  1.402900
164.500000  75.928000  1.969999
164.600000  76.057500  0.723370
164.700000  75.410500  1.675136
164.800000  76.309000  1.347746
164.900000  75.782500  1.229659
165.000000  75.261000  0.255973
165.100000  75.392500  2.411941
165.200000  76.233500  0.861963
165.300000  75.460000  2.387192
165.400000  74.920000  2.787415
165.500000  75.453500  1.091066
165.600000  75.096500  2.554777
165.700000  75.432500  1.744432
165.800000  76.310500  1.505430
165.900000  74.147000  2.657307
166.000000  74.216000  1.402900
166.100000  74.141000  1.187939
166.200000  75.493500  0.803980
166.300000  75.409500  1.513916
166.400000  74.829000  2.026568
166.500000  74.470000  1.156827
166.600000  76.121500  0.997728
166.700000  74.175000  1.025305
166.800000  74.083500  0.675287
166.900000  75.673500  2.379414
167.000000  75.874000  2.254256
167.100000  75.970000  1.210567
167.200000  75.510500  0.492853
167.300000  73.925500  1.368252
167.400000  74.777000  2.155261
167.500000  74.708500  2.956413
167.600000  74.938000  1.429770
167.700000  75.829000  1.179454
167.800000  76.879000  0.244659
167.900000  75.831000  0.869741
168.000000  75.814000  3.350272
168.100000  76.180000  0.451134
168.200000  74.258000  0.941866
168.300000  74.252000  1.152584
168.400000  76.683500  1.686450
168.500000  77.249500  0.437699
168.600000  76.369000  1.310976
168.700000  75.494500  0.980757
168.800000  75.459000  1.586748
168.900000  75.596500  1.737361
169.000000  75.206000  0.828729
169.100000  75.514500  1.081166
169.200000  75.759000  2.057681
169.300000  75.475500  0.371231
169.400000  75.252500  0.260922
169.500000  74.210000  1.278449
169.600000  74.794500  1.424820
169.700000  75.268000  1.371787
169.800000  75.245000  1.648973
169.900000  76.023000  0.702864
170.000000  76.167500  0.608819
170.100000  74.022000  0.480833
170.200000  74.128000  0.688722
170.300000  75.222500  0.330219
170.400000  74.331000  1.224709
170.500000  77.041500  2.295976
170.600000  73.533500  2.694784
170.700000  75.318000  1.333603
170.800000  75.088500  1.102379
170.900000  76.817500  2.394971
171.000000  75.831000  1.848377
171.100000  73.869000  1.022476
171.200000  75.846500  1.267842
171.300000  75.478500  1.314512
171.400000  74.663000  2.596496
171.500000  75.035000  2.525785
171.600000  75.635000  2.514472
171.700000  76.081500  1.560585
171.800000  76.897000  2.395678
171.900000  75.092500  2.332745
172.000000  75.334500  1.380980
172.100000  74.894000  0.045255
172.200000  74.921000  0.779232
172.300000  75.387000  1.716855
172.400000  76.616500  0.929845
172.500000  75.641500  1.479974
172.600000  76.074500  2.240821
172.700000  75.544000  3.180566
172.800000  75.683500  2.424669
172.900000  76.527500  0.627204
173.000000  75.781000  1.351988
173.100000  74.182500  1.785445
173.200000  75.753000  2.777515
173.300000  75.291500  1.677964
173.400000  74.188500  0.968029
173.500000  76.333000  0.096167
173.600000  76.684000  1.378858
173.700000  76.268500  0.919946
173.800000  75.535000  1.663115
173.900000  76.751500  0.811051
174.000000  76.328500  0.943988
174.100000  75.716500  1.447448
174.200000  76.179000  0.882469
174.300000  75.451500  0.361332
174.400000  75.502000  0.272943
174.500000  75.151000  0.074953
174.600000  76.407000  2.791658
174.700000  75.886500  2.766909
174.800000  75.590500  0.434871
174.900000  75.395500  1.134906
175.000000  74.993000  1.241680
175.100000  75.909500  1.379565
175.200000  74.533500  0.251023
175.300000  75.394500  1.525229
175.400000  75.167000  1.359059
175.500000  75.306000  0.524673
175.600000  75.536000  1.555635
175.700000  75.664500  2.457196
175.800000  76.299000  1.694228
175.900000  73.833500  1.907067
176.000000  74.936500  1.426234
176.100000  75.638500  0.721956
176.200000  75.641000  2.836912
176.300000  75.071000  1.035204
176.400000  75.217500  2.131927
176.500000  75.554500  2.938029
176.600000  74.818500  0.034648
176.700000  74.921500  1.351281
176.800000  75.502000  1.202082
176.900000  75.042000  0.511945
177.000000  74.735500  3.143090
177.100000  75.199500  2.161625
177.200000  75.137000  3.210265
177.300000  75.066500  2.476995
177.400000  74.596000  2.237286
177.500000  75.817000  0.919239
177.600000  74.626500  1.303198
177.700000  74.691500  1.393707
177.800000  74.425500  0.127986
177.900000  75.078500  2.356787
178.000000  74.288500  0.191626
178.100000  75.762500  1.137735
178.200000  75.119500  1.605840
178.300000  76.009500  1.496945
178.400000  74.856000  0.124451
178.500000  74.727500  2.677813
178.600000  75.075500  0.861963
178.700000  75.533500  2.260620
178.800000  74.676000  1.658873
178.900000  74.123500  1.133492
179.000000  75.880000  0.301227
179.100000  75.149000  0.876812
179.200000  75.263500  0.540937
179.300000  75.249000  0.212132
179.400000  75.141000  1.429770
179.500000  74.955500  0.615890
179.600000  74.489000  0.626497
179.700000  75.131000  0.865499
179.800000  74.247000  0.159806
179.900000  74.828000  0.261630
180.000000  75.926000  0.789131
180.100000  74.631500  0.805395
180.200000  75.314500  0.301935
180.300000  74.700000  2.148190
180.400000  75.208500  2.290319
180.500000  75.222000  0.353553
180.600000  76.032500  1.832114
180.700000  75.285500  2.126270
180.800000  74.199500  1.028840
180.900000  74.317000  1.161069
181.000000  75.503500  0.596091
181.100000  75.066500  1.949493
181.200000  75.906500  1.966464
181.300000  74.717500  0.372645
181.400000  74.004500  0.570635
181.500000  74.431500  1.720391
181.600000  74.574000  2.128391
181.700000  75.053500  3.058237
181.800000  74.687000  0.363453
181.900000  73.596500  1.348453
182.000000  74.678000  0.620840
182.100000  74.644500  1.662408
182.200000  75.302500  1.315926
182.300000  75.153000  0.509117
182.400000  74.176000  1.112986
182.500000  75.441500  0.563564
182.600000  74.642500  1.648266
182.700000  74.148500  0.399515
182.800000  74.583000  0.599627
182.900000  74.686000  0.582656
183.000000  75.612500  2.233750
183.100000  75.167000  1.513209
183.200000  75.662500  1.711906
183.300000  74.748500  1.446033
183.400000  74.889500  0.067175
183.500000  74.084500  0.843578
183.600000  72.545000  1.178040
183.700000  74.306000  0.370524
183.800000  73.853500  0.130815
183.900000  74.321000  1.349160
184.000000  75.036000  1.449569
184.100000  74.237000  0.765090
184.200000  74.863500  1.936765
184.300000  74.515000  2.825599
184.400000  74.515500  1.243801
184.500000  73.661000  0.195161
184.600000  75.665500  0.938331
184.700000  76.093500  0.325976
184.800000  74.422500  1.511087
184.900000  74.880000  0.599627
185.000000  74.738000  0.651952
185.100000  75.054000  1.432598
185.200000  74.221500  0.074246
185.300000  74.157000  1.370373
185.400000  75.442000  1.124300
185.500000  74.001000  0.827315
185.600000  75.161500  0.492853
185.700000  75.078000  1.407142
185.800000  75.413500  1.461590
185.900000  75.016500  1.065610
186.000000  74.483000  1.695642
186.100000  74.789500  0.006364
186.200000  74.751500  1.450276
186.300000  75.200500  0.232638
186.400000  75.005500  0.185969
186.500000  74.563500  0.053033
186.600000  74.719000  2.159504
186.700000  74.248500  0.795495
186.800000  74.926000  2.060509
186.900000  75.977000  3.162182
187.000000  75.526000  0.767918
187.100000  75.246500  1.571898
187.200000  74.241000  0.420021
187.300000  75.724500  2.109300
187.400000  75.333500  1.805244
187.500000  75.182500  0.491439
187.600000  74.339000  2.467803
187.700000  74.765500  0.526795
187.800000  74.878000  0.251730
187.900000  74.315500  0.406586
188.000000  73.711000  0.886712
188.100000  74.525000  0.079196
188.200000  73.516000  0.554372
188.300000  74.067500  2.167282
188.400000  75.264000  0.780646
188.500000  75.226000  0.302642
188.600000  76.037000  1.482096
188.700000  74.160500  1.416335
188.800000  75.139000  1.062074
188.900000  76.524000  0.354968
189.000000  76.655500  1.443205
189.100000  75.641500  0.611647
189.200000  75.299500  0.140714
189.300000  76.520500  0.584777
189.400000  74.416000  0.393151
189.500000  75.022000  0.690136
189.600000  76.606500  0.190212
189.700000  73.880500  0.393858
189.800000  74.040000  0.394566
189.900000  75.458000  0.790545
190.000000  74.397500  0.966615
190.100000  75.473500  0.030406
190.200000  74.904500  0.594677
190.300000  75.230000  1.093187
190.400000  76.517000  0.321026
190.500000  74.523000  0.456791
190.600000  74.720000  0.330926
190.700000  75.493500  1.516744
190.800000  74.973000  0.367696
190.900000  74.826000  0.421436
191.000000  75.019000  0.370524
191.100000  75.219500  0.067175
191.200000  74.341000  2.292440
191.300000  74.875000  0.591141
191.400000  75.870500  1.509673
191.500000  75.966500  1.542200
191.600000  75.117500  1.577555
191.700000  75.461000  0.608112
191.800000  74.179000  0.173948
191.900000  75.767000  1.972828
192.000000  75.939500  0.682358
192.100000  74.807000  0.800445
192.200000  75.416000  0.765090
192.300000  75.745000  0.943280
192.400000  75.210000  0.924896
192.500000  75.097000  0.603869
192.600000  75.378500  1.867469
192.700000  74.932500  0.574878
192.800000  75.336500  0.118087
192.900000  75.224000  0.691550
193.000000  74.798500  0.040305
193.100000  74.992500  0.832265
193.200000  74.785500  0.307591
193.300000  76.385000  0.137179
193.400000  74.337500  0.846407
193.500000  75.315500  0.290621
193.600000  74.724000  1.359059
193.700000  75.626000  1.889389
193.800000  76.026500  1.109451
193.900000  75.320500  1.315926
194.000000  75.946000  1.057832
194.100000  75.127000  1.360473
194.200000  74.482500  0.088388
194.300000  75.472000  0.571342
194.400000  74.519500  0.613062
194.500000  74.849000  1.030962
194.600000  74.623000  0.619426
194.700000  75.410000  1.142685
194.800000  76.517500  1.359766
194.900000  76.011500  1.989091
195.000000  75.145000  0.772161
195.100000  75.325000  0.377595
195.200000  76.493500  0.232638
195.300000  75.307500  0.235467
195.400000  75.822000  0.919239
195.500000  74.724000  0.507703
195.600000  75.857000  0.183848
195.700000  77.116000  0.752362
195.800000  76.767500  0.287792
195.900000  75.155500  1.132078
196.000000  76.113500  1.243801
196.100000  75.596500  0.987828
196.200000  74.789500  0.647003
196.300000  74.977500  1.586041
196.400000  74.952500  1.405021
196.500000  75.272000  1.361888
196.600000  76.234000  0.007071
196.700000  76.417500  1.064196
196.800000  75.321000  0.422850
196.900000  75.985500  0.464569
197.000000  75.786000  1.439669
197.100000  75.582000  0.330926
197.200000  75.705000  2.209002
197.300000  75.209000  0.520431
197.400000  75.457000  0.425678
197.500000  75.488500  1.953736
197.600000  75.699000  1.117229
197.700000  73.708500  0.854892
197.800000  74.146000  0.702864
197.900000  75.342500  1.364009
198.000000  74.636500  1.591697
198.100000  75.415500  0.352846
198.200000  76.226000  0.886712
198.300000  75.104500  1.471489
198.400000  75.506000  0.101823
198.500000  76.404500  0.409415
198.600000  74.729000  0.663266
198.700000  75.246000  0.634982
198.800000  74.896000  2.068994
198.900000  73.849500  0.615890
199.000000  74.905500  0.543765
199.100000  75.927500  0.806809
199.200000  76.345500  0.709228
199.300000  77.236500  0.014849
199.400000  76.447000  0.195161
199.500000  76.459000  1.162484
199.600000  76.149500  0.825194
199.700000  75.656500  0.550836
199.800000  75.620000  0.137179
199.900000  77.207500  0.157685
200.000000  74.746500  0.973686
