# aggregated from 2 replicates
# x  mean  std
0.000000  7.285300  0.000000
0.100000  7.106050  0.028779
0.200000  7.180600  0.104510
0.300000  7.258600  0.000000
0.400000  7.030450  0.263680
0.500000  7.326650  0.120562
0.600000  7.113150  0.066114
0.700000  7.248450  0.057064
0.800000  6.931250  0.053104
0.900000  7.309100  0.276337
1.000000  7.341450  0.099914
1.100000  7.411300  0.026446
1.200000  7.425350  0.408637
1.300000  7.299450  0.044901
1.400000  7.388150  0.091995
1.500000  7.431850  0.285742
1.600000  7.219250  0.242467
1.700000  7.520250  0.005162
1.800000  7.546900  0.138310
1.900000  7.327650  0.162988
2.000000  7.539900  0.021213
2.100000  7.389950  0.013081
2.200000  7.545600  0.424971
2.300000  7.499950  0.076863
2.400000  7.571000  0.352563
2.500000  7.622450  0.409627
2.600000  7.373850  0.300167
2.700000  7.354200  0.374625
2.800000  7.612350  0.157614
2.900000  7.293950  0.191555
3.000000  7.440650  0.379646
3.100000  7.467000  0.478287
3.200000  7.556300  0.204920
3.300000  7.595950  0.326754
3.400000  7.444950  0.398030
3.500000  7.495350  0.497591
3.600000  7.524750  0.472842
3.700000  7.526150  0.386717
3.800000  7.653400  0.372362
3.900000  7.343300  0.804546
4.000000  7.428950  0.710713
4.100000  7.333400  1.050619
4.200000  7.433900  0.766079
4.300000  7.560250  0.814516
4.400000  7.593400  0.641346
4.500000  7.544000  0.602455
4.600000  7.317750  0.456862
4.700000  7.506950  0.442578
4.800000  7.645250  0.196646
4.900000  7.988600  0.319047
5.000000  7.758900  0.216940
5.100000  8.093800  0.260922
5.200000  7.894800  0.105076
5.300000  7.892850  0.260993
5.400000  7.877850  0.528138
5.500000  7.650600  0.225850
5.600000  7.914100  0.101823
5.700000  8.091800  0.188939
5.800000  7.922600  0.430345
5.900000  7.952550  0.107410
6.000000  8.082150  0.052962
6.100000  7.979050  0.042780
6.200000  8.141050  0.086479
6.300000  7.974150  0.102884
6.400000  8.086400  0.018243
6.500000  7.992650  0.041366
6.600000  7.896700  0.042992
6.700000  8.074050  0.051124
6.800000  7.965600  0.318198
6.900000  8.011950  0.122117
7.000000  7.855500  0.172393
7.100000  8.056300  0.141563
7.200000  7.882550  0.075590
7.300000  8.114650  0.048437
7.400000  7.809400  0.265731
7.500000  7.921700  0.009192
7.600000  7.933500  0.009617
7.700000  7.931650  0.022557
7.800000  7.821700  0.199687
7.900000  7.844450  0.162140
8.000000  7.983150  0.087328
8.100000  8.094850  0.012657
8.200000  7.994650  0.086338
8.300000  7.891550  0.029911
8.400000  8.054300  0.112430
8.500000  7.948400  0.190919
8.600000  7.924300  0.011455
8.700000  7.935250  0.038396
8.800000  7.824600  0.042285
8.900000  7.841700  0.066327
9.000000  7.981450  0.287015
9.100000  7.893600  0.134209
9.200000  7.806950  0.133290
9.300000  7.758250  0.158038
9.400000  7.568000  0.208879
9.500000  7.801850  0.144038
9.600000  7.647250  0.321804
9.700000  7.963300  0.056427
9.800000  7.726450  0.130461
9.900000  7.871050  0.008697
10.000000  7.805850  0.095389
10.100000  7.687950  0.119713
10.200000  7.714650  0.024537
10.300000  7.539650  0.065266
10.400000  7.813350  0.167231
10.500000  7.862700  0.113844
10.600000  7.824650  0.078560
10.700000  7.756000  0.012304
10.800000  7.836700  0.026729
10.900000  7.916000  0.133077
11.000000  7.881400  0.001556
11.100000  7.838450  0.320814
11.200000  7.705000  0.167301
11.300000  7.971850  0.117733
11.400000  7.857300  0.093055
11.500000  7.800700  0.067458
11.600000  7.845350  0.182080
11.700000  7.834950  0.141351
11.800000  7.895950  0.136825
11.900000  7.943100  0.180312
12.000000  7.947000  0.236739
12.100000  7.778800  0.254276
12.200000  7.812200  0.077923
12.300000  7.834100  0.287792
12.400000  7.960650  0.001768
12.500000  7.771400  0.168857
12.600000  7.736400  0.389757
12.700000  7.809900  0.029133
12.800000  7.848850  0.435648
12.900000  7.734300  0.055720
13.000000  7.747150  0.026092
13.100000  7.755450  0.013364
13.200000  7.733700  0.371797
13.300000  7.693900  0.208314
13.400000  7.794300  0.003536
13.500000  7.854700  0.059821
13.600000  8.141750  0.279236
13.700000  7.933150  0.200182
13.800000  7.825950  0.105288
13.900000  7.864900  0.122754
14.000000  7.859400  0.051053
14.100000  8.013700  0.193889
14.200000  8.150250  0.279378
14.300000  7.955150  0.069509
14.400000  7.950800  0.074670
14.500000  7.897400  0.014142
14.600000  7.869750  0.235396
14.700000  7.727250  0.013930
14.800000  7.860300  0.071559
14.900000  7.929100  0.135340
15.000000  7.874600  0.162776
15.100000  8.181000  0.104228
15.200000  7.678150  0.182363
15.300000  7.893750  0.336512
15.400000  8.116000  0.102248
15.500000  8.137550  0.402697
15.600000  7.927050  0.019587
15.700000  7.993700  0.240275
15.800000  7.991950  0.405243
15.900000  7.888400  0.299248
16.000000  7.756150  0.363241
16.100000  7.889600  0.403051
16.200000  8.243600  0.539522
16.300000  8.094850  0.413870
16.400000  8.083900  0.312824
16.500000  7.905900  0.559180
16.600000  8.144750  0.341179
16.700000  7.717500  0.225850
16.800000  7.993000  0.487338
16.900000  7.745300  0.515622
17.000000  7.695600  0.511238
17.100000  7.840500  0.169988
17.200000  7.632700  0.130249
17.300000  7.908700  0.158816
17.400000  8.025150  0.318269
17.500000  8.152500  0.302217
17.600000  8.034000  0.389899
17.700000  7.789750  0.317703
17.800000  7.953100  0.433032
17.900000  7.806900  0.045679
18.000000  7.801400  0.360624
18.100000  8.029500  0.020789
18.200000  7.886350  0.223516
18.300000  8.006800  0.198556
18.400000  8.099250  0.104440
18.500000  7.984600  0.434729
18.600000  8.056350  0.243315
18.700000  8.094300  0.280863
18.800000  8.023000  0.253851
18.900000  7.995150  0.355745
19.000000  7.924750  0.170766
19.100000  8.137750  0.420941
19.200000  8.320400  0.337714
19.300000  8.320200  0.134633
19.400000  8.091800  0.079196
19.500000  8.112000  0.179322
19.600000  8.225250  0.007566
19.700000  8.004600  0.292459
19.800000  7.922250  0.031608
19.900000  7.889650  0.126360
20.000000  7.626900  0.071983
20.100000  7.904650  0.038820
20.200000  7.945100  0.179322
20.300000  7.663900  0.483237
20.400000  7.756700  0.224153
20.500000  7.698550  0.562221
20.600000  7.632300  0.379151
20.700000  7.629300  0.629042
20.800000  7.545900  0.470226
20.900000  7.605100  0.400222
21.000000  7.550100  0.245790
21.100000  7.657900  0.409132
21.200000  7.390550  0.481186
21.300000  7.549300  0.207324
21.400000  7.599850  0.278812
21.500000  7.610100  0.057841
21.600000  7.613850  0.469731
21.700000  7.023800  0.590434
21.800000  7.676750  0.555574
21.900000  7.413500  0.269973
22.000000  7.649850  0.587959
22.100000  7.542300  0.545886
22.200000  7.616500  0.408001
22.300000  7.768100  0.249750
22.400000  7.668650  0.751867
22.500000  7.581100  0.534431
22.600000  7.658250  0.445831
22.700000  7.628700  0.346765
22.800000  7.503300  0.277469
22.900000  7.658700  0.433598
23.000000  7.607500  0.553806
23.100000  7.569700  0.204212
23.200000  7.438650  0.101046
23.300000  7.627800  0.263044
23.400000  7.459350  0.284045
23.500000  7.655400  0.659589
23.600000  7.337900  0.054306
23.700000  7.663200  0.211425
23.800000  7.593550  0.007990
23.900000  7.723750  0.189575
24.000000  7.540200  0.423557
24.100000  7.597650  0.415849
24.200000  7.475700  0.496106
24.300000  7.523500  0.205061
24.400000  7.437950  0.149836
24.500000  7.429150  0.177979
24.600000  7.428900  0.307450
24.700000  7.313700  0.390889
24.800000  7.339050  0.222385
24.900000  7.775350  0.051265
25.000000  7.733750  0.275842
25.100000  7.524050  0.097651
25.200000  8.084900  0.646296
25.300000  7.912600  0.334603
25.400000  7.967750  0.506359
25.500000  8.184100  0.303207
25.600000  7.829300  0.253851
25.700000  7.776550  0.384313
25.800000  7.693250  0.285883
25.900000  7.834700  0.710784
26.000000  7.779700  0.589727
26.100000  7.532000  0.490449
26.200000  7.780250  0.189292
26.300000  7.819750  0.547371
26.400000  7.883200  0.295146
26.500000  7.753800  0.418890
26.600000  7.955450  0.212768
26.700000  7.860700  0.290197
26.800000  7.981600  0.061377
26.900000  7.956300  0.184272
27.000000  8.075650  0.427446
27.100000  8.106400  0.388484
27.200000  8.300150  0.255478
27.300000  8.195350  0.284328
27.400000  8.198650  0.212768
27.500000  8.167500  0.151745
27.600000  7.876750  0.208102
27.700000  8.174950  0.293096
27.800000  8.202700  0.330077
27.900000  8.203300  0.514915
28.000000  7.915850  0.412031
28.100000  7.999700  0.123319
28.200000  7.859800  0.317774
28.300000  7.986750  0.275701
28.400000  7.831200  0.398525
28.500000  7.906100  0.314804
28.600000  7.939800  0.401212
28.700000  8.051250  0.033022
28.800000  8.145650  0.328734
28.900000  8.213950  0.295641
29.000000  7.859150  0.543977
29.100000  8.066400  0.065761
29.200000  7.993350  0.042497
29.300000  8.080650  0.183777
29.400000  8.065750  0.185616
29.500000  8.219200  0.114976
29.600000  8.037550  0.031183
29.700000  8.331000  0.101965
29.800000  8.131150  0.161998
29.900000  8.183550  0.242184
30.000000  8.008300  0.227688
30.100000  8.301150  0.288146
30.200000  8.156150  0.250245
30.300000  8.424800  0.357796
30.400000  8.269850  0.479631
30.500000  8.004800  0.537118
30.600000  7.935350  0.765585
30.700000  7.766000  0.260781
30.800000  8.253900  0.307591
30.900000  8.038400  0.438123
31.000000  7.868800  0.146937
31.100000  7.811050  0.040093
31.200000  8.264350  0.316996
31.300000  8.138500  0.334744
31.400000  8.263800  0.482247
31.500000  8.273950  0.483873
31.600000  8.188550  0.076297
31.700000  8.226600  0.300096
31.800000  8.169300  0.608253
31.900000  8.047300  0.241689
32.000000  8.172900  0.510107
32.100000  8.043050  0.340048
32.200000  8.094350  0.169069
32.300000  8.359100  0.433315
32.400000  8.026950  0.515976
32.500000  8.084150  0.835588
32.600000  8.075100  0.490874
32.700000  8.137550  0.241194
32.800000  8.037200  0.409556
32.900000  8.178750  0.493490
33.000000  8.143700  0.004808
33.100000  8.183950  0.073186
33.200000  7.788650  0.152806
33.300000  7.988550  0.362958
33.400000  8.059350  0.032173
33.500000  8.083150  0.146583
33.600000  7.897800  0.459195
33.700000  8.246850  0.229456
33.800000  8.235150  0.177413
33.900000  7.952600  0.048366
34.000000  8.019600  0.326259
34.100000  8.040050  0.242891
34.200000  8.019700  0.099419
34.300000  7.826300  0.166877
34.400000  8.382600  0.159099
34.500000  8.190650  0.385020
34.600000  8.235250  0.197495
34.700000  8.296200  0.621688
34.800000  8.237000  0.471499
34.900000  8.189850  0.276832
35.000000  8.232700  0.604718
35.100000  8.162450  0.469590
35.200000  8.259550  0.274428
35.300000  8.239800  0.206617
35.400000  8.260700  0.397960
35.500000  8.236950  0.405526
35.600000  8.306150  0.250387
35.700000  8.243950  0.420799
35.800000  8.292050  0.319400
35.900000  8.361000  0.019092
36.000000  8.452700  0.490449
36.100000  8.341750  0.310632
36.200000  8.427500  0.058124
36.300000  8.197350  0.260569
36.400000  8.183300  0.170978
36.500000  8.142900  0.359493
36.600000  8.291000  0.321592
36.700000  8.157500  0.325835
36.800000  8.054850  0.335522
36.900000  8.135100  0.367271
37.000000  8.005000  0.104793
37.100000  8.001500  0.162069
37.200000  7.993150  0.075165
37.300000  7.918300  0.268559
37.400000  7.908850  0.475105
37.500000  8.202400  0.344361
37.600000  8.280050  0.276832
37.700000  7.985450  0.442578
37.800000  7.960850  0.141775
37.900000  8.037200  0.026446
38.000000  8.401450  0.382898
38.100000  8.271550  0.171049
38.200000  8.221850  0.141351
38.300000  8.191350  0.058902
38.400000  8.077800  0.215385
38.500000  8.224500  0.195444
38.600000  8.203200  0.022203
38.700000  8.247450  0.218284
38.800000  8.273600  0.394424
38.900000  8.141950  0.563635
39.000000  8.204250  0.306672
39.100000  8.035550  0.251801
39.200000  7.910000  0.216799
39.300000  8.077850  0.166948
39.400000  8.119000  0.147502
39.500000  8.161200  0.096025
39.600000  7.850150  0.419668
39.700000  7.988850  0.024112
39.800000  7.828750  0.315157
39.900000  8.186650  0.562079
40.000000  8.080100  0.311976
40.100000  8.100750  0.212768
40.200000  8.068050  0.150119
40.300000  8.122200  0.174373
40.400000  7.976800  0.159665
40.500000  8.101200  0.025456
40.600000  8.039050  0.003041
40.700000  7.702200  0.216799
40.800000  7.882600  0.299955
40.900000  8.030850  0.610162
41.000000  7.867750  0.305258
41.100000  7.952300  0.636820
41.200000  7.962450  0.625295
41.300000  7.629900  0.752503
41.400000  8.238700  0.502612
41.500000  8.142350  0.166948
41.600000  7.983400  1.064761
41.700000  7.802550  0.609880
41.800000  8.061300  0.451841
41.900000  8.070250  0.534219
42.000000  8.053450  0.369888
42.100000  8.053200  0.173100
42.200000  8.232700  0.197000
42.300000  8.283200  0.719976
42.400000  8.274250  0.020577
42.500000  8.299200  0.127421
42.600000  8.194350  0.066680
42.700000  8.130550  0.060458
42.800000  8.417850  0.184626
42.900000  8.407450  0.179959
43.000000  7.989050  0.686671
43.100000  8.336500  0.583080
43.200000  8.064750  0.777181
43.300000  7.861550  0.581171
43.400000  8.133100  0.653791
43.500000  8.010350  0.469590
43.600000  8.331400  0.110167
43.700000  8.288050  0.300874
43.800000  8.262400  0.069014
43.900000  8.333150  0.057205
44.000000  8.305050  0.106278
44.100000  8.398600  0.171120
44.200000  8.352400  0.024183
44.300000  8.302850  0.056356
44.400000  8.206400  0.064630
44.500000  8.159100  0.123178
44.600000  8.197350  0.209799
44.700000  8.239350  0.016900
44.800000  8.072750  0.149270
44.900000  8.299100  0.386080
45.000000  8.383850  0.222385
45.100000  8.042350  0.385868
45.200000  8.092650  0.146159
45.300000  8.155800  0.629608
45.400000  7.944900  0.309996
45.500000  8.037450  0.087469
45.600000  8.254400  0.065620
45.700000  8.059250  0.010960
45.800000  8.138050  0.445265
45.900000  8.014450  0.253922
46.000000  8.185550  0.177413
46.100000  8.253350  0.096803
46.200000  8.121100  0.106066
46.300000  8.153150  0.541715
46.400000  8.157950  0.251942
46.500000  8.312800  0.466549
46.600000  8.290350  0.370312
46.700000  8.223750  0.540300
46.800000  8.200750  0.319400
46.900000  8.084800  0.329936
47.000000  8.160150  0.231860
47.100000  8.165650  0.333825
47.200000  8.039550  0.346836
47.300000  8.001450  0.451629
47.400000  7.907600  0.638376
47.500000  8.293350  0.328451
47.600000  8.114100  0.334320
47.700000  8.238150  0.550483
47.800000  8.126850  0.339199
47.900000  8.156200  0.589727
48.000000  8.060950  0.664185
48.100000  8.194050  0.748190
48.200000  8.123250  0.255619
48.300000  8.086650  0.460963
48.400000  8.137700  0.649265
48.500000  8.331350  0.596869
48.600000  8.138100  0.732138
48.700000  8.142650  0.233982
48.800000  8.072300  0.757877
48.900000  8.173800  0.098571
49.000000  8.071950  0.441447
49.100000  8.098100  0.682499
49.200000  8.176300  0.414506
49.300000  8.161150  0.355180
49.400000  8.214650  0.528704
49.500000  8.232050  0.370595
49.600000  8.128900  0.487338
49.700000  8.041400  0.436568
49.800000  8.301900  0.498510
49.900000  8.137000  0.497945
50.000000  8.191450  0.357018
50.100000  8.107550  0.269903
50.200000  8.449100  0.291328
50.300000  8.161900  0.460185
50.400000  8.233000  0.381979
50.500000  8.245950  0.465771
50.600000  8.175550  0.377949
50.700000  8.039950  0.331280
50.800000  8.090250  0.317279
50.900000  8.287800  0.286803
51.000000  8.246650  0.693742
51.100000  8.134350  0.733623
51.200000  8.266450  0.884944
51.300000  8.192900  0.660579
51.400000  8.289950  0.733199
51.500000  8.345150  0.547513
51.600000  8.145200  0.955584
51.700000  8.309400  0.622678
51.800000  8.391350  0.770393
51.900000  8.026050  0.639295
52.000000  8.345250  0.553028
52.100000  8.158850  0.484722
52.200000  8.089150  0.368332
52.300000  8.203050  0.747765
52.400000  8.284900  0.885439
52.500000  8.342200  0.846124
52.600000  8.474800  0.309430
52.700000  8.335850  0.467185
52.800000  8.189750  0.549917
52.900000  8.092350  0.471145
53.000000  8.345000  0.436992
53.100000  8.141100  0.344644
53.200000  8.278700  0.705410
53.300000  8.327900  0.313248
53.400000  8.105200  0.598212
53.500000  7.950500  0.491156
53.600000  8.140100  0.377595
53.700000  8.310050  0.298753
53.800000  8.160550  0.529411
53.900000  8.294600  0.335876
54.000000  8.224550  0.413304
54.100000  8.085850  0.323077
54.200000  8.086250  0.376110
54.300000  8.153950  0.192828
54.400000  8.450100  0.390464
54.500000  8.353050  0.164261
54.600000  8.252450  0.027506
54.700000  8.255300  0.257387
54.800000  8.349200  0.503319
54.900000  8.351750  0.388131
55.000000  8.198150  0.508339
55.100000  8.258150  0.448659
55.200000  8.556300  0.630032
55.300000  8.314950  0.558544
55.400000  8.299750  0.626002
55.500000  8.176850  0.287015
55.600000  8.271200  0.273792
55.700000  8.030750  0.387707
55.800000  8.156850  0.594748
55.900000  8.121850  0.340472
56.000000  7.986600  0.043841
56.100000  7.949250  0.341886
56.200000  7.957900  0.262337
56.300000  8.206450  0.356311
56.400000  8.319000  0.178332
56.500000  8.089850  0.479348
56.600000  8.175400  0.627204
56.700000  8.274000  0.172958
56.800000  8.440850  0.401707
56.900000  8.223350  0.379363
57.000000  8.296050  0.112642
57.100000  8.401550  0.075307
57.200000  8.486550  0.029769
57.300000  8.163150  0.038820
57.400000  8.459750  0.776757
57.500000  8.422600  0.431194
57.600000  8.359950  0.255195
57.700000  8.510700  0.041012
57.800000  8.258150  0.110097
57.900000  8.569850  0.293096
58.000000  8.185950  0.065690
58.100000  8.475250  0.331845
58.200000  8.239250  0.187171
58.300000  8.160250  0.372999
58.400000  8.366550  0.062155
58.500000  8.033150  0.297056
58.600000  8.177150  0.432961
58.700000  8.159000  0.132795
58.800000  8.237700  0.353412
58.900000  8.260050  0.295641
59.000000  8.449850  0.529835
59.100000  8.373000  0.801293
59.200000  8.267000  0.388343
59.300000  8.195750  0.523471
59.400000  8.127350  0.540442
59.500000  8.211850  0.362109
59.600000  8.429800  0.525946
59.700000  8.368500  0.540371
59.800000  8.160900  0.548149
59.900000  8.268750  0.574524
60.000000  8.241400  0.401212
60.100000  8.311450  0.583010
60.200000  8.039400  0.682217
60.300000  8.262300  0.769049
60.400000  8.240100  0.687308
60.500000  8.372800  0.714461
60.600000  8.168250  0.398172
60.700000  8.371950  0.637174
60.800000  8.119850  0.765726
60.900000  8.266350  0.539169
61.000000  8.135650  0.571413
61.100000  8.176450  0.700248
61.200000  8.097550  0.705622
61.300000  8.429950  1.048003
61.400000  7.805100  1.062499
61.500000  8.011750  0.931472
61.600000  8.062900  1.041993
61.700000  8.113900  0.938189
61.800000  8.217950  1.314865
61.900000  8.360500  0.701167
62.000000  8.027000  0.938472
62.100000  8.161150  0.831911
62.200000  7.962300  0.803698
62.300000  8.165050  0.593475
62.400000  8.250800  0.162210
62.500000  8.463300  0.386080
62.600000  8.788100  0.741472
62.700000  8.228200  0.134209
62.800000  8.501750  0.399727
62.900000  8.348200  0.390040
63.000000  8.167200  0.569645
63.100000  8.549400  0.528067
63.200000  8.219000  0.492995
63.300000  8.439400  0.295146
63.400000  8.121550  0.117026
63.500000  8.089750  0.448376
63.600000  8.254300  0.368261
63.700000  8.389050  0.637598
63.800000  8.303350  0.785242
63.900000  7.971650  0.480479
64.000000  8.300400  0.088813
64.100000  8.288800  0.469802
64.200000  8.226200  0.479701
64.300000  8.175500  0.888126
64.400000  8.319250  0.409768
64.500000  8.408400  0.403051
64.600000  8.164250  0.557554
64.700000  8.316250  0.661074
64.800000  8.348200  0.906794
64.900000  8.363900  0.310703
65.000000  8.525200  0.495540
65.100000  8.323050  0.394636
65.200000  8.400500  0.681085
65.300000  8.387650  0.478075
65.400000  8.496350  0.377524
65.500000  8.477600  0.443073
65.600000  8.281750  0.296631
65.700000  8.348800  0.525663
65.800000  8.461950  0.448659
65.900000  8.239650  0.322087
66.000000  8.464500  0.271529
66.100000  8.463100  0.538957
66.200000  8.391300  0.592273
66.300000  8.534900  0.322016
66.400000  8.204200  0.634558
66.500000  8.254300  0.486914
66.600000  8.405800  0.199687
66.700000  8.381750  0.441022
66.800000  8.207000  0.728037
66.900000  8.186500  0.456508
67.000000  8.387900  0.322724
67.100000  8.356300  0.359776
67.200000  8.277600  0.305894
67.300000  8.240500  0.416344
67.400000  8.392950  0.203859
67.500000  8.241650  0.058902
67.600000  8.633150  0.323077
67.700000  8.370700  0.475883
67.800000  8.285950  0.568160
67.900000  8.341200  0.684055
68.000000  8.390550  0.440881
68.100000  8.391300  0.502329
68.200000  8.229500  0.457498
68.300000  8.327050  0.679035
68.400000  8.017950  0.810839
68.500000  8.133400  0.488611
68.600000  8.187150  0.568867
68.700000  8.374950  0.329582
68.800000  8.152550  0.321663
68.900000  8.205900  0.438972
69.000000  8.472900  0.421011
69.100000  8.426150  0.425608
69.200000  8.390350  0.654003
69.300000  8.188100  0.386080
69.400000  8.233400  0.356948
69.500000  8.139400  0.224577
69.600000  8.208450  0.472984
69.700000  7.885250  0.151392
69.800000  8.134550  0.106420
69.900000  8.223450  0.089449
70.000000  8.312500  0.099843
70.100000  8.446400  0.298116
70.200000  8.215700  0.111723
70.300000  8.225500  0.490591
70.400000  8.269700  0.339553
70.500000  8.264900  0.051195
70.600000  8.264250  0.333118
70.700000  8.295400  0.292177
70.800000  8.210200  0.316501
70.900000  8.493050  0.201030
71.000000  8.508800  0.463862
71.100000  8.363650  0.006718
71.200000  8.413550  0.152947
71.300000  8.321450  0.100904
71.400000  8.053400  0.144815
71.500000  8.079000  0.168716
71.600000  8.312550  0.440174
71.700000  8.152750  0.705198
71.800000  8.058550  0.547371
71.900000  8.161750  0.508905
72.000000  8.242300  0.715451
72.100000  8.204600  0.422991
72.200000  8.392050  0.474398
72.300000  8.060400  0.062367
72.400000  8.230950  0.190707
72.500000  8.189400  0.320744
72.600000  8.149300  0.006081
72.700000  7.929350  0.014071
72.800000  8.087000  0.803839
72.900000  8.146100  0.202374
73.000000  8.091600  0.273509
73.100000  7.989600  0.297975
73.200000  8.061850  0.684267
73.300000  8.080600  0.848245
73.400000  8.165400  0.670337
73.500000  7.972600  0.444346
73.600000  8.173000  0.543482
73.700000  8.437300  0.409556
73.800000  8.447150  0.597717
73.900000  8.310100  0.267428
74.000000  8.387400  0.576858
74.100000  8.371400  0.441942
74.200000  8.090100  0.762827
74.300000  8.304350  0.294510
74.400000  8.369400  0.382828
74.500000  8.420850  0.306531
74.600000  8.407950  0.531249
74.700000  8.311850  0.277681
74.800000  8.216700  0.582232
74.900000  8.328000  0.429355
75.000000  8.324450  0.358432
75.100000  8.294900  0.542351
75.200000  8.069100  0.600758
75.300000  8.454750  0.671256
75.400000  8.540750  0.768979
75.500000  8.127850  0.564201
75.600000  8.513250  0.708733
75.700000  8.177600  0.407718
75.800000  8.082700  0.492995
75.900000  8.438600  0.601889
76.000000  8.258650  0.875327
76.100000  8.242750  0.428719
76.200000  8.240600  0.217365
76.300000  8.205200  0.583080
76.400000  8.313900  0.746280
76.500000  8.503600  0.471782
76.600000  8.479800  0.370383
76.700000  8.451650  0.625577
76.800000  8.610850  0.419668
76.900000  8.253000  0.365857
77.000000  8.345800  0.886146
77.100000  8.459100  0.738927
77.200000  8.528150  0.645518
77.300000  8.273050  0.709440
77.400000  8.097250  0.731926
77.500000  8.344900  0.436992
77.600000  8.428600  0.460892
77.700000  8.266400  0.639932
77.800000  8.416300  0.774565
77.900000  8.184500  0.686742
78.000000  8.122600  0.890672
78.100000  8.297850  0.644245
78.200000  8.305100  0.963504
78.300000  8.369350  0.320107
78.400000  8.246050  0.451346
78.500000  8.408750  0.532805
78.600000  8.220350  0.693460
78.700000  8.421300  0.391596
78.800000  8.339850  0.686671
78.900000  8.317300  0.396263
79.000000  8.217100  0.534573
79.100000  8.163950  0.852559
79.200000  8.194400  0.300379
79.300000  8.179300  0.708380
79.400000  7.940400  0.894490
79.500000  8.050950  0.591778
79.600000  8.029150  0.875469
79.700000  8.040800  0.973262
79.800000  7.931000  0.894773
79.900000  8.209550  0.947028
80.000000  7.743600  0.971848
80.100000  7.967350  0.976585
80.200000  8.082000  1.103087
80.300000  7.949250  0.957776
80.400000  7.778550  1.048569
80.500000  7.974850  0.962160
80.600000  7.797150  0.866135
80.700000  7.834550  1.139644
80.800000  8.058250  1.140068
80.900000  7.781550  0.958342
81.000000  8.000000  1.307865
81.100000  7.905400  1.010738
81.200000  7.726900  0.710925
81.300000  7.917650  1.224355
81.400000  7.909400  1.057125
81.500000  7.853650  1.064691
81.600000  7.888650  1.045740
81.700000  7.696750  0.810274
81.800000  7.944150  0.964282
81.900000  7.892200  0.979626
82.000000  7.996600  1.021486
82.100000  7.748200  0.981606
82.200000  7.743400  0.603586
82.300000  7.969750  0.951412
82.400000  7.821450  1.098632
82.500000  7.901100  0.900147
82.600000  7.765950  0.763463
82.700000  7.860850  0.738290
82.800000  7.986250  1.063559
82.900000  8.015050  0.881691
83.000000  7.747700  0.549846
83.100000  7.931800  0.941018
83.200000  8.055800  0.967605
83.300000  7.972600  0.713188
83.400000  7.909900  0.915703
83.500000  7.980400  0.841457
83.600000  7.868500  0.771312
83.700000  8.073600  0.657468
83.800000  7.964700  0.261347
83.900000  8.046100  0.862670
84.000000  7.925750  0.711279
84.100000  8.055300  0.703854
84.200000  8.201200  0.772868
84.300000  8.149100  0.752927
84.400000  8.062900  0.804546
84.500000  8.109550  0.956079
84.600000  8.298250  0.736735
84.700000  7.833000  0.797758
84.800000  8.041900  0.814446
84.900000  8.185100  1.124017
85.000000  8.003750  0.865711
85.100000  8.094850  0.829083
85.200000  7.817700  0.803839
85.300000  8.068400  0.847680
85.400000  7.884300  0.920370
85.500000  8.085800  0.698197
85.600000  7.978750  0.892722
85.700000  8.113400  0.940452
85.800000  7.931850  0.959049
85.900000  7.984600  0.909198
86.000000  8.031450  0.773787
86.100000  8.099700  0.839053
86.200000  8.078300  0.942149
86.300000  7.967250  0.981818
86.400000  8.032100  0.990374
86.500000  7.926950  0.931755
86.600000  7.996750  0.736027
86.700000  7.901800  1.068156
86.800000  7.917400  1.033790
86.900000  7.935700  1.196425
87.000000  7.992600  1.086399
87.100000  8.032650  0.891732
87.200000  8.163150  0.669418
87.300000  7.865550  0.828941
87.400000  7.932350  0.846902
87.500000  8.047950  0.820315
87.600000  8.029100  1.100258
87.700000  8.055950  1.029901
87.800000  8.099950  1.209930
87.900000  8.024100  1.136038
88.000000  8.052100  1.126421
88.100000  7.886250  0.904177
88.200000  8.035500  1.170686
88.300000  8.004800  1.114259
88.400000  8.066200  1.105915
88.500000  8.016200  1.151028
88.600000  8.044050  0.913511
88.700000  7.953450  0.878580
88.800000  7.920600  1.014981
88.900000  7.928500  0.928714
89.000000  7.851250  1.203284
89.100000  7.907200  1.316491
89.200000  8.089400  0.861397
89.300000  7.855500  0.937482
89.400000  7.911900  0.540371
89.500000  8.089300  0.927866
89.600000  7.958100  0.781636
89.700000  7.850350  0.885227
89.800000  8.023850  0.756251
89.900000  7.995200  1.247478
90.000000  7.925500  1.106198
90.100000  7.950300  1.141412
90.200000  8.117850  0.711986
90.300000  8.024450  0.978989
90.400000  8.076700  0.831558
90.500000  8.050950  1.151099
90.600000  7.890600  1.029123
90.700000  8.154700  0.878368
90.800000  8.108750  1.186454
90.900000  7.979650  0.892581
91.000000  7.952650  1.044467
91.100000  7.903900  1.110158
91.200000  8.007050  0.688651
91.300000  7.931950  0.710854
91.400000  7.775300  1.198405
91.500000  7.924150  0.829790
91.600000  8.014100  0.863095
91.700000  7.883650  1.093682
91.800000  8.124850  0.926663
91.900000  8.081450  1.030467
92.000000  7.972550  0.973332
92.100000  7.859950  1.105279
92.200000  7.799950  1.361534
92.300000  7.899100  1.008334
92.400000  8.152000  1.137169
92.500000  8.128800  1.432881
92.600000  7.887950  1.058044
92.700000  7.921150  1.327169
92.800000  7.789700  1.032093
92.900000  7.860200  1.013708
93.000000  8.085250  0.935714
93.100000  7.744500  1.152867
93.200000  7.785400  1.018799
93.300000  7.714500  0.808223
93.400000  7.734050  1.090005
93.500000  7.836800  0.917400
93.600000  7.753650  0.813951
93.700000  8.083850  1.110228
93.800000  7.919450  0.884944
93.900000  7.744600  1.071691
94.000000  7.763150  1.178818
94.100000  7.699750  0.981535
94.200000  7.667550  0.969514
94.300000  7.780950  1.248397
94.400000  7.882250  1.105844
94.500000  8.034200  1.185394
94.600000  7.948150  1.137523
94.700000  7.801700  0.914855
94.800000  7.803450  0.832053
94.900000  8.005800  1.120199
95.000000  8.043050  1.348240
95.100000  7.983950  1.180373
95.200000  7.826750  0.861751
95.300000  7.897650  1.106976
95.400000  7.982750  1.357857
95.500000  7.825450  0.943917
95.600000  7.884550  0.941654
95.700000  7.847300  0.936209
95.800000  8.052150  0.966686
95.900000  7.869950  1.318401
96.000000  7.906200  1.014133
96.100000  7.902850  1.042488
96.200000  8.026350  1.090571
96.300000  7.877950  0.669701
96.400000  8.037150  0.965837
96.500000  8.145650  0.740412
96.600000  8.100100  1.038033
96.700000  7.992800  0.931825
96.800000  8.024350  0.845063
96.900000  7.722850  1.089722
97.000000  8.003050  1.127340
97.100000  7.931150  0.904177
97.200000  8.092800  0.918956
97.300000  7.832000  1.024315
97.400000  7.833800  0.789980
97.500000  7.922000  1.016961
97.600000  8.022350  1.091844
97.700000  8.177900  0.771736
97.800000  8.166300  0.972555
97.900000  7.928850  0.768696
98.000000  7.845700  0.795778
98.100000  7.961300  0.831982
98.200000  8.028400  1.139432
98.300000  8.058300  0.711915
98.400000  8.034150  0.987333
98.500000  7.991900  1.096581
98.600000  7.955750  0.959049
98.700000  8.043500  1.131795
98.800000  8.016800  1.024456
98.900000  7.794150  1.017315
99.000000  7.811700  0.952331
99.100000  8.006950  0.861044
99.200000  7.866600  0.799879
99.300000  8.192650  0.393788
99.400000  7.995750  0.902198
99.500000  8.139500  0.579969
99.600000  7.960850  0.803203
99.700000  7.963000  0.836083
99.800000  8.045750  0.763463
99.900000  7.848600  0.728037
100.000000  8.090200  0.899157
100.100000  8.009050  1.293086
100.200000  7.817900  0.990091
100.300000  8.089800  0.715309
100.400000  8.066950  0.720613
100.500000  7.980550  0.881833
100.600000  8.064950  0.508480
100.700000  8.122850  0.591212
100.800000  7.903000  0.968312
100.900000  7.873300  0.947947
101.000000  7.832500  0.894631
101.100000  7.969750  1.127482
101.200000  8.087950  0.754836
101.300000  8.175650  0.904177
101.400000  8.223450  0.822153
101.500000  8.007200  0.584919
101.600000  7.812400  1.077914
101.700000  8.131000  0.668782
101.800000  8.085000  0.788283
101.900000  7.837500  0.967039
102.000000  8.027350  0.799526
102.100000  8.063150  1.048286
102.200000  8.043700  1.261620
102.300000  8.216200  1.115390
102.400000  7.966300  0.930553
102.500000  7.874450  1.070206
102.600000  8.149200  1.151311
102.700000  7.942450  1.079681
102.800000  8.074600  0.942290
102.900000  8.028950  0.742816
103.000000  8.140450  0.906864
103.100000  8.055650  1.097783
103.200000  8.069650  0.742957
103.300000  7.848700  1.332331
103.400000  8.040150  1.003172
103.500000  7.971000  0.817133
103.600000  8.344850  0.767989
103.700000  8.000300  1.007344
103.800000  8.059150  0.642265
103.900000  7.994350  1.043053
104.000000  8.114350  1.043477
104.100000  7.918350  1.090288
104.200000  7.901800  1.077631
104.300000  7.989050  0.669135
104.400000  8.075150  0.928219
104.500000  8.046300  1.001122
104.600000  8.198950  0.604081
104.700000  7.922000  1.041144
104.800000  8.068050  1.372565
104.900000  7.874250  1.239205
105.000000  7.696850  1.388546
105.100000  7.752350  1.575646
105.200000  7.731850  1.337351
105.300000  7.732250  1.140068
105.400000  7.612800  1.255115
105.500000  7.653300  1.241538
105.600000  7.676250  1.033861
105.700000  7.870100  1.068863
105.800000  7.544650  1.291389
105.900000  7.487000  1.394980
106.000000  7.868150  1.024668
106.100000  7.880900  1.051185
106.200000  7.641750  1.199041
106.300000  7.764300  1.313804
106.400000  7.952300  1.599617
106.500000  8.362550  1.042205
106.600000  7.884950  1.261691
106.700000  7.660500  0.942998
106.800000  7.802400  1.139573
106.900000  7.771500  1.270105
107.000000  7.815550  1.005294
107.100000  8.026800  0.782343
107.200000  8.080900  0.712622
107.300000  8.018050  0.662206
107.400000  7.868550  0.567170
107.500000  8.276300  0.896329
107.600000  8.064000  0.795354
107.700000  7.820350  0.800091
107.800000  8.065000  0.541785
107.900000  8.037700  0.856872
108.000000  8.058150  0.824981
108.100000  8.073450  1.040366
108.200000  7.891800  1.124865
108.300000  7.889550  0.901915
108.400000  8.169200  0.845275
108.500000  8.045150  0.793020
108.600000  7.938050  0.610304
108.700000  8.140550  0.655700
108.800000  7.918600  1.208021
108.900000  8.115150  1.110794
109.000000  8.081050  0.817769
109.100000  7.984850  1.166655
109.200000  7.836200  0.806102
109.300000  7.713450  1.011941
109.400000  7.915050  1.191970
109.500000  8.147000  0.879641
109.600000  8.026100  1.346473
109.700000  7.883950  1.167080
109.800000  7.882250  0.690914
109.900000  7.869450  0.839972
110.000000  8.290200  0.778100
110.100000  8.099900  0.957847
110.200000  8.071800  0.729593
110.300000  8.186250  0.746917
110.400000  8.141850  0.716794
110.500000  7.978150  0.862034
110.600000  7.968600  0.885863
110.700000  7.868750  0.733199
110.800000  8.175450  0.866842
110.900000  7.943000  0.784606
111.000000  7.959150  0.719481
111.100000  8.148000  0.799031
111.200000  8.067500  0.830426
111.300000  8.136250  0.630244
111.400000  7.921500  0.581242
111.500000  8.076050  1.155342
111.600000  7.981350  0.703783
111.700000  8.044250  0.870236
111.800000  8.001400  0.854044
111.900000  8.136100  1.085833
112.000000  7.887100  1.000415
112.100000  8.147200  0.812607
112.200000  7.939800  1.105491
112.300000  7.974200  0.689995
112.400000  7.996850  0.869671
112.500000  7.853400  0.978070
112.600000  7.937750  0.883530
112.700000  7.791350  1.224214
112.800000  8.087550  0.555291
112.900000  7.931950  0.917330
113.000000  8.113100  0.844003
113.100000  7.958350  0.762190
113.200000  7.937950  0.807728
113.300000  8.160950  0.263963
113.400000  8.078300  0.744866
113.500000  8.027050  0.827951
113.600000  7.853300  0.890813
113.700000  8.077750  0.582020
113.800000  8.011600  0.702298
113.900000  8.051500  0.731573
114.000000  7.827650  0.805182
114.100000  7.917950  1.032588
114.200000  7.872900  0.773009
114.300000  7.844200  0.771312
114.400000  7.876850  0.657821
114.500000  7.852050  0.800657
114.600000  7.854650  0.845912
114.700000  7.939900  0.603162
114.800000  7.864800  0.657468
114.900000  7.910250  0.712834
115.000000  8.002100  0.574029
115.100000  7.872250  0.941371
115.200000  7.797500  0.739634
115.300000  7.677250  0.672388
115.400000  7.976750  0.705339
115.500000  7.867650  0.643114
115.600000  8.052000  0.466832
115.700000  7.996150  0.424759
115.800000  7.887050  1.057054
115.900000  7.814400  0.755897
116.000000  8.077500  0.580959
116.100000  8.016800  0.743169
116.200000  7.749200  0.918532
116.300000  7.719600  0.646154
116.400000  7.838350  0.725138
116.500000  7.859700  0.509824
116.600000  7.768000  0.592697
116.700000  7.897400  0.670196
116.800000  7.938450  0.824699
116.900000  7.802350  0.827810
117.000000  7.802250  0.474964
117.100000  7.671350  0.554442
117.200000  7.655300  0.653932
117.300000  7.955950  0.613981
117.400000  7.815000  0.810910
117.500000  7.818150  0.492641
117.600000  8.002750  0.562928
117.700000  7.877550  0.770676
117.800000  8.097450  0.895409
117.900000  7.888250  0.915915
118.000000  7.835600  0.755897
118.100000  7.976050  0.682004
118.200000  8.040550  0.630810
118.300000  7.903250  0.686530
118.400000  7.863250  0.841811
118.500000  7.976650  0.292530
118.600000  8.032950  0.396192
118.700000  8.174600  0.587040
118.800000  7.982100  0.109460
118.900000  8.058850  0.339341
119.000000  8.185850  0.311198
119.100000  8.071400  0.406728
119.200000  8.047000  0.769191
119.300000  7.845650  0.595455
119.400000  7.985850  0.730653
119.500000  7.874800  0.631022
119.600000  7.820650  0.574666
119.700000  7.899150  0.718915
119.800000  7.925200  0.656337
119.900000  7.921350  0.818193
120.000000  7.938450  0.838982
120.100000  8.003150  0.705339
120.200000  8.130300  0.687025
120.300000  7.951450  0.915067
120.400000  7.868000  0.489318
120.500000  7.902500  0.507986
120.600000  7.836950  0.544119
120.700000  7.897700  0.699329
120.800000  7.573600  0.727896
120.900000  7.610900  0.687308
121.000000  7.901550  0.777181
121.100000  7.685550  0.733199
121.200000  8.042400  0.513360
121.300000  7.956950  0.596727
121.400000  7.824100  0.443497
121.500000  7.823350  0.628689
121.600000  7.851000  0.793657
121.700000  7.965800  0.831699
121.800000  7.881000  0.959544
121.900000  7.922950  0.812254
122.000000  7.667200  0.783616
122.100000  7.894800  0.705975
122.200000  7.849250  0.645094
122.300000  7.902900  0.696217
122.400000  7.927450  0.519936
122.500000  7.965450  0.694167
122.600000  7.678300  0.581666
122.700000  7.666600  0.815718
122.800000  7.637900  0.571059
122.900000  7.904600  0.641629
123.000000  7.811350  0.574807
123.100000  8.051300  0.636820
123.200000  7.973650  0.780009
123.300000  7.789500  1.058115
123.400000  7.835100  0.547301
123.500000  7.969450  0.589374
123.600000  7.975000  0.511804
123.700000  7.864350  0.649478
123.800000  7.870000  0.855316
123.900000  7.913400  0.453538
124.000000  7.800850  0.843932
124.100000  7.836100  0.600758
124.200000  7.721850  0.519511
124.300000  7.794900  0.716865
124.400000  7.963400  0.544331
124.500000  7.741700  0.585202
124.600000  7.773750  0.781141
124.700000  7.598550  0.599697
124.800000  7.670800  0.663832
124.900000  7.789500  0.918390
125.000000  7.875100  0.465983
125.100000  7.757300  0.688581
125.200000  7.890600  0.430911
125.300000  7.797900  0.787151
125.400000  7.816950  0.630244
125.500000  7.953350  0.876742
125.600000  8.098200  0.906511
125.700000  7.959250  0.664044
125.800000  7.888700  0.579403
125.900000  7.780800  0.680095
126.000000  7.702500  0.926168
126.100000  7.597450  0.897531
126.200000  7.951850  0.502258
126.300000  7.935550  0.602950
126.400000  7.846600  0.643467
126.500000  7.973500  0.753776
126.600000  7.956250  0.977292
126.700000  7.892950  0.843791
126.800000  7.894250  0.904885
126.900000  7.838250  0.714673
127.000000  7.997750  0.789343
127.100000  7.814650  0.929633
127.200000  7.856600  0.954594
127.300000  7.918150  0.607758
127.400000  7.963250  0.663195
127.500000  7.823250  0.431406
127.600000  7.944250  0.940523
127.700000  8.064600  0.786727
127.800000  7.699550  0.698834
127.900000  7.815500  0.578838
128.000000  8.020800  0.512511
128.100000  7.937050  0.720471
128.200000  7.874300  0.767494
128.300000  7.638100  0.753352
128.400000  7.665600  0.770181
128.500000  7.756050  0.649336
128.600000  7.752100  0.702581
128.700000  7.754650  0.947452
128.800000  7.625500  0.777959
128.900000  7.612250  0.942644
129.000000  7.563900  0.741331
129.100000  7.637250  0.912804
129.200000  7.813750  0.651175
129.300000  7.890150  0.579050
129.400000  7.753950  0.833467
129.500000  7.727850  0.443144
129.600000  7.706000  0.842871
129.700000  7.602700  0.913582
129.800000  7.725550  0.911390
129.900000  7.603700  0.846831
130.000000  7.844200  0.592838
130.100000  7.803000  0.623102
130.200000  8.015200  0.627062
130.300000  7.971650  0.495187
130.400000  7.734600  0.852771
130.500000  8.107550  0.548786
130.600000  7.833900  0.908774
130.700000  7.827100  0.500207
130.800000  7.909300  0.549139
130.900000  7.783050  0.832335
131.000000  7.875400  0.562716
131.100000  7.886700  0.770888
131.200000  7.778200  0.998859
131.300000  7.822900  0.767635
131.400000  8.017100  0.769615
131.500000  7.750400  0.994899
131.600000  7.663800  0.788848
131.700000  7.971900  0.738078
131.800000  7.902250  0.898521
131.900000  7.972550  0.734472
132.000000  7.803100  0.772443
132.100000  7.783400  0.616456
132.200000  7.563150  0.797687
132.300000  7.763100  0.796202
132.400000  7.880550  0.943068
132.500000  7.794950  0.656407
132.600000  7.611300  0.622395
132.700000  7.808300  0.787434
132.800000  7.879250  0.873489
132.900000  7.637950  0.786232
133.000000  7.783000  0.687873
133.100000  7.697000  0.646437
133.200000  8.084400  0.786020
133.300000  7.837950  0.535351
133.400000  7.857700  0.507137
133.500000  7.919850  0.885227
133.600000  7.928400  0.976514
133.700000  8.004200  0.495399
133.800000  7.999750  0.758372
133.900000  7.701300  0.755190
134.000000  7.819750  0.451629
134.100000  8.059750  1.051821
134.200000  7.774250  0.631093
134.300000  7.678000  0.801859
134.400000  7.998450  0.767282
134.500000  7.812950  0.825264
134.600000  7.866600  0.856165
134.700000  7.974850  1.029760
134.800000  7.763400  0.802425
134.900000  7.709000  0.857155
135.000000  7.824500  0.740906
135.100000  7.898200  0.998859
135.200000  7.813800  0.667509
135.300000  8.110350  0.821163
135.400000  7.726000  0.786586
135.500000  7.821500  0.644599
135.600000  7.772950  0.739563
135.700000  7.878900  0.668357
135.800000  7.805350  0.919168
135.900000  8.042150  0.964423
136.000000  7.802600  0.537543
136.100000  7.699250  0.542563
136.200000  7.841000  0.677125
136.300000  7.762800  0.711067
136.400000  7.868550  0.529269
136.500000  7.793550  0.708309
136.600000  7.840400  0.864792
136.700000  8.014600  0.844144
136.800000  7.928950  0.522481
136.900000  7.650900  0.503036
137.000000  7.997750  0.633780
137.100000  7.977900  0.873701
137.200000  8.040500  0.674297
137.300000  7.963150  0.740129
137.400000  7.665550  1.020567
137.500000  7.890350  0.959756
137.600000  7.994450  1.034285
137.700000  7.820000  1.024598
137.800000  7.877650  0.845346
137.900000  7.914150  0.872640
138.000000  7.699350  0.885086
138.100000  7.869550  1.002182
138.200000  7.870350  0.937553
138.300000  7.882600  0.888550
138.400000  7.886150  0.935997
138.500000  7.747350  0.964564
138.600000  7.822000  0.914572
138.700000  7.786300  0.789273
138.800000  7.895600  0.659731
138.900000  7.962500  0.751796
139.000000  8.012150  0.863165
139.100000  7.840350  0.806597
139.200000  7.977800  1.017244
139.300000  7.827700  1.116663
139.400000  7.906550  0.968383
139.500000  7.870250  0.668852
139.600000  7.790850  0.755685
139.700000  8.010000  0.762685
139.800000  7.796600  0.802283
139.900000  7.916500  0.968736
140.000000  7.996700  0.899157
140.100000  7.896300  0.686035
140.200000  7.780750  0.867832
140.300000  7.881850  0.556422
140.400000  7.934750  0.664044
140.500000  7.930050  0.725562
140.600000  7.928800  0.480267
140.700000  7.931550  0.848882
140.800000  7.952550  0.914077
140.900000  7.608450  0.577353
141.000000  7.831850  0.838841
141.100000  7.760700  0.970716
141.200000  7.853250  0.447811
141.300000  7.609150  0.735179
141.400000  8.048550  0.905309
141.500000  7.780000  0.606698
141.600000  7.542000  0.636962
141.700000  7.886150  0.685116
141.800000  7.665350  0.635901
141.900000  7.619900  0.516329
142.000000  7.702750  0.688651
142.100000  7.790300  0.513077
142.200000  7.877350  0.679883
142.300000  7.656150  0.972484
142.400000  7.735700  0.747270
142.500000  7.686250  0.743240
142.600000  7.642800  0.957140
142.700000  7.810900  0.624800
142.800000  7.750150  0.671822
142.900000  7.836950  0.721602
143.000000  7.977200  0.682358
143.100000  8.052950  0.246851
143.200000  8.060650  0.439891
143.300000  7.896900  0.287085
143.400000  7.980600  0.342523
143.500000  8.116700  0.492712
143.600000  8.080550  0.474822
143.700000  8.089000  0.216799
143.800000  8.098700  0.369534
143.900000  7.914150  0.409627
144.000000  7.748600  0.402627
144.100000  8.029350  0.061306
144.200000  7.931450  0.461953
144.300000  7.887200  0.518309
144.400000  8.063250  0.645094
144.500000  7.985800  0.477580
144.600000  7.902500  0.456367
144.700000  8.271150  0.297621
144.800000  8.133500  0.732987
144.900000  7.766900  0.780222
145.000000  7.930350  0.813809
145.100000  7.824200  0.682217
145.200000  8.047750  0.538179
145.300000  7.889400  0.843296
145.400000  7.827950  0.521633
145.500000  7.988050  0.019870
145.600000  7.826700  0.243952
145.700000  8.164750  0.129754
145.800000  7.678750  0.460256
145.900000  7.793750  0.519511
146.000000  7.897300  0.415779
146.100000  7.642400  0.508834
146.200000  8.145150  0.496035
146.300000  7.843950  0.332269
146.400000  7.959950  0.278247
146.500000  8.088900  0.563140
146.600000  7.847350  0.497591
146.700000  7.952750  0.389545
146.800000  8.037950  0.444699
146.900000  7.976000  0.171827
147.000000  7.941850  0.403829
147.100000  7.934250  0.397040
147.200000  7.876450  0.637740
147.300000  7.786200  0.387919
147.400000  7.859150  0.365786
147.500000  7.645200  0.579262
147.600000  7.807100  0.252013
147.700000  7.703100  0.661711
147.800000  7.808050  0.557271
147.900000  7.965650  0.529835
148.000000  8.139500  0.523118
148.100000  7.807600  0.468105
148.200000  7.694050  0.553311
148.300000  8.066250  0.292389
148.400000  7.979800  0.458771
148.500000  7.980250  0.595737
148.600000  7.782450  0.221678
148.700000  7.845850  0.474398
148.800000  7.902050  0.242467
148.900000  7.868200  0.208314
149.000000  7.593850  0.412738
149.100000  7.894450  0.244447
149.200000  7.775100  0.651245
149.300000  8.114750  0.472277
149.400000  7.993950  0.678610
149.500000  8.008400  0.745573
149.600000  7.928550  0.533088
149.700000  8.012300  0.257811
149.800000  7.841150  0.176706
149.900000  7.972750  0.468034
150.000000  7.759150  0.247275
150.100000  7.775350  0.337502
150.200000  8.113950  0.108824
150.300000  8.010950  0.246568
150.400000  8.035500  0.300520
150.500000  8.014500  0.208455
150.600000  7.921400  0.185121
150.700000  7.825450  0.340472
150.800000  7.876200  0.179888
150.900000  8.086850  0.119855
151.000000  7.890500  0.366423
151.100000  7.758700  0.231648
151.200000  7.772000  0.199828
151.300000  8.086450  0.504804
151.400000  7.940950  0.645235
151.500000  8.059300  0.289065
151.600000  7.988700  0.328663
151.700000  8.043900  0.329370
151.800000  7.930300  0.157685
151.900000  7.952250  0.268630
152.000000  7.898550  0.540300
152.100000  7.835650  0.442861
152.200000  7.974300  0.484227
152.300000  7.964850  0.511167
152.400000  7.850800  0.396404
152.500000  7.956050  0.406091
152.600000  7.810150  0.498157
152.700000  7.994850  0.505935
152.800000  8.062250  0.141351
152.900000  7.925450  0.348674
153.000000  7.881250  0.313460
153.100000  8.036350  0.472559
153.200000  8.032000  0.921360
153.300000  7.774550  0.537048
153.400000  7.933300  0.505299
153.500000  7.936450  0.225638
153.600000  7.875750  0.376110
153.700000  7.985250  0.139795
153.800000  7.874800  0.436568
153.900000  7.876500  0.459054
154.000000  7.680050  0.612425
154.100000  8.077250  0.657539
154.200000  8.204000  0.543624
154.300000  8.220950  0.461529
154.400000  8.178600  0.686176
154.500000  8.049450  0.515410
154.600000  8.005050  0.582444
154.700000  7.917850  0.535068
154.800000  7.844900  1.002395
154.900000  8.102450  0.604930
155.000000  7.841300  0.620840
155.100000  7.917750  0.607617
155.200000  7.852100  0.976656
155.300000  7.778200  0.551402
155.400000  7.959000  0.451700
155.500000  7.870700  0.792950
155.600000  7.795600  0.970575
155.700000  7.858100  0.479843
155.800000  7.819750  0.839124
155.900000  7.568600  0.675570
156.000000  7.895100  0.764524
156.100000  7.804900  0.758584
156.200000  7.901550  0.696854
156.300000  7.929950  0.810132
156.400000  7.949000  0.756463
156.500000  8.020150  0.948018
156.600000  7.875300  0.465842
156.700000  7.809850  0.520077
156.800000  7.906700  0.539805
156.900000  7.835500  0.803980
157.000000  7.874650  0.815789
157.100000  7.844700  0.555645
157.200000  8.118200  0.601748
157.300000  7.736900  0.633992
157.400000  7.806550  0.579050
157.500000  8.199050  0.279095
157.600000  7.818850  0.638588
157.700000  7.662250  0.533936
157.800000  7.808500  0.578272
157.900000  7.757950  0.173453
158.000000  8.102700  0.651104
158.100000  7.671250  0.388555
158.200000  7.983500  0.213122
158.300000  7.773750  0.594748
158.400000  7.817950  0.101753
158.500000  7.993550  0.300874
158.600000  7.786300  0.710501
158.700000  7.919450  0.802495
158.800000  7.826650  0.514844
158.900000  8.012150  0.539876
159.000000  7.834800  0.894773
159.100000  7.724700  0.132512
159.200000  7.750250  0.519087
159.300000  7.893750  0.348816
159.400000  7.770350  0.716511
159.500000  7.812000  0.455235
159.600000  7.844750  0.642265
159.700000  7.704600  0.717855
159.800000  7.993350  0.688651
159.900000  7.569050  1.006849
160.000000  7.568750  0.635477
160.100000  7.719250  0.937836
160.200000  7.759000  0.846407
160.300000  7.859450  0.763180
160.400000  7.741800  0.547442
160.500000  7.853900  0.673590
160.600000  7.848650  0.569009
160.700000  7.935200  0.523966
160.800000  7.711250  0.659236
160.900000  7.842250  0.674226
161.000000  7.625500  0.674297
161.100000  7.950850  0.403122
161.200000  7.816700  0.402768
161.300000  8.026350  0.416415
161.400000  7.800100  0.642477
161.500000  7.708000  0.577141
161.600000  7.868450  0.744513
161.700000  7.833800  0.841598
161.800000  7.920800  0.742745
161.900000  7.862950  0.892722
162.000000  7.645700  0.908067
162.100000  8.017200  0.839619
162.200000  7.708700  0.926310
162.300000  7.910300  0.572049
162.400000  7.753750  0.695157
162.500000  8.013700  0.780929
162.600000  7.951100  0.588596
162.700000  8.213100  0.786303
162.800000  7.998200  0.398667
162.900000  7.817700  0.273367
163.000000  8.095400  0.442083
163.100000  7.936100  0.538391
163.200000  7.935950  0.492783
163.300000  8.075650  0.492783
163.400000  8.113000  0.440245
163.500000  8.021200  0.288641
163.600000  7.940750  0.145310
163.700000  8.021050  0.271600
163.800000  7.924500  0.439255
163.900000  8.045800  0.318905
164.000000  7.886000  0.499359
164.100000  8.094900  0.346199
164.200000  7.810500  0.300662
164.300000  7.907500  0.702440
164.400000  8.159450  0.355463
164.500000  7.852900  0.354402
164.600000  7.949400  0.368120
164.700000  7.922050  0.662913
164.800000  7.905900  0.498086
164.900000  7.745250  0.495045
165.000000  7.653600  0.873135
165.100000  7.810100  0.714885
165.200000  7.793600  0.751513
165.300000  7.920900  0.637952
165.400000  8.064300  0.408849
165.500000  7.836750  0.451629
165.600000  7.754550  0.383605
165.700000  7.694500  0.592555
165.800000  7.855800  0.673448
165.900000  7.991550  0.361685
166.000000  8.110300  0.528492
166.100000  7.990450  0.690348
166.200000  7.900350  0.767140
166.300000  8.152200  0.568231
166.400000  8.201000  0.471499
166.500000  7.836950  0.587818
166.600000  8.067250  0.760493
166.700000  7.934750  0.695722
166.800000  8.003600  0.415496
166.900000  8.327450  0.602950
167.000000  7.968350  0.751018
167.100000  7.994800  0.630739
167.200000  8.041550  0.628406
167.300000  7.992000  0.735815
167.400000  7.841450  0.888480
167.500000  7.881450  0.294086
167.600000  7.751000  0.845841
167.700000  7.715150  0.616809
167.800000  7.845500  0.420446
167.900000  7.830700  0.588030
168.000000  7.687150  0.507208
168.100000  7.698950  0.627557
168.200000  7.860350  0.560806
168.300000  7.722150  0.705763
168.400000  7.823500  0.555645
168.500000  7.760450  0.469731
168.600000  7.854600  0.884166
168.700000  7.744200  0.636962
168.800000  7.906050  0.394212
168.900000  7.778500  0.363311
169.000000  7.539950  0.386717
169.100000  7.705250  0.586686
169.200000  7.634300  0.877378
169.300000  7.581750  0.297480
169.400000  7.788050  0.638305
169.500000  7.618200  0.653508
169.600000  7.626600  0.436568
169.700000  7.812500  0.443639
169.800000  7.930900  0.469943
169.900000  7.792950  0.508622
170.000000  7.739800  0.633002
170.100000  7.700050  0.659801
170.200000  7.769700  0.521703
170.300000  7.599600  0.632436
170.400000  7.648550  0.721320
170.500000  7.763150  0.433527
170.600000  7.986650  0.771100
170.700000  7.786850  0.709864
170.800000  7.787300  0.619284
170.900000  7.849850  0.954948
171.000000  7.815200  0.446609
171.100000  7.596050  0.561513
171.200000  7.736100  0.629891
171.300000  7.695250  0.341603
171.400000  7.794850  0.584989
171.500000  7.852500  0.580818
171.600000  7.864350  0.714531
171.700000  8.035100  0.660862
171.800000  8.064600  0.843861
171.900000  7.742800  0.409273
172.000000  7.916750  0.010677
172.100000  7.910100  0.324421
172.200000  7.856350  0.079832
172.300000  7.937950  0.219415
172.400000  7.766250  0.382898
172.500000  7.541650  0.453609
172.600000  7.521200  0.618577
172.700000  7.676700  0.443639
172.800000  7.834850  0.737017
172.900000  7.705400  0.539522
173.000000  7.553200  0.695652
173.100000  7.681250  0.508763
173.200000  7.657750  0.679035
173.300000  7.594300  0.738644
173.400000  7.562650  0.439043
173.500000  7.752050  0.534643
173.600000  7.569100  0.454811
173.700000  7.678150  0.378373
173.800000  7.592500  0.546452
173.900000  7.428850  0.192969
174.000000  7.574850  0.568019
174.100000  7.895200  0.213971
174.200000  7.535650  0.246992
174.300000  7.678750  0.585272
174.400000  7.822150  0.371585
174.500000  7.877800  0.511945
174.600000  7.886700  0.925744
174.700000  7.952850  0.588949
174.800000  7.636300  0.349028
174.900000  7.641400  0.195727
175.000000  7.750400  0.209304
175.100000  7.866750  0.419526
175.200000  8.025750  0.583434
175.300000  7.997750  0.350796
175.400000  7.779700  0.908208
175.500000  7.813700  0.850084
175.600000  7.920100  0.669913
175.700000  7.850400  0.861822
175.800000  7.909250  0.605778
175.900000  7.843900  0.465276
176.000000  7.848150  0.475954
176.100000  8.101450  0.906864
176.200000  7.878600  0.661569
176.300000  8.097550  0.480055
176.400000  8.269200  0.795354
176.500000  7.765500  0.875257
176.600000  7.966100  0.535846
176.700000  7.986550  0.605496
176.800000  7.875100  0.714178
176.900000  7.733700  1.187798
177.000000  7.943900  0.698056
177.100000  8.111250  0.972767
177.200000  7.966950  0.724855
177.300000  7.851350  0.498581
177.400000  8.217500  0.433739
177.500000  7.880150  0.673802
177.600000  7.839450  0.748331
177.700000  7.875600  0.647851
177.800000  7.904100  0.989384
177.900000  7.872250  0.624446
178.000000  7.961950  0.542563
178.100000  7.803500  0.531461
178.200000  7.787300  0.789838
178.300000  7.832000  0.620274
178.400000  7.899200  0.748119
178.500000  7.735100  0.671327
178.600000  7.697250  0.765019
178.700000  7.887850  0.765019
178.800000  7.867300  0.770605
178.900000  8.064700  0.672600
179.000000  8.006750  0.534361
179.100000  7.845750  0.673661
179.200000  8.083900  0.785878
179.300000  7.809300  0.944836
179.400000  8.010150  0.826820
179.500000  7.796950  0.657963
179.600000  8.046250  0.670832
179.700000  7.876750  0.482742
179.800000  7.936800  0.536694
179.900000  7.876050  0.516966
180.000000  7.943300  0.651952
180.100000  7.829600  0.902975
180.200000  7.774350  0.730936
180.300000  7.969400  0.364160
180.400000  7.734350  0.693601
180.500000  7.872600  0.671327
180.600000  7.974400  0.574454
180.700000  7.640500  0.688439
180.800000  7.823200  0.608395
180.900000  8.085850  0.819325
181.000000  7.999850  0.602526
181.100000  7.902150  0.678469
181.200000  7.704800  0.407152
181.300000  8.002150  0.466478
181.400000  7.612900  0.587747
181.500000  7.802850  0.811971
181.600000  7.860800  0.500207
181.700000  7.938150  0.645518
181.800000  7.669650  0.911673
181.900000  7.753650  0.522340
182.000000  7.695100  0.520855
182.100000  7.902000  0.892510
182.200000  7.948200  0.898308
182.300000  7.705550  0.860337
182.400000  7.728950  0.346694
182.500000  7.806950  0.746210
182.600000  7.567150  0.536765
182.700000  7.775800  0.784323
182.800000  7.907550  0.895551
182.900000  7.716850  0.340472
183.000000  7.885600  0.651670
183.100000  7.903900  0.773433
183.200000  7.759800  0.725209
183.300000  7.854400  0.843013
183.400000  7.774350  0.160725
183.500000  7.910900  0.367130
183.600000  7.755350  0.552463
183.700000  7.940600  0.460468
183.800000  8.196650  0.606910
183.900000  8.173350  0.230022
184.000000  7.964600  0.479560
184.100000  7.977000  0.375615
184.200000  8.062000  0.211142
184.300000  7.910650  0.108965
184.400000  7.799800  0.035921
184.500000  7.764600  0.037760
184.600000  7.874100  0.461599
184.700000  7.848200  0.214253
184.800000  7.932850  0.450498
184.900000  7.928450  0.347967
185.000000  8.152500  0.142553
185.100000  7.906500  0.197000
185.200000  7.843950  0.415849
185.300000  7.774900  0.116248
185.400000  7.655800  0.352422
185.500000  7.919600  0.263609
185.600000  7.818950  0.597576
185.700000  7.680100  0.362322
185.800000  7.774200  0.634699
185.900000  7.956700  0.421577
186.000000  7.974550  0.539735
186.100000  8.064650  0.749745
186.200000  8.104950  0.660084
186.300000  7.990550  0.791606
186.400000  7.691650  0.199758
186.500000  7.780850  0.348674
186.600000  7.781950  0.464781
186.700000  7.789750  0.621476
186.800000  7.995400  0.604859
186.900000  7.911400  0.825901
187.000000  8.250600  0.900995
187.100000  8.114300  0.171403
187.200000  7.970850  0.289277
187.300000  7.715600  0.313955
187.400000  7.961900  0.202374
187.500000  7.931650  0.463791
187.600000  7.818800  0.317350
187.700000  7.896250  0.552180
187.800000  8.190550  0.731643
187.900000  8.104300  0.708804
188.000000  8.079650  0.414577
188.100000  7.921800  0.388767
188.200000  8.144400  0.513360
188.300000  7.974900  0.609526
188.400000  7.998850  0.698127
188.500000  7.712850  0.616385
188.600000  8.042200  0.678540
188.700000  7.951000  0.919239
188.800000  8.020050  0.938967
188.900000  7.876100  0.665812
189.000000  7.814600  0.336017
189.100000  7.711200  0.584919
189.200000  7.979000  0.282277
189.300000  7.909100  0.471216
189.400000  8.192350  0.655842
189.500000  7.901350  0.673519
189.600000  7.916300  0.501480
189.700000  8.026950  0.921855
189.800000  8.095500  0.863236
189.900000  8.199300  0.651952
190.000000  7.926050  0.768272
190.100000  8.176150  0.634487
190.200000  7.887700  1.113552
190.300000  7.657700  0.555362
190.400000  8.034800  0.743169
190.500000  8.001250  0.683136
190.600000  8.095000  0.881621
190.700000  8.070700  0.588030
190.800000  7.948050  0.514562
190.900000  8.057150  0.622325
191.000000  8.089450  0.474964
191.100000  8.075000  0.453821
191.200000  7.917850  0.599414
191.300000  7.617400  0.099136
191.400000  7.856900  0.435436
191.500000  7.937850  0.567736
191.600000  8.025600  0.593121
191.700000  7.808100  0.575443
191.800000  7.898300  0.798465
191.900000  7.945300  0.605991
192.000000  8.054850  0.684409
192.100000  8.173150  0.495045
192.200000  8.021350  0.748614
192.300000  7.761650  0.847609
192.400000  8.033750  0.662771
192.500000  8.231350  0.816779
192.600000  8.110300  0.459761
192.700000  8.246900  0.487479
192.800000  8.091100  0.659448
192.900000  7.863500  0.578131
193.000000  8.076050  0.801788
193.100000  7.905900  0.780363
193.200000  7.954250  0.758796
193.300000  7.767700  0.837639
193.400000  7.933050  0.794010
193.500000  8.116400  1.082298
193.600000  7.903400  0.669489
193.700000  8.125700  0.839336
193.800000  8.059150  0.402273
193.900000  8.122450  0.898662
194.000000  7.866250  0.339482
194.100000  7.907100  0.366706
194.200000  8.099200  0.548573
194.300000  7.938850  0.649195
194.400000  8.055000  0.625082
194.500000  8.036800  0.643043
194.600000  7.726600  0.397677
194.700000  7.997150  0.834598
194.800000  8.274700  0.703147
194.900000  8.062200  0.609667
195.000000  8.235550  0.854539
195.100000  7.859200  0.679388
195.200000  7.974900  0.312683
195.300000  7.993500  0.744442
195.400000  8.073600  0.666236
195.500000  7.716200  0.957988
195.600000  8.140750  0.613557
195.700000  8.239550  0.845488
195.800000  8.205700  0.837214
195.900000  7.914050  0.357867
196.000000  7.855000  0.623668
196.100000  7.740900  0.764382
196.200000  7.895450  0.532805
196.300000  7.985800  0.778242
196.400000  8.069550  0.820597
196.500000  7.961500  0.392586
196.600000  7.990450  0.838558
196.700000  8.048300  0.697349
196.800000  7.775650  0.633780
196.900000  7.951900  0.624234
197.000000  8.061250  0.573676
197.100000  7.925550  0.678610
197.200000  8.246150  0.865145
197.300000  8.117800  0.820951
197.400000  8.044500  0.502470
197.500000  8.002400  0.512652
197.600000  7.919600  0.643891
197.700000  8.038400  0.623385
197.800000  7.802100  0.926593
197.900000  7.746300  0.437416
198.000000  8.097400  0.461882
198.100000  7.953950  0.708167
198.200000  8.257850  0.709440
198.300000  7.936500  0.972979
198.400000  8.006250  0.942644
198.500000  8.085500  0.920370
198.600000  7.892300  0.845417
198.700000  7.949750  0.622608
198.800000  7.833600  0.629608
198.900000  7.824450  0.705056
199.000000  7.850300  0.799172
199.100000  7.880200  0.553523
199.200000  7.948050  0.737583
199.300000  8.024950  0.542563
199.400000  7.828800  0.687166
199.500000  7.713950  0.617516
199.600000  7.891050  0.625719
199.700000  7.802300  0.990232
199.800000  7.924650  0.698692
199.900000  8.095900  0.458488
200.000000  8.248950  0.370878
